0, 0, 0.0000000000000000e+00, 0.0000000000000000e+00
1, 0, 6.8703342320979033e+01, 0.0000000000000000e+00
1, 1, 4.0045805740761207e+00, 3.1089633047596944e+01
2, 0, 0.0000000000000000e+00, 0.0000000000000000e+00
2, 1, -9.6066855058916936e+00, -5.1864063617556004e+00
2, 2, -7.4803670322871199e+00, -1.9648064450146485e+00
3, 0, -1.2446190395657695e+01, 0.0000000000000000e+00
3, 1, 1.1847853479432207e+01, 2.6585880997984589e+01
3, 2, 3.1468386442381835e-01, -8.1476494955145498e+00
3, 3, 9.7508491304183025e+00, -1.2054428832481726e+01
4, 0, -3.7790885144374124e+00, 0.0000000000000000e+00
4, 1, 7.8716066147518875e+00, 4.0371320857545232e+00
4, 2, -1.5838711353378713e+01, -1.8671180498104860e+00
4, 3, 1.7960772024134254e+01, -1.4395692312187660e+00
4, 4, 4.1152735108523606e+00, -4.5926868369795297e+00
5, 0, 1.1503574470675446e+01, 0.0000000000000000e+00
5, 1, -3.1735234949636020e+00, -1.0414175389095835e+01
5, 2, 5.1486668929791541e+00, -3.2653941871545160e+00
5, 3, -2.9805958981843741e+00, -1.2062928233169957e+01
5, 4, -2.8012630666189580e+00, 1.3617529134556383e+01
5, 5, 1.0830456625338369e+00, 8.8286396597386751e-01
6, 0, -5.1695503913777596e+00, 0.0000000000000000e+00
6, 1, 3.8824277137397862e+00, 2.1726273036857457e+00
6, 2, 7.2520131836907513e+00, -2.0694403811014794e+00
6, 3, 6.4659138794313327e+00, 2.9895962516201902e+00
6, 4, -2.0276312642356964e+00, -2.9061259937938360e+00
6, 5, -5.8428989074052993e+00, 2.0683836962611437e+00
6, 6, -5.1226584727188014e+00, -1.4379242951458848e+00
7, 0, -6.7963494822263568e+00, 0.0000000000000000e+00
7, 1, 2.7578471359629360e+00, -6.8457375012366715e+00
7, 2, -5.7951466514794490e+00, 5.1538838662505926e+00
7, 3, -2.0654716472558015e+00, 1.2867593725867295e+00
7, 4, 3.4933419927689391e+00, 5.3924217502105742e+00
7, 5, -4.8988638602676488e-01, -2.3572926250147730e+00
7, 6, -3.9787120550364690e+00, -1.5346702244259451e+00
7, 7, -2.1722170142755903e+00, 3.0129790607827394e+00
8, 0, 3.1545880956763153e+00, 0.0000000000000000e+00
8, 1, 7.4070113656141501e-01, -3.2929297138531575e+00
8, 2, 1.1966554400397167e+00, -1.2721005609955927e-02
8, 3, -2.0940161044403558e+00, -2.1476142845739701e+00
8, 4, -1.4461687515430688e-01, -4.0261193533094071e+00
8, 5, -3.7826285083943629e+00, -4.8153916117778648e+00
8, 6, 3.2873754551090206e+00, 1.2357834873715676e+00
8, 7, -1.6762798729348436e+00, -1.6675743431966059e+00
8, 8, 2.7710640274175393e+00, -4.5751374288800495e-01
9, 0, 9.7170718050380023e-03, 0.0000000000000000e+00
9, 1, -3.1375633617435255e+00, 6.5260138124517670e+00
9, 2, 3.1562731066512990e+00, -1.5125432009012121e+00
9, 3, 5.7134172382310200e-01, 1.9444161743037955e+00
9, 4, 1.2181800085292334e+00, 7.0827239986933632e-01
9, 5, 1.3184301929639464e+00, -2.4252662823011581e+00
9, 6, -1.1550450317757983e+00, -4.5446997804158098e+00
9, 7, -1.5657522325362376e+00, 6.1653795863859688e+00
9, 8, 4.3659163763123932e+00, -2.1667747018970509e+00
9, 9, 1.1102616429091059e+00, 2.0751684417137084e+00
10, 0, -1.5746201457274949e+00, 0.0000000000000000e+00
10, 1, -1.8003012114659662e+00, 5.8137707194536681e-01
10, 2, 1.9917459797746873e+00, -7.5582649722379558e-01
10, 3, -4.4767182553273974e+00, -8.5575320068331329e-01
10, 4, -9.9545389004919094e-01, 3.2159014105156913e+00
10, 5, 1.9770649178410653e+00, -3.9730318287282640e-01
10, 6, -7.0311967899083982e-01, 3.4806199564631770e+00
10, 7, 1.1058477560121616e+00, 1.6326650523133475e+00
10, 8, 3.8438972675169769e-01, 2.4876735067404754e-01
10, 9, 9.1442349506979648e-01, 2.1499478573738315e+00
10, 10, -6.3723813687153208e-01, -9.1628367135982547e-01
11, 0, -3.5983480459085027e-01, 0.0000000000000000e+00
11, 1, 2.4252027306384436e+00, 4.9054871211372869e-01
11, 2, 4.1870327841862376e-01, -2.6845599843912948e+00
11, 3, -9.1680994456828091e-01, 2.2589696668852941e+00
11, 4, -2.2440023067509327e+00, -1.7475052870160643e+00
11, 5, -5.3460753383380988e-01, 1.5056120084650604e+00
11, 6, -2.3153499707716927e+00, -1.7517571864232220e+00
11, 7, 1.4838985463832628e+00, 5.9351089380145949e-01
11, 8, -2.1972167863953591e+00, -1.0358327566645136e+00
11, 9, 4.4094236278160925e-01, -1.8646499109176762e-01
11, 10, -2.3981578348892181e+00, 1.6347011680406034e+00
11, 11, -7.0016670902509814e-01, -6.9627248727699564e-01
12, 0, -1.7026613590868189e+00, 0.0000000000000000e+00
12, 1, -1.9121305698429629e+00, 9.1751503896222464e-01
12, 2, -9.6463045729030372e-01, 2.9790460947110020e-04
12, 3, -1.3903127996892224e+00, -1.6767573314410700e-01
12, 4, -1.4973629335281724e+00, 9.0257181876679693e-01
12, 5, -1.5311904164878556e+00, 1.3946808959647643e+00
12, 6, 3.2760112228239435e-01, -2.1071802989072896e-01
12, 7, -1.4241376090802622e+00, -1.8724988189614653e+00
12, 8, 1.2280354293090228e+00, 1.4232290387259354e+00
12, 9, -1.7017675460246944e+00, -1.1758526827361384e+00
12, 10, -2.3129325355062340e+00, -3.4569490396837610e-01
12, 11, 2.6640426073107570e-01, -2.9287507481404118e+00
12, 12, -6.9914968476198591e-01, -7.5663686199371402e-02
13, 0, 6.7470135804279185e-01, 0.0000000000000000e+00
13, 1, -1.7946142609229780e+00, -3.1411615521971581e+00
13, 2, 1.9492254966728746e+00, 1.8096960497832237e+00
13, 3, -1.9866816518671468e+00, -1.7081507507968308e+00
13, 4, -1.5069263839865981e+00, -1.9674498418779707e-01
13, 5, 6.3104045808332820e-01, -9.4463310817846102e-01
13, 6, 3.1777409377582724e+00, -2.9359272025244145e+00
13, 7, -6.9224175903155771e-01, 2.0410030135723223e-01
13, 8, 4.5223862645336399e-02, -2.9793820716965030e-01
13, 9, -1.4132937906891199e+00, -8.2092897437215817e-01
13, 10, 1.0644378994389831e+00, 3.0922121953245885e-01
13, 11, 4.1859477579623938e-01, -1.4909216552210289e+00
13, 12, 8.2163415849309285e-01, -4.0678816290288022e-01
13, 13, 2.3126267118762738e+00, 1.0704421189623123e+00
14, 0, -2.2375742045927134e+00, 0.0000000000000000e+00
14, 1, 1.0157501758832832e-01, -8.0627855815972582e-01
14, 2, -2.3329802098750529e-01, 3.0927967720289118e-01
14, 3, -4.0359120128578430e-01, 5.4161832521442876e-01
14, 4, 1.2944417454279655e+00, -1.7724320072442028e+00
14, 5, -3.1048204556030656e-01, -8.7109427367101677e-01
14, 6, 4.9024874109649119e-01, -8.9733598285592864e-01
14, 7, 8.0052645116693188e-01, 3.6714112407598776e-01
14, 8, 1.7095076017989881e+00, 1.1132819689221025e+00
14, 9, -1.1414359482802734e+00, -7.2204466268007206e-01
14, 10, -8.7460943852812145e-01, -1.0053138738203269e+00
14, 11, 1.2390760523718072e+00, 1.3626363076030428e+00
14, 12, 5.8399749799299205e-01, 8.0502256133928429e-01
14, 13, 3.1734256781585124e-01, 8.4395646128897361e-01
14, 14, -6.0391086331729804e-01, -1.5691462127225941e-02
15, 0, -3.3368308853066408e-01, 0.0000000000000000e+00
15, 1, -3.2414585688582620e-01, 1.4198346114585283e+00
15, 2, -1.3531065347864073e+00, 8.2819522456731853e-03
15, 3, 3.1082344138436246e-02, 1.8328572790000774e-02
15, 4, -4.5741798849199533e-01, -1.7515407325787804e+00
15, 5, -3.6545551255556585e-02, -1.2042463128290433e+00
15, 6, 9.1806535995277688e-02, 4.6923664623222505e-01
15, 7, 9.1163558926310717e-01, 7.8588939926878998e-01
15, 8, -3.4373066909403782e-02, 1.3206910510398786e+00
15, 9, 2.7536351986665282e+00, 1.0079052822492618e-01
15, 10, -1.0213042349917374e+00, -3.2094102353049409e-01
15, 11, -5.6116286679199279e-01, 4.6019411254403564e-01
15, 12, -2.1337524200257105e+00, 3.4597921284371358e-01
15, 13, -4.8372743245350092e-01, 1.0209331634208196e+00
15, 14, -1.6383801244280627e-01, -1.2165089999287781e-01
15, 15, -2.0531582897084113e+00, -4.9266019574528447e-01
16, 0, -1.2821332806876962e+00, 0.0000000000000000e+00
16, 1, 2.2780814806809158e-02, -1.8522509630835193e-01
16, 2, -2.5406081832403657e+00, -1.5304248770630731e+00
16, 3, 3.0482943779065308e-01, 5.4105448004971013e-01
16, 4, -1.9443484660819159e+00, -3.5202610406006096e-01
16, 5, -5.0909081230406095e-01, 4.2806716781716325e-01
16, 6, 2.0910090687097113e-01, 9.7027276092258252e-02
16, 7, 1.0157782850260146e+00, -3.5285119215779903e-01
16, 8, 5.8706505463198733e-01, 1.1955071774339543e+00
16, 9, -1.3155150406533633e+00, -8.1913638043560644e-01
16, 10, -1.2049681199530575e+00, -2.7301964165274795e-01
16, 11, 6.0103657680016653e-01, 1.5092963290167081e+00
16, 12, 2.0897501565610939e+00, 4.1501014821830884e-02
16, 13, -3.3625185964285664e-01, -7.9565191671187352e-01
16, 14, 9.2335726383834715e-01, -3.7070582856873724e-01
16, 15, -2.2817930739163410e+00, 7.1003753400375347e-02
16, 16, 7.7608374923144874e-03, -5.4557645522825893e-01
17, 0, -6.5329736576266839e-01, 0.0000000000000000e+00
17, 1, -1.2493752767171837e+00, -4.6627145488104893e-01
17, 2, -7.2855404710214600e-01, -1.3741367074609543e+00
17, 3, -1.6872675657468952e+00, -5.0064050654528192e-01
17, 4, 1.4710257228668877e-01, 2.1484290622499466e-01
17, 5, 2.2845871060943912e-01, -7.0963994123811069e-01
17, 6, -2.6393764988541735e-02, 5.5035986671417025e-01
17, 7, -7.7727466203109552e-02, -1.1281261348181331e+00
17, 8, -2.1647949228281727e-02, -2.3013151982085311e-02
17, 9, 6.6594539061063807e-01, -1.5535296504211447e+00
17, 10, 2.1552106254602021e-01, -1.7406193869479991e-01
17, 11, -8.2432903140822100e-01, -2.3678078857184319e+00
17, 12, 1.4708461872411773e+00, -4.7375920422967055e-01
17, 13, -1.5359453742178064e+00, -1.3938812366673110e+00
17, 14, 3.9690358338597553e-01, -7.2539033722307966e-02
17, 15, 1.4046568301816409e-01, 7.0379365194075250e-01
17, 16, 1.3281456248215155e+00, 4.0986771992778093e-01
17, 17, 1.0051593940715471e+00, 3.2981926847790233e-01
18, 0, -1.1059512826345252e-01, 0.0000000000000000e+00
18, 1, -6.4229038128873484e-02, -1.3013527345120033e+00
18, 2, 5.9427919122460093e-01, -9.7225455275956829e-02
18, 3, -8.7862674369986438e-01, 1.7933077115801721e-01
18, 4, 1.6696689469415020e+00, 5.4319025756173500e-01
18, 5, 2.5140933211655814e-01, -9.8603697869582940e-01
18, 6, 4.1825700768392626e-01, -8.3977994466207617e-01
18, 7, 1.3434507107110216e-01, -1.0627331267119766e-01
18, 8, 5.6339247668566672e-01, -7.4920866319867663e-01
18, 9, -2.8580206904341587e-01, 2.6474785312730917e+00
18, 10, 9.7302173950670889e-01, -1.0366936551280019e+00
18, 11, 8.0183102551244478e-01, 3.6627292980593484e-01
18, 12, 3.6976422687202026e-01, -1.6080572850360697e+00
18, 13, -1.1324024421228858e+00, 1.0851401570635244e-01
18, 14, -8.5977011067189346e-01, 6.9309260426758679e-01
18, 15, 1.4390168192294648e+00, 9.2863180152855440e-01
18, 16, 1.3382472241284913e+00, -3.0830246184002452e-01
18, 17, 1.4671654992748757e+00, -2.4495142172043094e-01
18, 18, -1.6545664624466894e-01, 3.6065795007310686e-01
19, 0, -2.5956747506467154e-01, 0.0000000000000000e+00
19, 1, 2.7041661653020016e-01, 2.0741286471401543e-01
19, 2, 8.2610887209696365e-02, -2.6029408514149749e-01
19, 3, 5.3338574234769998e-01, -1.1055314124221871e-01
19, 4, 9.0883261919124192e-01, 4.6463297500466211e-01
19, 5, 5.1799328506401232e-02, 1.9873854046826911e-01
19, 6, 6.6579143982631617e-01, -9.5765061524831308e-01
19, 7, -7.1926132672981424e-02, 2.9624469829678518e-01
19, 8, 4.9688172430850941e-01, 4.9884798048945012e-01
19, 9, 4.3146865587582783e-01, 1.5644442193668269e+00
19, 10, 5.6544278548272198e-01, 6.6567205239325644e-01
19, 11, -4.0953781569280134e-01, -6.7801845045741571e-01
19, 12, 1.2680282979821897e+00, 5.5365745005688960e-01
19, 13, -6.8741228277104605e-01, 6.0791753064169385e-01
19, 14, 4.0504105699626114e-01, 5.6617271386908952e-01
19, 15, 1.3020406124569723e+00, 1.2335121943825826e+00
19, 16, 4.6674207884779306e-01, -5.2063580728369674e-01
19, 17, -7.9150241289452028e-01, -8.5491958074077579e-01
19, 18, 2.1520659126110164e-01, 8.3325170429429751e-01
19, 19, -1.4277408128575386e-01, -7.8406455201234682e-02
20, 0, 2.1547634927140580e-01, 0.0000000000000000e+00
20, 1, -9.0649295922401285e-01, 9.9915786196855816e-01
20, 2, -1.3320744718310279e-01, -3.2215481297986392e-01
20, 3, -7.8530389149841784e-01, 7.8684210546485667e-02
20, 4, -6.8657905654924678e-01, -3.3115498470128135e-01
20, 5, 4.0017205409110401e-01, -3.2268512905121205e-01
20, 6, 5.2467806248063797e-02, -7.0129238316502418e-02
20, 7, -4.2946571303388559e-01, 1.6769296798598641e+00
20, 8, 3.2728039916843032e-02, 3.1309908902043027e-01
20, 9, 1.2732432360254431e+00, 8.3106274449730955e-02
20, 10, -4.8803352431882274e-02, -1.8417072374263646e-01
20, 11, 1.1657056299318982e+00, -9.9100390224113655e-01
20, 12, -1.3262159358793111e+00, -2.3923627397148672e-01
20, 13, -1.7977337568848717e+00, 2.9750502376552712e-01
20, 14, 9.0752951507234014e-01, 1.1168142651878936e+00
20, 15, 9.5892702947010272e-02, -1.0526254544049440e+00
20, 16, 8.5684036755316315e-02, 7.3306531088908211e-01
20, 17, -1.1730381131944048e+00, -8.7368303578049511e-01
20, 18, 1.6485680487287546e-01, 4.1546755415681469e-01
20, 19, -5.6974564870392397e-01, -1.5212016289134744e+00
20, 20, -6.0133647435380255e-01, -5.1284756944616250e-01
