0, 0, 6.5000000000000000e+04, 0.0000000000000000e+00
1, 0, -1.7355575770910345e+03, 0.0000000000000000e+00
1, 1, -1.0116218401629482e+02, -7.8537442840332255e+02
2, 0, -0.0000000000000000e+00, 0.0000000000000000e+00
2, 1, -6.6744650207883069e+02, -3.6038098853844673e+02
2, 2, -1.0524203181432142e+04, 5.6478204457751954e+03
3, 0, -2.4534608967756576e+03, 0.0000000000000000e+00
3, 1, 1.0972918891725276e+03, 5.2023235197386603e+03
3, 2, -2.6134997816705236e+03, 1.0529956677326329e+03
3, 3, 6.1595703640466090e+03, 3.7320359163540616e+03
4, 0, 9.6741750773818478e+02, 0.0000000000000000e+00
4, 1, 1.1251904986414418e+03, 9.1448754964821387e+02
4, 2, -6.7686357694239587e+02, -1.9488246303615988e+03
4, 3, 1.9006903917821219e+03, -8.3989843956616880e+01
4, 4, 1.8897935087500667e+02, -2.8510410227091934e+03
5, 0, -1.4596065062388323e+02, 0.0000000000000000e+00
5, 1, 4.2154353688042562e+01, 2.7397551030501086e+02
5, 2, -9.5813803882304137e+02, -3.7796487191862440e+02
5, 3, 7.6346376727407596e+02, -2.3666407064423731e+02
5, 4, -1.2461428932881856e+03, -5.1167374169081990e+02
5, 5, -1.0995130945440237e+03, 9.7962147848345785e+02
6, 0, 2.7541168088456379e+02, 0.0000000000000000e+00
6, 1, 6.1190751603986087e+02, -3.9294069676052385e+02
6, 2, 4.1402971430060273e+02, 3.8090900928520637e+02
6, 3, 4.2369269306762533e+02, 1.6423207045014624e+02
6, 4, 2.4780884285028546e+02, 7.0243788396146601e+02
6, 5, 3.5080398754952364e+02, 5.1883407377926403e+02
6, 6, 6.8839925044287202e+02, 2.0677145403155603e+02
7, 0, 2.0286383348395879e+02, 0.0000000000000000e+00
7, 1, 5.0021296193735270e+02, -2.1364474754938175e+02
7, 2, 7.8930972810168771e+02, -9.7528831564380880e+01
7, 3, 2.4180786825528821e+02, -1.0170043441287811e+02
7, 4, 8.6833219879451644e+02, -2.5729531459592323e+01
7, 5, -7.1831462895346021e+01, -4.8670272551152323e+02
7, 6, -2.6201093309217731e+02, -6.4503217951788145e+02
7, 7, 9.7708603934171933e+01, -5.1122066905548195e+02
8, 0, 1.0911114110387433e+02, 0.0000000000000000e+00
8, 1, -3.2176459403569368e+01, 1.9901169760970296e+02
8, 2, 6.5089437047386502e+02, 1.7583072362812794e+02
8, 3, -4.5814952691973980e+02, -5.0583814750045514e+02
8, 4, 5.4867383990607095e+02, -2.3779096793109616e+01
8, 5, -1.0398335410762788e+03, -6.5597547426971357e+02
8, 6, -2.5589879807609390e+02, -5.9837388681180323e+02
8, 7, -1.9588797223308970e+02, 5.3978875890305471e+02
8, 8, -5.6023329906550813e+01, -9.5470253286062530e+01
9, 0, -1.0434493053243554e+02, 0.0000000000000000e+00
9, 1, 1.0031830203567878e+02, -6.8471231800547429e+01
9, 2, 4.6729965143522361e+02, 1.1358206800223839e+02
9, 3, -3.5178506301416633e+02, -3.3378240657781129e+02
9, 4, 1.2772483431634664e+02, 6.0247857528260374e+02
9, 5, -8.0406515429793103e+02, -6.0445901540185719e+02
9, 6, 2.7463332542624130e+02, 1.3368721419806130e+02
9, 7, -2.5117982887943867e+02, 4.1978263701228593e+02
9, 8, 5.1288985070733156e+02, -8.9638242039679795e+01
9, 9, -4.0750097814530238e+02, -2.0443512865265191e+02
10, 0, 2.4727749488760122e+02, 0.0000000000000000e+00
10, 1, 3.1732664705641633e+02, 9.1701317423981195e+01
10, 2, 3.2084208532793625e+01, -4.2653480196656591e+02
10, 3, -1.7750650725536235e+02, 1.5245211593175935e+02
10, 4, -4.6658140028177650e+02, 2.1530237592983525e+01
10, 5, 1.8614870703727644e+02, -4.0151545149382298e+02
10, 6, 2.3880830157326008e+02, 4.6733957336348072e+02
10, 7, 1.3470618059273917e+02, -2.0672439573441352e+02
10, 8, 2.0684410608397556e+02, 3.0918287349049916e+02
10, 9, -5.2890998508632595e+02, -5.1317929494968166e+02
10, 10, -1.1178310955789729e+02, 2.6683055698112616e+02
11, 0, -1.0385125341044639e+02, 0.0000000000000000e+00
11, 1, -2.7456155165910468e+02, -7.6491104089844669e+01
11, 2, -1.1180703550280303e+02, -4.0465056506792553e+02
11, 3, -4.9786926038149073e+02, 3.1390139365112748e+02
11, 4, -6.1563452770553556e+02, -2.6250712643821510e+02
11, 5, 4.9960609284168106e+02, 3.5451363006121790e+02
11, 6, -1.2034872884800046e+02, -1.4237220219966794e+01
11, 7, 2.6517083262140909e+02, -3.1539364035861496e+02
11, 8, -4.6879391416206317e+02, 2.7324880410470456e+02
11, 9, -1.4941787893965500e+02, -1.5894408626593531e+02
11, 10, 9.4186585871730756e+01, 7.5459085371815593e+02
11, 11, -2.5502670139314986e+01, -1.2945446117164343e+02
12, 0, 7.8576267064134669e+01, 0.0000000000000000e+00
12, 1, -4.3376774180118355e+02, -9.5989239522313525e+00
12, 2, -4.5598056970724073e+01, 1.9603033687992814e+02
12, 3, -5.4446438758586839e+02, 1.1405509171889490e+02
12, 4, -5.2407854158790336e+01, 5.4566079558443853e+01
12, 5, 2.4947393382944864e+02, 3.8256233251980694e+02
12, 6, -1.4499790206544628e+02, -6.0167325298338289e+02
12, 7, 1.3443481062984864e+02, -6.0358283946330012e+01
12, 8, -5.7759766958959790e+02, -1.2849826668868579e+02
12, 9, 2.4339948779739984e+02, 1.6359182295060268e+02
12, 10, 1.5622864241542663e+02, 5.0356884420023874e+02
12, 11, 3.2097700394299795e+02, -6.3820886038157494e+02
12, 12, -9.4985867445867704e+00, -3.3573551219300796e+01
13, 0, -1.7025613918605171e+02, 0.0000000000000000e+00
13, 1, -2.1711294139793753e+02, 5.6968850950049571e+01
13, 2, 8.3348974340786697e+01, 3.1877593474091202e+02
13, 3, 6.2203510221369768e+01, 5.1999202048094340e+01
13, 4, 4.9867729599852048e+01, 2.4502211160255737e+02
13, 5, 6.9334473626492716e+00, -1.5188835721852527e+02
13, 6, 3.9723432463647910e+01, -3.5545175983774914e+02
13, 7, -2.8075284306702451e+02, 1.4361427577749112e+02
13, 8, -8.2798946182143681e+01, -4.5352266607911318e+00
13, 9, 3.8526219411869454e+02, 2.8171555165265187e+02
13, 10, -4.8383948917082527e+01, -2.2917622248772875e+02
13, 11, 2.7572525568411305e+02, -3.0554662914233506e+02
13, 12, -5.1449380573044721e+02, -1.5689096757333738e+02
13, 13, 1.7031355423419947e+02, 3.2048393297555521e+02
14, 0, 9.2293246101783623e+01, 0.0000000000000000e+00
14, 1, 2.5947052725457297e+02, 1.0251616714582084e+02
14, 2, 1.5357760964300539e+02, -1.7817191205626341e+02
14, 3, 1.4441652246898016e+02, -1.0456838614430707e+02
14, 4, 8.4638722063724444e+01, -3.3896293142244991e+02
14, 5, -1.5742158100013594e+02, -3.3580083797197113e+02
14, 6, -2.0291279117693392e+01, -3.3064049098361807e+01
14, 7, -1.4958848615871932e+02, 8.4771352852853795e+01
14, 8, 2.8958314987103654e+02, 1.3411266184770565e+02
14, 9, 6.6397106414996415e+01, 3.9263875638656373e+02
14, 10, 4.4166509357792663e+00, -5.4983115759468660e+02
14, 11, -3.1292633012669546e+02, 6.1891349684513912e+01
14, 12, -1.5105511198117355e+02, -1.0070534103273144e+02
14, 13, 2.6046266156389299e+02, 7.1423592373968427e+02
14, 14, 1.3205850388873781e+01, -2.5600657584671075e+02
15, 0, 1.6100638102264836e+02, 0.0000000000000000e+00
15, 1, 7.6084715060557855e+01, 8.8781719740349146e+01
15, 2, -1.1903892387772196e+02, -2.5645598124693061e+02
15, 3, -1.8341777409380109e+02, -9.8060228517151927e+01
15, 4, -2.3672300228625613e+02, -2.7875353617145117e+02
15, 5, -3.0704228904951884e+02, -1.5836649704226602e+02
15, 6, -2.0133211099333039e+01, 2.0832474474929870e+02
15, 7, 3.0521087429240561e+02, 1.2049107978133274e+02
15, 8, 3.7976041114632164e+02, 1.5852225079702626e+02
15, 9, -9.1676764845696738e+01, -1.2214981883360319e+02
15, 10, -5.5191786377074891e+01, -5.2340356526500763e+01
15, 11, -2.5479655442601509e+02, 1.8848532300759362e+02
15, 12, 3.1511496034572639e+02, 2.4947574859391551e+02
15, 13, 5.7411624827858475e+01, 2.3509403770863855e+02
15, 14, 7.2552740937772526e+01, -4.4608780636677676e+02
15, 15, -1.1633851129649383e+02, 4.0143981330262555e+01
16, 0, 1.9364858125043006e+02, 0.0000000000000000e+00
16, 1, -7.2757658349264005e+01, -1.7223390694152062e+02
16, 2, -1.5005476783533877e+02, -2.7447396279131080e+01
16, 3, -1.6634112054510854e+02, 1.3252695625070217e+02
16, 4, -2.4148970677722036e+02, -1.7056177484875619e+01
16, 5, -1.0720914847298192e+02, 1.8293708748494635e+02
16, 6, 4.4558257026756657e+01, 6.9658770953053690e+01
16, 7, 1.2061201353282199e+02, 9.6624215483297888e+01
16, 8, 7.3085559289723150e+01, 1.2145322676532599e+02
16, 9, -1.1118824099456346e+02, -2.9121042416440463e+02
16, 10, -1.6003318366429014e+02, 1.0604582495315246e+02
16, 11, -2.0556397509071836e+01, -9.6675145058122268e+01
16, 12, 1.2756495629725417e+02, 2.0809257362431350e+02
16, 13, -2.0206456626765124e+01, -1.8553653163739733e+02
16, 14, -5.2501135332187907e+01, -2.9214240005905458e+02
16, 15, -2.6666502854859527e+02, 1.0049669108219857e+02
16, 16, 6.5131266765692914e+01, 3.7249731988318928e+01
17, 0, -1.4455744548200759e+01, 0.0000000000000000e+00
17, 1, -1.0696159368386017e+02, -1.8631768473200236e+02
17, 2, -5.7974602318493353e+01, 4.5478467568219827e+01
17, 3, -1.0206656953080966e+01, 5.7196729679717343e+01
17, 4, 1.3409011761231812e+02, -3.1364371347613456e+00
17, 5, 2.0477991258042090e+02, 9.3170647518292526e+01
17, 6, 1.8677498054983903e+02, -9.1767161072507520e+01
17, 7, 9.9581976404020367e+01, -6.8491507769440815e+01
17, 8, -1.0880077747306993e+02, -5.9844732028276390e+01
17, 9, -5.8430692141389898e+01, -9.3462406157749655e+01
17, 10, -1.6748745454724522e+02, 7.8757881781420295e+01
17, 11, 1.0470859959262157e+02, 1.9742161462455272e+01
17, 12, 5.6199027929041463e+01, 7.4306065073420413e-02
17, 13, -1.2752183182626509e+02, -2.3266500163044481e+02
17, 14, -1.0459467510360126e+02, -1.3790757879165540e+02
17, 15, -1.0738083805512498e+02, 1.1795719637531906e+02
17, 16, 3.1208493213573945e+02, 1.6542328457170640e+02
17, 17, 1.4124346867620467e+01, 8.5356396243470087e+01
18, 0, -8.6478531397245860e+01, 0.0000000000000000e+00
18, 1, -4.9828221580615349e+01, -1.5580626643858977e+02
18, 2, -3.1529160209278938e+01, 1.2543543811484536e+01
18, 3, -7.7998230407177843e+01, -1.2877064555203737e+02
18, 4, 2.3599428954418238e+02, 3.4551004618633243e+01
18, 5, 5.6230515507510745e+01, -1.6787041328856890e+02
18, 6, 6.0341502311235011e+01, -1.8522795970715183e+02
18, 7, -5.5304479566272434e+01, -4.6678975103331872e+01
18, 8, 1.4759191260750129e+01, -6.9674379064082402e+01
18, 9, 2.0423292011056446e+01, 5.3132437444170115e+01
18, 10, 1.8134482260596022e+02, -1.4516516864985014e+01
18, 11, 7.3169672806017104e+01, -8.5083881136356013e+01
18, 12, 1.9060334011962290e+01, -2.1696488295758122e+01
18, 13, -7.8625602201683222e+01, -7.4745433112669829e+01
18, 14, -9.8271655815851574e+01, 5.0515535649902986e+01
18, 15, 9.3873273934379355e+01, 2.0482636706058452e+02
18, 16, 1.0917921645780646e+02, 6.3050146772286915e+01
18, 17, 1.3989350610487467e+01, -3.0546110430716038e+02
18, 18, 1.3019405508228363e+02, 9.4146988884966788e+01
19, 0, 3.3884439863925220e+00, 0.0000000000000000e+00
19, 1, 1.0636529357880232e+01, 1.3157146776312004e+02
19, 2, -1.4123734421202601e+01, 2.4556020616136614e+01
19, 3, -1.6761129699351443e+01, -5.1761622314122548e+01
19, 4, 3.1039456877676848e+01, 6.3456393225306449e+01
19, 5, -7.4652489757844478e+01, -1.1793182633933981e+02
19, 6, -7.5601075395026115e+01, -3.4591121924778271e+01
19, 7, -1.2768196955834611e+02, 4.7549334865716595e+01
19, 8, 1.0921972469012144e+02, -3.7512912408964937e+01
19, 9, 5.2725080916200447e+01, 9.4532161014489148e+01
19, 10, 1.5463292566946825e+02, -2.4407626870495079e+01
19, 11, 1.3965019040495537e+01, -9.8834884272933905e+01
19, 12, -3.6787867068868181e+01, -8.8180543519509307e+00
19, 13, -4.8792835347871133e+01, -1.3834070664265266e+01
19, 14, 3.8028441427533629e+01, 1.3210347063752175e+02
19, 15, 2.0919618232254402e+02, 1.2516083962537627e+02
19, 16, -4.2568534673316520e+00, -3.2738397385102580e+01
19, 17, -2.6176387626961187e+01, -1.0941113378346716e+02
19, 18, -1.9063620690547120e+02, 1.5041224171543743e+02
19, 19, -9.4949167745443177e+01, -2.1793797574794723e+02
20, 0, 7.2629396190380604e+01, 0.0000000000000000e+00
20, 1, 5.2183542218551501e+01, 1.2975158690289308e+02
20, 2, 1.8287365131576159e+01, -5.6770978151492372e+01
20, 3, 1.1100099833345413e+02, 5.1657700404381856e+01
20, 4, -8.4244674186099758e+01, 5.3696269634632365e+01
20, 5, 3.9009687782960690e+01, 5.8427370132744638e+00
20, 6, 4.9679885173157750e+01, 9.4449838645098211e+01
20, 7, 2.0208764734794300e+01, -2.0412778527132787e+00
20, 8, 7.7013852338330679e+01, 7.6505914087690329e+01
20, 9, 5.2901404112165515e+00, 4.4516466488417223e+01
20, 10, -1.0400669139422212e+02, -5.6195502598293459e+00
20, 11, -4.8559747588201162e+01, 1.2060979959730005e+01
20, 12, -1.0771312160383428e+02, -4.0847419572848324e+01
20, 13, 1.2835290797905326e+01, 8.3062844030635418e+01
20, 14, 6.3087530521343517e+01, 5.0034346870665075e+01
20, 15, 1.8853138014160351e+01, -6.3585887260254097e+01
20, 16, 1.1029757334341644e+01, -7.3647954931222003e+01
20, 17, -1.1223008475803458e+02, -8.7635075853172296e+01
20, 18, 7.6159498153177356e+00, 1.7685488475898663e+02
20, 19, 4.7632331404408390e+01, 6.1536974019751831e+00
20, 20, -1.1345464548683699e+02, 2.0721871143699772e+01
21, 0, 3.3553253529660147e+01, 0.0000000000000000e+00
21, 1, -3.1277452093726332e+01, -1.0107993565283168e+02
21, 2, -2.8913807560076705e+01, -1.2520624524076561e+02
21, 3, -3.8856523850233884e+01, 5.9258741229218742e+01
21, 4, -9.1356472652338226e+01, -2.9682916285344646e+01
21, 5, 6.9785148273800175e+01, 4.1026680688855869e+01
21, 6, 1.4422736292542758e+01, 6.9973398667875628e+01
21, 7, 5.5694469571142989e+01, -6.5461547628187361e+01
21, 8, 6.2497949041745757e+00, 7.3354653012380524e+01
21, 9, -3.1113592879268104e+01, -2.8106959893667799e+01
21, 10, -6.1585750165054819e+01, 1.4785872008279831e+01
21, 11, -5.4311829245910630e+01, -2.7117115705878749e+01
21, 12, 6.0770836703533810e+01, 1.2819129369165111e+01
21, 13, 3.1488568951184703e+00, 2.8234249317799318e+01
21, 14, 3.1319369187164604e+01, -8.5320280914005153e+01
21, 15, -7.4734873948883987e+01, -1.3832267328905681e+02
21, 16, -6.2949778006345696e+01, 7.0568389737450019e+00
21, 17, -5.4636602677277487e+01, -7.6078097085062055e+01
21, 18, 5.4114240510361405e+01, 1.2748861791579080e+02
21, 19, 5.0464052954215305e+01, -1.7192502608463570e+02
21, 20, -1.7731355546821831e+01, -6.4048090823899557e+01
21, 21, 1.4646505734641715e+02, 7.9662845069095056e+01
22, 0, -7.6039231135808230e+00, 0.0000000000000000e+00
22, 1, -8.2337920407170941e+01, -1.6213524128066730e+01
22, 2, 2.9480336495509199e+01, 1.3116046035075238e+01
22, 3, -7.7779514827667327e+01, 7.8345304040178156e+00
22, 4, 3.5524306028239337e+01, -8.6822883406150908e+01
22, 5, 1.7100383836730217e+01, 3.9254580798140024e+00
22, 6, -6.4345487470078353e+01, -1.2333147402890067e+02
22, 7, 5.7563604227175659e+01, 9.6518651172678211e+00
22, 8, -8.4441449342649236e+01, -4.8538304717229707e+01
22, 9, 5.5295289041058204e+00, 4.9024198260506395e+00
22, 10, -5.2520801438799552e+01, 6.7002197919835879e+01
22, 11, -5.8672894224561674e+00, -2.5118599915735540e+01
22, 12, 8.3519459588038984e+01, -2.3012985159180420e+01
22, 13, -3.6844518048326606e+01, -3.8385345609250152e+01
22, 14, -3.6394350476111768e+01, -1.1527850948564324e+02
22, 15, -9.0973604342473024e+01, 5.8707369674124308e+01
22, 16, -4.1285033182692352e+01, -1.2113017556763964e+01
22, 17, 6.1105755822406266e+01, 4.5609773520224813e+01
22, 18, -2.3618963934533483e+01, 1.7184176667613066e+01
22, 19, 8.2522220289086505e+01, -9.4879664814184110e+01
22, 20, -8.6927236832316694e+01, 7.2701559498793911e+00
22, 21, 3.9653993146701367e+01, 1.1828398132876436e+02
22, 22, -2.9891224104181894e+01, -7.1371511399045417e+01
23, 0, 4.8933707768663943e+00, 0.0000000000000000e+00
23, 1, 5.1378343788042812e+01, 1.9331460607216300e+01
23, 2, 4.2206180280762013e+01, 9.9998967174669673e+01
23, 3, 1.4625524203849581e+01, -2.2067382657793619e+01
23, 4, 9.7995678808244008e+01, 1.7154865906813932e+01
23, 5, -6.0303898122972441e+01, 3.6907533651342241e+01
23, 6, 7.8777324004652741e+01, -9.6878660858797829e+01
23, 7, -6.5159426409737890e+01, 4.5797520412580084e+01
23, 8, -5.1662136856907075e+01, -5.4177881910936769e+01
23, 9, 3.3737430631391376e+00, 1.4909536644546801e+01
23, 10, -1.4808192320201593e+01, -9.7950427453585220e+00
23, 11, 7.5832393903419529e+01, -7.2076940266465385e+01
23, 12, 1.8109011359968434e+01, 1.1723354313159383e+01
23, 13, -4.3271318768739533e+01, -2.9318207020145742e+01
23, 14, -2.1589023975489724e+01, -5.2905571967614378e+01
23, 15, -5.5169772185962252e+01, 1.3464251885450696e+02
23, 16, 8.8502260058081703e+01, 3.5005605194595695e+01
23, 17, 6.1737915134259211e+01, 1.6039308999862999e+02
23, 18, -2.5627833938195757e+01, -1.2741587151313760e+02
23, 19, 7.3364547966187899e+01, 2.0526289736741443e+01
23, 20, -9.1878185413644232e+01, -8.1389455603738323e+00
23, 21, 8.7266700253752603e+01, 1.3119793865301185e+02
23, 22, 2.9220193506002488e+01, -4.8014693175958108e+01
23, 23, -1.0691994932545528e+02, 5.1785852438996429e+01
24, 0, 6.0052721105848185e+01, 0.0000000000000000e+00
24, 1, 3.1764572755178275e+01, 2.2206579346818831e+01
24, 2, 7.7692998425416686e+00, -1.8021560974892765e+01
24, 3, 5.6285951136657062e+01, -6.3485953456344930e+01
24, 4, 1.9439333052766262e+01, 1.7246937797571295e+01
24, 5, -7.5962668042286026e+01, -3.1631011238477626e+01
24, 6, 5.3481881612165992e+01, 1.5373930979993457e+01
24, 7, -7.5132623290815587e+01, 9.6930668488776021e+01
24, 8, 3.8163999089927735e+01, 3.0770226192850167e+01
24, 9, 2.2405796604634361e+01, 6.4284427603746721e+01
24, 10, -2.0967560823303646e+01, -6.8185967119635819e+01
24, 11, -1.8308674147603829e+00, 5.5936199740221433e+01
24, 12, -5.1794976701369599e+01, -6.1868315288014699e+01
24, 13, 3.3264488570061683e+00, -4.1317637593714647e+00
24, 14, -3.0953164111515719e-03, 7.5815950927531688e+01
24, 15, 3.6706912433418807e+01, -1.3716125835000650e+00
24, 16, 1.1649090388117014e+02, 5.9133598570454630e+01
24, 17, -1.6480030047679620e+01, -7.2225584218796008e+00
24, 18, 6.5670403641867182e+01, -9.3299123294399593e+01
24, 19, -4.1567662502954789e+01, 7.8250194021255254e+01
24, 20, -8.3447581925765952e+00, -3.3525653753841439e+01
24, 21, -1.2509167580948336e+01, 1.0602337599938900e+02
24, 22, -1.7493692939592894e+01, -1.3542983048463469e+02
24, 23, -1.1536821775479554e+02, 8.1802159657188422e-01
24, 24, 5.0937080611503845e+01, 2.8686515029718880e+01
25, 0, -2.7502019004169444e+01, 0.0000000000000000e+00
25, 1, -8.1088476573394210e+00, -5.1481007299348835e-01
25, 2, -2.6825999933227941e+01, -6.1942154423836442e+01
25, 3, 2.5876975626451902e+01, -2.5063456160974230e+01
25, 4, -1.0766789538893278e+02, 2.3882243670889665e+01
25, 5, 5.5675875470179037e+01, -6.1080141053321881e+01
25, 6, -2.6276706008640005e+01, 7.0351438877429374e+01
25, 7, 3.1455505781766977e+01, 3.9863909620695019e+01
25, 8, 5.2516700323911650e+01, 2.5786606433397637e+01
25, 9, 1.5365981291394263e+01, 3.9257769940828453e+01
25, 10, 4.9284980177806659e+01, -4.9731140072321338e+01
25, 11, -6.8966853577799469e+01, 7.2482526699074469e+01
25, 12, -6.1689153572472009e+01, -3.8026207808968522e+01
25, 13, -7.5893018240678920e+00, 5.1126007716372207e+01
25, 14, -1.3278907126200131e+01, 5.0443281991618932e+01
25, 15, 7.9242750012245722e+01, -3.3867312926079904e+01
25, 16, -1.2696343521943627e+01, 3.7192061919342109e+01
25, 17, -6.9954309931768861e+01, -1.5438375231229395e+02
25, 18, 1.6961205754145357e+01, 3.6543948494909566e+00
25, 19, -1.2581499039066635e+02, -1.1198657913270907e+01
25, 20, 1.1207682130534180e+02, 2.3107003161808073e+01
25, 21, -1.2444515156027214e+02, 1.1059904868450545e+01
25, 22, 6.7189855703394485e+01, -6.3960670535376650e+01
25, 23, -9.4174386227739291e+01, 7.2396938334487260e+01
25, 24, 7.0493928880545013e+01, 1.9971134230199240e+01
25, 25, 2.3326808948653014e+01, -5.2012428874907684e+01
26, 0, -1.7457380604289632e+01, 0.0000000000000000e+00
26, 1, -4.2217196641837205e+01, -6.2998624755066963e+01
26, 2, -3.9900517375849176e+01, 7.4875045884908413e+00
26, 3, -3.9991833026310502e+01, 2.3954201556933832e+01
26, 4, -6.8575014345920067e+01, 4.7461944939048642e+01
26, 5, 3.4566248971048807e+01, 5.3057054019992520e+01
26, 6, -5.4986155860510955e+01, 1.8365623274573309e+01
26, 7, 2.4899646957549226e+01, -4.6578123509982333e+01
26, 8, 2.6712160104320276e+01, -9.7374277694827853e+00
26, 9, -1.1368783296021252e+01, -9.3159149806872392e+01
26, 10, 3.3661648282881750e+01, 4.8673321055069154e+00
26, 11, -7.9345104040530686e+01, -4.0639412469181529e+01
26, 12, 3.8260735928204880e+01, -2.0956509360367654e+00
26, 13, 1.3413071927201475e+01, -3.8777355296874161e+00
26, 14, 2.5083601574257038e+01, -1.8936189810770255e+01
26, 15, 1.5608762515251879e+01, -6.2458606307498448e+00
26, 16, -9.3431758743269455e+01, -2.0613212239615795e+01
26, 17, -3.5537344316597078e+01, -4.7362961514513593e+00
26, 18, -4.8469268314084417e+01, 1.0507284296620125e+02
26, 19, -4.4613396723489158e+00, -4.2550468527361588e+01
26, 20, 2.0794656711626054e+01, 6.4812293255670653e+01
26, 21, -4.4373272642663252e+01, -1.0950853892921920e+02
26, 22, 6.4717684450630685e+01, 2.7590537910284844e+01
26, 23, -4.8395653942953899e+01, 2.9069577310810086e+01
26, 24, 1.2208105451983147e+02, 1.6004324578454757e+01
26, 25, 4.8755816028189727e+01, -7.3148390691221152e+01
26, 26, -2.7337117136728082e+01, 7.5454140367183385e+01
27, 0, -2.9267758901531856e+01, 0.0000000000000000e+00
27, 1, 1.2089009267607484e+01, -1.0389738022905298e+01
27, 2, -2.3713594141826868e+00, 3.7805657483370240e+01
27, 3, 2.0347853112155711e+01, 5.7374762997286169e+01
27, 4, 5.5389983870559647e+01, 1.1936345190898802e+01
27, 5, 1.6414895607271731e+01, 4.3105562460271919e+01
27, 6, 3.6736773301481350e+01, -5.4452536657925101e+01
27, 7, 6.0443391452469850e+00, -1.6157842034083817e+01
27, 8, -5.6121553283920633e+01, 1.1945925228414458e+00
27, 9, -1.7983697530497032e+01, -5.7962427105166832e+01
27, 10, -6.2906714799551622e+01, 6.4884117201647387e+00
27, 11, -3.1215991348879566e+01, -4.2315222137416967e+01
27, 12, 5.0707853977973514e+00, -1.0251360932926352e+00
27, 13, -7.3540242642826907e+00, -2.0030464771307713e+01
27, 14, 1.5958162229027476e+01, -8.5850329573588642e+00
27, 15, -1.3022473497261180e+01, 1.1888233810178342e+01
27, 16, -2.3157720027328654e+01, -3.2102575330050612e+01
27, 17, 4.0960389276417743e+01, 5.2052231204655278e+01
27, 18, -9.0629157793123980e+00, 2.2211175761038199e+01
27, 19, 1.2410071977965983e+02, 3.3517235268240853e+01
27, 20, -3.3949586394053433e+01, -1.5151879933832875e+01
27, 21, 4.5130959799125208e+01, -4.7579397924206582e+01
27, 22, -4.1850004693001139e+01, 6.4831943451414332e+01
27, 23, 2.4609295459622658e+01, -3.9649687595945586e+01
27, 24, 2.3075569137571986e+01, -5.1509926466495406e+00
27, 25, -1.8182985374050592e+01, -9.9064864055719198e+01
27, 26, -5.3642969989553137e+01, 4.5737337841798293e+01
27, 27, 8.8640608529686375e+01, -7.7845077349221983e+00
28, 0, 6.6848260633475185e+00, 0.0000000000000000e+00
28, 1, 2.4627131295604631e+01, 1.7559561300326287e+01
28, 2, 4.7608531106013928e+01, 3.9583930300807083e+01
28, 3, 3.5461107105502137e+01, -3.8234598818680112e+01
28, 4, 7.4249243135080661e+01, -8.1645301417056686e+00
28, 5, -3.3140294846743346e+00, -2.0089874108435154e+01
28, 6, 7.3696996087860157e+01, -4.1990775462400364e+01
28, 7, -2.3663702044352416e+01, 1.8905556749301045e+01
28, 8, -3.7210725435408705e+01, 5.3420702806695637e+00
28, 9, 1.8313803865771817e+01, 6.5956687876477574e+01
28, 10, -1.1888544418579908e+01, 1.2310660706070005e+01
28, 11, 3.9197576979850624e+01, 4.5178144611673304e+01
28, 12, 1.8840145638302918e+01, 1.2527691943666093e+00
28, 13, -2.3241367670331023e+01, -4.8682139915402978e-01
28, 14, 3.7470101644726439e+00, 1.4091393657225996e+01
28, 15, -1.2422642376638237e+01, 1.6943905125469190e+01
28, 16, 2.8173165753272549e+01, 5.2416561510749986e+00
28, 17, 3.8278051503438391e+01, 5.4683336536225717e+01
28, 18, 4.4391354849748332e+01, -5.9648494027137559e+01
28, 19, 4.5526135747234420e+01, 2.7866358170774839e+00
28, 20, -4.2491691377921740e+01, -6.9153419043817806e+01
28, 21, 4.3618093102129819e+01, 2.8219786299844365e+01
28, 22, -6.2612837869819515e+01, 1.1955566166821951e+01
28, 23, 6.6647669378530367e+01, 1.9778113454189366e+01
28, 24, -5.5054532297573033e+01, 3.0628484284317505e+01
28, 25, -5.9279532022401957e+00, -2.0835686862240266e+01
28, 26, -5.7104180385511484e+01, 7.8851185450586257e+01
28, 27, 1.4648810182084992e+01, 2.5650144780874333e+00
28, 28, -2.1252647744640910e+01, -9.8118949973958394e+01
29, 0, 1.1597441479972233e+01, 0.0000000000000000e+00
29, 1, 1.8736504595641058e+01, 3.5551866022427845e+01
29, 2, 7.6232746713784749e-01, -1.2898049440287238e+00
29, 3, 1.6190789022164108e+01, -4.4438241706307707e+01
29, 4, -3.4970900867261960e+01, -2.7381056045487382e+00
29, 5, -1.9891409140853529e+01, -3.1344352169726619e+01
29, 6, -1.7774760062798453e+01, -8.9711673647338905e+00
29, 7, -3.8627371657428156e+01, 2.5798339690084546e+01
29, 8, -5.1294694391512961e+00, -1.0930802493930802e+00
29, 9, 9.4357045266068500e+00, 4.6784683091243835e+01
29, 10, 1.7961996653036287e+01, 5.5549253723178618e+00
29, 11, 3.6124611315336423e+01, 3.2318415346616307e+00
29, 12, -1.5061742611694719e+01, 1.5954746000051774e+01
29, 13, 2.0671164111693948e+01, 5.4409876582970735e+00
29, 14, 2.1810194359552920e+01, 2.1373988723041560e+01
29, 15, 1.5923924980330817e-01, 2.3583352053251886e+01
29, 16, 2.8666250787863561e+01, 4.0436602104322983e-01
29, 17, -1.0767256100891412e+01, -8.8118918996836051e+00
29, 18, 1.1089028720010472e+01, -1.6998735195934735e+01
29, 19, -2.9776686462932357e+01, -1.7707813033623494e+00
29, 20, -2.2299998515251197e+01, -2.1229914656182324e+01
29, 21, -2.8309559822549019e+01, 3.1763228778118510e+01
29, 22, 3.6988538005992915e+00, -6.5259128999385654e+00
29, 23, 1.4297095734498301e+01, 5.1211016514284580e+01
29, 24, -2.3846582582277989e+01, -5.2094077540462742e+01
29, 25, 2.5723365763757108e+01, 4.1317586474288930e+01
29, 26, -1.1605476179926348e+00, 4.6061877031310715e+01
29, 27, 7.7809530944566049e+01, 1.1974749955219092e+01
29, 28, -8.3407634072908454e+00, -2.8546026404071007e+01
29, 29, -2.5366485684651725e+01, 2.3312631664307656e+01
30, 0, 6.8616395067309712e+00, 0.0000000000000000e+00
30, 1, -2.0183039100775297e+01, -1.9675442075508198e+00
30, 2, -2.4018330063301633e+01, -9.7424334152845073e+00
30, 3, -2.6367164074324183e+00, 8.0999361923414419e+00
30, 4, -3.6500219739932312e+01, 2.6247630387053146e+01
30, 5, -1.2389082164556093e+01, 2.4599457007810159e+01
30, 6, -2.9135620810156080e+01, 5.2873141224737125e+01
30, 7, -1.8435420309024412e+01, 8.9161349442773474e+00
30, 8, 1.1598181306210430e+01, 7.0085480471635195e+00
30, 9, -5.6519814236097421e+00, -1.3421612794471617e+01
30, 10, 9.1593100915585772e+00, -3.2123767324628382e+01
30, 11, 1.9496551569135587e+01, -2.2599732134614921e+01
30, 12, -4.5761982815727045e+01, 1.3260286100084819e+01
30, 13, 1.4687001501517720e+01, 1.4080810586863407e+01
30, 14, -2.3278352195494186e+01, 2.0219531321442918e+01
30, 15, 2.0575573339669823e+01, -4.8424460412771841e+00
30, 16, 1.9444055544177971e+01, 1.5700499525199930e+01
30, 17, -2.1993014595870918e+01, -3.5237161916677309e+01
30, 18, -1.3834603258356799e+01, 7.7820555567314305e+00
30, 19, -5.1818762652520732e+01, 8.7832619786344601e-02
30, 20, 1.3263634337263833e+01, 3.6626079028941064e+01
30, 21, 5.5030130284770618e-01, 9.1334072590744189e+00
30, 22, 2.5749991205545115e+01, -1.1011818963605341e+01
30, 23, -2.7734446357205208e+01, 1.6352421712321082e+01
30, 24, 2.3259158437574829e+01, -3.7796698570210431e+01
30, 25, -2.2103615138092255e+01, 4.3102820433039000e+01
30, 26, 1.2839820894950659e+01, -5.0054092240040816e+01
30, 27, 5.0508550553849830e+01, -2.6847247302995605e+01
30, 28, -3.7324867253676885e+01, -4.7382707826425694e+01
30, 29, 2.9561157590708271e+00, 2.0668676690176444e+01
30, 30, 9.7151763542333960e+00, -7.2335058731044022e+00
31, 0, 1.3429152353127691e+01, 0.0000000000000000e+00
31, 1, -1.1493939011258428e+01, -1.0665094704691729e+01
31, 2, 1.2353977890953441e+01, -6.8303054555328329e+00
31, 3, -1.0287415062174141e+01, 7.3638841696203308e+00
31, 4, -6.2859775299237919e-01, -1.6053712518285221e+00
31, 5, 1.6646870912293288e+01, 2.4827389028115121e+01
31, 6, 1.3485551451439971e+01, 2.1308482064808285e+01
31, 7, 4.0689821211846052e+01, -1.8445640104962628e+01
31, 8, 2.6685128171988559e+00, 1.5473063855355822e+01
31, 9, -2.0499819518834325e+01, -5.7277633254768894e+00
31, 10, -1.3431364677075059e+01, -2.6659114735549984e+01
31, 11, -3.2994357511202615e+01, 2.8374812260934636e+01
31, 12, -4.8760958030425279e+00, -1.5539749396238687e+01
31, 13, 2.1322138975982750e+00, 1.9528544899096143e+01
31, 14, -8.0583315539041322e+00, -2.4761635391388388e+01
31, 15, 1.6878334458437621e+01, -2.1838073985087605e+00
31, 16, -1.9584571976173393e+01, 1.6614105069269396e+00
31, 17, -2.7558755556137098e+00, 1.1023281964051975e+01
31, 18, 4.7085334859572203e+00, 1.2466819018923825e+01
31, 19, 8.3276772011161277e+00, 1.1430286308887323e+01
31, 20, 5.9678553590942101e+01, 2.5325957731877963e+01
31, 21, -9.3582443155505288e+00, 7.0629460569054867e+00
31, 22, 2.6116203520755185e+01, -1.5359118488372264e+01
31, 23, -2.5792818402133850e+01, -3.1815913246505474e+01
31, 24, -5.2074823259719238e+00, 1.7744780956170885e+01
31, 25, -2.2532035710810656e+00, 2.0650262392536263e+00
31, 26, 2.6531235377309692e+01, -5.8733249149683076e-01
31, 27, -1.3090769073687383e+01, -1.6745897590133019e+01
31, 28, -5.7700088917238311e+01, -4.2523939226780030e+01
31, 29, -1.0638579347107930e+01, 3.6042372138416901e+01
31, 30, 4.2106716826939827e+00, 2.4880002477306576e+01
31, 31, -4.1899664769712196e+01, 2.3642655504284399e+01
32, 0, 1.8774989380571110e+01, 0.0000000000000000e+00
32, 1, -1.5474593588035251e+01, -2.3305714818045193e+01
32, 2, 1.1183792929062527e+01, 2.7397830573756323e+01
32, 3, -1.7665065857013605e+01, 1.6038080426783644e+01
32, 4, 2.8194722718497232e+01, 9.9041923154560632e+00
32, 5, 1.2958354554038063e+01, -1.3101801689487335e+01
32, 6, 6.1931073260766034e+00, -3.1437032686365967e+01
32, 7, 2.1048953631537962e+01, -2.8766161020344981e+01
32, 8, -3.2673797258909033e+01, -8.4819053886481388e+00
32, 9, 4.7622600318454680e+00, -1.6749865590057119e+01
32, 10, 1.5994096858478328e+00, 2.1613486505221161e+01
32, 11, -1.2931937314486671e+01, 2.0593505766293426e+01
32, 12, 1.0862420121742149e+01, 1.0820130292617865e+01
32, 13, 1.0240404040322016e+01, -1.2878334360814061e+00
32, 14, 5.4436136882144748e+00, -2.2963331396133682e+01
32, 15, 1.1931040881276335e+01, 5.4945783462447819e+00
32, 16, -3.3776818279601756e+01, -1.2830713878722749e+01
32, 17, 1.3301762880350150e+00, 2.6811578859044571e-01
32, 18, 7.8852582803284275e+00, -5.1464320015604503e-01
32, 19, 3.1928106528804996e+01, -7.0618911806578044e+00
32, 20, 1.1569252898761674e+01, 4.6975927819149659e+00
32, 21, -2.3343681931948801e+00, -3.1164685588472402e+01
32, 22, -2.0699316489706909e+01, -1.4096094334450520e+01
32, 23, -1.0999275774126238e+01, 2.5258489872743326e+01
32, 24, -4.8564548508223977e+00, 1.8930889840527506e+01
32, 25, 8.6417178974597721e+00, -9.8151183350571216e+00
32, 26, 4.1112700625009682e+00, -9.3730031007626735e+00
32, 27, -6.5676823987056192e+00, -1.1814005837558673e+01
32, 28, -1.2620986427422512e+01, 3.3430925681193216e+01
32, 29, -5.2139822185033635e+00, 2.6758585429415010e+01
32, 30, 2.4950892692806342e+01, -9.0868946594309463e+00
32, 31, 1.6093852542409298e+01, 4.0017472130660838e+00
32, 32, 1.7550806486279853e+01, 2.0547367884468283e+01
33, 0, -1.6937779469855883e+01, 0.0000000000000000e+00
33, 1, 9.2229650327458224e-02, -9.2373025742153771e+00
33, 2, 7.5056907328348919e+00, 2.6046736921188419e+01
33, 3, -1.2981844097131335e+01, -2.0743674306209343e+01
33, 4, 1.7715666705896705e+01, 1.0912151072860119e+00
33, 5, -2.1698254145648757e+01, 1.1913231749824492e+01
33, 6, -1.7997505056401302e+01, -2.9705016706231426e+01
33, 7, -1.3160397229593114e+01, 3.8357707178669443e+01
33, 8, -7.8669050832300496e+00, -2.3956305728413440e+01
33, 9, 1.7500834622483119e+01, 1.8213719420810172e+01
33, 10, 4.6562340074590436e+00, -3.6109839691281431e+00
33, 11, 2.8038670415684457e+01, -2.2860755164577057e+01
33, 12, 2.1363519130477897e+01, -1.0484230126249525e+01
33, 13, -7.1133627465010907e+00, -1.8668935911317626e+00
33, 14, 9.9267547996809604e+00, 1.3643004706738102e+00
33, 15, -2.2991461148071341e+01, 1.4368119920447111e+01
33, 16, 7.4327553956318617e+00, -8.7426938958155809e+00
33, 17, 8.4085496023213224e+00, 7.8375161418362316e+00
33, 18, -1.2881400516321923e+01, 4.8897915752792720e+00
33, 19, 2.5872769585746138e+01, -3.0085105129128351e+01
33, 20, -2.7124077189284382e+01, -1.1206118897437218e+01
33, 21, -1.1739661521163638e+01, -3.0893618041074554e+01
33, 22, -7.4141503567603788e+00, 1.4583364457025525e+01
33, 23, -1.3164045073136075e+00, 1.3945231901482728e+01
33, 24, 2.9192519377943039e+01, 3.1337020935781005e+01
33, 25, 1.9692943785884346e+01, -1.3446267260670965e+01
33, 26, 2.3466566812470946e-01, -2.2789475110308075e+01
33, 27, -6.9048762347439130e+00, 5.4100499079846216e+00
33, 28, -1.5180812864581849e+01, 2.6862834829950003e+01
33, 29, 2.1200703492367477e+01, 1.0255829007810647e+01
33, 30, 1.0462324993275761e+01, -1.5186724342138117e+01
33, 31, -2.4698636055765018e+01, -4.7263163901603766e+00
33, 32, 2.9940049488327887e+00, -5.6765541928480971e+01
33, 33, 1.4925946288618155e+01, -2.2758016527716229e+01
34, 0, -6.6821376962634478e+00, 0.0000000000000000e+00
34, 1, 6.7583949869062909e+00, -6.5895758689994839e+00
34, 2, -1.7458569631373695e+01, 1.8982189075580991e+00
34, 3, 1.6127279501521876e+01, -1.5172173984678871e+01
34, 4, -1.4335973481849036e+00, 9.8041791069796851e+00
34, 5, -1.9501343655586261e+01, -5.3446774352280606e+00
34, 6, -6.5726416310478919e-01, 9.7673478285230750e+00
34, 7, -2.7402739561349293e+01, 2.9973823796684339e+01
34, 8, 2.8789757267984069e+00, 1.5014700948456689e+01
34, 9, -4.8991902529794560e+00, 2.1036772402098443e+01
34, 10, -5.9263688074957113e+00, -1.5020956326702233e+01
34, 11, 2.1175942137645194e+01, -2.2943246563721544e+01
34, 12, -6.1117171017080212e+00, -1.0183000344984375e+01
34, 13, 2.7255424788908753e+00, -2.4251916689631162e+01
34, 14, 8.7976852625265565e+00, 4.2308609574221379e-01
34, 15, -1.9879182221397500e+01, 5.8628257590683859e+00
34, 16, 2.7700253031768433e+01, 1.2763812372156400e+00
34, 17, -9.2430086804419815e+00, 8.4668140155938545e+00
34, 18, -4.1113416804201517e+00, -1.2071096268665618e+01
34, 19, -5.1773274142892545e-01, 2.4654221719251105e+01
34, 20, -2.8776116017511093e+01, -1.1012654417343374e+01
34, 21, -4.0902595622794591e-01, 2.8003489564971531e+01
34, 22, -2.4272769289159877e+00, 2.0999063259828745e+01
34, 23, 1.4744931940959709e+01, -8.0125916374333812e+00
34, 24, 2.0888121767942529e+01, -7.2197052317938004e+00
34, 25, -1.6939214321730930e+01, -2.0007291417497271e+01
34, 26, 4.9045175034082815e+00, -1.0634676511300047e+01
34, 27, -1.0141907608530197e+01, 1.3974277869665784e+01
34, 28, 1.3460936419563335e+01, -5.6633232392255142e+00
34, 29, 1.1969630858768561e+01, 9.9854175471460405e-01
34, 30, 7.5505142251377135e+00, -3.5645871554398120e+01
34, 31, -4.1735588412956027e+01, 1.1800218361896416e+01
34, 32, 2.1687602348485761e+01, 1.9098221572757890e+01
34, 33, -5.3269088595197857e+01, -1.6123978974429982e+00
34, 34, 3.9870122693940733e+00, 1.3438528365486420e+01
35, 0, 2.3259919434416987e+00, 0.0000000000000000e+00
35, 1, 9.3251060615446342e+00, 2.5088462577105510e+01
35, 2, -1.1409266139637374e+01, -4.9776043968243675e+00
35, 3, 1.3950877260282564e+01, -9.4046617973343150e-01
35, 4, -2.1630942746461855e+01, 8.6413972374285510e+00
35, 5, 1.9837979754962866e+01, -2.8757792523647357e+01
35, 6, 2.5923532513941687e+01, 2.8344842610411256e+01
35, 7, 6.0560518680842215e+00, -2.0478280248451675e+01
35, 8, 2.7580331944368830e+01, 1.3957076663282749e+01
35, 9, -6.9681958572725016e+00, -9.5850595728772703e+00
35, 10, -6.6506233438865152e+00, -7.0820162144226986e+00
35, 11, -1.4086694139636503e+01, 9.1806470835115839e+00
35, 12, -2.4635170714437720e+01, 8.3701650529421929e+00
35, 13, -1.4638753478558915e+01, 3.9802920619556272e+00
35, 14, -5.9159990957080915e+00, 2.0115642536009670e+01
35, 15, 1.0199987366672671e+01, -2.3482919996104325e+01
35, 16, 1.1471111545222568e+01, 5.6736477187242320e+00
35, 17, -1.7935129017098671e+01, -1.9568528303232593e+01
35, 18, 1.0098732921593701e+01, -9.2635295686477406e+00
35, 19, -2.2630880575410576e+01, 8.8195672399306062e+00
35, 20, 1.6353900449070387e+01, -3.1465596134964002e+00
35, 21, 4.7865560091135055e+00, 2.9274923671158682e+01
35, 22, 1.2731491182701347e+01, -8.7339375220903044e+00
35, 23, 1.1047046002218364e+01, -9.3744000127490512e-01
35, 24, -1.8148358035961611e+01, -6.3643956264316968e+00
35, 25, -8.8339039230652912e+00, -7.6747212903857633e+00
35, 26, -2.9322473530479765e+00, -4.2236423352339925e-01
35, 27, -1.7827155983031140e+01, 5.8884620979653342e+00
35, 28, 2.3992902502023881e+01, 2.9229756226518480e+00
35, 29, -2.2339459597597411e+01, -1.6510011480752382e+01
35, 30, 1.2268335215948536e+01, -1.8293228233968335e+01
35, 31, -5.5775053236490368e+00, 2.1339928054929014e+00
35, 32, 3.6831255522534995e+01, 4.1370382749185019e+01
35, 33, -1.6068701181904224e+01, -3.4199834056048971e+01
35, 34, 1.9382364025484023e+01, 6.0933090808547419e+01
35, 35, 1.4309378967720324e+01, -3.7746413923623394e+00
36, 0, 2.1545938478276724e+01, 0.0000000000000000e+00
36, 1, -1.3618137010769733e+01, -4.7625590018544699e+00
36, 2, 1.1677363502443740e+01, -1.6812379082322536e+01
36, 3, -1.9673290948125214e+01, 5.6420220098444549e+00
36, 4, -1.4894300936468177e+01, -1.7802593113664045e+00
36, 5, 6.7634554010822256e+00, 8.6484447029536382e-01
36, 6, -1.4148441154636235e+01, -1.3715737687111014e+00
36, 7, 2.6177793033284928e+01, -1.5150393085590755e+01
36, 8, 9.3756715751888393e+00, -9.5142331808582270e+00
36, 9, 7.8558651997657210e+00, -1.4079630148123282e+01
36, 10, 1.4582399767630076e+01, -2.7302830943352263e+00
36, 11, -1.1686698947954920e+01, 2.7256169309487510e+00
36, 12, 3.0442627958991917e+00, 5.0611411510984849e+00
36, 13, 1.2504565768420580e+01, 2.7900229809000582e+01
36, 14, -1.2036198203008734e+01, -4.3524488279230589e+00
36, 15, 2.7487072027162746e+01, -6.2473791339721512e+00
36, 16, -1.4447840970946849e+01, -3.0363624259648145e+00
36, 17, -3.7842746407515060e+00, -1.6206363188498901e+01
36, 18, -3.6922936805374955e+00, 1.9003053248423374e+01
36, 19, -1.6277645552989249e+01, -5.5568857977277784e+00
36, 20, 2.1889176154003209e+01, 1.0281548257681543e+01
36, 21, 8.7710043631338799e+00, -2.1452860652917294e+00
36, 22, 5.3851251310377215e+00, -1.2634361090059500e+01
36, 23, -1.3717510689960852e+00, 7.4126765095357001e+00
36, 24, -2.1010574472976241e+01, -1.2055846843498063e+01
36, 25, -6.5649618012506950e-01, 2.0659178847923901e+01
36, 26, 5.2576477417881291e+00, 1.9981452377205859e+01
36, 27, 1.1997966038342934e+01, -1.1105948262080815e+01
36, 28, 2.2149685045576311e+00, 2.4433568733326517e+01
36, 29, -2.2184305853284030e+01, -1.7675877423873949e+01
36, 30, -2.0740918261904262e+01, 2.7887147204926002e+01
36, 31, -1.6413736696759123e+01, -2.1872056806138509e+01
36, 32, 3.1612375452599423e+01, 6.2954397974937049e+00
36, 33, 2.1072949168483643e+01, -4.1920453549981609e+01
36, 34, -1.5162181508029327e+01, 1.6952333371915060e+01
36, 35, 3.0625001302224373e+01, -2.8982942216914257e+01
36, 36, -1.0347963836169740e+01, -2.2508426111035543e+01
37, 0, -5.5295830417443668e+00, 0.0000000000000000e+00
37, 1, -1.1157043558735346e+01, -2.2975536452965141e+01
37, 2, 3.8747913865275319e-02, -5.9387049232415889e-01
37, 3, -1.0867886030934823e+01, 1.0956108983056453e+01
37, 4, 1.7424582814556636e+01, -4.6682853398685218e+00
37, 5, 4.0848075891475943e+00, 1.9313582590465906e+01
37, 6, -2.7945072059284744e+01, -2.2210677237256654e+01
37, 7, -8.4768499480967172e+00, -3.5989631873719312e+00
37, 8, -4.1386499749760581e+01, -2.2039417242774626e+01
37, 9, -1.8419322028603759e+01, -8.8388674457760263e+00
37, 10, -3.6028847426528672e+00, 1.5003472947309405e+01
37, 11, 4.3078966295397283e+00, -3.3410024686958830e+00
37, 12, 1.4582294708390428e+01, -1.2216328811068466e+00
37, 13, 1.7885726324166733e+01, -3.6605579285394541e+00
37, 14, 4.6115378717243027e+00, -2.5227281649083697e+01
37, 15, 3.1043490236517606e+00, 8.0665701752104653e+00
37, 16, -1.4319460365413370e+01, 5.4666470949361323e-01
37, 17, 8.3006568814996609e+00, 1.5507151536300839e+01
37, 18, -1.1465060480346182e+01, 2.7977996048593049e+01
37, 19, 2.2694797094960762e+01, -6.4482048373055427e+00
37, 20, 7.3395538519849541e+00, 9.1491270582520272e+00
37, 21, 6.6980033426037977e-01, -1.6335262647723042e+01
37, 22, 1.3544592082985609e+00, 5.1526159146947705e+00
37, 23, -1.3213415135124976e+01, 1.0073138178684804e-01
37, 24, 1.2680445815183310e+01, -6.9699462818708300e+00
37, 25, 1.1782884736799465e+01, 8.2983841201921997e+00
37, 26, -1.0594730830490033e+01, -1.5326302269058054e+01
37, 27, 1.7417643046262206e+01, -9.5734647802721398e+00
37, 28, -2.1423520336536889e+01, -4.7520258882696076e-01
37, 29, 1.1359713761138291e+01, -1.3055375611148431e+01
37, 30, -7.2957854533660713e+00, 4.8745111006540363e+01
37, 31, 1.9649406851363402e+01, -1.6016060261410423e+01
37, 32, -2.5170095729875261e+00, 1.1291194273760858e+01
37, 33, -3.2257583176658116e+01, -3.1250428515030592e+01
37, 34, -2.2390671585683535e+01, 4.0597572694703601e+00
37, 35, 2.6905783134094623e+01, 1.3188927897233825e+01
37, 36, -3.9857301874533192e+01, -2.5694626675104388e+01
37, 37, -1.1452830053550670e+01, 1.3624906280911276e+01
38, 0, -2.3354322216968349e+01, 0.0000000000000000e+00
38, 1, -1.1308869128009569e+01, 2.9268239735772399e+00
38, 2, -1.0640043651843071e+01, 2.0946923623149253e+01
38, 3, -5.4105159730639540e+00, -2.2410622538512146e+00
38, 4, 2.3529578392689114e+01, 5.0386466147814755e+00
38, 5, 5.8468270960714275e-01, -2.8350309744015707e+00
38, 6, 2.1429669039346152e+01, -7.6947038357586752e+00
38, 7, -4.3417593460294110e+00, 2.3344719973342329e+01
38, 8, -4.4713771665262785e+00, 1.2927722265766601e+01
38, 9, -1.1089068897862481e+01, 1.9528830963652279e+01
38, 10, -1.1386241267303181e+01, 1.8629929123983193e+00
38, 11, 1.0238403491623342e+00, -1.2768509871366394e+01
38, 12, -1.2885825541481319e+00, -1.0501373927004662e+01
38, 13, -1.9407678916720318e+01, -8.2747925148938766e+00
38, 14, -1.7684135674493393e+00, 2.3442359107216282e+00
38, 15, -8.9422641194245696e+00, -5.4590737890548358e+00
38, 16, -7.2482312989110262e+00, 4.8489806500354469e+00
38, 17, 6.6893135575908458e+00, 1.3707409889827694e+01
38, 18, -4.9953266115927901e+00, -1.9625257152340904e+01
38, 19, 1.5202459248915920e+01, -1.4164849610055276e+01
38, 20, -6.6173547503505583e+00, -2.6629822963397523e+00
38, 21, -1.1990751430749427e+00, -8.4080644169094505e+00
38, 22, -1.1101663873987631e+01, 1.9830154871388089e+01
38, 23, -5.8185416013517806e+00, -1.3186939166731868e+01
38, 24, 2.8936288256877440e+00, 6.5093686568496443e+00
38, 25, -1.9265206454268600e+00, -3.9299943264673134e+00
38, 26, 1.5573024704871800e+01, -1.4875554727705882e+01
38, 27, -1.6972063774041652e+00, 5.5195301468373943e+00
38, 28, -2.2436683448344809e+01, -1.9917540374278055e+01
38, 29, 1.7300317592570572e+01, 3.6394364944371361e+01
38, 30, -1.4373568582212876e+01, -1.2471268180428179e+01
38, 31, 4.4429400219075966e+01, 5.0452745468384030e+00
38, 32, -1.6019752113120838e+01, 4.7579145154650604e+00
38, 33, 1.0243463394493482e+01, -1.4763552394566339e+00
38, 34, -2.0573910959318763e+01, 3.0274674095268516e+01
38, 35, 1.2082757293115518e+01, 6.3705622041565881e+00
38, 36, -2.0586947352997282e+01, -2.7844895823449058e+01
38, 37, 5.7073710815259737e-01, 4.6647609812025692e+01
38, 38, 1.5125452037508269e+01, -4.3472717718999565e-01
39, 0, 1.4747284955285899e+01, 0.0000000000000000e+00
39, 1, 1.9039028381618323e+01, 1.1242515884351651e+01
39, 2, 2.2830135371591032e-01, 1.8151932322921375e+01
39, 3, 3.4109729693934181e+00, -4.0234904592837353e+00
39, 4, -5.5891148720114687e+00, 3.4229761984205997e+00
39, 5, -1.9267261480406749e+01, -1.9933447820958978e+01
39, 6, 8.0758871779314276e+00, 3.5859897372595348e+00
39, 7, -1.0047211165007054e+01, -4.7491472770049210e+00
39, 8, 2.2701108975884374e+01, 6.7407588617862295e+00
39, 9, 2.0217997631990066e+01, 4.7660513507654070e+00
39, 10, 1.0949547672582865e+01, 2.4751177026282029e-01
39, 11, 3.2916596107440519e+00, 3.0262356492286417e+00
39, 12, -1.2443944791724741e+01, -4.1268206742947875e+00
39, 13, -7.3795999388956535e-02, -1.2567351323496204e+01
39, 14, -7.5397690431189632e+00, 3.2334003473982289e+00
39, 15, -6.2227829080353114e+00, 1.0130654994983036e+01
39, 16, 5.2826964501041509e+00, -3.1166954663651967e+00
39, 17, 7.7158776321634575e+00, 7.4631326063691921e+00
39, 18, 8.6778372312894358e+00, -2.6495836923318109e+01
39, 19, -1.0415000347116802e+01, 1.4362578407855876e+01
39, 20, -3.5039919674968782e+00, -1.4809887841413378e+01
39, 21, -2.4733691770049782e-01, 5.9428791692201681e+00
39, 22, -5.2747176474122650e+00, -4.4570398795566009e+00
39, 23, 1.6160986354723384e+01, -1.6809353197638495e+00
39, 24, -1.4845791089532362e+01, -7.8832868938025547e+00
39, 25, -1.1377872160093126e+01, -1.0966409831354685e+01
39, 26, -6.6644148677268999e+00, -1.0573267212165134e+00
39, 27, -9.1782122645936575e+00, 1.4003147661914120e+01
39, 28, 2.4803384004842812e+01, -1.4207897004636884e+01
39, 29, -9.2566247181566119e+00, 2.5224009502229819e+01
39, 30, 9.5307761722583635e+00, -3.4609129788989982e+01
39, 31, 3.8020413888572593e+00, 1.8504302540515269e+01
39, 32, -1.5842265393521943e+01, -3.5677631037251004e+01
39, 33, 2.2330072557643216e+01, 1.7395729750710473e+01
39, 34, -3.7414406701352454e-01, -7.8710539121759755e+00
39, 35, 1.5712133839822222e+01, 1.8047841553962009e+01
39, 36, -5.1694614798187892e+00, -9.6608278882140759e+00
39, 37, -1.0322117629709583e+01, 1.4705322398544066e+01
39, 38, 3.2651873540305488e+01, -1.1190539255462316e+01
39, 39, -8.7089849989607582e-01, -3.9039309030891403e+01
40, 0, 8.8546429247714507e+00, 0.0000000000000000e+00
40, 1, -2.0423287348668731e+00, -7.7074694374373687e-01
40, 2, -4.7156701636736793e+00, -1.8850061320639821e+01
40, 3, 9.1985996397076892e+00, 1.1625528435488506e+00
40, 4, -9.8442560614312953e+00, 7.7520511524002735e+00
40, 5, 9.2049047238433221e+00, -1.0228565619331331e+01
40, 6, -2.2315551875925440e+01, 6.0471905172081097e+00
40, 7, -1.8656294860080531e+00, -1.0820631183318927e+01
40, 8, -3.2758619587641880e+00, -4.1294828775742110e+00
40, 9, 6.9620667059701020e+00, -1.4570306852459229e+01
40, 10, 5.1602667534766562e+00, -6.7404952426249807e+00
40, 11, 1.8401123183307448e+01, -4.9597131226038336e+00
40, 12, 7.1237146230707193e-01, 3.4658459193799205e+00
40, 13, 5.8912625170077328e+00, 8.3841111554681369e+00
40, 14, 3.3927362838192896e+00, 9.8129656799787455e+00
40, 15, -1.3185930987014348e+01, -2.8651907152409275e+00
40, 16, 1.7968209319801357e+01, 1.1435188593432075e+00
40, 17, -1.5287535472152609e+01, -4.8338741793275410e+00
40, 18, 1.5445560255136325e+01, 1.6286255441084485e+01
40, 19, -9.8288311982530665e+00, -3.5289549718469732e-01
40, 20, 3.0329698834240690e+00, 8.5869912844816065e-01
40, 21, -4.0512515928404609e+00, 6.6709843041537145e+00
40, 22, 9.8732725650054434e+00, -8.7460249633519247e+00
40, 23, 1.0222093209896757e+01, 9.3802534676596121e+00
40, 24, 1.0727761529466237e+01, 5.5449108431292942e+00
40, 25, -1.1157674466999609e+01, -2.0476614696041766e+00
40, 26, 5.8300809091273820e+00, 2.1290919587850354e+01
40, 27, 4.8831997871358396e-01, -1.1111582331176244e+00
40, 28, 2.0122228016723533e+01, 1.8708772940848348e+01
40, 29, -1.6166311586549562e+00, -1.3330443331229043e+01
40, 30, 1.8928519759069786e+01, 1.1807901149803439e+00
40, 31, -2.8552299354638986e+01, -6.5942570178848063e+00
40, 32, 1.1031967328706262e+01, -6.3414540529557284e+00
40, 33, -8.0427390228273055e+00, 1.6664752080792606e+01
40, 34, 5.6740242004007762e+00, -2.8186349909045354e+01
40, 35, -1.5293025399114718e+01, 7.7011823448994736e+00
40, 36, 1.4006150975981008e-01, -6.8310730571324703e+00
40, 37, -1.1818284010712756e+00, 1.5787029751525804e+01
40, 38, 1.5610509845376463e+01, -3.1381808636299189e+00
40, 39, -1.6459411973294266e+01, -4.4028060084727612e+00
40, 40, -4.3286820194891419e+01, 8.2741046877768376e+00
41, 0, 1.0948797635116030e+01, 0.0000000000000000e+00
41, 1, -9.9270790485815681e+00, -5.0526200301143671e+00
41, 2, -2.3190790959508991e+00, -2.0192221478580851e+01
41, 3, -1.0427747222510442e+01, 9.4955873984254957e+00
41, 4, 1.8432310669987551e+00, -4.0898956573047593e+00
41, 5, 1.1084354759374808e+01, 1.8753062022619474e+01
41, 6, -1.2377051274812958e+00, 1.2835300164252578e+01
41, 7, 7.0088423736166678e+00, 2.1647736506899754e+01
41, 8, -2.8499555658992746e+00, -7.2189723082076238e+00
41, 9, -1.0830078809650935e+01, -3.9960552331001935e+00
41, 10, -1.4558952918610608e+01, -1.1744753848289516e+01
41, 11, -3.3512865108696248e+00, -4.7401533357023098e+00
41, 12, -1.1748772265546481e+01, -1.2987882421269648e+00
41, 13, 7.3914865646626762e+00, 3.6363264072371555e+00
41, 14, 2.1320327992889720e+00, 3.3119012214363810e+00
41, 15, 1.4442933446960360e+01, -1.3180572942103851e+01
41, 16, 2.6411714358281380e+00, 1.9144604301291062e+00
41, 17, 7.5039492810726205e-01, -2.1121411650810828e+01
41, 18, -1.6545887927372458e+01, 1.7731187253096238e+01
41, 19, 1.5425068035092739e+00, 5.9729286007736544e+00
41, 20, 8.5100181120640652e+00, 5.0811872173932677e+00
41, 21, 1.8718269461240361e+01, 1.0626277929435613e+01
41, 22, 8.6511976019874233e+00, -2.6344836512715153e+00
41, 23, -1.0124891044056149e+01, -3.0962513252352548e+00
41, 24, -3.6894917910130198e+00, -1.0021825517948203e+01
41, 25, 5.6139978467753453e+00, -6.8289855169325513e+00
41, 26, 1.8579252705025857e+00, 1.6971075656613710e+01
41, 27, 1.9662338791389800e+01, -6.3899532487228248e+00
41, 28, -7.0845276805727746e+00, -1.7827956238851814e+00
41, 29, -3.4651301728075223e+00, -1.3421899814546675e+01
41, 30, -5.1256609198372951e+00, 1.7735643875682499e+01
41, 31, -7.0004243948861298e+00, -1.3800587310982619e+01
41, 32, 5.4683394756638961e+00, 2.0530212810895875e+01
41, 33, -1.8538205715489237e+01, -1.1012673113885489e+00
41, 34, 2.0507596666848848e+01, -6.6522565267135283e+00
41, 35, -2.8237277436252434e+01, 1.2730986352700617e+00
41, 36, -7.9818977266476576e-02, -7.7866853851767077e+00
41, 37, 1.0925084922272784e+01, 1.2748191858486809e+01
41, 38, 3.7659324564525991e+00, -2.2414349744688295e+01
41, 39, -6.9081904937826479e+00, -2.2411111475354484e-01
41, 40, 1.5891776641044444e+01, 2.0165193201829339e+01
41, 41, 5.8914296561735622e+00, 2.0709932808847562e+01
42, 0, -3.3471515198568111e+00, 0.0000000000000000e+00
42, 1, -1.1503520053233768e+01, -2.7530589918021131e+00
42, 2, -2.1117489114481534e+00, 1.0631760927308221e+01
42, 3, -1.6299573824256544e+01, 1.2705956083468946e+00
42, 4, 1.3034572418445061e+01, 2.1189242839733691e+00
42, 5, 2.5414535778265166e+00, 1.4934284902291002e+00
42, 6, 1.8065379672425021e+01, -5.5086448577683713e+00
42, 7, 1.2125347848365184e+01, -4.6477699733339799e+00
42, 8, 1.3036249160025235e+01, 6.8995758364512767e+00
42, 9, -2.8509072656791625e+00, 1.5014456334439283e+01
42, 10, -3.3856789166548253e+00, 7.6624758042891976e+00
42, 11, -1.6457207827318513e+01, 1.8539201701862282e+01
42, 12, -3.7249135440963346e+00, 7.1517188614171612e-02
42, 13, 2.7028949678580733e-01, 6.8234951277141986e+00
42, 14, -2.4743259190972644e+00, -1.3958982449494854e+01
42, 15, 1.2158951161760902e+01, 2.2210364840069392e+00
42, 16, -1.9769729663538151e+01, 2.0348224146388350e+00
42, 17, 1.0348160839318977e+01, 3.2170228439359381e+00
42, 18, -5.3068095146764733e+00, -6.4259993689968748e+00
42, 19, 1.1615226933157070e+01, -4.5393656213679483e+00
42, 20, 3.0615399400887067e+00, 5.2901881684902881e+00
42, 21, -2.2288943403421420e+00, -1.2460162562608566e+01
42, 22, -2.1479432721488012e-01, -1.0521382417009837e+01
42, 23, 4.6376140984502001e-01, 1.2282487429385469e+00
42, 24, -1.0558081571737951e+01, 2.9969466022873776e+00
42, 25, 4.8921263755809613e-01, 1.3500437292485673e+01
42, 26, -8.3567789814604443e-01, -1.3438783268123894e+01
42, 27, 9.4326930721941356e+00, -1.2985891719304083e+01
42, 28, -1.7020571146181979e+01, -6.5916428431140801e+00
42, 29, 2.4147692272220516e+00, -5.5303472331592465e+00
42, 30, -1.3290181275642482e+01, 1.6483277874403765e+01
42, 31, 1.1683474898258744e+01, 1.0069149495992145e+01
42, 32, -2.4430539580644610e+00, 1.0494547638083274e+01
42, 33, 1.3165483741508996e+01, -2.1902673919058806e+01
42, 34, -9.4907107495011733e-01, 8.4978208477869099e+00
42, 35, -1.1125771448279821e+01, -5.9469551171703845e+00
42, 36, 1.2544052412868627e+01, 1.2059710512388126e+01
42, 37, 7.6149997495849853e-01, 8.5751457418007266e+00
42, 38, 4.7644977888854498e+00, -2.0379523964994714e+01
42, 39, -5.7269121959443341e+00, 2.8549568767057396e+00
42, 40, 1.9078749625892595e+00, 1.9134869102846253e+01
42, 41, 1.2013522387633691e+01, -1.5870515748236588e+01
42, 42, 1.6607346619224579e+01, -1.2156810169942171e+01
43, 0, 5.8308839067305240e-01, 0.0000000000000000e+00
43, 1, 1.3929148849748566e+01, -5.9088526875018568e+00
43, 2, -1.0046531779224029e+01, 2.1311661459114980e+01
43, 3, -2.9074289677132912e+00, 2.8102057931453532e+00
43, 4, 3.7825580678193749e+00, 8.2745541941180534e+00
43, 5, -9.4500372065901139e+00, -1.5071249661086608e+01
43, 6, -3.8065233146397044e+00, -1.1974854104860176e+01
43, 7, 1.4513379373640731e+00, -7.2259947745261615e+00
43, 8, -2.7077753261879960e+00, -8.2121355856202065e+00
43, 9, 5.4451720031183637e+00, -5.5582500249503397e-01
43, 10, 1.0786879657026438e+01, 5.1362553326690170e+00
43, 11, 5.1994272703892754e+00, 6.1171611918913422e+00
43, 12, 1.9361655446512820e+01, 2.8384903318187860e+00
43, 13, -7.2178770339002352e+00, -1.5905052043861625e+00
43, 14, -2.1249034902903920e+00, -5.8339195727428927e-01
43, 15, -7.4580085746920481e+00, 1.4523431822031561e+01
43, 16, -1.3638583508364334e+01, -1.1588947854145673e+01
43, 17, -1.6476205723051227e+00, 1.7873831611984361e+01
43, 18, 3.5027661011544886e+00, -6.0089270295406969e+00
43, 19, -2.0570832375575815e-01, -6.5160262042056729e+00
43, 20, -5.4299867529517029e-02, -9.2222009990531877e+00
43, 21, -6.8859377119082845e+00, -1.8907186759073753e+01
43, 22, -1.1483149848611424e+01, 4.1684453860571216e+00
43, 23, -1.1841471670267836e+01, 5.9479188222390933e+00
43, 24, -1.4495305440888855e+00, 1.2493301814148907e+00
43, 25, 2.9588247423829941e+00, 4.7734889307432695e+00
43, 26, 8.8244523270047761e+00, -8.2362951572534051e+00
43, 27, -5.6776025184323426e+00, 1.2033579397885369e+01
43, 28, -5.9047981767640216e+00, -7.0152980069238984e+00
43, 29, -1.9578898765900624e-01, 1.9190313851879505e+01
43, 30, -2.0471074864867571e+00, -3.4990026110316945e+00
43, 31, 2.0812217337186183e+01, 3.2153825289199802e+00
43, 32, -4.7531297132229691e+00, -7.6021448703927437e+00
43, 33, 2.5925051951757752e+01, -4.2110493164880545e+00
43, 34, -2.3268571168143406e+01, 2.2790099361217346e+00
43, 35, 1.6748366368124657e+01, 1.4706324756405382e+00
43, 36, -3.4998130551846030e-01, 2.0126757928401339e+01
43, 37, 8.1530085776490253e+00, -6.7851904284730491e+00
43, 38, -6.8452793554736431e+00, 5.8665527622704108e+00
43, 39, -8.4649645536637870e+00, 6.2537019813135855e+00
43, 40, -3.0549100819289827e+00, 5.9581934179978635e+00
43, 41, 1.6866039633548560e+01, -5.3878964280266803e+00
43, 42, -2.3923061953650702e+01, -1.3780584434950207e+01
43, 43, -1.3883560146081816e+01, 1.8099037887709184e+00
44, 0, 9.2413743673884952e+00, 0.0000000000000000e+00
44, 1, 2.7791728020041115e+00, 2.1927816868618550e+00
44, 2, -2.3434695299353265e+00, -3.4879081260624254e+00
44, 3, 1.4967313647299083e+01, -2.7323697264304170e-01
44, 4, 1.6878816445788698e+00, 1.8648491530662661e+00
44, 5, 2.7354947060095194e+00, -2.1809435999520232e+00
44, 6, -1.6021960064434950e+01, 6.8277784754568920e+00
44, 7, -1.8098135907577387e+01, -5.4891073096529439e+00
44, 8, -1.0290921515312336e+01, 2.4054560491876416e+00
44, 9, 5.7966923339394416e+00, -7.1847386248740701e+00
44, 10, 9.9954140139595253e+00, -4.8661096676208508e+00
44, 11, 8.7642432044584790e+00, -2.2517601113441220e+01
44, 12, 1.2826573882704579e+01, 2.2055352464695682e-01
44, 13, -1.3954546199985505e+00, -6.3651773942179224e+00
44, 14, 1.1608519679285804e+01, 2.6201430877917420e+00
44, 15, -4.6141231796532036e+00, -3.7976214398348369e+00
44, 16, 2.2076430627076704e+01, -2.3547545505192580e+00
44, 17, -1.8746909745985354e+00, -4.1544716899387470e+00
44, 18, 4.5366645839969690e+00, 8.1590257038605474e-01
44, 19, -7.0612414046798939e+00, 1.8325656491340199e+00
44, 20, -9.5541921925242423e+00, -1.5665407121387909e+00
44, 21, -9.4164356204328481e+00, 1.2359217391310201e+01
44, 22, 9.3523120722742192e-01, 2.7145564493013552e+00
44, 23, -8.4093722938617943e-01, -3.1580305186765694e+00
44, 24, 1.9181239476677142e+01, 4.3436688604868472e+00
44, 25, -6.3994719401388718e+00, -2.0898321352214659e+00
44, 26, -5.7125111653198308e+00, -5.5295872894512872e+00
44, 27, -6.5553220599489883e+00, 7.3092202663243988e+00
44, 28, -2.2204651128340309e+00, -1.9170858841853280e+00
44, 29, -4.5704386105814523e+00, 8.5421660908685695e+00
44, 30, 1.3428058432559544e+01, -6.3944731048113432e+00
44, 31, -4.3810920069164787e+00, 4.4834250567052791e+00
44, 32, -8.9548028320789310e+00, -2.0867349201317488e+01
44, 33, -1.4646252518626607e+01, 1.0140091483547186e+01
44, 34, -3.2309466680553331e+00, -3.5764361682246433e+00
44, 35, 1.1932318420182867e+01, 9.1133913234092159e+00
44, 36, 4.3954584884284946e+00, -8.6253023644306577e+00
44, 37, 4.5965410765077692e+00, -5.1769863814223802e+00
44, 38, -1.5454203323867551e+01, 4.6571473851709000e-01
44, 39, 6.0123857213244865e+00, 4.5679581555000723e+00
44, 40, 1.2072844963890532e+01, 6.4141644175010200e+00
44, 41, -1.4902978357139296e+00, -9.4096967519724313e+00
44, 42, 1.2943304339306772e+01, -3.5712598336791626e+00
44, 43, -4.2800195786257316e+00, 1.8088874063109106e+01
44, 44, 5.6935922683705273e+00, 1.9614430629733981e+01
45, 0, -6.2936088096188412e+00, 0.0000000000000000e+00
45, 1, -4.2830546061855914e+00, 6.3485505548538734e+00
45, 2, -8.3651721122148288e+00, -7.6234813468902525e+00
45, 3, -5.0047722330455695e+00, -8.5525067145637585e+00
45, 4, 1.1715667184523227e+01, -3.5105772964904931e+00
45, 5, 8.0617442345824877e+00, 3.3841257841866454e+00
45, 6, 1.0018134317019811e+01, 8.6721216344594598e+00
45, 7, 9.1875217756774497e+00, 1.5309387982705465e+01
45, 8, 1.2258011585430928e-01, 6.9693976934612074e+00
45, 9, -1.0297969324994783e+01, 9.9371084203196887e+00
45, 10, -1.7758426072132437e+01, -9.2283711898459853e+00
45, 11, -2.5819106554692262e+00, -2.6257767568996639e+00
45, 12, -1.3533629466989298e+01, -8.3645785957440584e+00
45, 13, -1.2399604207949215e+01, -9.5186829992014239e+00
45, 14, -8.4264231334781869e-01, 5.4556807838482371e+00
45, 15, 1.8571263779398961e-01, -1.3900643371224806e+01
45, 16, 7.2052418479961249e+00, 9.4669976511745233e+00
45, 17, 4.1944609351523310e+00, -5.9731236685767302e+00
45, 18, 4.7992478039404407e+00, -1.2396107658326942e+01
45, 19, 9.2488122273365896e+00, -1.7004053550212139e+00
45, 20, -3.0708676077252323e-01, -7.2434866993679377e+00
45, 21, 6.3339849167017936e-01, 4.5113453504450911e+00
45, 22, 2.3778147896543249e+00, 8.6597672651484956e+00
45, 23, 4.6200095036765347e+00, -3.8796633282921560e+00
45, 24, -3.3908082577274739e+00, 1.1710578382906963e+01
45, 25, 5.8476406269598575e+00, -9.2752193647644567e+00
45, 26, -4.8324952308297657e+00, 6.3647020650434110e+00
45, 27, -6.0360717815059388e+00, -5.9033128956781518e+00
45, 28, 1.2136133819766583e+01, 2.7937199615067181e+00
45, 29, -8.4129990994361470e-02, 1.3302122191419952e+00
45, 30, 8.0514099113836171e+00, -4.5249798769558849e+00
45, 31, -1.2435516556258701e+01, -4.6593003858292672e+00
45, 32, -1.9580545596810848e+00, 7.5924674620154757e+00
45, 33, -1.0740722366438844e+01, 6.6251897795578181e+00
45, 34, 4.1832759438017657e+00, 2.5483707015476469e+00
45, 35, -9.2432928952149123e+00, 5.1068723971415082e+00
45, 36, 7.2231308996317258e+00, -4.0057561414143574e+00
45, 37, -1.2451059586499374e+01, 6.9984703255429563e+00
45, 38, -7.3244854610286483e+00, -6.5828049106756641e+00
45, 39, 1.2317044020168785e+01, 8.2703707113557590e-01
45, 40, 2.6181830061884850e+00, -1.0980855854428615e+01
45, 41, -1.3958701747345787e+01, -2.0710532623604752e+01
45, 42, -9.5490436340896707e+00, 8.9626380270809758e+00
45, 43, 4.9320167480807084e+00, -1.5338432225511054e+01
45, 44, 1.6015036932725750e+00, -3.6750585398131248e+00
45, 45, 1.6744276993685386e+01, -1.2830584817332481e+01
