0, 0, 0.0000000000000000e+00, 0.0000000000000000e+00
1, 0, -2.5533949307051604e+05, 0.0000000000000000e+00
1, 1, -1.4883228955112960e+04, -1.1554621469555082e+05
2, 0, 0.0000000000000000e+00, 0.0000000000000000e+00
2, 1, 1.4410025021024715e+05, 7.7798197808910598e+04
2, 2, 5.9958115069800545e+05, -2.5231562209921516e+05
3, 0, 3.0318549515342538e+05, 0.0000000000000000e+00
3, 1, -2.0990116948912968e+05, -6.4518128626416228e+05
3, 2, 1.6240774431771954e+05, 2.9445184337614919e+04
3, 3, -5.0688501458647149e+05, -9.4637135806407139e+04
4, 0, -1.8463826363460772e+04, 0.0000000000000000e+00
4, 1, -1.6743972396779401e+05, -1.0799822913347992e+05
4, 2, 2.3284434324484991e+05, 1.4999610727372818e+05
4, 3, -3.3833778643167124e+05, 2.2636369069910408e+04
4, 4, -6.1358350512249286e+04, 2.4158351178897679e+05
5, 0, -1.2805225944401126e+05, 0.0000000000000000e+00
5, 1, 3.5214756954635341e+04, 1.0755705503919967e+05
5, 2, -4.6358777507628256e+03, 6.1093604331633804e+04
5, 3, -9.6351515010482108e+03, 1.5727266152404310e+05
5, 4, 1.0680294307019423e+05, -1.3158893553414755e+05
5, 5, 5.2005524283918814e+04, -6.8287091997912881e+04
6, 0, 4.8020914141533402e+04, 0.0000000000000000e+00
6, 1, -7.4478621126913757e+04, -7.1766053358858480e+03
6, 2, -1.0491788230763808e+05, 6.5246609175978083e+03
6, 3, -9.6104097480580371e+04, -4.2949152113722143e+04
6, 4, 1.2276586983721238e+04, 1.3026467817226803e+03
6, 5, 5.2421610467385035e+04, -4.8726424344194776e+04
6, 6, 2.8091530562221451e+04, 7.2500557346274436e+03
7, 0, 7.2526560690688784e+04, 0.0000000000000000e+00
7, 1, -4.8584795200048822e+04, 8.6797634960714480e+04
7, 2, 4.1576247277806659e+04, -5.6850701130902547e+04
7, 3, 1.6117624512351376e+04, -1.1650366065515947e+04
7, 4, -6.9259865166119300e+04, -6.1991248010499636e+04
7, 5, 8.0705401703427506e+03, 4.3472937505994472e+04
7, 6, 5.4978879429177308e+04, 3.9093172552756965e+04
7, 7, 2.2099762665347567e+04, -1.8300037523313571e+04
8, 0, -3.8411123773413194e+04, 0.0000000000000000e+00
8, 1, -7.8900079825394841e+03, 3.3983344224530505e+04
8, 2, -2.6476711880961619e+04, -3.2883347629917062e+03
8, 3, 3.3031900645437090e+04, 3.4579851746038985e+04
8, 4, -9.0544746320743579e+03, 4.6767433300459888e+04
8, 5, 6.3814492907872926e+04, 6.8193736955406668e+04
8, 6, -3.2808247975460130e+04, -2.5238081757781547e+03
8, 7, 2.3104714588909206e+04, 8.6340657663028978e+03
8, 8, -3.0774656139335646e+04, 7.1265922190341535e+03
9, 0, 7.2009775070087380e+02, 0.0000000000000000e+00
9, 1, 3.4807826456896706e+04, -7.3514570072251605e+04
9, 2, -3.9537219325319536e+04, 1.6260983912404354e+04
9, 3, -3.6842997559771757e+03, -1.9409687111857369e+04
9, 4, -1.4840753941510065e+04, -1.2832206811436652e+04
9, 5, -8.5633011508315903e+03, 3.2333006928464121e+04
9, 6, 1.0922335306289599e+04, 5.0510949064165696e+04
9, 7, 1.9767570781008304e+04, -7.3307462044548534e+04
9, 8, -5.3627473109011451e+04, 2.5302643593744229e+04
9, 9, -9.3567654533211789e+03, -2.1922846583028353e+04
10, 0, 1.8094768358844805e+04, 0.0000000000000000e+00
10, 1, 2.0752315754059193e+04, -6.3417961207052540e+03
10, 2, -2.2249124990322522e+04, 7.6752611619228246e+03
10, 3, 4.9812618429125017e+04, 9.8673745486311436e+03
10, 4, 1.0285003315086977e+04, -3.5979851549511324e+04
10, 5, -2.1799202659829021e+04, 3.7059775949609466e+03
10, 6, 8.3178217238546549e+03, -3.8118734987007403e+04
10, 7, -1.2136447693938506e+04, -1.8669754822042611e+04
10, 8, -3.9220730528695558e+03, -2.2133954612478083e+03
10, 9, -1.1222101561134023e+04, -2.5031459599405422e+04
10, 10, 6.9302564821429314e+03, 1.0757294160098738e+04
11, 0, 2.9023298834728948e+03, 0.0000000000000000e+00
11, 1, -2.9654213813423827e+04, -6.2152344212915878e+03
11, 2, -5.7867666727688274e+03, 2.5486554274609698e+04
11, 3, 4.9786758136253957e+03, -2.1721597920852484e+04
11, 4, 1.8430977966115795e+04, 1.6599695889078401e+04
11, 5, 1.1084653613683688e+04, -1.2972635145948976e+04
11, 6, 2.4349572373827934e+04, 1.9218119485963780e+04
11, 7, -1.3657948916184303e+04, -9.8278736045679143e+03
11, 8, 1.9434646694160976e+04, 1.4281208533969815e+04
11, 9, -6.4221673137760390e+03, 4.1512020213644973e+02
11, 10, 2.7487026766600291e+04, -1.0255967636655641e+04
11, 11, 7.4761643209451086e+03, 6.3564485085432852e+03
12, 0, 1.9991969462239511e+04, 0.0000000000000000e+00
12, 1, 1.3010469740261515e+04, -1.0180900342788731e+04
12, 2, 9.6965024238073074e+03, 3.5421238173246347e+03
12, 3, 5.3169848341009165e+03, 3.8916137590884782e+03
12, 4, 1.5383830972399262e+04, -8.8574374016940583e+03
12, 5, 2.1212571144338821e+04, -8.2927619163144882e+03
12, 6, -6.1955395471318607e+03, -8.5834732059156195e+03
12, 7, 1.7964371907363791e+04, 1.9331631211991262e+04
12, 8, -2.3840466125167899e+04, -1.7847094794838267e+04
12, 9, 2.2963186864184714e+04, 1.5783668271595900e+04
12, 10, 2.8052578394953311e+04, 1.2877943835469425e+04
12, 11, 2.8994788821240618e+03, 2.0401211752419014e+04
12, 12, 7.4538046316825703e+03, 2.1805463129440886e+02
13, 0, -1.1594884249997729e+04, 0.0000000000000000e+00
13, 1, 1.3759576144689652e+04, 3.5224966310716736e+04
13, 2, -1.8832272737061387e+04, -1.1329781466371252e+04
13, 3, 2.2945918640984513e+04, 1.9691101513218760e+04
13, 4, 1.7473274359933974e+04, 8.3622830336263050e+03
13, 5, -6.6079239129199277e+03, 6.2838503490789753e+03
13, 6, -3.3153035923059535e+04, 2.2503501856923951e+04
13, 7, 2.8477562340715849e+02, 1.4671115443411691e+03
13, 8, -2.5972288455495109e+03, 3.0876850533910269e+03
13, 9, 2.5017621008501679e+04, 1.6008777907260819e+04
13, 10, -1.2677984765048641e+04, -9.1675839560672175e+03
13, 11, 2.5291868901075431e+03, 8.2397338508458597e+03
13, 12, -2.1951155947696116e+04, 3.7361178854443733e+02
13, 13, -2.0522213029357838e+04, -3.3380715027438018e+03
14, 0, 2.6723679340390790e+04, 0.0000000000000000e+00
14, 1, 7.4709077582780428e+03, 1.1910669523793807e+04
14, 2, 7.5276729457816446e+03, -9.1419589364801795e+03
14, 3, 9.0284273111395923e+03, -9.1769350749601163e+03
14, 4, -1.0913470653360277e+04, 7.5962756850150508e+03
14, 5, -1.8985758601998550e+03, -1.8398911071544408e+03
14, 6, -5.8574181864657694e+03, 8.4089452489371124e+03
14, 7, -1.3400181189239000e+04, -1.0939800798161637e+03
14, 8, -8.5566400978990641e+03, -7.3664673504625207e+03
14, 9, 1.4268548256808708e+04, 2.0574696813139501e+04
14, 10, 9.4028750240179215e+03, -7.4686289060358067e+03
14, 11, -2.3421831118747512e+04, -1.2384501898094146e+04
14, 12, -1.1156610550438396e+04, -1.1837733077672303e+04
14, 13, 5.2197682078822581e+03, 1.4591446242896964e+04
14, 14, 6.8271193154192815e+03, -8.2658620295336623e+03
15, 0, 1.0017533375583731e+04, 0.0000000000000000e+00
15, 1, 6.4655142972718131e+03, -1.1160431294036591e+04
15, 2, 9.2360569377485845e+03, -1.0513325250752203e+04
15, 3, -7.7808724669487010e+03, -4.1776702321866569e+03
15, 4, -4.8664485559030891e+03, 6.8870769086879855e+03
15, 5, -1.2103770205319064e+04, 6.0884930322302962e+03
15, 6, -1.7736307214861786e+03, 3.5888654284710956e+03
15, 7, 2.9259660280943881e+03, -3.2763971817392667e+03
15, 8, 1.5798143994254538e+04, -7.2935055614590401e+03
15, 9, -3.2372832555295041e+04, -6.0149529240890552e+03
15, 10, 8.3803436534785506e+03, 1.2105770708955533e+03
15, 11, -4.5220640955092731e+03, 2.8762872699088612e+03
15, 12, 3.5009057678999787e+04, 6.5442283194919655e+03
15, 13, 7.3663774054111709e+03, -1.0618894498772479e+03
15, 14, 4.6542666539410802e+03, -1.6871852511690264e+04
15, 15, 1.6628314285540237e+04, 6.7572225270901490e+03
16, 0, 2.2538047451591639e+04, 0.0000000000000000e+00
16, 1, -3.7850202965874296e+03, -6.5197286056792000e+03
16, 2, 1.8597182490941246e+04, 1.4276030933233797e+04
16, 3, -1.1232438983534123e+04, 9.5011337971701778e+02
16, 4, 8.0485097238336602e+03, 2.7592103049350121e+03
16, 5, -4.0062529880578950e+01, 4.5644146899779826e+03
16, 6, 4.2031546220565815e+01, 2.4112065910812998e+03
16, 7, -4.4756700232637368e+03, 8.3183491662687502e+03
16, 8, -2.4217411277583410e+03, -6.2685212955188290e+03
16, 9, 7.9942755100273735e+03, -5.8607127451866982e+03
16, 10, 4.4812996862242699e+03, 7.9637933374958429e+03
16, 11, -7.1365990980637098e+03, -2.0121021439028311e+04
16, 12, -1.5094816995464638e+04, 9.7371527006002671e+03
16, 13, 2.4444323903321078e+03, -9.4056147734891056e+02
16, 14, -1.1985288024146188e+04, -1.0481934015618030e+04
16, 15, 1.0262495886978011e+04, 4.1824824930696050e+03
16, 16, 3.1010010565717976e+03, 7.3857850617990362e+03
17, 0, 5.6926477921467886e+03, 0.0000000000000000e+00
17, 1, 6.3230702252696374e+03, -6.0636047603274110e+03
17, 2, 3.9402737074007509e+03, 1.6340015961528807e+04
17, 3, 1.6263245780862482e+04, 8.2907658271880609e+03
17, 4, 6.2460735812548101e+03, -2.3260681467050590e+03
17, 5, 9.5008722163138191e+03, 1.2447851924169110e+04
17, 6, 1.1010095733230473e+04, -1.0776391186789628e+04
17, 7, 6.5059191238524318e+03, 7.3256318899542694e+03
17, 8, -6.0438943596503605e+03, -3.2134676859282190e+03
17, 9, -1.0012641573573281e+04, 1.0137323043361208e+04
17, 10, -1.1789134145891825e+04, 6.2698385983260323e+03
17, 11, 1.4257097191690715e+04, 2.4782878327471113e+04
17, 12, -1.1455604259542361e+04, 4.7356430589205420e+03
17, 13, 8.0020281522463465e+03, 5.3361222205041850e+02
17, 14, -9.9819034203454412e+03, -7.2103752701578624e+03
17, 15, -7.5812014967384102e+03, -2.4176601684457000e+02
17, 16, 4.6924787347015190e+03, 5.4246962954765913e+03
17, 17, -9.2257129270954174e+03, 1.6173065052453662e+03
18, 0, -4.7003018892457994e+03, 0.0000000000000000e+00
18, 1, -2.7033504819975374e+03, 2.2790305243825169e+03
18, 2, -7.9021990355504131e+03, 1.7863304007660126e+03
18, 3, 3.3560929134002117e+03, -1.0353719879579850e+04
18, 4, -5.1233415731260538e+02, -2.9882745008200809e+03
18, 5, 1.3058251353851106e+03, -1.6020434916331014e+03
18, 6, -4.6533434481243603e+01, -4.1882102713038312e+03
18, 7, -5.0057538688382974e+03, -2.0828980661619516e+03
18, 8, -4.5078431375843902e+03, 2.6502599907139615e+03
18, 9, 4.1518498083741133e+03, -2.2267249275151818e+04
18, 10, 2.6293743045222236e+03, 9.1396102080844594e+03
18, 11, -2.9298560148237380e+03, -9.2574406297711685e+03
18, 12, -2.3321963345267054e+03, 1.4231657357745635e+04
18, 13, 5.7889461060668673e+03, -6.0529683129175046e+03
18, 14, 1.8174631495379458e+03, -3.3832887392208622e+03
18, 15, -7.7600918980758643e+03, 4.6313784598199363e+03
18, 16, -5.7546062509951935e+03, 7.2197493848673821e+03
18, 17, -1.3372723835348957e+04, -1.8023285389374265e+04
18, 18, 1.0313539170220516e+04, 2.7741666790759928e+03
19, 0, 2.7256274362017821e+03, 0.0000000000000000e+00
19, 1, -1.7533560527820005e+03, 8.1175971275597331e+03
19, 2, -1.8676903955663247e+03, 4.3555097066710096e+03
19, 3, -6.3521546546390855e+03, -2.9184871377039449e+03
19, 4, -6.2537953602881171e+03, 4.5149006827431185e+02
19, 5, -6.2159040509157985e+03, -1.0930142121261431e+04
19, 6, -1.2121405153767300e+04, 6.4452375290694126e+03
19, 7, -9.1064677902258372e+03, 8.3149582602048076e+02
19, 8, 3.6539427874326748e+03, -7.6151541520758201e+03
19, 9, -5.6258182612104065e+01, -7.6137700263900315e+03
19, 10, 6.4845921748284454e+03, -8.1951204285519361e+03
19, 11, 4.9612446351721583e+03, -1.1369536345824899e+03
19, 12, -1.4866581939855263e+04, -5.9357120815749713e+03
19, 13, 2.7891548234209558e+03, -6.8357617271481686e+03
19, 14, -9.3203674416107674e+02, 4.7502592036622409e+03
19, 15, 3.6706220625909791e+03, -2.1216093490726680e+03
19, 16, -4.7603174282568943e+03, 2.4357607937419125e+03
19, 17, 5.5120536386736558e+03, -2.6734929672447925e+02
19, 18, -1.6661040743096739e+04, 3.6168628419536726e+03
19, 19, -5.9237110319609392e+03, -1.5965096828955364e+04
20, 0, 4.3316095108178988e+03, 0.0000000000000000e+00
20, 1, 1.2910782362241476e+04, 2.0676542564715992e+03
20, 2, 2.8214037180156797e+03, -1.9665281859529841e+03
20, 3, 1.6910835440421768e+04, 3.7693600679631604e+03
20, 4, -9.9303650963630207e+02, 7.7306228236448305e+03
20, 5, -2.9954668946657421e+02, 3.4876918876689147e+03
20, 6, 3.8392723652703039e+03, 8.8675172188088018e+03
20, 7, 5.7238320632087034e+03, -1.5659923764056817e+04
20, 8, 6.4004179422367251e+03, 3.7676832028582867e+03
20, 9, -1.1294825273941529e+04, 3.1070257677731465e+03
20, 10, -8.6012117896950203e+03, 1.2112838532061164e+03
20, 11, -1.4988584003004118e+04, 1.0199130365594898e+04
20, 12, 2.8699386465904854e+03, -1.3462338048622801e+03
20, 13, 1.7714660546770883e+04, 4.4823106518647010e+03
20, 14, -2.8882146401121954e+03, -5.9564676146562924e+03
20, 15, 7.5547403084682128e+02, 4.1844419139235242e+03
20, 16, 1.6885028657261353e+02, -1.3177675670449094e+04
20, 17, 1.0626078267377579e+03, 4.3933331731364888e+02
20, 18, -8.5921958791166344e+02, 1.1556020076926807e+04
20, 19, 9.4056638506013223e+03, 1.4580070320752777e+04
20, 20, -4.3222076805705201e+03, 6.5383119462253308e+03
21, 0, 7.3865277769041495e+03, 0.0000000000000000e+00
21, 1, 8.5310136340807207e+02, -1.0744975536686252e+04
21, 2, -1.0032382905497205e+04, -5.9105913684483885e+03
21, 3, -5.2497170897330989e+03, 6.7960431280087687e+03
21, 4, -6.0679002993941795e+03, 6.7848660574611313e+02
21, 5, -4.8402800639115139e+02, 5.8851944963331644e+03
21, 6, 1.0635953015281982e+03, 1.1656389084108498e+04
21, 7, 4.1391468150478931e+03, -1.6523281686581595e+02
21, 8, -2.8984115850431990e+03, 7.1695317389097472e+03
21, 9, 8.3313502884732861e+03, -7.0680057265880696e+03
21, 10, -2.6179122170133815e+02, -9.3381279085081969e+03
21, 11, 7.0031554240801452e+03, 1.1178864796185931e+04
21, 12, 6.8995588377534759e+03, -4.4345169081382955e+03
21, 13, 2.8819693442541461e+03, 7.2471242716897123e+03
21, 14, 2.6372514761413704e+03, -1.0407068614949158e+03
21, 15, -4.1965128899145611e+03, -1.5258229783777271e+04
21, 16, -1.6222279846223746e+03, 1.1449947295800786e+04
21, 17, 2.4240612160537712e+03, -6.0275548635853274e+03
21, 18, 1.7508010147964678e+03, 1.2177453897918838e+04
21, 19, 1.2683777302480461e+04, -6.0228485733339039e+03
21, 20, 1.0198187518892137e+04, 4.0059738129847760e+03
21, 21, 2.5544491475854174e+03, -6.4887768883639828e+03
22, 0, 1.4759933492805232e+04, 0.0000000000000000e+00
22, 1, -1.7844747907935762e+03, 7.4852179218621641e+03
22, 2, 8.9947576282042228e+03, -1.9339555172540963e+03
22, 3, -2.0834943151937678e+03, 4.9051215908450495e+03
22, 4, -3.6783581163543840e+03, -1.0670476468321660e+04
22, 5, 2.4692468279892323e+03, -2.4212154087273852e+03
22, 6, -1.0439036171398209e+04, -1.7058433136485626e+04
22, 7, 4.9214991324004850e+03, 7.1536859975771868e+03
22, 8, -9.7592283533672962e+03, -5.9755556797866047e+03
22, 9, 5.6840351368651654e+03, 1.1059749039519529e+04
22, 10, -1.6436734543173429e+03, 1.1231416209138846e+04
22, 11, 1.1514966796573897e+04, 7.1630353566746671e+03
22, 12, 7.3470262862931313e+03, -8.9622090734948051e+03
22, 13, -2.7829643652041536e+03, -3.7380307696329119e+03
22, 14, -7.1901453886245818e+03, -1.1138324735554274e+04
22, 15, -6.8086702766575545e+03, 6.6192109037592181e+03
22, 16, -9.9078110575139453e+02, -3.4920845522055670e+03
22, 17, -5.2157790179722824e+03, -1.6401706054221399e+03
22, 18, -2.5057316394556938e+02, 6.6706904943054687e+03
22, 19, 2.3836290447502233e+02, -1.0876508463810818e+04
22, 20, 6.1852386258573824e+02, -4.1237242548963823e+03
22, 21, -5.9224365032470187e+03, 1.0189054357688237e+03
22, 22, -6.9203689334881565e+03, -6.2100496352857554e+03
23, 0, -3.6987179218853385e+03, 0.0000000000000000e+00
23, 1, 5.1698926103691447e+03, 4.8368109720083121e+03
23, 2, 5.0790306893733723e+03, 1.0771703605746079e+04
23, 3, -3.8328709520179464e+03, 2.3340187500327133e+03
23, 4, 1.3537688362214350e+04, 3.0498634097436188e+03
23, 5, -1.0468482502520219e+03, 1.6131034307681152e+03
23, 6, 6.5970850971791488e+03, -3.7635230451169673e+03
23, 7, -9.4722339563406094e+03, -6.4168002133638538e+03
23, 8, -1.0238930952264218e+04, -9.3629129420206118e+02
23, 9, -1.1134095941644650e+03, -4.0475472631239049e+03
23, 10, 1.8345032285381112e+03, 1.5993367437263838e+04
23, 11, 1.1929630534079870e+04, -1.2243688802591456e+04
23, 12, 3.6535696542191736e+03, 1.2156260456605029e+04
23, 13, -7.9342682171941533e+02, -9.9805329613914928e+03
23, 14, -5.3095581707344954e+03, 6.7157441959838497e+03
23, 15, -3.0496182749381205e+03, 3.1669401963686396e+03
23, 16, 6.1398314117222944e+03, 8.1723443203888492e+03
23, 17, 2.9956537488967888e+03, 1.2295248771267028e+04
23, 18, -7.3031774131299835e+02, -1.3087286299047051e+04
23, 19, -3.5851514917200570e+03, 3.4997622863282595e+03
23, 20, -1.4517544421750790e+02, -8.1212923850444622e+03
23, 21, 4.2744342066824329e+03, 7.9846257871867456e+03
23, 22, -2.5535662784284987e+03, -1.1498262500820085e+04
23, 23, -3.4629287628181937e+03, 8.3943176386887972e+03
24, 0, 1.1400752832202936e+04, 0.0000000000000000e+00
24, 1, -1.1902956566480900e+03, -6.0908252145356919e+03
24, 2, 3.6640662394699989e+03, 5.1662407739615428e+03
24, 3, -1.5696961381371207e+03, -1.1079906406297629e+04
24, 4, 7.7149815123709068e+03, -2.7630179809632345e+03
24, 5, -1.2743792788636034e+04, -2.1779522749938587e+03
24, 6, -1.4601639553886225e+03, 7.4376836305704092e+03
24, 7, -3.3834898714236742e+03, 6.9230634174043698e+03
24, 8, 4.7018213344848173e+03, 8.5849774378510374e+03
24, 9, 2.2955283006335794e+03, 5.1114541069177440e+03
24, 10, 2.9933112522166402e+02, -1.2255367508422933e+04
24, 11, -1.0232289509207092e+03, 1.5342124051150913e+03
24, 12, 5.2317725120186878e+01, -4.9601899563214401e+03
24, 13, -8.4434444476191911e+03, -1.2163315537486733e+02
24, 14, -4.3357140184614434e+02, 5.0181003883938656e+03
24, 15, -7.1736606020339013e+02, 3.1878512839878695e+03
24, 16, 9.4642186396192428e+03, 1.8228201603624157e+03
24, 17, 1.5400658623228733e+03, -2.7119144642326332e+03
24, 18, 2.2574444874707851e+03, 1.9129327087758375e+03
24, 19, 6.4560235331814092e+03, 6.8910979494454468e+03
24, 20, 4.8992161820247702e+03, -6.2690716218423977e+03
24, 21, -4.8494950374071323e+03, 1.6245602031478702e+04
24, 22, 7.9108000498909394e+02, -1.0216681862857389e+04
24, 23, -1.0366831212618206e+04, 2.9260409408231171e+03
24, 24, 2.5718634333955133e+03, 4.4526385308056779e+03
25, 0, -3.3071331591280568e+03, 0.0000000000000000e+00
25, 1, 3.5907439966176253e+03, 1.7021389140961826e+03
25, 2, 1.1128185865236464e+03, -1.9910085181266968e+03
25, 3, 6.1746998627645626e+03, -8.5154465849166309e+02
25, 4, -4.8932173111006523e+03, -1.1793468079462880e+03
25, 5, 6.8521411493522510e+03, -6.9195030868500435e+03
25, 6, -1.7245033542118745e+02, 1.0023126196200919e+04
25, 7, 9.1763278806048365e+03, -2.2672747252936920e+03
25, 8, 9.4806075885116552e+03, -4.6708716210901912e+01
25, 9, 1.8421272481497153e+03, 3.3733116650652792e+03
25, 10, 1.0869866832840395e+04, -6.8374180534915295e+03
25, 11, -3.9501020062872158e+01, 4.8842290270085032e+03
25, 12, -5.9565077529756936e+03, 6.4738449926196063e+02
25, 13, -3.6556549119198176e+03, 4.2213870345557170e+03
25, 14, -6.2498112115262234e+02, 5.3536398700104601e+03
25, 15, 5.3866310490856522e+03, -7.7778058873923655e+03
25, 16, 1.3732543655197287e+03, -1.9915487727216014e+03
25, 17, -9.4807370970068114e+03, -1.5757862661152110e+04
25, 18, -3.1603547156524514e+03, -3.1504083821871086e+03
25, 19, -1.2210775305420539e+04, -1.4973952874691199e+03
25, 20, 1.5150282767995404e+04, 3.1981833230644133e+03
25, 21, -9.0913851098650375e+03, -7.9746651013191040e+03
25, 22, 9.5305066840407744e+03, 2.4080798698857525e+03
25, 23, -7.8244994013565283e+03, 2.1304877535103406e+03
25, 24, 1.2986506987045344e+04, 2.1948806455266476e+03
25, 25, 4.6740282095921566e+02, -4.2755545749271569e+03
26, 0, 7.3876441682102068e+03, 0.0000000000000000e+00
26, 1, -9.4644749259435648e+03, -2.6667944476564335e+03
26, 2, -6.3684607550973888e+03, 3.8293436860814099e+03
26, 3, -1.2189373469274491e+04, 3.2778394187531626e+03
26, 4, -8.2634677402437774e+03, 1.1023901270333401e+04
26, 5, 2.3221764343845352e+03, 1.3020261420220333e+04
26, 6, -3.2571468603821959e+03, 6.9718497347192997e+03
26, 7, 4.4323192123532954e+03, -8.0577568317768137e+03
26, 8, 9.9010228313911321e+03, -9.7533514263119632e+03
26, 9, -2.4043094278673916e+03, -1.0387516359153255e+04
26, 10, 8.1377439910038293e+03, -1.3193764144429729e+03
26, 11, -5.9729276817088721e+03, -4.9414821142144338e+03
26, 12, 2.3316039189440939e+03, 5.0068763053345347e+03
26, 13, 3.9177357560839882e+03, -1.8953735009319266e+03
26, 14, 3.7323043316709955e+03, -4.6163743763681096e+03
26, 15, 8.4293925188828007e+02, 9.2287363517541235e+02
26, 16, -1.1804813411810144e+04, -2.0400504691200777e+03
26, 17, 1.4350209588284110e+03, 2.6818770663235405e+03
26, 18, -4.7453900268426705e+03, 1.8151657276609647e+04
26, 19, -1.7496296546318142e+03, -1.2133798838790844e+04
26, 20, 1.3263973158336098e+03, 6.3617544205901195e+03
26, 21, -2.8174950433986514e+03, -1.5059190027431467e+04
26, 22, 1.9772680553170603e+03, 1.0814535714209091e+04
26, 23, -5.7275690951289807e+03, -1.6374954714858627e+03
26, 24, 7.1881787221993654e+03, 3.8410333004360718e+03
26, 25, 4.5224247942102174e+03, -6.8630061211312259e+03
26, 26, -2.2045576975196204e+03, 6.3087158520900030e+03
27, 0, 2.2287967120204994e+03, 0.0000000000000000e+00
27, 1, 2.6317869041119170e+03, -2.9889921044519192e+03
27, 2, -1.4878702242626371e+03, -8.9318597901785233e+02
27, 3, 1.8213962356834277e+03, 8.3575347562813986e+03
27, 4, 3.8588645856338126e+03, -8.7864995326230974e+02
27, 5, 1.6878207244851176e+03, 1.2791308337991850e+03
27, 6, -1.8838449708158259e+03, -5.3808034157438078e+03
27, 7, 4.0180737315515762e+03, 6.6051473454831012e+01
27, 8, -3.8548783364832407e+03, -4.6815007843712256e+03
27, 9, -8.5165772275493910e+03, -1.0265595697280150e+03
27, 10, -1.2264622679318065e+04, 1.9415505197938746e+03
27, 11, -2.2067484557263710e+03, -6.9387315397226903e+03
27, 12, -2.5638503015573851e+03, -5.7707629481596385e+01
27, 13, 1.9100156114200736e+03, -2.8183595286419750e+03
27, 14, -6.4997862240145387e+03, -2.6169338681544859e+03
27, 15, -3.8903073975438274e+03, -5.2632364446472843e+02
27, 16, -5.6172114847444927e+03, 1.0038153432056520e+03
27, 17, 6.0562556674911921e+03, -7.7854796357048690e+02
27, 18, -2.9601343963147251e+03, 2.9304064481819023e+02
27, 19, 1.1572600670932494e+04, 4.2914052321823719e+03
27, 20, 1.5085043081808417e+03, -2.8508707575916060e+03
27, 21, 2.4804023515769604e+03, -4.0937395727235880e+03
27, 22, -5.5066719275840305e+03, 6.8416797947761570e+03
27, 23, 2.3356188981988521e+03, -1.5180740546839597e+03
27, 24, -2.8749395665577958e+02, -5.6640213620453587e+03
27, 25, -2.9317905299604436e+03, -9.4780196786596262e+03
27, 26, -8.2849894914510369e+03, -8.0461022391277675e+02
27, 27, 1.1064558696858827e+04, -1.9432229076645635e+03
28, 0, 1.1241492268008496e+03, 0.0000000000000000e+00
28, 1, 2.0518259182996917e+03, 2.3585722979031398e+03
28, 2, 3.3373332336051972e+03, 3.2584750423655341e+03
28, 3, 5.4037650303090741e+03, -9.3413896348283743e+00
28, 4, 1.2487042048600451e+04, -7.3910601406654132e+03
28, 5, 2.2864990274756474e+03, -9.9299523607882384e+03
28, 6, 6.8862395099769510e+03, -3.9166863228338816e+03
28, 7, 1.7311342265134090e+02, -5.5136422993808374e+03
28, 8, -2.0758088710411703e+03, 3.8334078082109295e+03
28, 9, 3.6502671072544431e+03, 4.7881826586192574e+03
28, 10, -2.5066456777280973e+02, 7.0855308112078537e+03
28, 11, 6.7446137522593081e+03, 4.1485059680603536e+03
28, 12, 4.2607832447068786e+03, 2.3404914194180365e+03
28, 13, -3.4898719380134685e+03, -3.6607663589275880e+03
28, 14, -4.9802446805747404e+03, -2.4016717556436001e+03
28, 15, -2.6713232790845518e+02, -6.6621170315770132e+02
28, 16, 2.8785305451371291e+03, -2.5198488478743402e+03
28, 17, 1.0853207896375403e+04, 1.4956543247450518e+03
28, 18, 4.0885845500044124e+03, -8.7123490683477539e+03
28, 19, 1.1457952223292004e+03, -2.5966978959003600e+03
28, 20, -3.9332059388002408e+03, -7.3230807884727901e+03
28, 21, 9.0576874314607958e+03, 4.7370549719622686e+03
28, 22, -7.5241971055732038e+03, 1.5463026309573361e+03
28, 23, 8.9925252466259080e+03, 7.0238029449895657e+02
28, 24, -9.4321709720542131e+03, 4.4715283325427336e+03
28, 25, 6.5990622938350180e+02, -3.6723436431516238e+03
28, 26, -3.2744026752834170e+03, 5.1768473002880946e+03
28, 27, 5.0091601076237685e+03, -2.2316337443435768e+03
28, 28, -1.5618050783528829e+03, -1.1180316218056312e+04
29, 0, -7.6886360670840190e+02, 0.0000000000000000e+00
29, 1, 6.0172166917782142e+03, 5.8719752368259342e+03
29, 2, -6.3277243373033498e+03, -1.0984520417320896e+03
29, 3, 1.5978793391209338e+03, -2.6833177821452500e+03
29, 4, -6.7242042570778485e+03, -5.8318666700620779e+03
29, 5, -2.2477546894776910e+03, -5.5287644919647355e+03
29, 6, -3.8818492756725527e+03, -6.4643254012431507e+03
29, 7, -3.0140673114705323e+03, 2.4640909651592760e+03
29, 8, 1.7265698902661427e+02, 2.4959768467073661e+02
29, 9, -1.4997272321891696e+03, 1.8962793654032603e+03
29, 10, -2.1971794966630205e+02, 5.7372722352919218e+03
29, 11, -1.6396922393698142e+03, -2.8443815233076184e+03
29, 12, 2.1680058071461931e+03, 1.6041322981591038e+03
29, 13, -1.4668426357773860e+03, 1.0755030455922038e+03
29, 14, 8.1892780357515003e+03, 1.9534439635367658e+03
29, 15, -3.5489881920231073e+03, 3.5763590490342690e+03
29, 16, 6.1160688529160425e+03, -1.8099462677941244e+03
29, 17, -4.5440032147284328e+03, 4.9377684356738450e+02
29, 18, 4.7469538354509841e+03, -3.0842693989894447e+03
29, 19, -2.6599358648789062e+03, 1.2793938691150497e+03
29, 20, -3.6293092630793708e+03, -5.4472774056770313e+03
29, 21, -3.5897774268040994e+03, -8.7126754008136822e+02
29, 22, -4.3287512677800250e+03, -3.0872402809147156e+03
29, 23, 3.5730561101378353e+03, 5.7875688319159417e+03
29, 24, -6.0275152885345924e+03, -6.7300390882462298e+03
29, 25, 7.5047636768763805e+03, 2.4979474937813857e+03
29, 26, 3.3373710732021129e+02, 7.1678949029220967e+03
29, 27, 9.9914903375610047e+03, 1.6610362179733411e+03
29, 28, -2.1800233714751730e+03, 6.7366461001627295e+02
29, 29, -3.2863144908081149e+03, 1.5166237333245876e+03
30, 0, 3.2090535293721764e+03, 0.0000000000000000e+00
30, 1, -1.1860717834619272e+03, -1.0821548069380499e+03
30, 2, 3.4724958373058143e+01, -2.6638757027047709e+03
30, 3, 1.1823643715391991e+03, 4.4427809007744445e+03
30, 4, -2.3067550575966661e+03, -3.7741978382565867e+02
30, 5, -4.0148991585443582e+02, 3.8291100347691358e+03
30, 6, -6.9856870494861178e+03, 4.6647306171248110e+03
30, 7, -4.8958379321980674e+03, 3.3013011998297989e+03
30, 8, 3.0438026159866504e+03, -3.0380551928513555e+03
30, 9, 2.4145306378812170e+03, -7.2181720551730450e+03
30, 10, 4.5367252795331251e+02, -1.3735383968884116e+03
30, 11, 1.6401809131970549e+03, -5.1071216534172218e+03
30, 12, -4.7312549178996032e+03, -3.1631837356763299e+01
30, 13, 1.4909169806046566e+03, 3.8833956838255390e+03
30, 14, -3.8956141531248350e+03, 9.9353724667399474e+03
30, 15, 3.3319728664794266e+03, -1.6419747856682816e+03
30, 16, 6.9196080571101220e+03, 4.8424043971182600e+03
30, 17, -3.4847681351956148e+03, -7.2416272564387391e+03
30, 18, -3.0751922479445966e+03, 4.5237323168850235e+03
30, 19, -1.2144033894518932e+04, -3.3491411229348300e+03
30, 20, -1.3867729935645866e+03, 8.4397544421769853e+03
30, 21, 3.0348756133450206e+03, -3.7239811115243310e+02
30, 22, 2.5555513614612391e+02, -6.7214195746528303e+03
30, 23, -4.5656593377791769e+03, 3.8940217220947634e+03
30, 24, 5.6964483037973805e+03, -5.8868921237842969e+03
30, 25, 6.5581459844732626e+02, 6.4984015621843155e+03
30, 26, -1.0948686956539225e+03, -5.5878543329024333e+03
30, 27, 7.0409314366477438e+03, -4.1112487516811598e+02
30, 28, -5.9074785102365295e+03, -3.0441349022158802e+03
30, 29, 4.6049008417697382e+02, 6.6748969241456107e+03
30, 30, -4.7267933786795243e+02, -3.9439206234089111e+03
31, 0, -5.5344648367748277e+02, 0.0000000000000000e+00
31, 1, -2.2819353862061148e+03, -3.9471008129909251e+02
31, 2, 1.3818692202902555e+03, -5.2142783358897514e+03
31, 3, -3.5482884304595264e+03, 6.2951793733133150e+02
31, 4, 1.8176537586010429e+03, -1.4390468030814113e+03
31, 5, 3.5305618593852359e+03, 2.0812908881479866e+03
31, 6, 3.9621207868348797e+03, 4.5031797145458841e+03
31, 7, 7.0883767946294665e+03, -1.3506864775196223e+03
31, 8, 1.9082263604317091e+03, 5.2218503465374488e+03
31, 9, -2.7927632351317770e+03, -2.8924911295331947e+02
31, 10, -2.1565240502532001e+03, 3.1606780511551642e+02
31, 11, -5.9269059384273496e+03, 3.4267728009961884e+03
31, 12, 3.2662386014234107e+03, -6.1189075675890026e+03
31, 13, -9.0448651736698116e+02, 1.4678438899116327e+03
31, 14, -3.3796170758198155e+03, -6.3457251569478631e+03
31, 15, 3.9316659701717654e+03, -2.5187544411614008e+03
31, 16, -2.3112661159983700e+03, 1.5839673191555617e+03
31, 17, 1.8953686122193321e+03, 3.1224763563597899e+03
31, 18, 6.1267826094980933e+02, -3.8178358368176332e+03
31, 19, 2.0643112796957848e+02, -5.0262435985031789e+02
31, 20, 6.9187862976039069e+03, 3.1395648254326939e+03
31, 21, -4.7392396060910187e+03, 2.4045676911625746e+03
31, 22, 5.8364751770420753e+03, 1.4126007973720832e+03
31, 23, -6.7628335476344437e+03, -6.2677958910678917e+03
31, 24, -4.6085811030701589e+03, 2.2208224637112594e+03
31, 25, -1.6710690752372607e+03, 1.8572372175044129e+03
31, 26, 3.2406560869904870e+03, 1.9475161186516580e+03
31, 27, -1.1328711745244707e+03, -4.0349563460352238e+02
31, 28, -7.1705657905279440e+03, -1.3081528172994647e+04
31, 29, -8.1556241655572262e+02, 6.8831863116740169e+03
31, 30, 7.9126570340980629e+02, 1.7290815999628649e+01
31, 31, -1.0956171022092050e+04, 8.7130315878179808e+03
32, 0, 1.1155202985695732e+03, 0.0000000000000000e+00
32, 1, -4.4821347698213585e+03, -1.1472172234340396e+03
32, 2, -2.7288885465413196e+03, 3.6701108619281540e+03
32, 3, 2.2123742006673456e+02, 6.9572896372167088e+03
32, 4, 3.0385747472337698e+03, 1.1840081190378796e+03
32, 5, 1.2764078057267022e+03, -3.3399782624947138e+03
32, 6, 3.0995396093042509e+03, -4.1361097018902374e+03
32, 7, 1.1532571150300100e+03, -5.5594193796438576e+03
32, 8, -3.0123768511137714e+03, -2.2847031883210320e+03
32, 9, 3.2930646610386698e+03, -3.1125504501578062e+03
32, 10, 2.5807299769086403e+03, 5.4512905366653395e+03
32, 11, -3.7097637295626801e+03, 6.5437292294316794e+03
32, 12, 1.7928017482475720e+03, 4.5926615568653724e+03
32, 13, 2.7349467842467920e+03, -2.0449770664295531e+03
32, 14, 1.9463834553566296e+03, -9.5193549397908964e+02
32, 15, 3.9741882132511610e+03, -2.1156154806512664e+03
32, 16, -7.6081811364956075e+03, -3.3209373660216916e+03
32, 17, -2.5884908901264623e+01, 1.5089906042788307e+03
32, 18, -6.4754608489096893e+02, -1.0664435094821372e+03
32, 19, 3.8809110086561550e+03, 2.6845207621688210e+03
32, 20, -4.1859732736378628e+03, -6.1669712782846568e+02
32, 21, 3.3783926924544821e+03, -2.7569052869660536e+03
32, 22, -3.7859654730512370e+03, -3.1524469487280039e+03
32, 23, -3.7090777745277269e+03, 6.0023515377447202e+03
32, 24, -8.5547965963135971e+02, 6.4800378236741744e+02
32, 25, -2.0337894665924523e+03, 2.4852031654366078e+03
32, 26, 1.0761344038370328e+02, -1.0599925996739964e+03
32, 27, -4.2272560364750507e+02, 6.0869516576077331e+02
32, 28, -3.5536451548984314e+03, 1.0738575633299488e+03
32, 29, -6.0888680876166782e+03, 2.5732435522812993e+03
32, 30, 3.6171211619517571e+03, -1.2926264704579994e+03
32, 31, 2.0357674799277752e+03, -1.4370268736957805e+03
32, 32, 4.4657755924692583e+03, 6.0991580232763936e+03
33, 0, -3.3745021738679779e+03, 0.0000000000000000e+00
33, 1, 2.8342991497583844e+03, 9.2701890084998217e+02
33, 2, 5.3811219749513157e+02, 1.5344702725902926e+03
33, 3, 6.0405791418871559e+02, -4.4241423904814110e+03
33, 4, 4.4774261465515847e+03, -1.5917760259803540e+03
33, 5, -2.7509473431970437e+03, 3.3983766254419033e+03
33, 6, -1.3002868236400845e+03, 1.4587054968848679e+02
33, 7, -1.8719627579851369e+03, 3.5682141043762913e+03
33, 8, 2.7461317521485216e+03, -3.8968102224822928e+03
33, 9, 4.6659620094376933e+03, 3.4529192786998988e+03
33, 10, 2.3700001064919120e+03, -1.4851159839130114e+03
33, 11, 4.9093234336178375e+03, -2.9540764582929937e+03
33, 12, 8.3017764412683846e+02, -3.8267454214752693e+03
33, 13, -4.1105565483529517e+03, 2.4747169689092601e+02
33, 14, 1.8475035087241495e+03, 1.8218742845222837e+03
33, 15, -5.1355969843832636e+03, 1.8841480234054084e+03
33, 16, 2.3964193914320526e+03, -1.4189493432267925e+03
33, 17, 2.0564893327820669e+03, 2.7857599486821609e+03
33, 18, 7.4096478283136321e+02, 1.9050718088070744e+02
33, 19, 8.7568507061653781e+02, -4.5968722783057092e+03
33, 20, -5.1068855581057232e+03, -3.0391261664328586e+03
33, 21, -3.8632744665357031e+03, -2.2955642976111794e+03
33, 22, -7.1405627091081215e+01, 9.1202895020952383e+02
33, 23, 3.6091027818819953e+02, 3.9780756646302143e+02
33, 24, 8.0859076097084371e+03, 8.5236624726351856e+03
33, 25, 8.3725582797581701e+03, -4.2081935375043322e+03
33, 26, 1.7470098815022525e+03, -5.3813722466552954e+03
33, 27, -5.0624912253416778e+02, 5.3292774294917035e+02
33, 28, -4.0470189828972016e+03, 3.4786039925359628e+03
33, 29, 1.9884802815382982e+03, 3.9977969705762266e+03
33, 30, -2.4433491922681151e+03, 1.1370166083826216e+03
33, 31, -3.6734152156386663e+03, -1.1571321692576230e+03
33, 32, -9.9965722155483365e+02, -7.0463262540298492e+03
33, 33, 4.9267169519594927e+03, -7.1608621991766604e+03
34, 0, 3.9447425288636950e+03, 0.0000000000000000e+00
34, 1, -5.1735774527986973e+02, -4.5212699393038042e+02
34, 2, -3.4174455781470629e+03, -1.9899455585078126e+03
34, 3, 3.6955714840453711e+03, 1.4666553940909084e+03
34, 4, 9.1867344055578178e+02, -5.7526739061701414e+02
34, 5, -2.5307295935954508e+03, 6.7091961820235042e+02
34, 6, 1.3866866702278978e+02, 3.8488151403629395e+03
34, 7, -4.6712116412040095e+03, 2.9205969438132179e+03
34, 8, 3.2211058183329573e+02, 6.3620905347753360e+03
34, 9, -5.2648141793139148e+03, 4.4929432160256256e+03
34, 10, -2.0423599354454032e+03, -1.6819243506368916e+03
34, 11, 4.5991221044569484e+03, 2.8378300752893301e+02
34, 12, 8.4723338565491804e+02, -2.7778549810595732e+03
34, 13, 4.1710033762346993e+03, -6.3019056713947539e+03
34, 14, 2.5774526833848695e+03, -4.7066234780346394e+03
34, 15, -4.3365603558082903e+03, -1.0227705279405957e+03
34, 16, 1.6036326359056975e+03, 9.1037747139297812e+02
34, 17, -2.3360090149089729e+01, 4.9991487777391330e+02
34, 18, -5.3939518421991500e+02, -7.9143476929155577e+02
34, 19, -9.9413762201653208e+02, 1.6688934533179563e+03
34, 20, -5.8196531582009020e+03, -6.6747889779466004e+02
34, 21, -2.3621021836653126e+03, 7.3547895877013052e+03
34, 22, 3.0108538884713735e+03, 4.4149744837006692e+03
34, 23, 3.1120108347319092e+02, -1.6095841954411187e+03
34, 24, 5.0332484257889937e+03, -3.1059519671078497e+03
34, 25, -2.7442489607060929e+03, -5.1337701336506834e+03
34, 26, -1.7937823072461802e+03, 3.9920221007061537e+02
34, 27, 1.1541986466704959e+03, 7.2366551686622779e+02
34, 28, 2.6993701037222490e+03, -2.3687469319832171e+03
34, 29, 3.5857353577992944e+02, -3.8328799144056138e+03
34, 30, 2.0763135581684742e+03, -5.9717559481628577e+03
34, 31, -6.5097119338461853e+03, 1.5490270044870499e+03
34, 32, 5.0013478680443986e+03, 3.9007104215307713e+03
34, 33, -6.6565248530541012e+03, -1.0898846611250353e+03
34, 34, 1.9878703788153832e+03, 4.1486907336012027e+03
35, 0, -3.2013603024469990e+02, 0.0000000000000000e+00
35, 1, 9.7543805379643595e+02, 4.9592175424615698e+03
35, 2, -4.0114235654819495e+03, 8.7410001278492518e+02
35, 3, 3.6846392195848089e+03, 2.9963552497334313e+03
35, 4, -1.4904338664215256e+03, 7.6596592795872994e+01
35, 5, 6.4708069808220598e+03, -3.4584628181478729e+03
35, 6, 4.9108087378779310e+03, 4.6872582109235218e+03
35, 7, 1.1974780764207876e+03, -5.2837262405483116e+03
35, 8, 4.6831927896824536e+03, 2.1416380289301846e+03
35, 9, -1.6902563780828193e+03, -2.4876693557755643e+03
35, 10, -5.2287204540530456e+02, 2.0485695631285216e+02
35, 11, -4.6715605256938361e+03, 3.1178485933418578e+03
35, 12, -4.4112383541704057e+03, 2.0318734569967737e+03
35, 13, -4.5562689860263072e+03, 1.4741242282287303e+03
35, 14, 4.8542574602777495e+02, 5.4584706630933943e+03
35, 15, 1.0393881215882259e+03, -3.0827984568818638e+03
35, 16, -3.0389233733496576e+02, -1.6972655582990126e+03
35, 17, -1.4387010462895546e+03, -5.9127954187876321e+03
35, 18, -1.2405203042043820e+03, -1.8013541743097876e+03
35, 19, -6.2509988932750421e+03, 5.8680580277957233e+02
35, 20, 5.7854485706901551e+02, 3.7248157621933619e+03
35, 21, -3.1374305862283643e+02, 2.8170080505012511e+03
35, 22, 2.9679773545511389e+03, 1.0752504818693815e+03
35, 23, 4.4981124537681608e+03, -4.0114469566050202e+03
35, 24, -1.7711912243723341e+03, -2.7574264642768239e+03
35, 25, -1.8392448449679250e+03, -1.4562312721375918e+03
35, 26, -1.7590455146325089e+03, -2.5690234252287401e+03
35, 27, -4.4398458482947472e+03, 3.9661209655732378e+03
35, 28, 4.4740687801855474e+03, 1.2434227276925376e+03
35, 29, -4.9873658944495082e+03, -5.2616233853673093e+03
35, 30, 7.4119358957002032e+02, -3.4229733003864476e+03
35, 31, 5.7988523957694269e+02, -1.1625056746534995e+01
35, 32, 7.5253817152611709e+03, 8.2436741259227565e+03
35, 33, -4.1481415079344952e+03, -6.0472159947110367e+03
35, 34, 2.5046983235044654e+03, 1.3383067911622546e+04
35, 35, 1.5341139203376056e+03, -3.2465194707686314e+03
36, 0, 1.7903091778305952e+03, 0.0000000000000000e+00
36, 1, -2.4735518180779627e+03, -1.1562817290356290e+03
36, 2, 5.1512482125286169e+01, -2.1806629708231540e+03
36, 3, -4.3035945293768154e+03, 1.8218557076650063e+02
36, 4, 6.5081962173979036e+02, 1.9643787995247067e+02
36, 5, -8.0786739082075746e+02, -1.4392749814388907e+02
36, 6, -1.2063607064403886e+03, -1.0250831271724192e+03
36, 7, 8.6641692107481977e+03, -1.5604573469541251e+03
36, 8, 1.2626769896051160e+03, -2.6929115328218268e+03
36, 9, 6.9998267492985697e+03, -3.9805431846544680e+03
36, 10, 3.8309411148085683e+03, -3.5715326201487005e+03
36, 11, -2.1332031162353287e+03, -5.5059672722372295e+02
36, 12, 4.1277744946403309e+03, 2.5747685574883353e+03
36, 13, -1.5889092432380166e+03, 4.8367618445461385e+03
36, 14, -8.1102304668655006e+02, 4.9859482279988231e+02
36, 15, 5.3811524234802528e+02, 1.3214385272943186e+03
36, 16, 2.7404543776207220e+02, -8.9542187523517237e+02
36, 17, -1.8400239512821888e+03, -2.2284354223615483e+03
36, 18, -5.5901874735634351e+01, 1.8485842385128790e+03
36, 19, -3.4690397261619796e+03, 1.4091472496274014e+03
36, 20, 1.5498303041967911e+03, 3.0323973476214996e+02
36, 21, 5.5855610410601912e+01, 8.7674411865156117e+02
36, 22, -1.5573435560510006e+02, -1.1841446585354270e+03
36, 23, -7.5218384604095149e+02, -1.1538847638842878e+03
36, 24, -4.2305074671932816e+03, -2.4597266973541159e+03
36, 25, -1.7689390482094343e+03, 4.8890475646660498e+03
36, 26, 2.9033315161304240e+03, 6.9011288414106602e+03
36, 27, 2.9454546200925761e+03, -2.5845264181611419e+03
36, 28, 1.5287883465169516e+03, 2.4750117010240538e+03
36, 29, -4.0680978330150042e+03, 1.0130983126333290e+03
36, 30, -5.9245712043598060e+03, 4.3073710158534959e+03
36, 31, -2.7250172114354414e+03, -2.5783711721701438e+03
36, 32, 5.9682091793943446e+03, 1.0283809958169079e+03
36, 33, 6.4788044599224650e+03, -6.5752904032209290e+03
36, 34, -3.3837265532520692e+03, 1.2696194599785581e+03
36, 35, 6.0672696954610501e+03, -5.3157440009216516e+03
36, 36, -1.6595122448373029e+03, -7.9776941359588454e+02
37, 0, 5.1057104670721264e+02, 0.0000000000000000e+00
37, 1, -4.9231488576142465e+02, -2.0867322919005537e+03
37, 2, -3.2129611966604321e+03, 1.0866456495191408e+03
37, 3, 9.8092420566404280e+02, 2.6264450309312533e+03
37, 4, 4.0168403503009417e+03, -2.8989062864499565e+03
37, 5, -1.7476755939423490e+03, 3.5608416063859277e+03
37, 6, -5.5129926317968557e+03, -5.4401887541268025e+03
37, 7, -5.8498104486895163e+03, -8.7064927666107542e+02
37, 8, -8.6109606063217652e+03, -6.3356134542711679e+03
37, 9, -4.3986312182136189e+03, -1.8693058094871333e+03
37, 10, -1.7845347980894223e+03, 5.2874987529734926e+03
37, 11, -1.9352640509723153e+03, 7.7147807263731340e+02
37, 12, 3.8565475789356797e+03, 4.1902956827400212e+03
37, 13, 5.6279773475575203e+03, -4.4709739770601900e+03
37, 14, 2.4615879171638194e+03, -1.7332867824234399e+03
37, 15, -8.6030233920490571e+02, 2.2407116764669140e+03
37, 16, -1.2298303277679543e+02, 7.5862060166311574e+02
37, 17, 1.1457124119007053e+03, 2.0131149174138641e+03
37, 18, 3.4663892148052946e+02, 7.4781950812977475e+03
37, 19, 5.8598349680847314e+03, 2.8361648117036952e+02
37, 20, 4.5283262122996598e+02, -2.1366424653715740e+02
37, 21, 5.6188059886143208e+02, -2.7974895734756524e+03
37, 22, -1.6585298300537725e+03, 3.0580572345705832e+01
37, 23, -5.6491357045941186e+01, -1.0975998626100568e+03
37, 24, 4.4854816155786393e+03, -3.0743521254128095e+03
37, 25, 2.4916920297928214e+03, 1.1632918467228690e+03
37, 26, -3.5339653638862692e+03, -3.5538579473564191e+03
37, 27, 1.6051566446113002e+03, -1.6886316195095781e+03
37, 28, -1.9534547183980048e+03, 1.3939772313084302e+02
37, 29, 1.6476440340009708e+03, -1.7810335633005761e+03
37, 30, 1.2303139126534666e+03, 9.8775888514228973e+03
37, 31, 2.3283585115542037e+03, -2.3814387027213379e+03
37, 32, -4.5091933223304704e+02, 6.2843971735968216e+02
37, 33, -4.8620168739877045e+03, -5.8869919996506942e+03
37, 34, -5.0707977364524213e+03, 5.9121128773320515e+02
37, 35, 2.9053793156388228e+03, 1.5706060431684159e+03
37, 36, -5.3793080828134753e+03, -3.6974958253016166e+03
37, 37, -1.4973421205852742e+03, 2.9005517387533046e+03
38, 0, -4.3376141613871259e+03, 0.0000000000000000e+00
38, 1, -5.0481738063950597e+03, 2.5255798310340883e+03
38, 2, -4.9150710121785633e+03, 5.0439401249993925e+03
38, 3, 2.3159079448313619e+03, -5.3059604902170281e+02
38, 4, 3.4280609085378137e+03, -8.4330807967757164e+02
38, 5, 3.3410976845854593e+03, 5.3560704460564591e+02
38, 6, 6.2648989438039534e+03, 2.2753438897398378e+03
38, 7, 6.3037467842634840e+02, 4.1113329460031719e+03
38, 8, 2.0385259285038201e+03, 3.4046313223714524e+03
38, 9, -4.3461388344359984e+03, 3.1173454830630285e+03
38, 10, -3.5701542538886997e+03, 1.0441907823715785e+03
38, 11, -1.8354092059977138e+03, -1.8204097440998685e+03
38, 12, -3.6334951280044038e+02, -8.1079703297288097e+02
38, 13, -8.0755099589189085e+03, 4.5402347326682161e+02
38, 14, -3.1228620215119572e+03, 3.1768786625306484e+03
38, 15, -1.0313521300037169e+03, 1.2670069807798964e+03
38, 16, -8.0738294179263448e+02, 1.9885040885147296e+03
38, 17, 1.6986739434752872e+02, 2.7161193459229671e+03
38, 18, -1.2868973172271974e+03, -5.4048516664729377e+03
38, 19, 1.4777666923742086e+03, -4.7417900954716688e+03
38, 20, -4.6293274365104799e+03, 5.4440707503761541e+02
38, 21, 5.7933736642427789e+00, -3.0715206481232190e+02
38, 22, -4.6898607322391308e+02, 7.6633494224680617e+03
38, 23, -1.2634285889078410e+03, -1.5991315329422805e+03
38, 24, -1.3606278122601213e+03, 1.1332759943473170e+03
38, 25, 1.1237273698599597e+02, 2.2076399710095620e+02
38, 26, 6.2059613525260866e+03, -1.8883342618166093e+03
38, 27, -5.1405187337956647e+01, -2.6416775911984719e+03
38, 28, -6.0384589448479992e+03, -3.3918678321372563e+03
38, 29, 2.4027335595414743e+03, 7.8516164141999143e+03
38, 30, -8.6974350997262445e+02, -9.2852485459838908e+02
38, 31, 7.6782127117002883e+03, -3.9938357720219642e+02
38, 32, -2.0440226233753815e+03, 2.0654786747806183e+03
38, 33, 1.2626220272423056e+03, -1.7852540572328496e+03
38, 34, -7.7934433996120206e+03, 6.6221843189802539e+03
38, 35, -6.5613633483787180e+02, -1.9693773912757661e+02
38, 36, -5.6555020061401228e+03, -5.0074010066176397e+03
38, 37, -1.0775288333510402e+03, 7.7227669236124075e+03
38, 38, 8.7250186280627031e+02, -1.8969236966988653e+03
39, 0, 4.7462624136404684e+03, 0.0000000000000000e+00
39, 1, 3.1737315632188001e+03, 8.9361749992752721e+01
39, 2, 1.1238264193911110e+02, 4.6767391296465339e+03
39, 3, 8.9186297519934487e+02, -1.0429103649071785e+03
39, 4, -2.2393422780418459e+03, -3.4120527530585844e+02
39, 5, -4.5423177605422907e+03, -4.6241240720390579e+02
39, 6, 7.1001482776330272e+02, 2.2364840573083043e+03
39, 7, -1.0150446263828831e+03, -2.5146847398717400e+03
39, 8, 5.0869752314208472e+03, 1.9090241041837730e+03
39, 9, 5.6103316631092275e+03, 1.5902046546066413e+03
39, 10, 1.4924777349333381e+03, -5.6634125325539662e+02
39, 11, -8.0466196850252504e+02, 3.4534147512233735e+03
39, 12, -2.6747649900164961e+03, -3.2665808564684812e+02
39, 13, 1.1100728395204405e+03, -2.0786499297156865e+03
39, 14, -2.7365347181620778e+03, -1.0062097930419757e+03
39, 15, -5.1433622994641246e+02, 4.1618760897280254e+03
39, 16, -9.0295337442324706e+02, -6.9450842004657841e+02
39, 17, 1.8556656831139308e+03, 2.8684481524602324e+03
39, 18, 1.1431024457559222e+03, -4.7251893066920302e+03
39, 19, -1.3337295642104286e+03, 4.3233268690675432e+03
39, 20, -2.2211716076374141e+03, -2.2813636219415998e+03
39, 21, 1.8632857922495414e+03, -5.2141099344366012e+02
39, 22, 4.8658780387931779e+02, -1.7281718903176823e+03
39, 23, 4.0778052957165291e+03, -1.0820987388085384e+03
39, 24, -7.2147318486055547e+03, -3.6725889467471525e+03
39, 25, -4.1340887423211416e+03, -8.3984100783458189e+02
39, 26, -2.7792940257636683e+03, -1.6989839389696613e+02
39, 27, -4.4504175222517460e+01, 1.1092901497509342e+03
39, 28, 2.9432543000834903e+03, -5.9891012956046870e+03
39, 29, -1.1211840898813512e+03, 2.3479791425832036e+03
39, 30, -1.5164564106842613e+03, -6.1283018123576567e+03
39, 31, -3.2480720840411311e+02, 9.8830826305847040e+02
39, 32, -4.5064137821496097e+03, -5.5320361559044568e+03
39, 33, 3.8303302479801541e+03, 1.8904187549921949e+03
39, 34, 1.9165848362417000e+03, -3.6652908724223175e+02
39, 35, 1.7079559155306360e+03, 3.8741117223302467e+03
39, 36, -8.7771265399651486e+02, -1.4846982296778301e+03
39, 37, -2.3877127631099343e+03, 3.5309527962150510e+03
39, 38, 4.9452542933214581e+03, 9.4634603721759959e+01
39, 39, 2.4271284264753882e+02, -8.8538522569884899e+03
40, 0, -1.4350994141311055e+03, 0.0000000000000000e+00
40, 1, -3.1110788893556382e+03, 1.7310524257955822e+02
40, 2, -6.6565492802518838e+02, -5.7361772848407645e+03
40, 3, 3.8259508680521576e+03, 1.0589980285768668e+03
40, 4, -5.4504857014890831e+02, 1.2025588011417231e+03
40, 5, 2.2441432363721415e+03, 1.2509922506022608e+03
40, 6, -6.1807966491672214e+03, -5.5595863417321107e+02
40, 7, -2.1906843082748046e+03, -3.6656566309242858e+03
40, 8, -5.0721337704164762e+03, 1.6495268915010558e+03
40, 9, 3.9885102653295075e+02, -1.7300131610277081e+03
40, 10, 2.2161325066590944e+03, 2.3465114536338315e+03
40, 11, 4.8421550756057441e+03, 4.2513569605822090e+02
40, 12, 6.9918983242600871e+02, 1.2489143197059086e+03
40, 13, 2.8020534518117779e+03, 2.9544361542797915e+03
40, 14, 1.7793718971301273e+03, 2.8377866817053164e+03
40, 15, -1.8693791323387154e+03, 4.1965709364402608e+02
40, 16, 2.6713563579857368e+03, 6.0466085168890152e+02
40, 17, -4.1405337543422047e+03, -3.7325807660448390e+02
40, 18, 5.3105459171031143e+03, 5.4057548331890721e+03
40, 19, 3.4608012479340596e+02, -7.1323264273524302e+01
40, 20, -1.0533576575386480e+03, 6.0631983592651807e+02
40, 21, -2.5029057804659046e+03, -7.4408063267091643e+02
40, 22, 3.1628634685655634e+03, -3.0334925432102887e+03
40, 23, 1.4700447556677655e+03, 9.7427198209514472e+02
40, 24, 3.1486289530199460e+03, 2.8706572380363191e+03
40, 25, -2.2849960662260974e+03, 1.6337458602232430e+03
40, 26, 2.3848997777988420e+03, 4.9742629429863646e+03
40, 27, -9.2325006919452974e+01, 3.3322379288426572e+02
40, 28, 2.1883638638716593e+03, 2.8328992215232165e+03
40, 29, 3.0719870348417980e+03, 1.0512203825583665e+03
40, 30, 1.5717537348214346e+03, 3.0037176940517056e+03
40, 31, -4.3411706416607931e+03, -1.4665620007400710e+03
40, 32, 3.5371885646806686e+02, -1.0429116103176907e+03
40, 33, 3.9287222065775404e+02, 2.6926409385867723e+03
40, 34, 1.1219764095725516e+03, -3.9739710035874623e+03
40, 35, -3.6452920803205566e+03, 5.0978561138990540e+02
40, 36, 4.4987442776585010e+02, -2.0043371995498933e+02
40, 37, 1.3644377251587348e+03, 2.5888972194815951e+03
40, 38, 2.7871721323703441e+03, -1.3314149436988669e+02
40, 39, -1.7865739082073324e+03, -9.3576325199862333e+02
40, 40, -8.5424095288830940e+03, 2.5995802975493170e+03
