0, 0, 6.5000000000000000e+04, 0.0000000000000000e+00
1, 0, -1.1545481872256378e+04, 0.0000000000000000e+00
1, 1, -6.7296307373197146e+02, -5.2245608821934575e+03
2, 0, -0.0000000000000000e+00, 0.0000000000000000e+00
2, 1, 1.5033828437078096e+03, 8.1161460938803498e+02
2, 2, -4.2868789101822567e+03, 3.4628652984519717e+03
3, 0, 8.1512004556829072e+02, 0.0000000000000000e+00
3, 1, -1.5080792506302721e+03, -1.7638733541119811e+03
3, 2, -1.6026183192868752e+03, 2.1058979996976955e+03
3, 3, 1.8669421791226473e+03, 4.4012083712225012e+03
4, 0, 1.2447021584479148e+03, 0.0000000000000000e+00
4, 1, -7.3721773565998467e+02, -1.7874168787378292e+02
4, 2, 2.4211558317423651e+03, -8.1890279132362605e+02
4, 3, -2.0760257286693586e+03, 2.0678064729251869e+02
4, 4, -6.2132534987197391e+02, -8.6651713542700372e+02
5, 0, -2.1140886899267698e+03, 0.0000000000000000e+00
5, 1, 5.8427748244556119e+02, 1.9933659676346965e+03
5, 2, -1.4465213199455286e+03, 3.6507993033706231e+02
5, 3, 9.5440378433389617e+02, 1.9984909865713128e+03
5, 4, -2.0342933816073213e+02, -2.6924930758090254e+03
5, 5, -8.0748708218152842e+02, 3.9299165022381914e+02
6, 0, 1.0536989117486526e+03, 0.0000000000000000e+00
6, 1, -3.7209210842631580e+02, -5.8478392518047576e+02
6, 2, -1.0683097463770036e+03, 5.6040551612554202e+02
6, 3, -9.2457809706792546e+02, -4.4370624730625087e+02
6, 4, 4.8486770890949174e+02, 8.7276503012149089e+02
6, 5, 1.2111827203902481e+03, -9.9488009781772988e+01
6, 6, 1.2568986010294207e+03, 3.5974267486591032e+02
7, 0, 1.2982607011300652e+03, 0.0000000000000000e+00
7, 1, -2.5782229854053367e+02, 1.1146867211648910e+03
7, 2, 1.3916053401846002e+03, -9.5851021703406241e+02
7, 3, 4.7774201965978790e+02, -2.7502675147477294e+02
7, 4, -2.1819832553776456e+02, -9.6763457481770865e+02
7, 5, 5.3658554070811803e+01, 1.9306645794103761e+02
7, 6, 5.8420105271171224e+02, -2.5845670513963555e+01
7, 7, 4.3012212976915157e+02, -7.7008277165365996e+02
8, 0, -5.1676359406564745e+02, 0.0000000000000000e+00
8, 1, -1.4567985464439059e+02, 6.7121987730267256e+02
8, 2, 6.0689882451385550e+01, 7.6327582938829110e+01
8, 3, 1.8056516350762359e+02, 1.7004005185070599e+02
8, 4, 2.5689368860341796e+02, 7.0816980240148030e+02
8, 5, 2.3678212741504018e+02, 5.8268571638308572e+02
8, 6, -6.9418945815838470e+02, -4.7247089758321488e+02
8, 7, 2.1651104698535562e+02, 5.2481886097233348e+02
8, 8, -5.1790320243690087e+02, 4.1400753520863688e+01
9, 0, -4.2988612528156928e+01, 0.0000000000000000e+00
9, 1, 6.0352226039189486e+02, -1.1998947217790396e+03
9, 2, -3.8253391895229771e+02, 3.1672203967469898e+02
9, 3, -2.4172237652464460e+02, -4.8137078480353694e+02
9, 4, -1.6844369118816431e+02, 1.1084129441168449e+02
9, 5, -5.5474994282773400e+02, 1.9694783981620523e+02
9, 6, 3.1612921824442310e+02, 8.6959675557019477e+02
9, 7, 1.8211256699004181e+02, -9.4210068556585566e+02
9, 8, -5.8190710295252620e+02, 3.5397539478592944e+02
9, 9, -3.6059680151673001e+02, -4.5374464289723295e+02
10, 0, 3.8018059954830869e+02, 0.0000000000000000e+00
10, 1, 4.4797077564350644e+02, -7.0036145277483357e+01
10, 2, -3.4834884331128387e+02, -2.7060861834722008e+01
10, 3, 7.4245512026367726e+02, 2.1355840997006447e+02
10, 4, 9.4137950711252216e-01, -5.7408406276205176e+02
10, 5, -2.8647820880841584e+02, -8.2369110643019553e+01
10, 6, 2.1910795791650560e+02, -4.5068195630926482e+02
10, 7, -1.4848292497097742e+02, -3.7510589701525737e+02
10, 8, 9.8889384799493261e+00, 7.3780598051010017e+01
10, 9, -3.6886806076290208e+02, -5.8655998477585922e+02
10, 10, 7.2433776963741295e+01, 2.6847912517853285e+02
11, 0, 2.5426977110472016e+01, 0.0000000000000000e+00
11, 1, -5.4866836090505717e+02, -1.1909307270469527e+02
11, 2, -1.1966151504759448e+02, 3.3300462079334250e+02
11, 3, -2.5531167295938687e+01, -2.9051084293129998e+02
11, 4, 1.7095831796061060e+02, 2.1711622564771247e+02
11, 5, 2.9094756417861129e+02, -1.3737171056596887e+02
11, 6, 3.7573286523797037e+02, 3.1401478099870127e+02
11, 7, -1.6800206523908105e+02, -2.3036997338935919e+02
11, 8, 2.1927694267164966e+02, 2.9473385307506805e+02
11, 9, -1.3827984750661540e+02, -2.7526687645981294e+01
11, 10, 4.7389925355508217e+02, -6.0196171856587029e+00
11, 11, 1.1783910822612955e+02, 7.6881633127505538e+01
12, 0, 3.4424579755236601e+02, 0.0000000000000000e+00
12, 1, 1.7656433158315519e+02, -1.7232967972002453e+02
12, 2, 1.5877205244750442e+02, 7.8818523392735131e+01
12, 3, 3.6212863798586433e+01, 7.6677724233814502e+01
12, 4, 2.5384863333065786e+02, -1.4376898730225568e+02
12, 5, 3.8152257191754865e+02, -1.0215653812381629e+02
12, 6, -1.1849198289794974e+02, -2.0339397790128331e+02
12, 7, 3.1558006744492263e+02, 3.1952952233059023e+02
12, 8, -4.5788070915665048e+02, -3.1302466120486304e+02
12, 9, 4.1039865502840144e+02, 2.8172315548379726e+02
12, 10, 4.8754301311716506e+02, 2.6608601368215528e+02
12, 11, 8.0230539373326707e+01, 2.8097152050858500e+02
12, 12, 1.2455107520258449e+02, 3.8443384361479627e-01
13, 0, -1.9761422373463864e+02, 0.0000000000000000e+00
13, 1, 2.3832894660157584e+02, 6.0454322303881338e+02
13, 2, -3.2424362694697624e+02, -1.9751898295421557e+02
13, 3, 3.9357712755028251e+02, 3.3776185528774539e+02
13, 4, 2.9968545939936450e+02, 1.4140589101242580e+02
13, 5, -1.1356815010940996e+02, 1.0932304659476900e+02
13, 6, -5.6983501095577799e+02, 3.8978541233116925e+02
13, 7, 7.4512127332853417e+00, 2.3891398224815052e+01
13, 8, -4.3857977861978256e+01, 5.3078807517614500e+01
13, 9, 4.2621766377883807e+02, 2.7241593162416405e+02
13, 10, -2.1732984065943174e+02, -1.5538308701474679e+02
13, 11, 4.0930325441440594e+01, 1.4432033046057759e+02
13, 12, -3.7236651001229370e+02, 7.8479240586953836e+00
13, 13, -3.5406473945454104e+02, -6.0260191187844605e+01
14, 0, 4.5826355558387223e+02, 0.0000000000000000e+00
14, 1, 1.0203971442234231e+02, 1.9739778842847667e+02
14, 2, 1.1485067252763622e+02, -1.4041062150380520e+02
14, 3, 1.4218647339030508e+02, -1.4923664979470124e+02
14, 4, -2.0079629435479953e+02, 1.7101179975640994e+02
14, 5, -1.5723537808930637e+01, 5.2091915057430782e+00
14, 6, -1.0043738007750341e+02, 1.5112823470841116e+02
14, 7, -2.1826187231814208e+02, -2.8640277574112062e+01
14, 8, -1.8234056888269492e+02, -1.4412499362366810e+02
14, 9, 2.4277005093770924e+02, 3.1693696412330189e+02
14, 10, 1.6437323883329657e+02, -6.9600963908777857e+01
14, 11, -3.7575182898948930e+02, -2.2405055760466860e+02
14, 12, -1.7876040088153212e+02, -1.9632100566356499e+02
14, 13, 6.2458477217722958e+01, 1.7614496118625578e+02
14, 14, 1.1823031244217559e+02, -1.1636462004740133e+02
15, 0, 1.4480097304413829e+02, 0.0000000000000000e+00
15, 1, 9.9440448568549996e+01, -2.1896697350397139e+02
15, 2, 1.9100610983456204e+02, -1.3316175553085847e+02
15, 3, -9.9924952505515705e+01, -5.3741446554872056e+01
15, 4, -3.6269062920001659e+01, 1.8327004619399665e+02
15, 5, -1.5077185386947491e+02, 1.4308796575035322e+02
15, 6, -2.7437420427504449e+01, 1.9492512585613600e+01
15, 7, -1.3207496179778815e+01, -8.4581697863599345e+01
15, 8, 2.0130532143388280e+02, -1.6470303551444607e+02
15, 9, -5.6008468024310491e+02, -8.1468362195275745e+01
15, 10, 1.6195521692977223e+02, 3.2932838869468625e+01
15, 11, -2.6215924372406114e+01, 1.0995223109651178e+01
15, 12, 5.5926661863065965e+02, 6.3576383954685383e+01
15, 13, 1.1958891588314540e+02, -6.9556372854631945e+01
15, 14, 6.7760551776259661e+01, -2.0627689333377202e+02
15, 15, 3.2281978500875101e+02, 1.1239106688035703e+02
16, 0, 3.5003205408891102e+02, 0.0000000000000000e+00
16, 1, -4.5761981057748130e+01, -6.3644045411802210e+01
16, 2, 3.8910496451132104e+02, 2.7029787066646156e+02
16, 3, -1.5184773960928499e+02, -2.5492958416140567e+01
16, 4, 2.2553540242644993e+02, 5.6045186787086699e+01
16, 5, 3.3963474741381837e+01, 2.4375445244924077e+01
16, 6, -1.3651137915920298e+01, 2.1608382132189547e+01
16, 7, -1.2099077493907872e+02, 1.2104965117964478e+02
16, 8, -6.7998938538605827e+01, -1.5409272990220714e+02
16, 9, 1.8237163967467185e+02, -1.3071050844578586e+01
16, 10, 1.3385209623866254e+02, 1.1150801836238882e+02
16, 11, -1.2402861853916716e+02, -3.3715720496720974e+02
16, 12, -3.1769299231696789e+02, 1.1095447563503448e+02
16, 13, 5.1300700583824124e+01, 4.2823841537041382e+01
16, 14, -2.0247657285422062e+02, -9.7390686607196557e+01
16, 15, 2.7422441786632447e+02, 4.4062652985495248e+01
16, 16, 3.5704796220568838e+01, 1.2318895812656093e+02
17, 0, 1.1307654755407864e+02, 0.0000000000000000e+00
17, 1, 1.6569763376331582e+02, -3.1467450542892760e+01
17, 2, 9.9427329943969568e+01, 2.8620804742016304e+02
17, 3, 3.0933208236638967e+02, 1.3016807966316267e+02
17, 4, 5.7925382251325033e+01, -4.2215122186082340e+01
17, 5, 8.7750038713318347e+01, 1.9221808610929736e+02
17, 6, 1.2398020651116175e+02, -1.6150817415930388e+02
17, 7, 7.8017499485671891e+01, 1.6751979222371804e+02
17, 8, -6.5291088621239197e+01, -3.3833779791094145e+01
17, 9, -1.6189772233924208e+02, 2.3123546169763432e+02
17, 10, -1.4708992029574594e+02, 8.2778136111429887e+01
17, 11, 2.2104019870575010e+02, 4.5580910595032776e+02
17, 12, -2.3950758887354391e+02, 8.8729670213692373e+01
17, 13, 2.0623637343928863e+02, 1.1263140014543973e+02
17, 14, -1.4095842793858944e+02, -7.4315854493171273e+01
17, 15, -9.4731921486266288e+01, -5.6563022488910185e+01
17, 16, -4.9708763476296205e+01, 2.8708700492270150e+01
17, 17, -1.7915231408999529e+02, -7.3371582397203952e+00
18, 0, -4.0981987276817648e+01, 0.0000000000000000e+00
18, 1, -2.3518874076262740e+01, 1.3262800030799141e+02
18, 2, -1.3382634300314760e+02, 2.7163558282562569e+01
18, 3, 1.0894986730624369e+02, -1.2547060457073877e+02
18, 4, -1.4441505506711081e+02, -7.7108632962038996e+01
18, 5, -6.9791627752200824e+00, 6.4949929476544426e+01
18, 6, -3.5302932029938781e+01, 2.5166213478560433e+01
18, 7, -6.4626502594768425e+01, -1.3395471268168563e+01
18, 8, -9.5014318842024664e+01, 9.0643866417838908e+01
18, 9, 6.8113118481335391e+01, -4.5806385671776439e+02
18, 10, -5.2897972789864902e+01, 1.8385465306830866e+02
18, 11, -9.8008203485667295e+01, -1.2932233573078867e+02
18, 12, -5.5671656901359995e+01, 2.8576988569712336e+02
18, 13, 1.5604402603697534e+02, -7.3658085942553811e+01
18, 14, 9.0952640357854790e+01, -9.3800644781091734e+01
18, 15, -2.0260558561154690e+02, -2.7828467036564078e+01
18, 16, -1.7280716204326345e+02, 1.0274166604172427e+02
18, 17, -2.6487441399648810e+02, -1.7205148737878528e+02
18, 18, 1.2388702992188489e+02, -3.9294125522743784e-01
19, 0, 5.1322955169701743e+01, 0.0000000000000000e+00
19, 1, -4.2158354726770838e+01, 6.6189500517857851e+01
19, 2, -2.6748811394830177e+01, 6.8357948408114055e+01
19, 3, -1.1328593702105663e+02, -2.0616347705305362e+01
19, 4, -1.4544729252620471e+02, -3.6367563409272215e+01
19, 5, -6.9300157931544959e+01, -1.3137392014969913e+02
19, 6, -1.8506016223140978e+02, 1.5175562948574230e+02
19, 7, -8.8461467207638947e+01, -1.7527114848278742e+01
19, 8, -5.8732174697593607e+00, -1.2338385474744837e+02
19, 9, -3.8723001523567824e+01, -2.1755678274196160e+02
19, 10, 1.7540192077620681e+01, -1.4416808651266734e+02
19, 11, 8.7856575616213590e+01, 4.8091333703384713e+01
19, 12, -2.6687498835776739e+02, -1.1074162864968528e+02
19, 13, 8.9801336069849015e+01, -1.2490919775971226e+02
19, 14, -4.5505923537681163e+01, -5.8266300182846464e-01
19, 15, -7.6867004796935930e+01, -1.3112008111746590e+02
19, 16, -9.0820714594522642e+01, 7.1380441948488226e+01
19, 17, 1.2735334142939251e+02, 7.2782058629237142e+01
19, 18, -1.9250116423078413e+02, -3.5990821627318240e+01
19, 19, -4.9059552588883676e+01, -1.5930254960404682e+02
20, 0, 2.4412780960900022e+01, 0.0000000000000000e+00
20, 1, 2.1611138779662053e+02, -7.1305762563842507e+01
20, 2, 4.1221051900352649e+01, 9.6799904348036652e+00
20, 3, 2.4585590121199067e+02, 3.1316286651963775e+01
20, 4, 5.3378743767142666e+01, 1.0981392536865306e+02
20, 5, -4.0106119733712227e+01, 6.5581458504507680e+01
20, 6, 3.4458713509679200e+01, 9.7296225761230048e+01
20, 7, 9.8363296808744082e+01, -3.1557244424720187e+02
20, 8, 6.2512445856266325e+01, 9.6023933596169186e+00
20, 9, -2.3350892076618979e+02, 2.4124548662714254e+01
20, 10, -8.3561165389784435e+01, 2.9450083561693411e+01
20, 11, -2.6138045173586664e+02, 1.9616556318160212e+02
20, 12, 1.5213926486910177e+02, 8.3572524386372713e+00
20, 13, 3.4779464437662091e+02, 1.8363670574217345e+01
20, 14, -1.1357408462066670e+02, -1.6436440757533234e+02
20, 15, -1.1393181848057159e+00, 1.4027736489074834e+02
20, 16, -6.2015883571575410e+00, -2.0279250157334820e+02
20, 17, 1.1945414031780635e+02, 8.5364288256429518e+01
20, 18, -2.4057232892592861e+01, 7.9881722764439303e+01
20, 19, 1.4904992455811160e+02, 2.9010080279431202e+02
20, 20, 1.1397524938022599e+01, 1.1442131430702767e+02
21, 0, 1.1887930509290470e+02, 0.0000000000000000e+00
21, 1, 5.0607007390512607e+01, -1.1809520651277985e+02
21, 2, -1.7893730941555447e+02, 8.0570353479216301e+00
21, 3, -6.8743275298248193e+01, 7.9595632612164309e+01
21, 4, -3.0734666312001274e+01, 4.5291889039336368e+01
21, 5, -8.3305113973451483e+01, 7.9722337987936413e+01
21, 6, 7.0556963576233382e+00, 1.6973927169594680e+02
21, 7, 2.7913480775600526e+01, 6.5226217563908079e+01
21, 8, -6.7015528963171192e+01, 7.2598971799355340e+01
21, 9, 2.0642692913506980e+02, -1.1794859567878886e+02
21, 10, 5.9146135406706250e+01, -2.1029900563831399e+02
21, 11, 2.0305784069121424e+02, 2.6163185490732508e+02
21, 12, 8.0168634772675944e+01, -1.0594937566225265e+02
21, 13, 5.6812834884705524e+01, 1.2155136804188294e+02
21, 14, 2.2155700963444545e+01, 6.7797287717423970e+01
21, 15, -9.1356389794178501e+00, -1.7316925872483017e+02
21, 16, 3.2199177217289744e+01, 2.3143605798824575e+02
21, 17, 1.0788136806467767e+02, -4.5920966939757839e+01
21, 18, -2.0248240482931045e+01, 1.2027164679408378e+02
21, 19, 2.1163638814315857e+02, 5.4726067388584703e+01
21, 20, 2.3132931622157625e+02, 1.5075230760627940e+02
21, 21, -1.0036586299279676e+02, -2.1892286397606054e+02
22, 0, 3.2681529498521689e+02, 0.0000000000000000e+00
22, 1, 6.4078634112528846e+01, 1.8111341343778471e+02
22, 2, 1.5671676886683255e+02, -5.7901395017945951e+01
22, 3, 5.1977721593839547e+01, 9.5717443579732020e+01
22, 4, -1.2328878770175120e+02, -1.2139958792296125e+02
22, 5, 3.1814748006097307e+01, -5.6942860334830058e+01
22, 6, -1.4439027080064591e+02, -2.1332263844878224e+02
22, 7, 3.4195513724530471e+01, 1.4180280747367482e+02
22, 8, -1.0476981658803754e+02, -6.8088340607739070e+01
22, 9, 1.1533285207181028e+02, 2.3169670010483671e+02
22, 10, 3.0006863628630217e+01, 1.5812174640164122e+02
22, 11, 2.5488428904370349e+02, 1.8526604591544211e+02
22, 12, 5.4052059489716754e+01, -1.6406376841259558e+02
22, 13, -1.3993901068811741e+01, -3.2611714442062272e+01
22, 14, -1.0931310412734122e+02, -9.6053676345559708e+01
22, 15, -3.3202211489579945e+01, 6.9275028706710444e+01
22, 16, 3.0064942831361932e+01, -6.0012246913040293e+01
22, 17, -1.8817400923896938e+02, -9.2014153667448795e+01
22, 18, 2.3999671144973448e+01, 1.2204601248962908e+02
22, 19, -9.7550999436241909e+01, -1.1580506177074085e+02
22, 20, 1.2145580268756815e+02, -9.7710167473824725e+01
22, 21, -1.7667711957084018e+02, -1.2526411290888510e+02
22, 22, -1.1160396283607678e+02, -4.4720606683501472e+01
23, 0, -8.9219260898211218e+01, 0.0000000000000000e+00
23, 1, 3.9780513851803249e+01, 7.9137425554630141e+01
23, 2, 5.1144075376176247e+01, 9.3168893663666267e+01
23, 3, -1.0639318677719952e+02, 8.3986885755360191e+01
23, 4, 1.5747324774475996e+02, 4.2657049959519867e+01
23, 5, 6.4737264927779435e+01, -1.8041488583499003e+01
23, 6, 3.1483993278377628e+01, 5.7803140854852359e+01
23, 7, -1.1515376848712623e+02, -2.0920743220383022e+02
23, 8, -1.5185736682742535e+02, 5.8254355740997461e+01
23, 9, -2.9629975953440610e+01, -1.1157153485777447e+02
23, 10, 6.2312375604099735e+01, 3.6920940655242617e+02
23, 11, 1.5411844878361578e+02, -1.6656624150003967e+02
23, 12, 5.4662483531967410e+01, 2.5266719666005258e+02
23, 13, 4.5514756383119810e+01, -1.7871740003480741e+02
23, 14, -8.6335280127970265e+01, 2.2621043408957723e+02
23, 15, 1.2802854844999761e+01, -1.2613060570627327e+02
23, 16, 7.1504264260065327e+00, 1.3029400252629196e+02
23, 17, -2.3581738769800051e+01, 3.8878752276886068e+01
23, 18, 2.1177721652761441e+01, -1.0456116061383243e+02
23, 19, -1.8658174945458958e+02, 4.7723009848977526e+01
23, 20, 1.3080613807310033e+02, -1.6835296611402089e+02
23, 21, -3.2443624232130595e+01, -1.4192924334270785e+01
23, 22, -9.9293234160275617e+01, -1.8512486885120407e+02
23, 23, 7.9121642123648684e+01, 1.1074169627081217e+02
24, 0, 1.5977172271154939e+02, 0.0000000000000000e+00
24, 1, -8.1074694482832157e+01, -1.7727214153806474e+02
24, 2, 7.0871056503068985e+01, 1.4898405967090198e+02
24, 3, -1.3129082787440376e+02, -1.4660143506376232e+02
24, 4, 1.4400928190427356e+02, -9.2561607148959752e+01
24, 5, -1.6363429257968338e+02, 3.6075164339955101e+00
24, 6, -1.2403162091853585e+02, 1.4453314347249122e+02
24, 7, 4.9611962749356969e+01, -5.3470159149948771e+00
24, 8, 4.3209531623253596e+01, 1.4477647287462838e+02
24, 9, 1.4707409163292766e+01, 8.3803444841849295e+00
24, 10, 4.2363217894224832e+01, -1.6559993396801602e+02
24, 11, -2.0365073235236562e+01, -5.9519493262476132e+01
24, 12, 8.8890729842901450e+01, -9.0021124926244696e+00
24, 13, -1.9925786078996208e+02, 4.2059361647038047e+00
24, 14, -9.9374692839982828e+00, -1.3283785497607514e+01
24, 15, -7.8596997384401689e+01, 7.5426371287841093e+01
24, 16, 1.9810787664761580e+01, -5.8314431182403915e+01
24, 17, 6.3218321436284860e+01, -4.9961856491414387e+01
24, 18, -5.9414648856699642e+01, 2.0182675432212270e+02
24, 19, 2.1842600242117044e+02, 2.5546741035999958e+01
24, 20, 1.2647740532753706e+02, -8.7002802121397139e+01
24, 21, -9.0030661217963825e+01, 1.9304420445694399e+02
24, 22, 4.7758662651707048e+01, -5.0019991416671417e+00
24, 23, -4.2410356751434946e+01, 6.5715367549483418e+01
24, 24, -2.7260250020038875e+01, 5.3541003380610547e+01
25, 0, -2.4903068701941891e+01, 0.0000000000000000e+00
25, 1, 1.0096830778982509e+02, 4.1380544994664625e+01
25, 2, 7.8630827428192461e+01, 7.3375964370178153e+01
25, 3, 9.6091629343709243e+01, 2.8600348052298450e+01
25, 4, 9.3561670852494444e+01, -7.4477264438625710e+01
25, 5, 5.4140882521940696e+01, -4.5216273809536865e+01
25, 6, 4.7072135783256968e+01, 1.0078845519338560e+02
25, 7, 1.5643441767075757e+02, -1.3140278460484652e+02
25, 8, 1.2264458943249619e+02, -5.1316764179730825e+01
25, 9, 1.3780084540940102e+01, 3.5834986626759182e+00
25, 10, 1.6189305553596952e+02, -6.5366531833243300e+01
25, 11, 1.3334734837220483e+02, -2.5265953758152946e+01
25, 12, -2.1186283946399918e+01, 8.9397560326320530e+01
25, 13, -7.1942479098127393e+01, 5.9307651612337864e-01
25, 14, 1.1029361825160581e+01, 2.8781721385607003e+01
25, 15, -2.6510701141206557e+01, -1.1856266158831794e+02
25, 16, 5.7297233396089588e+01, -1.1965969217059755e+02
25, 17, -8.8695136824037036e+01, -7.3209824401813520e+01
25, 18, -1.0799490878616912e+02, -8.1849457050477696e+01
25, 19, -4.4691598708656286e+01, -1.3716484493919403e+01
25, 20, 1.4117203611619200e+02, 3.0876032645647435e+01
25, 21, 2.6639429592399956e+01, -2.1070971379840859e+02
25, 22, 9.5258401744016240e+01, 1.8166143122665423e+02
25, 23, -2.2472702434374625e+00, -9.0423598748458204e+01
25, 24, 1.7080837966092125e+02, 1.3181477443127168e+01
25, 25, -3.4331565236065863e+01, -1.5210155212680476e-01
26, 0, 2.2020893146587582e+02, 0.0000000000000000e+00
26, 1, -1.3870740825201472e+02, 7.4392888240823467e+01
26, 2, -6.7812035691629887e+01, 7.7424307564804124e+01
26, 3, -2.1057376453210389e+02, 2.7314205119109829e+01
26, 4, -5.0681608176177022e+01, 1.6536154183486144e+02
26, 5, -1.9721778582016711e+01, 2.0196899748331845e+02
26, 6, 4.2101569351861329e+01, 1.3045056382464597e+02
26, 7, 5.3569405450087011e+01, -9.4474122565275124e+01
26, 8, 1.8385872443993145e+02, -2.1792483672212603e+02
26, 9, -3.3806243569838088e+01, -4.8259349379817287e+01
26, 10, 1.2512013808946399e+02, -4.3212621573348606e+01
26, 11, 2.9490555918176650e+01, -3.1123990946618299e+01
26, 12, -2.7693974196105316e+01, 1.2762482842970439e+02
26, 13, 6.6437328162259277e+01, -3.7940662419016455e+01
26, 14, 3.5968215618878958e+01, -7.1331959484604681e+01
26, 15, -1.3956805278590053e+01, 3.6535388462408172e+01
26, 16, -8.2463528956025769e+01, -4.3322808837192985e+00
26, 17, 1.1415675858461827e+02, 7.6385342241869708e+01
26, 18, -8.9213996186519786e+00, 2.1249571657517785e+02
26, 19, -3.3065207694285888e+01, -2.0352728322484424e+02
26, 20, -1.3598297810311056e+01, 1.2329843028765083e+01
26, 21, 2.9333352129150434e+01, -1.2669356951734071e+02
26, 22, -9.5145230870716546e+01, 2.0434458409980519e+02
26, 23, -3.3207667182582966e+01, -1.0476772687319065e+02
26, 24, -9.4540082181877921e+01, 5.8799509468840142e+01
26, 25, 2.8089737433640884e+00, -6.1302330167134045e+00
26, 26, 6.5580093994464992e+00, -1.2603409369689789e+01
27, 0, 1.3025407646719304e+02, 0.0000000000000000e+00
27, 1, 3.6592164649992384e+01, -4.9951269136493536e+01
27, 2, -3.1901611287413601e+01, -1.1772137307747748e+02
27, 3, -4.7807234486484447e+00, 6.8499905810823009e+01
27, 4, -4.0985333510265264e+01, -5.2350186032229168e+01
27, 5, 1.7026020680484626e+00, -7.5761954782986777e+01
27, 6, -1.4024374010350067e+02, -9.7153944336877629e-02
27, 7, 8.7055692894914898e+01, 4.2280221924497255e+01
27, 8, 4.2924966790660164e+01, -1.2212625816961391e+02
27, 9, -1.7152401793490253e+02, 1.1951938586333763e+02
27, 10, -1.5401893920292488e+02, 3.3101043359957515e+01
27, 11, 2.2283274534676291e+01, -7.0237102111820946e+01
27, 12, -7.7980536451316709e+01, 1.1074210614229358e+00
27, 13, 6.7080225033438822e+01, -2.1385321061300296e+01
27, 14, -2.0549015101232268e+02, -4.5018588471761589e+01
27, 15, -6.6270754422826826e+01, -4.3264065460616294e+01
27, 16, -8.4746613937728597e+01, 1.0620640705833689e+02
27, 17, 5.1186040896188416e+01, -1.5060139683808382e+02
27, 18, -5.2550840905457306e+01, -4.8352919421107948e+01
27, 19, -1.7351086651592183e+01, 2.4980238132722221e+01
27, 20, 1.2368957987067640e+02, -3.4470918951003881e+01
27, 21, -5.0283790760086291e+01, 1.5383242914985246e+01
27, 22, -3.4966112674490475e+01, 1.1190223477152923e+01
27, 23, -2.4035471466730822e+00, 6.0998340473995391e+01
27, 24, -6.5297042797266897e+01, -1.3118287505671535e+02
27, 25, -2.8913790675043874e+01, 7.7423226980364532e+00
27, 26, -7.6030734003871970e+01, -1.3539726561670247e+02
27, 27, 5.8821283923828361e+01, -2.9886923990676294e+01
28, 0, 1.0782191137968120e+01, 0.0000000000000000e+00
28, 1, -1.5391783148291129e+01, 1.2646945603699381e+01
28, 2, -4.6350568365905090e+01, -2.5781156650466308e+01
28, 3, 4.2438621868621979e+01, 1.0767030660603660e+02
28, 4, 1.1978476360163395e+02, -1.7189884028254932e+02
28, 5, 6.9661431334240106e+01, -2.0520432936076756e+02
28, 6, -2.6380660406611113e+01, 1.5213776600307593e+01
28, 7, 7.1356469811191715e+01, -1.9878594136574887e+02
28, 8, 5.0276261661338339e+01, 8.6030233632438438e+01
28, 9, 4.4587240137429525e+01, -5.9871095634505707e+01
28, 10, 2.6943861412381516e+01, 1.5213793917831066e+02
28, 11, 6.7258076539294024e+01, -1.8095721330737536e+01
28, 12, 5.9204333490886555e+01, 5.8195775484094526e+01
28, 13, -2.6448743581596425e+01, -9.5180604920480604e+01
28, 14, -1.4193248294854945e+02, -1.0311815252291343e+02
28, 15, 2.8017000511830240e+01, -6.5395653057825385e+01
28, 16, -3.5956497597295982e+00, -8.1256859339591216e+01
28, 17, 1.7821977355215429e+02, -1.1489437780171274e+02
28, 18, -1.7455475936422800e+01, -6.1435673186452135e+01
28, 19, -9.8276009014891230e+01, -7.6354528630306447e+01
28, 20, 1.6191892062766449e+01, 2.0345492088278192e+00
28, 21, 1.1578976737412303e+02, 4.5292330826882875e+01
28, 22, -2.1730711129214164e+01, 7.0401109390436307e+00
28, 23, 4.9070380936191214e+01, -3.7297832538151070e+01
28, 24, -9.3387758476765640e+01, 3.1490404219287630e+01
28, 25, 3.4136952360037817e+01, -3.8051536346446980e+01
28, 26, 7.4811749928022863e+01, -8.6014422538897392e+01
28, 27, 9.0773163194891339e+01, -6.6100244663420213e+01
28, 28, 1.8791903612995913e+01, -1.7947219847706403e+01
29, 0, -5.7541916568022494e+01, 0.0000000000000000e+00
29, 1, 1.0555538012323478e+02, 4.8638000204436480e+01
29, 2, -1.7544149930807185e+02, -2.5977702028653429e+01
29, 3, -7.2825480945748531e+00, 6.6540671119363452e+01
29, 4, -7.3772743847720164e+01, -1.5085991427823495e+02
29, 5, 1.1626458896031995e+00, -5.2500332286201342e+01
29, 6, -5.0188712615848118e+01, -1.4852978368132366e+02
29, 7, 3.9199482099655611e+01, -1.3845405135317423e+01
29, 8, 2.0872423374078103e+01, 1.0267343677062382e+01
29, 9, -7.0721956055954124e+01, -9.5451529411937855e+01
29, 10, -6.2564394856445773e+01, 1.3940393267995901e+02
29, 11, -1.5858329090087176e+02, -8.7959827943342390e+01
29, 12, 1.0671141848801943e+02, -6.3683367801922381e+00
29, 13, -1.0519910298668560e+02, 1.2279543878143201e+01
29, 14, 1.5527574181399453e+02, -1.3879128863970825e+01
29, 15, -9.7553843477690322e+01, 2.3545450265476838e+01
29, 16, 7.6993438554259200e+01, -5.0768924800699907e+01
29, 17, -9.0360427374204079e+01, 4.1248557520795273e+01
29, 18, 9.4897273038357156e+01, -3.0821106653144248e+01
29, 19, 2.1016114597476413e+01, 4.0562516906216651e+01
29, 20, -2.9034273310472724e+01, -8.2118674745083908e+01
29, 21, -9.0312656982815191e+00, -1.2383712705577018e+02
29, 22, -1.3002262021884877e+02, -6.3877505080203605e+01
29, 23, 5.2694211560468766e+01, -2.9752602716116137e+00
29, 24, -8.9747211006810772e+01, -2.0017574113551959e+01
29, 25, 1.2423548913439981e+02, -6.1784080093819753e+01
29, 26, 1.2780694107147593e+01, 5.0984636804275468e+01
29, 27, 2.8238172516520773e+01, 7.7193648504777634e+00
29, 28, -3.3353972625752874e+01, 1.0830356117553853e+02
29, 29, -9.9992953772774644e+00, -3.1928729714335049e+01
30, 0, 6.7048857854965789e+01, 0.0000000000000000e+00
30, 1, 3.6799142914490645e+01, -2.3818726884139327e+01
30, 2, 8.4798543326126918e+01, -4.1537509534879490e+01
30, 3, 4.2727122616891727e+01, 9.7710211814304500e+01
30, 4, 6.1962158040478457e+01, -1.0229502157561224e+02
30, 5, 3.1848412361552107e+01, 2.2733081684109010e+01
30, 6, -9.6408897818918746e+01, -5.2236111015271803e+01
30, 7, -7.4490188459116837e+01, 6.2495223213901880e+01
30, 8, 4.5834600774302672e+01, -1.1060132470218724e+02
30, 9, 8.8187360168866945e+01, -1.5783634548005105e+02
30, 10, -1.9098216117880597e+01, 7.3151644761386265e+01
30, 11, -2.1527268919172542e+01, -6.5949460034451789e+01
30, 12, 2.5534841670918272e+01, -4.7169769613002451e+01
30, 13, -8.9763505543113418e+00, 6.0978028641274690e+01
30, 14, -2.9228916615903614e+01, 2.1116100744541760e+02
30, 15, 2.2678365134234987e+01, -2.9660287605074810e+01
30, 16, 1.2835472377650132e+02, 8.2518802156342872e+01
30, 17, -2.2064617350850870e+01, -8.2374290653688320e+01
30, 18, -3.8920481650780708e+01, 1.0111486942475274e+02
30, 19, -1.6351978949077869e+02, -9.5271805969479317e+01
30, 20, -8.5606647088316194e+01, 1.1150059477829646e+02
30, 21, 8.4133948803032069e+01, -4.2431160271141032e+01
30, 22, -8.2610387832646651e+01, -1.5216003925902311e+02
30, 23, -3.2678227546439956e+01, 5.3352359797159281e+01
30, 24, 8.0358767791230918e+01, -3.5028899002459880e+01
30, 25, 9.5728062979592323e+01, 3.3852180996200843e+01
30, 26, -7.5850733536358533e+01, 1.6223524624782574e+01
30, 27, 2.3392785512687361e+01, 8.2028153062293853e+01
30, 28, -3.7259122201217060e+01, 7.9028987954965572e+01
30, 29, 2.7416468034849055e+00, 1.1714249469716948e+02
30, 30, -4.7304777235272205e+01, -8.6588446471286758e+01
31, 0, -6.7885641787257910e+01, 0.0000000000000000e+00
31, 1, -2.2904994067015842e+01, 2.9388581570808789e+01
31, 2, -6.8601192726910645e+00, -1.2703288247431455e+02
31, 3, -6.4769683583601548e+01, -9.7974517694935095e+00
31, 4, 5.5850134633187885e+01, -3.6133714490054324e+01
31, 5, 3.9805588657638587e+01, -3.4241390459933370e+01
31, 6, 6.4642984556358897e+01, 5.0480703578408296e+01
31, 7, 5.1985031762469532e+01, 3.1190506811842049e+01
31, 8, 4.5840064066421164e+01, 9.4036475296090131e+01
31, 9, -3.3072567589123860e+00, 1.3511893201689315e+01
31, 10, -1.1771620300543290e+01, 1.1175757445500052e+02
31, 11, -4.7418961575679113e+01, -8.3226323656393202e+00
31, 12, 1.1476012516548091e+02, -1.2015120828901738e+02
31, 13, -3.4784747028198126e+01, -3.1908612404861007e+01
31, 14, -6.8378831731992278e+01, -9.1374110440194940e+01
31, 15, 5.0707313729205225e+01, -6.5650926399876553e+01
31, 16, 7.3296359321118292e+00, 4.0178593104727277e+01
31, 17, 6.6311070534068975e+01, 4.9423614116460868e+01
31, 18, -8.6479513348390658e-02, -1.6015102218496193e+02
31, 19, -2.5939454758075090e+01, -5.8708837961322232e+01
31, 20, -2.5984894931596006e+01, -5.0472953669810874e+00
31, 21, -1.0335173811801252e+02, 4.3540859837764515e+01
31, 22, 7.1197175025248299e+01, 1.0056039286452729e+02
31, 23, -9.9672544079997436e+01, -6.1969626437063212e+01
31, 24, -1.1546445690232882e+02, -2.9170770186570714e+00
31, 25, -4.0464552794625419e+01, 4.6660661793567542e+01
31, 26, -6.7080501191252164e+00, 5.9509129208580035e+01
31, 27, 1.7011889596987992e+01, 5.2502271343762821e+01
31, 28, 1.0978904850261348e+01, -2.2111783512113547e+02
31, 29, 1.6914753709637992e+01, 6.3815762081103081e+01
31, 30, 7.0770699191105688e+00, -9.5119603785216682e+01
31, 31, -1.6103755317664184e+02, 1.6526735474280250e+02
32, 0, -4.5030277591388682e+01, 0.0000000000000000e+00
32, 1, -7.1436272838570375e+01, 6.3133064308245885e+01
32, 2, -1.3021491866158641e+02, -3.4865282587386073e+00
32, 3, 8.1088091225876667e+01, 1.4447928034371341e+02
32, 4, -2.6082459995820514e+01, -5.6088592627401610e+00
32, 5, -1.5647677301520332e+01, -4.6622748124065410e+01
32, 6, 6.8373663487959590e+01, 6.2880495018845259e+00
32, 7, -5.3450964331534855e+01, -4.8319186347367136e+01
32, 8, 4.5731838201454167e+01, -3.3913811299106122e+01
32, 9, 8.0292139307723218e+01, -2.4339661035365140e+01
32, 10, 7.1899828151345687e+01, 7.5128243482649239e+01
32, 11, -5.8604514141785188e+01, 1.1270616006938175e+02
32, 12, 8.9073342300246026e+00, 9.4393198299664064e+01
32, 13, 4.0231088517779334e+01, -5.6887510479870059e+01
32, 14, 3.6392989081160422e+01, 6.7642034581950028e+01
32, 15, 7.0873655967583062e+01, -8.7585028455164363e+01
32, 16, -8.9653693263648421e+01, -4.7183530504954597e+01
32, 17, -6.3870152652576921e+00, 4.4848444683504084e+01
32, 18, -5.2916671924349366e+01, -3.0327078780591592e+01
32, 19, -1.6130394358145480e+01, 1.1151516872143350e+02
32, 20, -1.7623257909852381e+02, -3.8560759545512902e+01
32, 21, 1.1275967830563843e+02, 4.7164279083941359e+01
32, 22, -2.8235563252689126e+01, -3.6724228930870808e+01
32, 23, -6.6717642611245964e+01, 7.6577520904916511e+01
32, 24, -5.6258369272099973e+00, -5.9931004090200666e+01
32, 25, -9.8337327103592031e+01, 1.1702979398497158e+02
32, 26, -1.4024345247958378e+01, 7.1518156660570051e+00
32, 27, 1.4761659260098938e+01, 6.8267930771396394e+01
32, 28, -5.5156500644354331e+01, -1.0798239557722528e+02
32, 29, -1.6357525343445519e+02, -3.4216163872060079e+01
32, 30, 5.1974214301642547e+00, -1.1403683842833470e+00
32, 31, -5.7074609887907233e+00, -6.0626460617749700e+01
32, 32, 6.2199635355015296e+01, 9.9354868141295469e+01
33, 0, -2.8887431433248924e+01, 0.0000000000000000e+00
33, 1, 8.9040911207865918e+01, 7.1596464074497391e+01
33, 2, -1.7413995561448850e+01, -7.0939733539316734e+01
33, 3, 7.8563916603731911e+01, -4.4576152935847723e+01
33, 4, 6.0135687690788096e+01, -5.5244968637779550e+01
33, 5, 1.2612564429129812e+01, 5.2669009405767966e+01
33, 6, 4.1441237238366021e+01, 1.4074532383440479e+02
33, 7, 1.2275624624846060e+00, -6.3167729771558029e+01
33, 8, 1.2273542649013247e+02, -1.3207305786133018e+01
33, 9, 6.7071349037481340e+01, 2.5514881870150198e+01
33, 10, 5.3468208145569456e+01, -3.0327649104793998e+01
33, 11, 2.6457038885635470e+01, 1.1528723694321634e+01
33, 12, -7.1706829410032071e+01, -7.2739565750618937e+01
33, 13, -9.7146971684789975e+01, 1.6367507417492480e+01
33, 14, 1.2820487341504172e+01, 5.1254069273809677e+01
33, 15, -5.6731129941406238e+01, -6.3780493182621214e+00
33, 16, 4.1577056231828614e+01, -4.7199989709223553e+00
33, 17, 2.6375129619540147e+01, 5.2011389735880151e+01
33, 18, 8.2424988806297435e+01, -1.6397100225898910e+01
33, 19, -9.0936736597763570e+01, -7.2156244149981639e+00
33, 20, -3.6884684066905862e+01, -4.4570167807019466e+01
33, 21, -6.8138827712517340e+01, 6.9129807426032869e+01
33, 22, 3.1725878119026405e+01, -3.8049116377212862e+01
33, 23, 1.7425209569061931e+01, -5.1355701524712885e+01
33, 24, 1.2143654655931293e+02, 1.2542565885218266e+02
33, 25, 1.7402204599675360e+02, -7.1204531450258131e+01
33, 26, 5.4068227870701470e+01, -6.5414657171907550e+01
33, 27, 1.5666150647585058e+01, -7.9731157316812968e+00
33, 28, -5.8167525207641219e+01, -1.3314124690746951e+01
33, 29, -3.4399233456151876e+01, 7.9185529377100323e+01
33, 30, -1.2507326778375587e+02, 1.0549174155906900e+02
33, 31, -2.7537527688645103e+00, -1.4863284108885246e+01
33, 32, -4.5275627144081298e+01, 3.7747293596252106e+01
33, 33, 8.7102945808859175e+01, -1.2172777978172630e+02
34, 0, 1.6209222567839529e+02, 0.0000000000000000e+00
34, 1, -5.0461313678594166e+01, 1.7939681029511380e+01
34, 2, -2.5007430031560979e+01, -7.4457079167233303e+01
34, 3, 4.0706302935490669e+01, 1.2325729911258176e+02
34, 4, 3.7140376299524000e+01, -6.7475370628266305e+01
34, 5, 1.4112956403986152e+01, 4.8461090983058085e+01
34, 6, 7.7949418932181560e+00, 7.7289827887905915e+01
34, 7, -1.6611228730450122e+01, -5.3364939496711301e+01
34, 8, -3.7665501263278727e+00, 1.3337381202931869e+02
34, 9, -1.4773487689184890e+02, 4.2390654424319671e+01
34, 10, -3.7322976816849348e+01, 1.9608591265526652e+01
34, 11, 4.5169718715284873e+01, 1.2318149569267811e+02
34, 12, 5.8031309871950121e+01, -4.0226438629016563e+01
34, 13, 1.2277991413651475e+02, -8.5546551054819787e+01
34, 14, 4.0554870178953010e+01, -1.5591650366987145e+02
34, 15, -4.3027079333467178e+01, -6.2532314754735289e+01
34, 16, -8.5116634769584806e+01, 2.3414918728741220e+01
34, 17, 4.5125709565557393e+01, -2.5697936388679672e+01
34, 18, 2.7839026181105075e+00, 3.4065171575358534e+01
34, 19, -2.9918755906124037e+01, -6.7861108747566746e+01
34, 20, -4.7324703277278516e+01, 3.2861253989600215e+01
34, 21, -7.5164566416299579e+01, 1.0133000454542177e+02
34, 22, 1.1044776588654486e+02, 4.0029793763102639e+01
34, 23, -6.3034468113113086e+01, -1.2821986581531359e+01
34, 24, 6.0786246343273753e+01, -6.5660884385356184e+01
34, 25, -5.5853228977699185e+00, -6.8444464944035431e+01
34, 26, -8.2971807617295084e+01, 6.5844631933644152e+01
34, 27, 8.8072013208837703e+01, -4.5728723468130141e+01
34, 28, 2.1387393546777773e+01, -4.9295501921672610e+01
34, 29, -4.7707652503849530e+01, -1.3021889531765467e+02
34, 30, 3.0369147004632016e+01, -1.8188986660066398e+01
34, 31, -5.5359315823664836e+00, -7.9616497952469656e+00
34, 32, 5.5774498937523930e+01, 3.2660442606193101e+01
34, 33, 4.6926941548159000e+01, -2.7613113195929202e+01
34, 34, 4.5170618137270154e+01, 6.8863530725277343e+01
35, 0, -2.3272673163214215e+01, 0.0000000000000000e+00
35, 1, -1.6923365374288434e+01, 3.3417153037070491e+01
35, 2, -7.4577122068994726e+01, 5.6194290717918463e+01
35, 3, 4.9925718357459161e+01, 1.0634745153065421e+02
35, 4, 6.5367491522925434e+01, -4.3656444136400154e+01
35, 5, 1.1262694072744117e+02, 3.6964392672895286e+01
35, 6, 2.7311265751322786e+01, 6.7942759310517769e+00
35, 7, 8.0794424543505272e+00, -6.9062032417131633e+01
35, 8, 1.0748263442410536e+01, -2.2802253747838126e+00
35, 9, -1.9859978681555308e+01, -3.2817793933573185e+01
35, 10, 1.7912672911095573e+01, 4.4827723278011838e+01
35, 11, -8.2569165254493782e+01, 5.6290048928268874e+01
35, 12, -1.7314485762875300e+01, 2.3907963244759120e+01
35, 13, -7.5716398277524377e+01, 2.8542439818052593e+01
35, 14, 4.8074261306282843e+01, 7.6911319316505313e+01
35, 15, -1.9443174919334830e+01, 2.1436894192244146e+01
35, 16, -7.1665584027902852e+01, -8.7752627631951782e+01
35, 17, 4.7337735746977508e+01, -9.5201190525351052e+01
35, 18, -9.5990749638433826e+01, -1.1332484410824739e+01
35, 19, -9.0247841437167011e+01, -2.7358499081738419e+01
35, 20, -6.7959490321039837e+01, 1.4278494276514678e+02
35, 21, -3.6224769090999033e+01, -6.1421140897057370e+01
35, 22, 3.2219388253040677e+01, 8.3098552088418018e+01
35, 23, 9.2971804250147585e+01, -1.3062023061735695e+02
35, 24, 3.7236546051228238e+01, -5.9175065698213551e+01
35, 25, -1.4912901304825741e+01, -8.1658702132071692e+00
35, 26, -4.3785193378535226e+01, -8.4604792059397383e+01
35, 27, -5.4716389539642321e+01, 1.0259114329905287e+02
35, 28, 2.2876182970834442e+01, 2.6400304772490912e+01
35, 29, -4.9080823633431706e+01, -8.9551756142984701e+01
35, 30, -4.0595110682928514e+01, -1.7839071352133917e+01
35, 31, 4.9456650226057789e+01, -1.1813611886225992e+01
35, 32, 5.7341462614157827e+01, 5.7336588987803687e+01
35, 33, -5.4263893072235803e+01, -2.1443587323116311e+01
35, 34, -1.9038877774481335e+01, 1.2641826584126150e+02
35, 35, -2.4707573956739736e+01, -8.9572183673764911e+01
36, 0, -6.1139694317829530e+01, 0.0000000000000000e+00
36, 1, -8.2665808977064437e+00, -1.3071037072851384e+01
36, 2, -6.5253155509899344e+01, 2.0313542049831803e+01
36, 3, -3.7467053113982040e+01, -2.6029222222213932e+01
36, 4, 1.0827597119905724e+02, 1.7089234647316143e+01
36, 5, -6.7076706014481431e+01, -9.9971987818661212e+00
36, 6, 3.9074072950143069e+01, -2.7956630324494853e+01
36, 7, 1.5254376605591827e+02, 3.2449793683911878e+01
36, 8, -9.6992792483096917e+00, -3.9499906211214089e+01
36, 9, 1.9957378519911575e+02, -5.8294515127589605e+01
36, 10, 5.0178065635226176e+01, -1.0916754114462819e+02
36, 11, -7.4601698020488465e+00, -3.4897538155404568e+01
36, 12, 1.2680842370084738e+02, 6.0940702369824443e+01
36, 13, -1.2734519253438900e+02, 8.8635184499732400e+00
36, 14, 4.0764442326819406e+01, 4.2421377254470563e+01
36, 15, -1.3902620076319724e+02, 8.2065523685417389e+01
36, 16, 9.2541905383350368e+01, -1.3864674864466549e+01
36, 17, -4.2589226771456168e+01, 1.5163755846285294e+01
36, 18, 1.9247816999819509e+01, -4.4500882256058958e+01
36, 19, -2.7793105017548385e+01, 8.1166488568612849e+01
36, 20, -7.1516740088687584e+01, -4.8438799189360253e+01
36, 21, -4.8412429792001411e+01, 4.2965866549673187e+01
36, 22, -3.6366291803072080e+01, 3.1156492785456749e+01
36, 23, -1.8416229705964774e+01, -8.2899942256762372e+01
36, 24, -2.7233288923715207e+01, -1.6754303978245577e+01
36, 25, -5.8064748683284151e+01, 5.2270797622468137e+01
36, 26, 7.1297466079693322e+01, 1.2649612991675816e+02
36, 27, 3.4065621828383549e+01, -2.6571276219436829e+01
36, 28, 4.0721048459522684e+01, -5.3786809137134753e+01
36, 29, -1.4816342513971886e+01, 1.3691205377723489e+02
36, 30, -8.7998875961173070e+01, -9.5665799700731569e+00
36, 31, -1.0038218594158295e+00, 3.5465082117689235e+01
36, 32, 2.7098140517154963e+01, -2.0193631839940629e-01
36, 33, 1.0546589214629914e+02, 1.0872009702832649e+01
36, 34, -3.1216146953358347e+01, -5.2963342254438103e+01
36, 35, 3.6230573493187478e+01, -1.9389513847962682e+01
36, 36, 1.4107303463158249e+00, 1.0136140695360561e+02
37, 0, 5.2355810421052624e+01, 0.0000000000000000e+00
37, 1, 5.0666770649169067e+01, 6.5598371541119462e+01
37, 2, -1.1624571897824971e+02, 4.2877787373701295e+01
37, 3, 1.0208610366052412e+02, 2.7621318164117625e+01
37, 4, 3.8142712394745843e+01, -7.6031269421621943e+01
37, 5, -8.8160117244416739e+01, 1.0090311047733859e+01
37, 6, -2.7625674676781749e+01, -6.0174406113788173e+01
37, 7, -1.5921390901255978e+02, -9.3582011183840237e+00
37, 8, -5.7025839574251037e+01, -9.3555433041709378e+01
37, 9, -4.5825567344021422e+01, -1.3271980881577683e+01
37, 10, -4.2331135355244349e+01, 9.8873636820132262e+01
37, 11, -9.6301765854968437e+01, 4.8350431257355794e+01
37, 12, 4.9791038050450382e+01, 1.5878997363733731e+02
37, 13, 9.3485982563394444e+01, -1.3897462072396678e+02
37, 14, 6.0589452420773149e+01, 9.2173205595729570e+01
37, 15, -5.0105802823044932e+01, 3.1419684339684117e+01
37, 16, 8.3401678451589802e+01, 2.4037462845592273e+01
37, 17, -9.5526421300428623e+00, -2.2441922061496371e+01
37, 18, 8.2847774376105590e+01, 9.8379820031975754e+01
37, 19, 7.2356449417314565e+01, 4.9796576555597447e+01
37, 20, -2.8674095275410728e+01, -6.3839558212776602e+01
37, 21, 1.6178546203596344e+01, -7.9890215333293213e-01
37, 22, -6.8192187874663730e+01, -3.0504358601672681e+01
37, 23, 7.9017455746582854e+01, -4.0248161634859812e+01
37, 24, 8.4166308910988761e+01, -6.8246519340592386e+01
37, 25, 1.7684069287984492e+01, -8.9039722754791821e+00
37, 26, -6.2605345151247249e+01, -3.4297963102993748e+01
37, 27, -4.8891601682734333e+01, -2.2421541833000287e+00
37, 28, 6.0889748097678407e+01, 7.9482414196048907e+00
37, 29, -1.0195424697109591e+01, 1.5781194634555513e+01
37, 30, 8.9177731022296726e+01, 5.7617956143908884e+01
37, 31, -3.6470147548101878e+01, 1.2265006136887305e+01
37, 32, -8.4052102438306087e-01, -4.6574753700134842e+01
37, 33, 2.2333547869225338e+01, -2.0852821968327806e+01
37, 34, -4.5732909062924492e+01, -3.5579825608563507e+00
37, 35, -6.0150022298597676e+01, -2.4198216952258807e+01
37, 36, 5.0276254902609132e+01, 2.4119866286855320e+01
37, 37, 1.6193483127080395e+01, 2.1146660588054658e+01
38, 0, -9.1906528748608025e+00, 0.0000000000000000e+00
38, 1, -1.1428609479509716e+02, 7.5001536359500946e+01
38, 2, -1.1369196538833938e+02, 5.1221656698287944e+01
38, 3, 1.2160607919379217e+02, -5.1431268167628481e+00
38, 4, -2.5843737008894884e+01, -6.4308953031565764e+01
38, 5, 1.2067516806892057e+02, 3.8461029675762980e+01
38, 6, 9.3564492525172554e+01, 1.3500332026280475e+02
38, 7, 5.1826405979313712e+01, 8.2194970325144112e-01
38, 8, 1.0514098408949673e+02, 4.2480594799388868e+01
38, 9, -8.9562459203682167e+01, -1.1308675585224453e+01
38, 10, -5.8709183833596327e+01, 2.6747603451536506e+01
38, 11, -7.5070977770762113e+01, 1.5509303102194842e+01
38, 12, -5.1281655850383379e+00, 3.8330702406852765e+01
38, 13, -1.7422630565004931e+02, 7.0925995518394757e+01
38, 14, -1.0481747251567133e+02, 1.0307182643845141e+02
38, 15, 1.9936519710286298e+01, 8.2840321766270307e+01
38, 16, 1.7224953057390042e+01, 4.2444028051450985e+01
38, 17, -3.7331166962047412e+01, 1.1737269666942426e+01
38, 18, -1.5346545215256972e+01, -7.3295835482336258e+01
38, 19, -4.4162554272377719e+01, -8.4229330872838005e+01
38, 20, -1.2930070312708318e+02, 3.7665978399825043e+01
38, 21, 8.0421169792239198e+00, 4.3433983975939960e+01
38, 22, 5.4984824141617992e+01, 1.5611149122135265e+02
38, 23, -9.0990381291795419e+00, 2.6485313474231713e+01
38, 24, -6.9584269519885240e+01, -2.5949111580654183e-01
38, 25, 1.6761298456863909e+01, 3.3876509988974625e+01
38, 26, 1.2959421676424128e+02, 2.6730880655903313e+01
38, 27, 9.1621201082086134e+00, -1.3445598036016972e+02
38, 28, -7.8554510297510930e+01, 3.6168756909640383e+00
38, 29, -2.3390251537952867e+01, 5.5013370018672873e+01
38, 30, 6.1407776397998219e+01, 4.6801409199198368e+01
38, 31, -3.8916883627271659e+00, -4.7811315155706168e+01
38, 32, 2.8397907631501177e+01, 4.5906528314714123e+01
38, 33, -1.9812069343284836e+01, -5.6883621413678746e+01
38, 34, -1.5610444510921320e+02, 4.9146635216564313e+01
38, 35, -1.0331107726647670e+02, -4.8918089455705719e+01
38, 36, -7.6358357223962187e+01, -4.8377615307298765e+00
38, 37, -4.3874529882510984e+01, -1.6709619701931373e+01
38, 38, -6.6212472125476566e+01, -6.7843110139451639e+01
39, 0, 8.0306220975446351e+01, 0.0000000000000000e+00
39, 1, -9.7941969052450801e+00, -7.4344412141599634e+01
39, 2, 2.7378135642699544e+00, 5.4081626402686069e+01
39, 3, 1.0663766563263883e+01, -1.2228844661264326e+01
39, 4, -4.7359153461675689e+01, -3.6788192312078003e+01
39, 5, -4.1201761757166913e+01, 1.2013856403078175e+02
39, 6, -2.8594543639375765e+01, 6.1107251597572251e+01
39, 7, 3.0514568320999928e+01, -6.3747581127113712e+01
39, 8, 3.8369210203899904e+01, 2.6702586361214500e+01
39, 9, 7.5652712432702344e+01, 2.8116282557633603e+01
39, 10, -1.8416231725154663e+01, -2.3468596577118323e+01
39, 11, -5.3683641052220409e+01, 1.1172869492778504e+02
39, 12, -1.6663463446658003e+01, 1.6001189133561869e+01
39, 13, 4.3154521085306030e+01, 7.0903311763911265e+00
39, 14, -5.2964147133189748e+01, -6.1023153453530036e+01
39, 15, 2.3291599623847560e+01, 8.9795222719762705e+01
39, 16, -7.1233822973124347e+01, -5.1181476371850234e+00
39, 17, 1.7906789386859693e+01, 5.8561847636876301e+01
39, 18, -1.6121645475640488e+01, 1.7814280704597465e+00
39, 19, 2.0816547519578691e+01, 6.6720398901733802e+01
39, 20, -6.1086288334854785e+01, 1.4817165021367620e+01
39, 21, 7.3290144600350771e+01, -6.1143921930384344e+01
39, 22, 5.5183737831020480e+01, -3.5554145582636259e+01
39, 23, 4.4846931666499714e+01, -2.9940407206324480e+01
39, 24, -1.7445220038241538e+02, -8.6546623103675429e+01
39, 25, -8.0099336513249426e+01, 4.3604244993854650e+01
39, 26, -6.0662588655211245e+01, 7.8800345523623194e-01
39, 27, 6.1786498434535488e+01, -5.4261799017140405e+01
39, 28, -5.8526706839382413e+01, -1.3178204422988168e+02
39, 29, 2.0967782093120753e+01, -8.4304438298540262e+01
39, 30, -1.2419064756910477e+02, 4.0090637660484596e+00
39, 31, -3.8780678236694342e+01, -9.0048992292225321e+01
39, 32, -6.3517091840073071e+01, 3.4306940213789922e+01
39, 33, -7.3385388626388988e+00, -4.7724716672098722e+01
39, 34, 7.6214922880579834e+01, 4.0372651062160706e+01
39, 35, -4.3086765233224057e+01, 2.3968417087259375e+01
39, 36, 2.0452928480470480e+00, 9.7995426404500776e+00
39, 37, -2.0315307204381867e+01, 3.3909811466459615e+01
39, 38, -3.5915841061470061e+01, 8.1053140360292815e+01
39, 39, 1.5348929212535865e+01, -7.0045691558850109e+01
40, 0, -1.2148428071364802e+02, 0.0000000000000000e+00
40, 1, -1.0817626616444461e+02, 1.2481226700003351e+01
40, 2, 8.1183386685986250e+00, -8.9233605130996281e+01
40, 3, 8.4172078536803426e+01, 3.3407831735684525e+01
40, 4, 5.0364663510754454e+01, -9.0606779172991381e+00
40, 5, 2.1536927468809587e+01, 1.2423865731949635e+02
40, 6, -8.1504276670100239e+01, -6.6184545511112589e+01
40, 7, -7.3049153073617163e+01, -6.5977490708233901e+01
40, 8, -1.7675810164956661e+02, 9.5442399386030559e+01
40, 9, -3.5089493406847311e+01, 3.8010769778029065e+01
40, 10, 4.9982440388909858e+01, 1.4209919245697850e+02
40, 11, 5.7139223589836753e+01, 5.3062024267535108e+01
40, 12, 2.2460353708433093e+01, 2.4092476676569955e+01
40, 13, 6.7824876195051928e+01, 5.5639322136253035e+01
40, 14, 4.5615867198060442e+01, 4.0583202453498572e+01
40, 15, 2.2380803983447422e+01, 3.7540740178181274e+01
40, 16, -2.5591832507513402e+01, 1.5569664802719668e+01
40, 17, -5.2128154070985822e+01, 2.0551625931599851e+01
40, 18, 9.7268606748654079e+01, 9.4892948182016141e+01
40, 19, 8.5512200805954748e+01, -2.4354520555758052e-01
40, 20, -6.3840999398267094e+01, 1.7716462421031729e+01
40, 21, -6.9432990667051740e+01, -7.8186181442344846e+01
40, 22, 5.3005207039831419e+01, -5.6122956115999692e+01
40, 23, -1.6525172212696877e+01, -2.9990690542382811e+01
40, 24, 4.6198292720127498e+01, 7.3070159591855585e+01
40, 25, -8.8846641755380933e+00, 7.9606273214640282e+01
40, 26, 5.1765958117418045e+01, 4.1250968049512373e+01
40, 27, -7.2212373525730449e+00, 2.1304167079933027e+01
40, 28, -6.0442155858941646e+01, -2.4611131307664309e+01
40, 29, 1.3336520171617005e+02, 1.3899923973392541e+02
40, 30, -7.6117900657610420e+01, 1.1022338374731167e+02
40, 31, 3.6857591003395598e+01, -9.8453284244192396e+00
40, 32, -6.6613722111101723e+01, 5.0704903989968395e+00
40, 33, 7.4312842373615169e+01, -1.5225385715468930e+01
40, 34, 2.9348074910203037e+00, 4.8713010108559658e+01
40, 35, -3.2492280755364483e+01, -3.6100683999147741e+01
40, 36, 1.6777246177885619e+01, 4.1983323908816814e+01
40, 37, 6.2623696765568901e+01, -1.2916878509651228e+01
40, 38, -3.7817055004139188e+00, 1.7662282126932855e+01
40, 39, 4.9576308785104274e+01, -4.8554004505338693e+00
40, 40, -2.1713381540689149e+01, 4.2402167973514153e+01
