0, 0, 0.0000000000000000e+00, 0.0000000000000000e+00
1, 0, -2.8175392338815442e+05, 0.0000000000000000e+00
1, 1, -1.6422873329779748e+04, -1.2749927138819346e+05
2, 0, 0.0000000000000000e+00, 0.0000000000000000e+00
2, 1, 3.0089232719872842e+04, 1.6244133811825330e+04
2, 2, -4.1263020955364977e+04, 4.3557420467378666e+04
3, 0, 2.5348534968571956e+04, 0.0000000000000000e+00
3, 1, -3.1579440078645239e+04, -5.4377345183104073e+04
3, 2, -1.6737694478087287e+04, 3.2591873662159916e+04
3, 3, 5.6345661404876446e+03, 6.1299820690028871e+04
4, 0, 1.7077086021686649e+04, 0.0000000000000000e+00
4, 1, -1.8075419185030223e+04, -7.3906138211186808e+03
4, 2, 4.5212594570677291e+04, -5.0829957590342237e+03
4, 3, -4.4957169932784280e+04, 3.9841541959399997e+03
4, 4, -1.1674244619097681e+04, -1.6802195954368035e+03
5, 0, -3.5487101602772651e+04, 0.0000000000000000e+00
5, 1, 9.7992892598626968e+03, 3.2829893800745653e+04
5, 2, -2.0310957545075129e+04, 7.9933054677753644e+03
5, 3, 1.2793659279909129e+04, 3.5279783895820219e+04
5, 4, 2.2849327823606454e+03, -4.3689142761629679e+04
5, 5, -8.7260233019170682e+03, 2.1905361698147699e+03
6, 0, 1.6559096324573260e+04, 0.0000000000000000e+00
6, 1, -8.9554458474810344e+03, -8.1377854092484113e+03
6, 2, -1.9826953644191166e+04, 7.7794778027462035e+03
6, 3, -1.7445885957598861e+04, -8.2009522119546582e+03
6, 4, 7.0891751056783332e+03, 1.1636962681338922e+04
6, 5, 1.8883973251696800e+04, -3.9512514709031466e+03
6, 6, 1.8175248301557425e+04, 5.1593277520479633e+03
7, 0, 2.0747236810972867e+04, 0.0000000000000000e+00
7, 1, -6.3000954919351552e+03, 1.9377710916044172e+04
7, 2, 1.9932588813384704e+04, -1.5528468594619377e+04
7, 3, 6.9605365796376173e+03, -4.1583009377402332e+03
7, 4, -7.1265638909220415e+03, -1.5969607143585268e+04
7, 5, 1.1810257545590243e+03, 5.1699481366046457e+03
7, 6, 1.0760879736187451e+04, 2.1721577183407171e+03
7, 7, 6.7506895675412543e+03, -1.0730039398790053e+04
8, 0, -8.8469892935228618e+03, 0.0000000000000000e+00
8, 1, -2.2660053670198345e+03, 1.0256706960189755e+04
8, 2, -1.3657795409677410e+03, 6.1125434448455098e+02
8, 3, 4.6131326832959594e+03, 4.6137831813406328e+03
8, 4, 2.2134987833764335e+03, 1.1668251043567889e+04
8, 5, 7.6401525213055120e+03, 1.1906575859278157e+04
8, 6, -1.0426256836781196e+04, -5.5591804756071515e+03
8, 7, 4.2507841965518537e+03, 6.6275988842582610e+03
8, 8, -8.2673021782510605e+03, 1.0230216164629151e+03
9, 0, -3.6132465225944907e+02, 0.0000000000000000e+00
9, 1, 9.3957293116550409e+03, -1.9095086237488536e+04
9, 2, -7.6371994552091473e+03, 4.7377320064225296e+03
9, 3, -2.7760006968121816e+03, -6.6901143009779335e+03
9, 4, -3.1156930358740155e+03, -1.2469815351316629e+02
9, 5, -6.3812707895428957e+03, 5.0847610073671449e+03
9, 6, 4.2179779547271673e+03, 1.3572418264641432e+04
9, 7, 3.7267973868490517e+03, -1.6492751388933586e+04
9, 8, -1.0990491182128058e+04, 5.9811203132408800e+03
9, 9, -4.5127458683807763e+03, -6.6552525562418505e+03
10, 0, 5.3606288581841709e+03, 0.0000000000000000e+00
10, 1, 6.2474128616440066e+03, -1.3527618401795391e+03
10, 2, -5.6000884439309557e+03, 7.0661878613695671e+02
10, 3, 1.2226158343606094e+04, 2.9751650857621539e+03
10, 4, 1.2564873153478679e+03, -9.1456190157693509e+03
10, 5, -5.0305835796035362e+03, -2.3554336182596489e+02
10, 6, 2.8332241081166521e+03, -8.3783492649701693e+03
10, 7, -2.7090900227012598e+03, -5.3882039996991698e+03
10, 8, -3.9386532857753718e+02, 3.4527780485296580e+02
10, 9, -4.4321091890718308e+03, -7.9202504420991454e+03
10, 10, 1.4441568867602950e+03, 3.5402513105567823e+03
11, 0, 6.1227305341350632e+02, 0.0000000000000000e+00
11, 1, -7.9661111651797637e+03, -1.6938790347793592e+03
11, 2, -1.6290797384918283e+03, 6.0262264243034570e+03
11, 3, 6.4089683072890330e+02, -5.1756731409870517e+03
11, 4, 3.9443498927666237e+03, 3.9262930922508776e+03
11, 5, 3.4860306135814371e+03, -2.8771318418538685e+03
11, 6, 6.0983200491275875e+03, 4.9165523326994144e+03
11, 7, -3.1675074706605592e+03, -2.9274357781860194e+03
11, 8, 4.3900972202605253e+03, 4.0169865461825311e+03
11, 9, -1.8403966396537692e+03, -9.6932440223172989e+01
11, 10, 7.1786580363481798e+03, -1.6672582950120423e+03
11, 11, 1.8870557919039786e+03, 1.4664287989531390e+03
12, 0, 5.1509285988545971e+03, 0.0000000000000000e+00
12, 1, 3.3152265383235817e+03, -2.6207919810089520e+03
12, 2, 2.4919292993021127e+03, 9.2649310241690364e+02
12, 3, 1.3268751452295983e+03, 1.0101931536370423e+03
12, 4, 3.9550484153669395e+03, -2.2753125807059023e+03
12, 5, 5.4780629681734772e+03, -2.1050201084954779e+03
12, 6, -1.6054658263512003e+03, -2.2547722724493851e+03
12, 7, 4.6333780267724596e+03, 4.9704119759909681e+03
12, 8, -6.1793359884504480e+03, -4.6027446929269036e+03
12, 9, 5.9281225363434896e+03, 4.0743925148897506e+03
12, 10, 7.2312436777160874e+03, 3.3524875609044739e+03
12, 11, 7.7062117331581157e+02, 5.2016729929246067e+03
12, 12, 1.9175181348283877e+03, 5.3560284414859552e+01
13, 0, -2.8548758831611276e+03, 0.0000000000000000e+00
13, 1, 3.7155261814849232e+03, 9.0328407426711437e+03
13, 2, -4.9181794442193332e+03, -3.1688472303645108e+03
13, 3, 5.8644726914056846e+03, 5.0336924271620082e+03
13, 4, 4.4638308376176883e+03, 1.9633973796318005e+03
13, 5, -1.7082634146178893e+03, 1.7380651475180093e+03
13, 6, -8.5744966933049127e+03, 6.0769538355730147e+03
13, 7, 2.9285681233695641e+02, 2.6580393948193114e+02
13, 8, -6.0457272270408566e+02, 7.9923303186036799e+02
13, 9, 6.1458021737967001e+03, 3.9051934670344472e+03
13, 10, -3.2292581213116505e+03, -2.1833082539877373e+03
13, 11, 4.3622358166084541e+02, 2.3622090119979180e+03
13, 12, -5.2545594503067850e+03, 2.1892397310103138e+02
13, 13, -5.4216545040642031e+03, -1.1107412644030833e+03
14, 0, 6.7632218243576799e+03, 0.0000000000000000e+00
14, 1, 1.5679938850700719e+03, 2.9295697836606455e+03
14, 2, 1.7288891803090887e+03, -2.1111631245220210e+03
14, 3, 2.1285116710724296e+03, -2.2218422826782080e+03
14, 4, -2.9309389606412524e+03, 2.4268712081290887e+03
14, 5, -2.7211813007480123e+02, -1.0610357362124887e+01
14, 6, -1.4823082063611860e+03, 2.2139129815059932e+03
14, 7, -3.2486242418338370e+03, -3.9916806420416333e+02
14, 8, -2.6062980835541766e+03, -2.0846777087622017e+03
14, 9, 3.5874357811873169e+03, 4.7628729820137060e+03
14, 10, 2.4184295908229396e+03, -1.1663626407572501e+03
14, 11, -5.6071042383707954e+03, -3.2788256554728318e+03
14, 12, -2.6680942177591869e+03, -2.9132642302968875e+03
14, 13, 9.8616758200055983e+02, 2.7759054897707283e+03
14, 14, 1.7421318225949099e+03, -1.7777570980041432e+03
15, 0, 2.2955174113793660e+03, 0.0000000000000000e+00
15, 1, 1.5312491442605522e+03, -3.0360411335289427e+03
15, 2, 2.5938709846854781e+03, -2.2529849571607806e+03
15, 3, -1.6788209624191982e+03, -9.0213375734733222e+02
15, 4, -8.3223007159672170e+02, 2.2732876281175386e+03
15, 5, -2.5727706025317634e+03, 1.8525063715601179e+03
15, 6, -4.2137292292342568e+02, 5.5350888139440121e+02
15, 7, 2.0965847058962481e+02, -1.0598398488764631e+03
15, 8, 3.3955251031392518e+03, -2.1634816474989489e+03
15, 9, -8.1832942755890726e+03, -1.3328568733745074e+03
15, 10, 2.2592766006032111e+03, 4.0555330401262086e+02
15, 11, -7.1117575317473029e+02, 4.0519059304351413e+02
15, 12, 8.4642011722528969e+03, 1.2420622824873412e+03
15, 13, 1.7968545634290801e+03, -6.9340956381925889e+02
15, 14, 1.0705459481622452e+03, -3.5539808187284289e+03
15, 15, 4.4950513419413392e+03, 1.6706123458417419e+03
16, 0, 5.4133071896039201e+03, 0.0000000000000000e+00
16, 1, -8.2716778742044028e+02, -1.3292784535331089e+03
16, 2, 5.0977401198003627e+03, 3.7345755791206707e+03
16, 3, -2.5556609120918274e+03, -2.5053055763999964e+01
16, 4, 2.5657332691001384e+03, 7.4573332358310734e+02
16, 5, 2.0799941294580299e+02, 8.0363240651552951e+02
16, 6, -7.9908523965547374e+01, 4.7947088228851385e+02
16, 7, -1.3989178352428303e+03, 1.9467242850982143e+03
16, 8, -7.7287280955355118e+02, -1.8626170226438526e+03
16, 9, 2.2864096005012761e+03, -9.1717557871059353e+02
16, 10, 1.4806465466213594e+03, 1.8361751559567533e+03
16, 11, -1.7971141550210077e+03, -4.9879608669376466e+03
16, 12, -4.1494436629868869e+03, 2.0853285521344051e+03
16, 13, 6.7103590210335960e+02, 1.3546415486340993e+02
16, 14, -2.9814828061582784e+03, -2.1060848290828731e+03
16, 15, 3.1875059412131832e+03, 8.7309846705385803e+02
16, 16, 6.6643863794306276e+02, 1.8273303442378324e+03
17, 0, 1.4966096168114705e+03, 0.0000000000000000e+00
17, 1, 1.8592645388842893e+03, -1.1571854373019814e+03
17, 2, 1.1398150856525081e+03, 4.1074304823108814e+03
17, 3, 4.2082930799657315e+03, 2.0101577525447260e+03
17, 4, 1.3172868894025571e+03, -5.9193936239582592e+02
17, 5, 2.0019509172795592e+03, 3.0022723558964626e+03
17, 6, 2.4294290182526047e+03, -2.5750760548678591e+03
17, 7, 1.4589219647993721e+03, 2.0339927238001178e+03
17, 8, -1.3200266252612064e+03, -6.9751761244362513e+02
17, 9, -2.4506981696489083e+03, 2.8118173949281495e+03
17, 10, -2.6717346978724363e+03, 1.4432629807092553e+03
17, 11, 3.4429816415362884e+03, 6.3363850319360445e+03
17, 12, -3.0704261957647532e+03, 1.2188006334290437e+03
17, 13, 2.3359677537283524e+03, 6.4134415550881249e+02
17, 14, -2.3427871622796551e+03, -1.5572303199125722e+03
17, 15, -1.7188076051754861e+03, -3.1774608430411558e+02
17, 16, 5.3182251509986781e+02, 1.0379902339096038e+03
17, 17, -2.4053079936331842e+03, 2.3140078103218775e+02
18, 0, -1.0181483234033985e+03, 0.0000000000000000e+00
18, 1, -5.8538297299197541e+02, 9.2779719104456990e+02
18, 2, -1.9616989270704271e+03, 4.3156031338261380e+02
18, 3, 1.0337834245836850e+03, -2.3782648033265668e+03
18, 4, -6.4979540113240046e+02, -8.4386377390086477e+02
18, 5, 2.1215299051052489e+02, -4.3179471734119033e+01
18, 6, -1.4443828231920429e+02, -6.6973428895546749e+02
18, 7, -1.1650937930469709e+03, -4.3283646210373684e+02
18, 8, -1.1909509709427925e+03, 8.3410450897269220e+02
18, 9, 1.0222155679624123e+03, -5.8394911285759163e+03
18, 10, 2.7762785206654780e+02, 2.3808148933260395e+03
18, 11, -9.1363651838440489e+02, -2.1924269618559565e+03
18, 12, -6.4123753649042044e+02, 3.7052703404834460e+03
18, 13, 1.6604211896817696e+03, -1.3915529481503252e+03
18, 14, 6.8285475585573454e+02, -9.8043509933887128e+02
18, 15, -2.2004955548354819e+03, 7.4060362090799663e+02
18, 16, -1.7186756068236461e+03, 1.7171007146959444e+03
18, 17, -3.4675974796320911e+03, -3.9614758266372501e+03
18, 18, 2.3648130041935169e+03, 5.0628204540960132e+02
19, 0, 6.9189485117400818e+02, 0.0000000000000000e+00
19, 1, -4.7250888841489660e+02, 1.8007033908963449e+03
19, 2, -4.4885674957158528e+02, 1.0646801364542716e+03
19, 3, -1.5935142788625153e+03, -6.3786027966605923e+02
19, 4, -1.6705637764708640e+03, -1.9967543419714161e+01
19, 5, -1.4346941353679249e+03, -2.5513284689952534e+03
19, 6, -2.9474724955487482e+03, 1.7272697539381743e+03
19, 7, -2.0626789924053965e+03, 1.1154346688724263e+02
19, 8, 7.0356677793060635e+02, -1.8730808901323153e+03
19, 9, -1.2724710629100434e+02, -2.1552641440824818e+03
19, 10, 1.3324797620010295e+03, -2.0498883817458991e+03
19, 11, 1.2427176515145895e+03, -8.0159574104815874e+01
19, 12, -3.7346812493908874e+03, -1.5036893281970501e+03
19, 13, 8.1984298811771669e+02, -1.7238264043485362e+03
19, 14, -3.2044472043048756e+02, 9.3581606640327436e+02
19, 15, 4.9392442087885638e+02, -8.1201771531106851e+02
19, 16, -1.2119508913812879e+03, 6.9484274821833242e+02
19, 17, 1.4698955556118203e+03, 1.6553098053200392e+02
19, 18, -3.8657832402563213e+03, 6.0591539574662784e+02
19, 19, -1.3163152745192831e+03, -3.6288501898578274e+03
20, 0, 9.6250775578196885e+02, 0.0000000000000000e+00
20, 1, 3.1991143908911686e+03, 2.6830923287952055e+02
20, 2, 6.8526753673375606e+02, -3.8913555870930668e+02
20, 3, 4.1045379055542317e+03, 8.6077913155947590e+02
20, 4, -8.4780516500217345e+01, 1.8704126866101419e+03
20, 5, -1.5507462558888903e+02, 8.8079433007165233e+02
20, 6, 8.8264627530295968e+02, 2.0794338660050098e+03
20, 7, 1.4241690465004347e+03, -4.0034464328466511e+03
20, 8, 1.4831253606893472e+03, 8.1040012396017210e+02
20, 9, -2.9011064773774383e+03, 7.0563567746438980e+02
20, 10, -1.9920721399541194e+03, 3.2127751869394115e+02
20, 11, -3.7381316444339805e+03, 2.5858266615419352e+03
20, 12, 9.5097434624849529e+02, -2.6240481956488122e+02
20, 13, 4.5075784542654837e+03, 9.8010054812177782e+02
20, 14, -8.6594501458301283e+02, -1.6249057912184307e+03
20, 15, 1.5543568433130400e+02, 1.1986658823862290e+03
20, 16, 2.1038660523327081e+01, -3.2242676140776211e+03
20, 17, 4.9753815505816215e+02, 2.8859434351786626e+02
20, 18, -2.3519349410016542e+02, 2.6018012227672739e+03
20, 19, 2.3112641666878103e+03, 3.7188330616046264e+03
20, 20, -8.7803480619394577e+02, 1.6315721204521089e+03
21, 0, 1.8242855622071934e+03, 0.0000000000000000e+00
21, 1, 2.7452068382696780e+02, -2.5588295405994877e+03
21, 2, -2.5079909883417181e+03, -1.2811803151998952e+03
21, 3, -1.2692944116718531e+03, 1.6269075037956525e+03
21, 4, -1.3827896737750375e+03, 2.2705989876623835e+02
21, 5, -2.5024279247133200e+02, 1.4275421911271947e+03
21, 6, 2.4526623287732116e+02, 2.8479224749521418e+03
21, 7, 9.5527950164587480e+02, 7.6686545517981131e+01
21, 8, -7.5108739469883062e+02, 1.6966364228965181e+03
21, 9, 2.1828402268045293e+03, -1.7528803458290038e+03
21, 10, 4.5005437783298248e+01, -2.4101464560060440e+03
21, 11, 1.8859758035853124e+03, 2.9023335229788891e+03
21, 12, 1.6505815456477505e+03, -1.1550638226728818e+03
21, 13, 7.2982595717948402e+02, 1.7983643031582162e+03
21, 14, 6.1621963316396455e+02, -1.1069684984563560e+02
21, 15, -9.3534920042490148e+02, -3.6430922269475063e+03
21, 16, -2.9973192717652773e+02, 2.9094706644405646e+03
21, 17, 7.1787781871252946e+02, -1.4002333580819588e+03
21, 18, 3.4858922096437311e+02, 2.8764802896588985e+03
21, 19, 3.1455578820657620e+03, -1.2250041989622541e+03
21, 20, 2.6350010581068541e+03, 1.1387057526870590e+03
21, 21, 3.8601810817570549e+02, -1.8007243561450459e+03
22, 0, 3.7675070296615504e+03, 0.0000000000000000e+00
22, 1, -3.2534242818808866e+02, 1.9299362866379838e+03
22, 2, 2.2426048205206434e+03, -5.1259232338330571e+02
22, 3, -4.0855280588349274e+02, 1.2358463172593072e+03
22, 4, -9.9147919849001414e+02, -2.5793477433631970e+03
22, 5, 6.0156083365796053e+02, -6.2220727449832259e+02
22, 6, -2.5555954391260407e+03, -4.1476732725186594e+03
22, 7, 1.1622763491174483e+03, 1.8051458520184347e+03
22, 8, -2.3512061054866085e+03, -1.4445863265837879e+03
22, 9, 1.4376417256577349e+03, 2.8064561877088136e+03
22, 10, -3.3612649126716542e+02, 2.7530611380925570e+03
22, 11, 2.9391203304646479e+03, 1.8618784456936608e+03
22, 12, 1.7388698468209873e+03, -2.2444327932524479e+03
22, 13, -6.5052100601007203e+02, -8.9112612306641574e+02
22, 14, -1.7726186065450615e+03, -2.6539080881693758e+03
22, 15, -1.5902343637656274e+03, 1.5924660284630088e+03
22, 16, -1.8756391647554688e+02, -8.6961512218559983e+02
22, 17, -1.4226605809018920e+03, -4.8863428994021825e+02
22, 18, -2.6836089358727349e+01, 1.6704744910708857e+03
22, 19, -6.8349168871899337e+01, -2.6191774885162304e+03
22, 20, 2.9326740062079625e+02, -1.0606339836994005e+03
22, 21, -1.5689337468066917e+03, 7.4354234008659660e+01
22, 22, -1.7141405809856715e+03, -1.4685594166800806e+03
23, 0, -9.4411746827890738e+02, 0.0000000000000000e+00
23, 1, 1.2463599737948655e+03, 1.2022331932324018e+03
23, 2, 1.2348638682277337e+03, 2.6057214442012883e+03
23, 3, -9.9038779822491290e+02, 6.1966139453735957e+02
23, 4, 3.3096691831570761e+03, 7.5182097408221830e+02
23, 5, -1.8956200515661590e+02, 3.6260910655488817e+02
23, 6, 1.5737929277814580e+03, -8.3244465392551047e+02
23, 7, -2.3200436180091428e+03, -1.6848845392087337e+03
23, 8, -2.5314601821497799e+03, -1.6923706178971838e+02
23, 9, -2.8659627855305905e+02, -1.0451850681005685e+03
23, 10, 4.8385166164926636e+02, 4.0680876838443405e+03
23, 11, 2.9297800939053132e+03, -3.0141493519844771e+03
23, 12, 9.0371379914209183e+02, 3.0679491860814223e+03
23, 13, -1.4673682516316603e+02, -2.4940587207960689e+03
23, 14, -1.3192754211211879e+03, 1.7696410877048791e+03
23, 15, -7.0390709854349120e+02, 6.3362150713124811e+02
23, 16, 1.4455965874078181e+03, 2.0283610826600275e+03
23, 17, 6.8195450692023337e+02, 2.9160554489862902e+03
23, 18, -1.5294193812386993e+02, -3.1584187089966786e+03
23, 19, -1.0015070593378227e+03, 8.6166701094697214e+02
23, 20, 7.8837708939372988e+01, -2.0492335471494957e+03
23, 21, 9.7410578451981746e+02, 1.8596743050302794e+03
23, 22, -6.8434013744649587e+02, -2.8554053330883762e+03
23, 23, -7.4357735936208701e+02, 2.0635289623807266e+03
24, 0, 2.8259729618910378e+03, 0.0000000000000000e+00
24, 1, -3.2956864665559766e+02, -1.5590467841044751e+03
24, 2, 9.1870042654020540e+02, 1.3216452934266906e+03
24, 3, -4.4768436985059600e+02, -2.7417925608171336e+03
24, 4, 1.9316004119951231e+03, -7.1375082518570173e+02
24, 5, -3.1508604843709504e+03, -5.2156442144049572e+02
24, 6, -4.1746509439970794e+02, 1.8652291980275450e+03
24, 7, -7.8666667623524836e+02, 1.6611795688498560e+03
24, 8, 1.1533080788177833e+03, 2.1411262911073736e+03
24, 9, 5.5964435612948216e+02, 1.2330958079322427e+03
24, 10, 9.4659911802407350e+01, -3.0345150891908083e+03
24, 11, -2.5686424852008696e+02, 3.3685769901051935e+02
24, 12, 6.0231549359172504e+01, -1.1970708918978353e+03
24, 13, -2.1363157367221334e+03, -2.6981176815832825e+01
24, 14, -1.0954209415791566e+02, 1.1990424286118482e+03
24, 15, -2.1456566218116200e+02, 8.0667832015173167e+02
24, 16, 2.2854661668648369e+03, 4.0687429956651408e+02
24, 17, 4.0406715490879571e+02, -6.7862876136537614e+02
24, 18, 5.1075192544378274e+02, 5.6800153583930387e+02
24, 19, 1.6688903489511592e+03, 1.6700591005946928e+03
24, 20, 1.2453962175733666e+03, -1.5534951488400961e+03
24, 21, -1.2139051896537676e+03, 4.0083321287062813e+03
24, 22, 2.1575062019979387e+02, -2.4583909352283886e+03
24, 23, -2.5145367004502491e+03, 7.3854259131109848e+02
24, 24, 6.0356520907100821e+02, 1.0989527613927921e+03
25, 0, -8.1809263002086470e+02, 0.0000000000000000e+00
25, 1, 9.0780270723911099e+02, 4.2861607090438054e+02
25, 2, 2.9386011830090314e+02, -4.6914865719575664e+02
25, 3, 1.5405656054965996e+03, -2.0138842415465433e+02
25, 4, -1.1759557727244351e+03, -3.0908633354729750e+02
25, 5, 1.6957015698291746e+03, -1.7098705328073693e+03
25, 6, -2.9866489260979733e+01, 2.4861370058839175e+03
25, 7, 2.2930661748199145e+03, -5.9109821806063189e+02
25, 8, 2.3587938956179514e+03, -2.5033497386481258e+01
25, 9, 4.5566681727685199e+02, 8.2869302441562490e+02
25, 10, 2.7100714774067637e+03, -1.6950577293322356e+03
25, 11, 2.5574471049985959e+01, 1.1918128422304708e+03
25, 12, -1.4672147803202606e+03, 1.8249916731105338e+02
25, 13, -9.1605393426162777e+02, 1.0360033788566232e+03
25, 14, -1.5044124021942309e+02, 1.3212915072671842e+03
25, 15, 1.3147633501072373e+03, -1.9398798016706501e+03
25, 16, 3.5212377176404863e+02, -5.2033464238313888e+02
25, 17, -2.3498468381546754e+03, -3.8860362327287880e+03
25, 18, -8.0405189475404109e+02, -7.9469639678918293e+02
25, 19, -3.0081073711772660e+03, -3.7105945788389988e+02
25, 20, 3.7549223239141061e+03, 7.9293816212001627e+02
25, 21, -2.2238041143730866e+03, -2.0125559761251434e+03
25, 22, 2.3637951598568102e+03, 6.3894130705554812e+02
25, 23, -1.9205747835152133e+03, 4.9886545635462721e+02
25, 24, 3.2318118235484853e+03, 5.4206734339171430e+02
25, 25, 1.0561169295428067e+02, -1.0491784153684885e+03
26, 0, 1.8527545186732000e+03, 0.0000000000000000e+00
26, 1, -2.3680868545742005e+03, -6.6288677490621171e+02
26, 2, -1.5924574735957958e+03, 9.5895193560725693e+02
26, 3, -3.0511067987627853e+03, 8.1934403182063295e+02
26, 4, -2.0648754911717551e+03, 2.7584139325498363e+03
26, 5, 5.7895860677504891e+02, 3.2582019124921908e+03
26, 6, -8.1150724687702086e+02, 1.7455001601595432e+03
26, 7, 1.1085632728924779e+03, -2.0152060602069080e+03
26, 8, 2.4788057831521310e+03, -2.4432513105061776e+03
26, 9, -6.0152229311426368e+02, -2.5950383314682886e+03
26, 10, 2.0363535877019101e+03, -3.3103719237789824e+02
26, 11, -1.4899709525123217e+03, -1.2348090839868728e+03
26, 12, 5.8100536423030667e+02, 1.2548475556628132e+03
26, 13, 9.8059572574379752e+02, -4.7462856622527596e+02
26, 14, 9.3313147449956148e+02, -1.1551950202777355e+03
26, 15, 2.0989771086011939e+02, 2.3179571333084050e+02
26, 16, -2.9501741951493254e+03, -5.0945310836480672e+02
26, 17, 3.6263698224803693e+02, 6.7245377311140760e+02
26, 18, -1.1850015448620015e+03, 4.5396292762552293e+03
26, 19, -4.3805688597587005e+02, -3.0369617866813805e+03
26, 20, 3.3060392234146548e+02, 1.5886484084916458e+03
26, 21, -7.0224209919530063e+02, -3.7643117735006381e+03
26, 22, 4.8995211347716418e+02, 2.7076470796043068e+03
26, 23, -1.4311311779937364e+03, -4.1282225902248979e+02
26, 24, 1.7908481078746890e+03, 9.6115352461743760e+02
26, 25, 1.1291044102331764e+03, -1.7135443488251722e+03
26, 26, -5.5010231340219127e+02, 1.5744482539048461e+03
27, 0, 5.4500676760166289e+02, 0.0000000000000000e+00
27, 1, 6.6109406554616294e+02, -7.4956636340787304e+02
27, 2, -3.7206834400704298e+02, -2.0860314863407484e+02
27, 3, 4.6203336084981379e+02, 2.1065184620010932e+03
27, 4, 9.8349629166949103e+02, -2.1470614987102081e+02
27, 5, 4.2723134233441289e+02, 3.3531434555365922e+02
27, 6, -4.5614318736516611e+02, -1.3628192531401776e+03
27, 7, 1.0046553561125919e+03, 1.0400891633612048e+01
27, 8, -9.8277698724807897e+02, -1.1674368762296112e+03
27, 9, -2.1313797985750334e+03, -2.7789338526444794e+02
27, 10, -3.0832936689415674e+03, 4.8679560343812892e+02
27, 11, -5.6225396908412904e+02, -1.7469082065656239e+03
27, 12, -6.3769234858252435e+02, -1.4781772593450050e+01
27, 13, 4.7372259302507206e+02, -7.1062475499328298e+02
27, 14, -1.6154890154403643e+03, -6.5607088097757446e+02
27, 15, -9.7540613360594375e+02, -1.2682999047596189e+02
27, 16, -1.4100258019730652e+03, 2.3834656261884993e+02
27, 17, 1.5262488859334694e+03, -1.7464655181630746e+02
27, 18, -7.4186827015217318e+02, 8.1457836525979928e+01
27, 19, 2.9336707634994609e+03, 1.0831752840970423e+03
27, 20, 3.6355582408703299e+02, -7.1690047293048906e+02
27, 21, 6.3575527650736035e+02, -1.0391526507485673e+03
27, 22, -1.3894797299613026e+03, 1.7311652620812092e+03
27, 23, 5.9191832725642087e+02, -3.9362337846634955e+02
27, 24, -6.3042064853202874e+01, -1.4149311711714054e+03
27, 25, -7.3822737186379550e+02, -2.4017233321378435e+03
27, 26, -2.0870172134149998e+03, -1.8352325033176157e+02
27, 27, 2.7935940676815990e+03, -4.8770026447468558e+02
28, 0, 2.8490837745665635e+02, 0.0000000000000000e+00
28, 1, 5.3076893923487046e+02, 6.0082158541237072e+02
28, 2, 8.6983724276980911e+02, 8.4331637242292572e+02
28, 3, 1.3724271246052572e+03, -3.5387942788360078e+01
28, 4, 3.1647553585105898e+03, -1.8422650784499820e+03
28, 5, 5.6487253544485759e+02, -2.4829872441492075e+03
28, 6, 1.7735958228215136e+03, -1.0088321836733960e+03
28, 7, 2.2517800297911549e+01, -1.3526888749846735e+03
28, 8, -5.4760725987280262e+02, 9.5645723109578080e+02
28, 9, 9.2220234641613320e+02, 1.2459528547860075e+03
28, 10, -7.2522335344408191e+01, 1.7699879218123485e+03
28, 11, 1.7085921042548457e+03, 1.0691498134829867e+03
28, 12, 1.0742490149683083e+03, 5.8222862032610556e+02
28, 13, -8.8663791873655873e+02, -9.0939105363115652e+02
28, 14, -1.2333563711036084e+03, -5.8414881425762985e+02
28, 15, -7.7073220415809089e+01, -1.5076617649874601e+02
28, 16, 7.3910699364730635e+02, -6.2114623329428991e+02
28, 17, 2.7279626815955967e+03, 4.1866638496826977e+02
28, 18, 1.0535908157419342e+03, -2.2148693688389349e+03
28, 19, 3.2387629385961395e+02, -6.4235119451946377e+02
28, 20, -1.0133672459728803e+03, -1.8781340533289667e+03
28, 21, 2.2867526186404116e+03, 1.2006198048829624e+03
28, 22, -1.9224144891765566e+03, 3.9428784222657401e+02
28, 23, 2.2904907166242292e+03, 1.9150712049696847e+02
28, 24, -2.3896282448911570e+03, 1.1367726583429658e+03
28, 25, 1.5872803878491845e+02, -9.2986509551049289e+02
28, 26, -8.6242418533212708e+02, 1.3536107056540923e+03
28, 27, 1.2564463256281447e+03, -5.5189727049612202e+02
28, 28, -4.0617799910621272e+02, -2.8609392339324413e+03
29, 0, -1.7402171048274477e+02, 0.0000000000000000e+00
29, 1, 1.5126040024832150e+03, 1.4998564536770318e+03
29, 2, -1.5624949619980341e+03, -2.7319612986563419e+02
29, 3, 4.1710799167056513e+02, -7.2418680743450659e+02
29, 4, -1.7096378050564308e+03, -1.4447885892910726e+03
29, 5, -5.8278110622581164e+02, -1.4092608166028722e+03
29, 6, -9.8364355267488372e+02, -1.6096432249700210e+03
29, 7, -7.9791636402607787e+02, 6.4436548048000589e+02
29, 8, 3.5603527250694583e+01, 6.0169880170323225e+01
29, 9, -3.5758879615687090e+02, 5.3294326991281287e+02
29, 10, -2.9572296014681001e+01, 1.4252912712297596e+03
29, 11, -3.5544490126663243e+02, -6.9838264943751960e+02
29, 12, 5.1497418596417197e+02, 4.1832822663437440e+02
29, 13, -3.3400131503845131e+02, 2.7323829345113745e+02
29, 14, 2.0535377023544274e+03, 5.1209890918388544e+02
29, 15, -8.7671529744478903e+02, 9.1615228856103556e+02
29, 16, 1.5506948050751130e+03, -4.4667076931792161e+02
29, 17, -1.1376144503184635e+03, 1.0988274987987461e+02
29, 18, 1.1882051872424354e+03, -7.8549824113056616e+02
29, 19, -6.9823249774535998e+02, 3.1369392498805166e+02
29, 20, -9.2746986896958140e+02, -1.3752066570678621e+03
29, 21, -9.2597195118988179e+02, -1.7157360450287979e+02
29, 22, -1.0645191327714151e+03, -7.7181995870537287e+02
29, 23, 9.0255669627707300e+02, 1.5005497522794262e+03
29, 24, -1.5221810554582682e+03, -1.7346439376900498e+03
29, 25, 1.8897833508300844e+03, 6.7408833424377121e+02
29, 26, 8.0867397952054830e+01, 1.8345342493144785e+03
29, 27, 2.5759184630350510e+03, 4.2691170986198438e+02
29, 28, -5.5014945261708476e+02, 1.2717447756716706e+02
29, 29, -8.4693784993751228e+02, 4.0683105872556109e+02
30, 0, 8.0204631494913974e+02, 0.0000000000000000e+00
30, 1, -3.3005920593471478e+02, -2.6980565894850679e+02
30, 2, -3.7222961265847744e+01, -6.7349823985669639e+02
30, 3, 2.8567087442275079e+02, 1.1077280059946493e+03
30, 4, -6.3667674513092061e+02, -4.2784175322425881e+01
30, 5, -1.2231376239969154e+02, 9.8828710688917477e+02
30, 6, -1.7730010597595058e+03, 1.2475994017904241e+03
30, 7, -1.2388074138747245e+03, 8.2864047759295727e+02
30, 8, 7.7044215192005151e+02, -7.3357904069455731e+02
30, 9, 5.8286475041485107e+02, -1.8002207271621041e+03
30, 10, 1.2898985353399507e+02, -3.9889928773874226e+02
30, 11, 4.4039791445237631e+02, -1.2986872911897422e+03
30, 12, -1.2504065949337578e+03, 1.7486907199560790e+01
30, 13, 3.9453680817250660e+02, 9.8159328168217667e+02
30, 14, -1.0021207090661353e+03, 2.4812193323534675e+03
30, 15, 8.5839525597601232e+02, -4.1291954420089127e+02
30, 16, 1.7382903333056809e+03, 1.2204596739714329e+03
30, 17, -8.9866183152845508e+02, -1.8475509801064463e+03
30, 18, -7.8242045537831973e+02, 1.1270249708012088e+03
30, 19, -3.0844414180704557e+03, -8.2324772364768842e+02
30, 20, -3.1567978757394559e+02, 2.1447670264495082e+03
30, 21, 7.4719864369684456e+02, -7.4156047648946583e+01
30, 22, 1.1189002066975968e+02, -1.6734986638595494e+03
30, 23, -1.1753469379782284e+03, 9.8853372097018473e+02
30, 24, 1.4448346591311345e+03, -1.5193542309286840e+03
30, 25, 1.1912522084289833e+02, 1.6798084410692729e+03
30, 26, -2.4472007393098102e+02, -1.4691863528463559e+03
30, 27, 1.8273036659134652e+03, -1.5222869787425032e+02
30, 28, -1.5235166244319582e+03, -8.3870152194233242e+02
30, 29, 1.1884750992578846e+02, 1.6804591850544653e+03
30, 30, -9.7702644522438561e+01, -9.8342818182492340e+02
31, 0, -1.0250765555691413e+02, 0.0000000000000000e+00
31, 1, -5.8629819010324468e+02, -1.2264919806780500e+02
31, 2, 3.6824443319645746e+02, -1.2921433723048262e+03
31, 3, -8.9309871965186176e+02, 1.7200436978880055e+02
31, 4, 4.4306461970991631e+02, -3.5592380084612608e+02
31, 5, 9.0432705297981443e+02, 5.6985263796682602e+02
31, 6, 1.0021504464825391e+03, 1.1536409837139627e+03
31, 7, 1.8334216435429603e+03, -3.7552594498001349e+02
31, 8, 4.7328836100903703e+02, 1.3151480229509798e+03
31, 9, -7.3328930596995895e+02, -8.4769401793638053e+01
31, 10, -5.6036394227510414e+02, 1.2064822480921293e+01
31, 11, -1.5304886224959318e+03, 9.0764324102714977e+02
31, 12, 7.8699698348926404e+02, -1.5347338736698027e+03
31, 13, -2.1602143203879052e+02, 4.0683329748863662e+02
31, 14, -8.4638572818681610e+02, -1.6127839630438407e+03
31, 15, 1.0030047024075416e+03, -6.2143891370993913e+02
31, 16, -6.1327379635664022e+02, 3.9150890627006578e+02
31, 17, 4.5686752872319568e+02, 7.9074490521400276e+02
31, 18, 1.6138656331321900e+02, -9.0334143423066303e+02
31, 19, 7.0874994994564076e+01, -9.4968503249303865e+01
31, 20, 1.8384128728327978e+03, 8.2992953946273292e+02
31, 21, -1.1821345480823743e+03, 6.0544985663688260e+02
31, 22, 1.4915352350885191e+03, 3.0793569348477729e+02
31, 23, -1.7173335576159711e+03, -1.6109870788432313e+03
31, 24, -1.1400164368980868e+03, 5.8664827899584282e+02
31, 25, -4.1426260339965364e+02, 4.5933928852880649e+02
31, 26, 8.5760656622379463e+02, 4.7493030083945490e+02
31, 27, -3.0914207441235317e+02, -1.3968048666551863e+02
31, 28, -1.8951566765353791e+03, -3.3038516845230133e+03
31, 29, -2.2552593264611528e+02, 1.7718572016546859e+03
31, 30, 2.0385105860417897e+02, 6.5121358853041443e+01
31, 31, -2.7824556631917303e+03, 2.1890949511795975e+03
32, 0, 3.2773864384913747e+02, 0.0000000000000000e+00
32, 1, -1.1370608157667807e+03, -3.4903602065752739e+02
32, 2, -6.3050402248103592e+02, 9.7521556142764848e+02
32, 3, 8.7016873112747817e-01, 1.7410439904724271e+03
32, 4, 8.2392954826851769e+02, 3.1780704972497654e+02
32, 5, 3.4944842974070082e+02, -8.5201900380362258e+02
32, 6, 7.7279748480107469e+02, -1.1007203992080454e+03
32, 7, 3.4373934125115898e+02, -1.4390545172456486e+03
32, 8, -8.3098418114961237e+02, -5.8138110389370058e+02
32, 9, 8.1559896954837870e+02, -8.0761560043022621e+02
32, 10, 6.3277936023820166e+02, 1.3912971853751458e+03
32, 11, -9.4149172951207981e+02, 1.6540683943444656e+03
32, 12, 4.6882134328399349e+02, 1.1500005528807001e+03
32, 13, 6.9621394080464700e+02, -5.0147732743378594e+02
32, 14, 4.8994616753989067e+02, -3.0049043194589399e+02
32, 15, 1.0028346941029863e+03, -4.9833061263432415e+02
32, 16, -1.9526148618678726e+03, -8.4657287579473291e+02
32, 17, -2.3104834921841260e+00, 3.6799525725824077e+02
32, 18, -1.3392890788087084e+02, -2.6104688299564907e+02
32, 19, 1.0400938086548229e+03, 6.3206636795592806e+02
32, 20, -9.8390912096137629e+02, -1.3597976595564722e+02
32, 21, 8.1508465512404314e+02, -7.6429407595035241e+02
32, 22, -9.8332311289098845e+02, -8.0936709692861041e+02
32, 23, -9.3553015247713245e+02, 1.5363187704812681e+03
32, 24, -2.2272980011723098e+02, 2.1444259158514035e+02
32, 25, -4.6898341327481785e+02, 5.7531032487156733e+02
32, 26, 3.8512935100413330e+01, -2.8603698564750511e+02
32, 27, -1.2255600288996905e+02, 1.1269560645230359e+02
32, 28, -9.0257018024984097e+02, 3.6154320528107951e+02
32, 29, -1.4972723024935076e+03, 7.0639188851890640e+02
32, 30, 9.5498466876312204e+02, -3.4178729162422246e+02
32, 31, 5.4362889059728525e+02, -3.3768166531058642e+02
32, 32, 1.1393051097134958e+03, 1.5457499890366389e+03
33, 0, -8.7704252106135903e+02, 0.0000000000000000e+00
33, 1, 6.8641655145011487e+02, 1.9157530006085278e+02
33, 2, 1.5693051436519880e+02, 4.6400130347711229e+02
33, 3, 1.0009098436857721e+02, -1.1446495383321585e+03
33, 4, 1.1467876768343474e+03, -3.8143796584777652e+02
33, 5, -7.4301722120532645e+02, 8.6496691608474794e+02
33, 6, -3.7871026878052237e+02, -7.0246874061935841e+01
33, 7, -4.9990510982803613e+02, 1.0000497358892699e+03
33, 8, 6.3679126956283380e+02, -1.0284162341498140e+03
33, 9, 1.1916624798953064e+03, 9.0055874611018078e+02
33, 10, 5.9024357873628173e+02, -3.7232848355241902e+02
33, 11, 1.2880184879419851e+03, -7.9631893627620218e+02
33, 12, 2.7687377953120586e+02, -9.6358266194573264e+02
33, 13, -1.0203053914926998e+03, 5.3270566248785165e+01
33, 14, 4.8249354626141059e+02, 4.4586275405825927e+02
33, 15, -1.3248563918309019e+03, 5.0714641569168276e+02
33, 16, 6.0650521442205672e+02, -3.7454736986367288e+02
33, 17, 5.2768704252552311e+02, 7.0218983542212209e+02
33, 18, 1.3358847567887449e+02, 6.3491353548425394e+01
33, 19, 3.0391329440935124e+02, -1.2196565752730999e+03
33, 20, -1.3325916341245045e+03, -7.7549168621327510e+02
33, 21, -9.7688631443133045e+02, -6.6546012163144815e+02
33, 22, -4.3631208580357736e+01, 2.7259385058319788e+02
33, 23, 8.2686415679355093e+01, 1.4585047738439198e+02
33, 24, 2.0610632510143669e+03, 2.1746495488060982e+03
33, 25, 2.0966948777176149e+03, -1.0664441093790447e+03
33, 26, 4.2372641667009884e+02, -1.3836325833123353e+03
33, 27, -1.4708252826883313e+02, 1.4822863907185865e+02
33, 28, -1.0335928877438016e+03, 9.3751092200535356e+02
33, 29, 5.5668145115100106e+02, 1.0041768809742298e+03
33, 30, -5.5427489629786112e+02, 2.2126734159208365e+02
33, 31, -9.7697767420449907e+02, -2.9689794810150249e+02
33, 32, -2.3134425883997523e+02, -1.9073966234101049e+03
33, 33, 1.2456326041689681e+03, -1.8142756596575991e+03
34, 0, 9.2244894344786303e+02, 0.0000000000000000e+00
34, 1, -9.6810232526687685e+01, -1.3595113204401190e+02
34, 2, -8.9467166621052877e+02, -4.7138529051266971e+02
34, 3, 9.5617482834800489e+02, 2.9083078910489610e+02
34, 4, 2.1532868892479638e+02, -9.8239510552930597e+01
34, 5, -6.8954162822838509e+02, 1.3959759178692846e+02
34, 6, 3.0691074036003890e+01, 9.6694255007358015e+02
34, 7, -1.2374445783814631e+03, 8.2645583212053521e+02
34, 8, 8.9395384794382991e+01, 1.5937095134807473e+03
34, 9, -1.2879157667285035e+03, 1.1683583162775849e+03
34, 10, -5.1615916559199741e+02, -4.6673603893547624e+02
34, 11, 1.1944984044564333e+03, -2.5941135700864606e+01
34, 12, 1.7890264509041265e+02, -7.1075984850500504e+02
34, 13, 1.0155907597261905e+03, -1.6171738124973972e+03
34, 14, 6.5680987293388455e+02, -1.1316316610131371e+03
34, 15, -1.1259441172633694e+03, -2.2219528688865103e+02
34, 16, 4.9998414071928983e+02, 2.2446667302339924e+02
34, 17, -4.3605998470761847e+01, 1.5517244291076832e+02
34, 18, -1.4678218470753063e+02, -2.4018187615378872e+02
34, 19, -2.4151899605436043e+02, 5.0318258904743902e+02
34, 20, -1.5196364117025807e+03, -2.0598361539981119e+02
34, 21, -5.7048260273051869e+02, 1.8861274071157654e+03
34, 22, 7.1504935037867926e+02, 1.1494282408200449e+03
34, 23, 1.3552721294054140e+02, -4.2051794626709778e+02
34, 24, 1.2978547349248579e+03, -7.7759007230518603e+02
34, 25, -7.3042963640272728e+02, -1.3184412329400157e+03
34, 26, -4.1179524348796917e+02, 5.2429814925289861e+01
34, 27, 2.3626025892349617e+02, 2.3168325953013448e+02
34, 28, 7.0532993275050467e+02, -5.9367332074106150e+02
34, 29, 1.3553055331417340e+02, -9.1886675271403169e+02
34, 30, 5.3100914820657636e+02, -1.5844920408592172e+03
34, 31, -1.7390570817052087e+03, 4.2149946550971583e+02
34, 32, 1.2934581545976803e+03, 1.0177809647967904e+03
34, 33, -1.8218028707018045e+03, -2.6907332520144416e+02
34, 34, 4.9506881706479044e+02, 1.0542389577478270e+03
35, 0, -6.5847217103406678e+01, 0.0000000000000000e+00
35, 1, 2.7713871026513016e+02, 1.3049487722204531e+03
35, 2, -1.0141357771217829e+03, 1.8619092734292678e+02
35, 3, 9.4770103651510965e+02, 7.1340423759353166e+02
35, 4, -4.5787137580885428e+02, 5.8630747975717043e+01
35, 5, 1.6425806782765992e+03, -9.6254184210562835e+02
35, 6, 1.2972449265457649e+03, 1.2549794553761899e+03
35, 7, 3.1509058788006826e+02, -1.3611957587821034e+03
35, 8, 1.2504418132392475e+03, 5.7809817723993456e+02
35, 9, -4.3738943521608803e+02, -6.4061119446376892e+02
35, 10, -1.5625775366163805e+02, 1.6061543296659238e+01
35, 11, -1.1847548678880653e+03, 7.8968784596463661e+02
35, 12, -1.1715652765796490e+03, 5.2576035417907940e+02
35, 13, -1.1597097609363104e+03, 3.7168609389494998e+02
35, 14, 8.8708227108375638e+01, 1.4013660142754002e+03
35, 15, 2.9653643655475651e+02, -8.4796128670277938e+02
35, 16, -1.9326139700623457e+01, -3.8013874433883814e+02
35, 17, -4.2825060261506030e+02, -1.5076508589992959e+03
35, 18, -2.5009622612010821e+02, -4.7470299560042071e+02
35, 19, -1.6029438872410292e+03, 1.8168382631563890e+02
35, 20, 2.1482606817567580e+02, 8.7762603034020378e+02
35, 21, -5.2845873707001147e+01, 8.1128953118025288e+02
35, 22, 7.7033783231302414e+02, 2.1686719006317207e+02
35, 23, 1.1290354530183231e+03, -9.6532711822722376e+02
35, 24, -5.0889384332959639e+02, -6.9021945047903239e+02
35, 25, -4.8177715515734235e+02, -3.8462129583267534e+02
35, 26, -4.3505461832078066e+02, -6.1738810027772195e+02
35, 27, -1.1466828499875292e+03, 9.7754822215666991e+02
35, 28, 1.1836226184685161e+03, 3.1149201398492102e+02
35, 29, -1.2988773795141656e+03, -1.3374029103775310e+03
35, 30, 2.3474438402118938e+02, -9.0525978288065369e+02
35, 31, 1.1291423892994007e+02, 7.1627496213919244e+00
35, 32, 1.9744219384340538e+03, 2.1676506701539784e+03
35, 33, -1.0686069635237679e+03, -1.6080554300903136e+03
35, 34, 6.9036053742787840e+02, 3.4900031185535008e+03
35, 35, 4.3420573651867755e+02, -7.9531142478947856e+02
36, 0, 5.3887080094878252e+02, 0.0000000000000000e+00
36, 1, -6.6042254689719630e+02, -3.0037079100043843e+02
36, 2, 7.3083752319462974e+01, -6.0725303309349636e+02
36, 3, -1.1280983437155778e+03, 7.2798848797379037e+01
36, 4, 7.7548172541808640e+01, 3.7545802614728501e+01
36, 5, -1.5731599757996980e+02, -2.9798062971345875e+01
36, 6, -3.6118057018359468e+02, -2.5144514272262887e+02
36, 7, 2.2012032138069226e+03, -4.5078809735739389e+02
36, 8, 3.4974911283334200e+02, -6.9133138240515154e+02
36, 9, 1.7091416920294466e+03, -1.0219794791365991e+03
36, 10, 9.8894360656650110e+02, -8.6540303835947770e+02
36, 11, -5.6925142466891930e+02, -1.1702801331044735e+02
36, 12, 9.9960439358084432e+02, 6.3998655380814944e+02
36, 13, -3.1356241057565200e+02, 1.2980052675262232e+03
36, 14, -2.5596270328495223e+02, 9.6163323642715369e+01
36, 15, 2.7137860826684232e+02, 2.8240021511523878e+02
36, 16, -9.9217282545509988e+00, -2.2921259905895465e+02
36, 17, -4.5822952367235098e+02, -6.1548272511908851e+02
36, 18, -3.2549541342231720e+01, 5.3951775098011115e+02
36, 19, -9.1152101481617638e+02, 3.0689897873837680e+02
36, 20, 4.8334598412646869e+02, 1.2580829757438551e+02
36, 21, 5.8984668762600279e+01, 1.9777904443965153e+02
36, 22, -9.0736685185508463e+00, -3.4800172457698818e+02
36, 23, -1.8640732645390653e+02, -2.3639994990270208e+02
36, 24, -1.1176434441298113e+03, -6.4899242716490699e+02
36, 25, -4.2500106209133151e+02, 1.2727602496796701e+03
36, 26, 7.1931460339132809e+02, 1.7487605590653286e+03
36, 27, 7.6445216675058555e+02, -6.7378896267430889e+02
36, 28, 3.7588249638673943e+02, 7.1708920958472891e+02
36, 29, -1.0850490784685494e+03, 1.4940388137732748e+02
36, 30, -1.5199771288677639e+03, 1.1717700382124442e+03
36, 31, -7.3491046059334019e+02, -7.2838391076391076e+02
36, 32, 1.5869876272159865e+03, 2.7787094490096530e+02
36, 33, 1.6537937771173038e+03, -1.7853471157944489e+03
36, 34, -8.8538023883735764e+02, 3.9085730513987539e+02
36, 35, 1.6054547200950390e+03, -1.4177966842458668e+03
36, 36, -4.4938787769880844e+02, -3.0733561569931499e+02
37, 0, 8.9308789793549067e+01, 0.0000000000000000e+00
37, 1, -1.8082046692097890e+02, -6.2677417097533612e+02
37, 2, -7.6164534296752049e+02, 2.5425804872482530e+02
37, 3, 1.7017961059521565e+02, 6.8571832478854242e+02
37, 4, 1.0525654882003687e+03, -7.1421073991432604e+02
37, 5, -3.9095323059603180e+02, 9.5528715405923151e+02
37, 6, -1.4677630821061700e+03, -1.4175637482943589e+03
37, 7, -1.4358135291914602e+03, -2.2712207156604728e+02
37, 8, -2.2795650499934900e+03, -1.6289061471789855e+03
37, 9, -1.1488103348227064e+03, -4.9402248661945362e+02
37, 10, -4.4384812663299925e+02, 1.3399623856790952e+03
37, 11, -4.3415349536466505e+02, 1.6374616268553910e+02
37, 12, 9.9823148894149926e+02, 9.8660013033289192e+02
37, 13, 1.4372521810732128e+03, -1.0811966427064515e+03
37, 14, 6.1018644178908664e+02, -5.5589704606183250e+02
37, 15, -1.8616769723521230e+02, 5.7765572803719670e+02
37, 16, -1.1140681700580637e+02, 1.8302640596070688e+02
37, 17, 3.1935040302876422e+02, 5.6642266231623944e+02
37, 18, 1.6345897086157379e+01, 1.9339474315343980e+03
37, 19, 1.5198522058826147e+03, 3.0216419828699998e+01
37, 20, 1.4953232245036338e+02, 1.8837917261978419e+00
37, 21, 1.3708200823104471e+02, -7.5717245834308892e+02
37, 22, -3.8549661398444778e+02, 3.6845723258125759e+01
37, 23, -8.9287455906657897e+01, -2.5968792162566240e+02
37, 24, 1.1364430070580140e+03, -7.6903275979619821e+02
37, 25, 6.5851388730637859e+02, 3.2350584251449328e+02
37, 26, -8.9883692477407726e+02, -9.3072998293479623e+02
37, 27, 4.8065928126505412e+02, -4.5539963400486749e+02
37, 28, -5.8625685835523132e+02, 3.0325090690107995e+01
37, 29, 4.5593995118820675e+02, -4.9730884899597095e+02
37, 30, 2.4983228894717382e+02, 2.6221767164742805e+03
37, 31, 6.6496554815220611e+02, -6.5668375368433772e+02
37, 32, -1.2138006559753669e+02, 2.1386933598418238e+02
37, 33, -1.3381707414551529e+03, -1.5754315510077429e+03
37, 34, -1.3310063472927361e+03, 1.6350741775208627e+02
37, 35, 8.4346804437792639e+02, 4.4817865099419703e+02
37, 36, -1.5044819679017169e+03, -1.0243409588605448e+03
37, 37, -4.2083468764879819e+02, 7.6604380301083108e+02
38, 0, -1.1698588282388544e+03, 0.0000000000000000e+00
38, 1, -1.2620181901290885e+03, 6.1426494130368053e+02
38, 2, -1.2264199576379351e+03, 1.3214296880984302e+03
38, 3, 5.1253439659496735e+02, -1.3924286914204899e+02
38, 4, 9.5634487401501588e+02, -1.6739987152159017e+02
38, 5, 7.9200905726390613e+02, 1.0860874044263748e+02
38, 6, 1.6125452281800258e+03, 4.8864607603226671e+02
38, 7, 1.2152547643811735e+02, 1.1164067550562891e+03
38, 8, 4.5297152377641220e+02, 8.8436510491351578e+02
38, 9, -1.0949927618217287e+03, 8.5795410187043205e+02
38, 10, -9.1375898800313973e+02, 2.5805773606368530e+02
38, 11, -4.2665423192998770e+02, -5.0956425280206770e+02
38, 12, -9.3810375893255554e+01, -2.5713220831727676e+02
38, 13, -2.0270919233512254e+03, 5.5262864386686374e+01
38, 14, -7.4793506537563030e+02, 7.6428969319145085e+02
38, 15, -2.9940063801787181e+02, 2.6473799027863873e+02
38, 16, -2.3593623821625874e+02, 4.9958784293666952e+02
38, 17, 8.2008848263465097e+01, 7.2679517640777794e+02
38, 18, -3.3495842125041156e+02, -1.3983040117170385e+03
38, 19, 4.4397213500018347e+02, -1.2076268501515306e+03
38, 20, -1.1337838583822936e+03, 1.1176352557036088e+02
38, 21, -6.1487262745239661e+00, -1.2517464687363071e+02
38, 22, -1.8024321482048015e+02, 1.9324891658514268e+03
38, 23, -3.3458072509219500e+02, -4.5997551974846021e+02
38, 24, -3.0290814685594137e+02, 3.0820078173844598e+02
38, 25, 1.4439505140238865e+01, 2.7457231488880211e+01
38, 26, 1.5619297711161992e+03, -5.3879805912987524e+02
38, 27, -2.2767179025264809e+01, -5.8871765499852427e+02
38, 28, -1.5654277503260787e+03, -9.2516505774868301e+02
38, 29, 6.7537066383214187e+02, 2.0807344219577531e+03
38, 30, -2.9531141154349950e+02, -2.9725764032449774e+02
38, 31, 2.0901820506623626e+03, -6.2612704896157368e+01
38, 32, -5.8270502749718355e+02, 5.1717948614786133e+02
38, 33, 3.6212542203177367e+02, -4.3049093863053747e+02
38, 34, -1.9678471151320871e+03, 1.7522877187658794e+03
38, 35, -7.9084161801948767e+01, -6.5380801385193763e+00
38, 36, -1.4634736705277705e+03, -1.3560440119829746e+03
38, 37, -2.5066957327434346e+02, 2.1145983176349928e+03
38, 38, 3.0067499231368902e+02, -4.5031097170569069e+02
39, 0, 1.2144811277467445e+03, 0.0000000000000000e+00
39, 1, 8.7430881551266930e+02, 9.7188407450457476e+01
39, 2, 2.7937248496633924e+01, 1.2212331248770388e+03
39, 3, 2.3254824650393795e+02, -2.7216908474649199e+02
39, 4, -5.6372820850050539e+02, -5.6920315067411792e+01
39, 5, -1.1972281716177736e+03, -2.4369759935769162e+02
39, 6, 2.2146642856743239e+02, 5.4947938518652427e+02
39, 7, -3.0645583092531672e+02, -6.2269081379145632e+02
39, 8, 1.3484004352072982e+03, 4.9396878526852140e+02
39, 9, 1.4544642336298002e+03, 4.0571835340470466e+02
39, 10, 4.2468324643812230e+02, -1.3131094384396317e+02
39, 11, -1.6663962462950747e+02, 8.3144573044142521e+02
39, 12, -7.1243811662909002e+02, -1.0467863563278794e+02
39, 13, 2.6016784985250473e+02, -5.7329445269724613e+02
39, 14, -6.9370126769088995e+02, -2.1436211639463781e+02
39, 15, -1.6295627038266116e+02, 1.0459625298199426e+03
39, 16, -1.7622476251323607e+02, -1.8421063387727719e+02
39, 17, 4.8804870937709910e+02, 7.2415780991655299e+02
39, 18, 3.2724451579224819e+02, -1.2891671790121300e+03
39, 19, -3.8378260571821556e+02, 1.1125594849360521e+03
39, 20, -5.4532790517952515e+02, -6.3609626002400125e+02
39, 21, 4.3586152467535561e+02, -8.2155848053390628e+01
39, 22, 7.8507599253940953e+01, -4.3602136066332247e+02
39, 23, 1.0670959753467896e+03, -2.6549293475892807e+02
39, 24, -1.7947964912293291e+03, -9.1583460095483133e+02
39, 25, -1.0478914177868312e+03, -2.7154494354580811e+02
39, 26, -6.9780868049783885e+02, -4.7062465563701984e+01
39, 27, -7.2662585175384720e+01, 3.5540089796339657e+02
39, 28, 8.5926014854348432e+02, -1.5026692977546595e+03
39, 29, -3.2602079052576931e+02, 7.2232833131309872e+02
39, 30, -2.9149347632487957e+02, -1.6736408186076671e+03
39, 31, -5.0500316737201842e+01, 3.5750173731570612e+02
39, 32, -1.1655817448693822e+03, -1.5408678661834722e+03
39, 33, 1.0507992362778573e+03, 5.6182176694399766e+02
39, 34, 4.4751771358205946e+02, -1.3942046606158323e+02
39, 35, 5.0756390967684797e+02, 1.0320540613674575e+03
39, 36, -2.4114490781105172e+02, -4.1412121149496357e+02
39, 37, -6.3065007387538526e+02, 9.2881686762377831e+02
39, 38, 1.3825700545170064e+03, -5.3629949135969127e+01
39, 39, 5.1090839041228207e+01, -2.3436852196306404e+03
40, 0, -2.7102388878909954e+02, 0.0000000000000000e+00
40, 1, -7.4199907634769738e+02, 3.4853956634066428e+01
40, 2, -1.8987849196463182e+02, -1.4777978991104151e+03
40, 3, 9.6113113316515035e+02, 2.5597232806788332e+02
40, 4, -1.9898898189194574e+02, 3.3745103559044986e+02
40, 5, 5.9146464330292656e+02, 2.1800057246986296e+02
40, 6, -1.6069218501946609e+03, -8.5962527254760005e+01
40, 7, -5.2559220676159816e+02, -9.3546274706441523e+02
40, 8, -1.2093233581901704e+03, 3.5550702060636308e+02
40, 9, 1.4385676720210199e+02, -5.1032005224805982e+02
40, 10, 5.5550162854142013e+02, 4.9942210143528916e+02
40, 11, 1.2655750264884796e+03, 6.3294658381203192e+01
40, 12, 1.6860105523516867e+02, 3.1711258953978961e+02
40, 13, 6.9776405322920334e+02, 7.5151028643781137e+02
40, 14, 4.4056353106836599e+02, 7.3463794163413149e+02
40, 15, -5.3282536083853313e+02, 7.7247348009677410e+01
40, 16, 7.5505058994002263e+02, 1.4964268818318604e+02
40, 17, -1.0789419290426808e+03, -1.2239691498260140e+02
40, 18, 1.3535555385183152e+03, 1.3819227722456649e+03
40, 19, 9.4047100545271860e+00, -1.9236789800475719e+01
40, 20, -2.2414052165272878e+02, 1.4795898171093464e+02
40, 21, -6.1446277780988282e+02, -1.2539508786855885e+02
40, 22, 8.1105601328131706e+02, -7.7262011110968831e+02
40, 23, 4.1793422412802488e+02, 2.9593577521552919e+02
40, 24, 8.1394359985059464e+02, 7.1127969112831647e+02
40, 25, -6.1521532573505442e+02, 3.6695937394095171e+02
40, 26, 5.9981869575300061e+02, 1.3174694178750351e+03
40, 27, -1.8027428394792853e+01, 6.9802338501877685e+01
40, 28, 6.5782773871528934e+02, 7.9819366431275125e+02
40, 29, 7.0625108203073057e+02, 1.4874878617358718e+02
40, 30, 5.0502715175109051e+02, 7.1063992608156184e+02
40, 31, -1.2223092534566108e+03, -3.9073542336288983e+02
40, 32, 1.6290798824458170e+02, -2.8987796555640722e+02
40, 33, 3.3331339362825702e+01, 7.5054551094613100e+02
40, 34, 3.0350347239890675e+02, -1.1338230034940204e+03
40, 35, -9.6323013213075274e+02, 1.7516075124882059e+02
40, 36, 1.0616678912202377e+02, -9.6528435769532734e+01
40, 37, 3.1031168037268725e+02, 7.1991416324013653e+02
40, 38, 7.6497270692959125e+02, -5.3942446806695187e+01
40, 39, -5.3727908634666278e+02, -2.5073488340900067e+02
40, 40, -2.3114176528742205e+03, 6.6777056100789321e+02
41, 0, 5.0217645967647377e+02, 0.0000000000000000e+00
41, 1, -8.4520029517025387e+02, 9.4045636620573191e+01
41, 2, -1.0091477483953212e+03, -1.2892922025571522e+03
41, 3, -3.3627990532673766e+02, 4.5513525950853506e+02
41, 4, -2.3369536105660396e+02, -4.5849340318508450e+02
41, 5, 1.1425036313400801e+02, 1.4377330103797358e+03
41, 6, 4.1615446893568907e+02, 1.1082867233724182e+03
41, 7, 3.4507342064562181e+01, 1.4505272838312321e+03
41, 8, -5.8933232729316046e+02, -1.9529512905224504e+02
41, 9, -5.5943892360467748e+02, -3.0633676793759264e+02
41, 10, -9.9918526514552309e+02, -6.5400189134857487e+02
41, 11, -1.1969596149956769e+02, -5.1097404219531541e+02
41, 12, -6.0407728533193517e+02, -2.9527878590957209e+02
41, 13, 4.3449866570325037e+02, 4.9525704541422789e+02
41, 14, 9.6506253396298234e+02, -2.4708606504593831e+02
41, 15, 6.4436910697123676e+02, -1.0874903283887616e+03
41, 16, 8.3978827711863755e+02, 2.5008768013125837e+02
41, 17, -5.5093303650951377e+01, -1.6132073357390400e+03
41, 18, -8.3943981884178925e+02, 1.0785129236915354e+03
41, 19, 1.0960640539348329e+02, 6.1864518686908423e+02
41, 20, 7.1179123740477780e+02, -8.0442350180397796e+01
41, 21, 1.2537543965684476e+03, 1.2332544548057463e+03
41, 22, 3.7129674464816071e+02, -2.8438143642226208e+01
41, 23, -7.8449395929853313e+02, 8.7216474601876399e+01
41, 24, -2.1588088285358106e+02, -2.9310227571117127e+02
41, 25, 5.3889576262544915e+02, -2.1623083860754610e+02
41, 26, 5.5517562048952209e+02, 1.0981285385289345e+03
41, 27, 1.0385147155172594e+03, -1.6682047989252811e+02
41, 28, 2.3666830694376659e+02, -8.3404336790153889e+02
41, 29, -8.7453774815575258e+01, -5.3507177686386729e+02
41, 30, -2.9174547828408959e+02, 1.1224095628246798e+03
41, 31, -1.8014282700278551e+02, -4.3628525201269804e+02
41, 32, -4.1890294019503830e+02, 6.6668100307596887e+02
41, 33, -7.0904890384290252e+02, 4.5406633318327385e+02
41, 34, 9.5982708094746772e+02, -1.9027566119341623e+02
41, 35, -1.4424366114383399e+03, -1.0811187554834288e+02
41, 36, -3.8314266852136950e+02, -4.6144702789483358e+02
41, 37, 6.0609499079106365e+02, 3.5910156442009315e+02
41, 38, 4.2870356211020066e+00, -1.6440723501840109e+03
41, 39, -3.2985890435363285e+02, 3.4950439653557248e+02
41, 40, 1.2241923764346336e+03, 7.3418354768445465e+02
41, 41, -5.6466296621995014e+01, 7.6086007256125617e+02
42, 0, -2.5354246142970197e+02, 0.0000000000000000e+00
42, 1, -1.2289249959331407e+03, -1.8316304536411604e+02
42, 2, -2.7020149411938792e+02, 4.3965906397755816e+02
42, 3, -7.5239314148264236e+02, -5.8060234794862609e+01
42, 4, 1.5790961481519651e+02, -2.2987564686039735e+02
42, 5, -1.7435696904444922e+02, 6.6562627801491988e+02
42, 6, 1.7961716896584696e+03, -5.0718436528177676e+02
42, 7, 7.1333527823512100e+02, -3.7706799149269295e+02
42, 8, 1.1776130123170356e+03, 1.0053742172127700e+03
42, 9, -1.0255481658993943e+02, 1.3758020753534115e+03
42, 10, -2.4719648770435927e+02, 6.1860816771412942e+02
42, 11, -9.0101363997839474e+02, 1.3067535219707015e+03
42, 12, -1.7999330703703939e+02, -1.3075320671854590e+02
42, 13, 4.0266054056284531e+01, 8.3547375772146188e+02
42, 14, 3.1236895085730117e+02, -8.1244033695611847e+02
42, 15, 3.3543668576938364e+02, 6.9848595234365249e+01
42, 16, -8.4068117311442575e+02, 2.5456108006657738e+02
42, 17, 9.4152643538935695e+02, 6.6809526779872016e+01
42, 18, 1.6264148670638104e+02, -1.1264787064879763e+03
42, 19, 6.2846924305479922e+02, -9.1407786277248022e+01
42, 20, 1.0604557346646121e+02, 4.4893797335601175e+02
42, 21, -7.8509551761287662e+02, -7.8169820153922728e+02
42, 22, 2.7560297989991057e+02, -4.8902100566081964e+02
42, 23, 7.1334181628883255e+02, 3.5853550054363382e+02
42, 24, -6.7283265967826674e+02, 6.4193165670837675e+02
42, 25, -8.0003463117356105e+01, 9.4313690403519900e+02
42, 26, -3.0577760965566762e+02, -7.0047199492976165e+02
42, 27, 6.8667112026074460e+02, -1.1972276471901973e+03
42, 28, -6.6853373853361518e+02, -2.5294140808344406e+02
42, 29, 2.6534254542029009e+02, -4.8134188625420109e+02
42, 30, -4.7730473953944613e+02, 1.1015062192043561e+03
42, 31, 4.2939310628346254e+02, 8.0898506650131390e+02
42, 32, -2.1760658424925143e+02, 9.0979438314609069e+01
42, 33, 2.7503917574405659e+02, -8.5284715587227538e+02
42, 34, -4.6119537829864917e+01, 6.5624536728887097e+02
42, 35, -9.5358019484175429e+00, -2.6812933576548204e+02
42, 36, 8.3182055602117180e+02, 6.2684541490611139e+02
42, 37, -2.6778339219178278e+01, 9.4683464873213097e+02
42, 38, 3.1873506161673350e+02, -1.1482317967115773e+03
42, 39, -5.9741629909674305e+02, 3.7451827726283301e+02
42, 40, 7.8784724712828051e+02, 8.4952071255124383e+02
42, 41, 4.0190503035499637e+02, -4.1170214187065255e+02
42, 42, 1.0930371036484212e+03, -4.8847779907575375e+02
43, 0, -3.2512703598815790e+02, 0.0000000000000000e+00
43, 1, 6.3315291171156719e+02, -2.2224795458308068e+02
43, 2, -9.0989754801369008e+02, 9.7382043286404792e+02
43, 3, 2.4408594107020730e+02, 1.2335918274619613e+02
43, 4, -2.0323698598188912e+02, 3.0781643560596734e+02
43, 5, -5.3887509440873032e+02, -8.8557364787914184e+02
43, 6, -2.3373230752397242e+02, -7.6811278132306006e+02
43, 7, 2.9892213770422120e+02, -2.3476766623534820e+02
43, 8, -3.2131823371185891e+02, -5.3594636910642885e+02
43, 9, -4.7816343787973551e+01, -5.6969969433120752e+02
43, 10, 7.3455067549423222e+02, 4.2190852618144686e+02
43, 11, 4.9202408755360949e+02, 6.6120765738966315e+02
43, 12, 1.5418631155375265e+03, 1.0298937394000882e+02
43, 13, -3.8953015786366808e+02, -1.9461494518812734e+02
43, 14, -3.8633091670136088e+02, 2.1182384870514628e+02
43, 15, -8.6667138233025094e+02, 9.9300644211712483e+02
43, 16, -8.9674869195119891e+02, -3.0762191799488153e+02
43, 17, -2.8705308532375705e+02, 1.1223983162707839e+03
43, 18, 3.0668844044000286e+02, -5.0689425237196434e+02
43, 19, -4.3266819486268474e+01, 5.7244902725507927e+01
43, 20, -1.0266530066576093e+01, -5.2800477388767922e+02
43, 21, -5.2770623930315526e+02, -1.2497622739568919e+03
43, 22, -7.3611895217281653e+02, 1.5983910415459226e+02
43, 23, -3.1435023606379184e+02, 4.5742774481658864e+02
43, 24, 3.0085258714524372e+01, 2.1675154173249257e+02
43, 25, -2.2124205455792207e+01, -1.4292319226171691e+02
43, 26, 6.8084708920060029e+02, -2.6024882460738581e+01
43, 27, -1.5326341642959710e+02, 3.4555566996950449e+02
43, 28, 1.9061743685759666e+02, -3.1351472506187389e+02
43, 29, 1.5405659430444510e+01, 8.0004296762496404e+02
43, 30, -7.3930060112788101e+02, -2.4645781049481712e+01
43, 31, 1.0916453573547265e+03, 1.7401096175964568e+02
43, 32, -2.9723798076838335e+02, -1.5620718904664506e+02
43, 33, 1.8877246284182309e+03, 7.8271033752094013e+01
43, 34, -8.4038360071603938e+02, 4.0624378140627641e+02
43, 35, 8.6400038479501143e+02, -1.3467211237855611e+02
43, 36, -1.0345703992989880e+02, 1.2368528826996960e+03
43, 37, 4.9195965910166854e+02, -2.1074370212557676e+02
43, 38, -1.0963287332338649e+02, 5.7967134961843203e+02
43, 39, -1.3644580160637622e+02, 3.6871050340015381e+02
43, 40, -3.9405466269141618e+02, -2.2974103124795590e+01
43, 41, 1.1460681944032226e+03, -4.5290409121682592e+02
43, 42, -1.5581789219783118e+03, -9.3479824930767609e+02
43, 43, -4.7398907171609108e+02, 4.5244188110367020e+02
44, 0, 3.3179753706607767e+02, 0.0000000000000000e+00
44, 1, -5.5228954361396279e+02, 2.7041465118975481e+02
44, 2, 1.2792042365044972e+02, -3.4685915257604779e+02
44, 3, 8.8403690421957924e+02, 2.3261404188884836e+02
44, 4, -2.7952556260095821e+02, -4.1333722047879689e+01
44, 5, -3.8858890683863223e+01, 2.8622099696636155e+02
44, 6, -9.3177903362865140e+02, 1.7586063315903203e+02
44, 7, -1.1778824033128869e+03, -8.2818581098917946e+02
44, 8, -9.0304296545030536e+02, -2.4934386155807726e+02
44, 9, 6.9220328504114013e+02, -9.8842766537717205e+02
44, 10, 1.0210317999223386e+03, -1.6504968364315738e+02
44, 11, 4.6220172322170174e+02, -1.2288062036192707e+03
44, 12, 1.3485050225794387e+03, -1.3014804564351286e+02
44, 13, 2.3432934482184811e+02, -1.7710521311742900e+02
44, 14, 9.2821506852949096e+02, -3.4223140004932020e+02
44, 15, 7.0815746408742939e+00, -7.8354585757282189e+02
44, 16, 1.5891001251792561e+03, -2.5504154897083654e+02
44, 17, -4.2952459306386123e+02, -5.0168878384853497e+02
44, 18, -7.6918072174436418e+01, 3.2836287622053499e+02
44, 19, -8.9063345959616186e+02, 2.2866526071227383e+02
44, 20, -4.3574357236863983e+02, 3.9381781832093282e+02
44, 21, -7.4360122724881080e+02, 9.2973321359049442e+02
44, 22, 6.4793950020893249e+01, 8.9514645510465613e+01
44, 23, -4.2338571211879135e+01, -3.9065877558842737e+02
44, 24, 1.3790802464975400e+03, 1.0329722413497620e+02
44, 25, -4.9372688601184882e+02, 1.3989553320846264e+02
44, 26, -7.3373966607459704e+02, -7.0082771049335122e+01
44, 27, -4.1259256189941595e+01, 4.9872992897653648e+02
44, 28, -1.3754104068561287e+02, -2.7495489780025287e+02
44, 29, -3.6734942609439145e+02, 2.2234662170083141e+02
44, 30, 4.4679208297909895e+02, -2.5013636008459980e+02
44, 31, -6.0575565522453155e+02, 5.3003871223586293e+02
44, 32, -8.7652198104919682e+02, -1.3446077230141054e+03
44, 33, -6.8997907421468335e+02, 7.3003328156198017e+02
44, 34, 1.8916714268446196e+02, -4.0435143585535229e+00
44, 35, 5.8582181178142832e+02, 6.4671786261699140e+01
44, 36, 4.4442702908536637e+02, -5.3358723053886115e+02
44, 37, -3.0339485162228596e+02, -3.5667055528152503e+02
44, 38, -6.9758758359961030e+02, -2.6992371569137742e+02
44, 39, 2.2110303142082051e+02, 1.3136528835998678e+02
44, 40, 4.3443914507587090e+02, 4.8477877164946869e+02
44, 41, 3.3824962723745728e+01, -4.8373617023509064e+02
44, 42, 9.5652645966710918e+02, -2.4662826511957729e+02
44, 43, -3.3736907051854814e+02, 1.1725041505647639e+03
44, 44, 5.6448687658565450e+02, 2.2507077274792914e+02
45, 0, -8.2558032951023210e+02, 0.0000000000000000e+00
45, 1, -4.7207494757602558e+02, 1.1816112524497538e+02
45, 2, -3.0375653161875431e+02, -3.2227483234177856e+02
45, 3, -3.4461914553375044e+02, -1.0576361728473362e+03
45, 4, 1.1498848748120904e+03, -3.2476979033002431e+02
45, 5, 4.3214860614344519e+02, 2.9616432917246294e+02
45, 6, 9.9428256076581954e+02, 5.7453092984530690e+02
45, 7, 7.3539033618775420e+02, 9.0408836037418541e+02
45, 8, 9.4806750554168389e+01, 5.3157322278962056e+02
45, 9, -8.6348877714447497e+02, 5.3468711874344820e+02
45, 10, -1.3479899146257965e+03, -1.2012412557896016e+02
45, 11, -1.0224711479843933e+01, 6.9849119760628355e+01
45, 12, -4.6529161787101384e+02, -1.0162490003665614e+03
45, 13, -7.5824395574316225e+02, -9.6269622800594618e+02
45, 14, -4.6764793649012290e+01, -8.1017178899020450e+01
45, 15, 1.9487716923709417e+02, -4.4301678447578797e+02
45, 16, 1.9991717917664641e+02, 5.9812067020639870e+02
45, 17, 4.3125839341500745e+02, -7.1112196039574997e+01
45, 18, -1.9489749743910636e+02, -1.3610118165860754e+03
45, 19, 9.9018496589628739e+02, -1.6772511280461586e+02
45, 20, -3.4401636677320127e+01, -5.8213674878850088e+02
45, 21, -2.3480001072307992e+01, -1.7208392234233003e+02
45, 22, -3.5673085034870888e+02, 1.2355007482427841e+03
45, 23, 1.0456322893080159e+02, -2.2436681751450411e+02
45, 24, -2.8148421996257355e+02, 1.3102529916827984e+03
45, 25, 1.7621758171815060e+02, -5.3678812834014434e+02
45, 26, -4.6665262228487575e+02, 6.3545318091767854e+02
45, 27, -2.7740350818805848e+02, -7.2501996267273773e+02
45, 28, 7.0564630121067046e+02, -2.4177207578894988e+02
45, 29, 1.5183099719048045e+02, 4.6600226269795064e+02
45, 30, 4.8400636608681799e+02, -1.2707076278157501e+02
45, 31, -5.8737344281962748e+02, -1.2557003782029943e+02
45, 32, 1.3769315813485832e+02, 4.7696009372381604e+02
45, 33, -1.6863260829406534e+02, 2.2379564906759362e+02
45, 34, 3.6744317176257368e+01, 4.2342133705788541e+01
45, 35, -8.4588046027214523e+02, 4.7499110579326350e+02
45, 36, 4.7215229187519526e+02, 4.2284595644608731e+02
45, 37, -2.5699667821485423e+02, 4.8699713197897961e+02
45, 38, -6.4897272815668680e+02, -3.5486963059663492e+02
45, 39, 5.4291361856595120e+02, 1.0344642063501706e+02
45, 40, 2.0913562906525857e+02, -8.4254074087942524e+02
45, 41, -1.0077012363159042e+03, -1.1498643380979611e+03
45, 42, -5.8378973044310180e+02, 3.6199818116629871e+02
45, 43, 5.9059264371366032e+02, -9.0694176647038137e+02
45, 44, -9.7541820778269170e+01, -4.2797602291519405e+02
45, 45, 5.0911596733878810e+02, -4.1231478624473436e+02
