0, 0, 0.0000000000000000e+00, 0.0000000000000000e+00
1, 0, 7.9695877092335621e+01, 0.0000000000000000e+00
1, 1, 4.6453134659282966e+00, 3.6063974335212428e+01
2, 0, 0.0000000000000000e+00, 0.0000000000000000e+00
2, 1, -1.8200447569151809e+01, -9.8261822782935635e+00
2, 2, -6.5047348696563219e+01, 2.5692330289636750e+01
3, 0, -2.9709010765051449e+01, 0.0000000000000000e+00
3, 1, 2.2396399737356766e+01, 6.3277768689795096e+01
3, 2, -1.1963743857007206e+01, -6.8115832324976395e+00
3, 3, 4.3412719383241026e+01, 2.5437148635259632e-01
4, 0, -7.8171657304030084e-01, 0.0000000000000000e+00
4, 1, 1.6467812893544270e+01, 1.0040339395863541e+01
4, 2, -2.5635127134871041e+01, -1.1854214196998608e+01
4, 3, 3.4424450914549993e+01, -2.4361431414141088e+00
4, 4, 6.7225868268766336e+00, -1.9978651294451375e+01
5, 0, 1.5372666889889562e+01, 0.0000000000000000e+00
5, 1, -4.2316552968219554e+00, -1.3222194828772892e+01
5, 2, 2.5077129625480890e+00, -6.4177200510981720e+00
5, 3, -4.2914857540773355e-01, -1.8028863775411626e+01
5, 4, -1.0020649822436418e+01, 1.6537867064712461e+01
5, 5, -3.8703815744128747e+00, 6.0324844039548742e+00
6, 0, -5.7454653221402916e+00, 0.0000000000000000e+00
6, 1, 8.5586985749332527e+00, 9.7791925105287181e-01
6, 2, 1.2208506346510609e+01, -8.9710564649205082e-01
6, 3, 1.1167843264392301e+01, 4.9994521592857764e+00
6, 4, -1.5289816116701718e+00, -3.9148864794463201e-01
6, 5, -6.2889917200288199e+00, 5.5592096309776196e+00
6, 6, -3.5397934637141866e+00, -9.2344241301948315e-01
7, 0, -8.2712525353901860e+00, 0.0000000000000000e+00
7, 1, 6.5450080462328506e+00, -1.0619317506120934e+01
7, 2, -3.6790960612762085e+00, 6.5805745333569785e+00
7, 3, -1.5275693469573581e+00, 1.2195555091399886e+00
7, 4, 9.5753017519479844e+00, 7.3028684579232497e+00
7, 5, -1.0694318270857912e+00, -5.9181295037383697e+00
7, 6, -6.9264186851982057e+00, -5.6492459751150301e+00
7, 7, -2.4636930961639294e+00, 1.3607949765183349e+00
8, 0, 4.9590860458072523e+00, 0.0000000000000000e+00
8, 1, 8.3538513064792264e-01, -3.3952737784172768e+00
8, 2, 5.3508922668102059e+00, 9.8345760620504907e-01
8, 3, -5.4876369353547698e+00, -5.8328178176219980e+00
8, 4, 2.9245663349662987e+00, -5.6717803129316833e+00
8, 5, -1.1121037605955141e+01, -1.0356028247442785e+01
8, 6, 3.0637951091070290e+00, -1.7070041595138639e+00
8, 7, -3.4202229661533368e+00, 7.7973098228753557e-01
8, 8, 3.4916328418003078e+00, -1.1726210801041013e+00
9, 0, -5.9308200419816237e-01, 0.0000000000000000e+00
9, 1, -3.7171820097275496e+00, 8.5462947912149030e+00
9, 2, 7.0415317421057217e+00, -1.4129317045513576e+00
9, 3, -1.2613448150608830e+00, 7.2514183882747663e-01
9, 4, 2.4118459415496925e+00, 4.4720206306535237e+00
9, 5, -2.8658463312452289e+00, -6.8367523740684275e+00
9, 6, 1.2984750840780546e-02, -5.4518067700188020e+00
9, 7, -3.6056680367911591e+00, 1.0889511691023870e+01
9, 8, 8.9643529087866938e+00, -3.4906005242758908e+00
9, 9, -8.4652181774929414e-01, 1.6560447457418777e+00
10, 0, -7.0881721571215150e-01, 0.0000000000000000e+00
10, 1, -6.0857377180406402e-01, 1.3289574775281705e+00
10, 2, 2.9078342044342187e+00, -3.5199877822358987e+00
10, 3, -7.1503967370756296e+00, -2.7986359175378750e-01
10, 4, -4.0808681103652882e+00, 4.5184775896425950e+00
10, 5, 3.7862766487909809e+00, -2.8843340722474355e+00
10, 6, 4.3225858423266850e-01, 7.4800211403719210e+00
10, 7, 2.2961855756222711e+00, 1.0246101540509494e+00
10, 8, 1.7313803992558534e+00, 2.1429552984176832e+00
10, 9, -1.8354770951051504e+00, -5.6012895527417506e-02
10, 10, -1.5223796153427982e+00, 3.0450148306139635e-01
11, 0, -1.0885847564237394e+00, 0.0000000000000000e+00
11, 1, 1.7177454325811121e+00, 2.2662006261476586e-01
11, 2, -7.4803743004975942e-02, -5.9871765099535885e+00
11, 3, -4.1186326666774598e+00, 4.8846413194811671e+00
11, 4, -6.6041014959547706e+00, -3.8921498202378562e+00
11, 5, 2.1531475769330770e+00, 4.0934342671519515e+00
11, 6, -3.8453300811787887e+00, -2.4663808478465921e+00
11, 7, 3.5487183964759867e+00, -1.0107825487450328e+00
11, 8, -5.6937206776712310e+00, 1.6573317175947055e-01
11, 9, -2.6140345286272182e-01, -1.1702863717707017e+00
11, 10, -2.7210002961543687e+00, 6.5760319963663427e+00
11, 11, -1.1000367881886370e+00, -1.6941358047061514e+00
12, 0, -1.8659766774409430e+00, 0.0000000000000000e+00
12, 1, -5.0325182247650035e+00, 1.1897454632960829e+00
12, 2, -1.5641673259898345e+00, 1.1033259529585158e+00
12, 3, -4.9479707032506699e+00, 4.1441076966036938e-01
12, 4, -2.3246349320506745e+00, 1.5304994089124420e+00
12, 5, -6.7201797214721859e-01, 4.0429851869669555e+00
12, 6, -3.7171443434723073e-01, -3.6708259982173459e+00
12, 7, -1.1741435273680927e+00, -2.8778875597096798e+00
12, 8, -1.5850454163218881e+00, 1.2063125761526345e+00
12, 9, -9.3742299412620200e-01, -6.7353145063667963e-01
12, 10, -2.2563449963237585e+00, 2.3646086728745761e+00
12, 11, 2.1670358372130072e+00, -7.5608570168701972e+00
12, 12, -1.0011849216820121e+00, -2.9146137761521240e-01
13, 0, -1.2738667775805013e-02, 0.0000000000000000e+00
13, 1, -3.5986068948561334e+00, -3.9294535516643148e+00
13, 2, 3.0819724586783432e+00, 4.1701590643998996e+00
13, 3, -2.3433464230320240e+00, -2.0228544299248075e+00
13, 4, -1.7629014098040172e+00, 1.0630099490963563e+00
13, 5, 8.8904731360975464e-01, -2.0980992212535785e+00
13, 6, 4.5030616718471732e+00, -5.8886200983060339e+00
13, 7, -2.4562358520009129e+00, 1.0540464972272621e+00
13, 8, -3.8790427612695833e-01, -4.2659372414679225e-01
13, 9, 1.8189766330425439e-01, 4.1975285060568046e-01
13, 10, 1.1739019870200607e+00, -8.2533295792095807e-01
13, 11, 2.0597484669396136e+00, -3.6683132515702424e+00
13, 12, -1.6808924134657124e+00, -1.3995150991818071e+00
13, 13, 4.0438150119631295e+00, 3.1819533486003531e+00
14, 0, -2.5269549754919538e+00, 0.0000000000000000e+00
14, 1, 1.4750722647028005e+00, -5.5320645448939687e-01
14, 2, 4.7926791439110583e-01, -5.0418454533669843e-01
14, 3, 2.0344331318688980e-01, 1.8740616134060906e-01
14, 4, 2.1740210630503953e+00, -4.1277437883084920e+00
14, 5, -1.2289314658546087e+00, -2.9017049578276790e+00
14, 6, 5.5329049532283681e-01, -1.3749477299673074e+00
14, 7, 3.0261560487969819e-01, 9.3013553467767041e-01
14, 8, 3.7885141452828712e+00, 2.1861406934928791e+00
14, 9, -1.1893926434527564e+00, 1.0567415593243572e+00
14, 10, -1.1510629380335966e+00, -4.1861411286303793e+00
14, 11, 4.8466467297288318e-02, 2.1481823175329264e+00
14, 12, 4.4357429975216967e-03, 5.6086372593823119e-01
14, 13, 1.7697820653574765e+00, 4.8178265719811506e+00
14, 14, -7.4239872346845859e-01, -1.3419319341707370e+00
15, 0, 3.3477253448640276e-01, 0.0000000000000000e+00
15, 1, -6.3870920066841697e-02, 2.3242130899198306e+00
15, 2, -2.3817617648197569e+00, -1.2312427555069148e+00
15, 3, -8.4702323020053338e-01, -4.5055940786978077e-01
15, 4, -1.7569275605625250e+00, -3.6869670336553679e+00
15, 5, -1.5360891916580566e+00, -2.3736785577874180e+00
15, 6, 2.4948912607654916e-02, 1.6351311659015029e+00
15, 7, 2.6946424160104381e+00, 1.6320930511947673e+00
15, 8, 1.7937311927128903e+00, 2.5297775890887477e+00
15, 9, 3.2294323198749613e+00, -4.5724173721805905e-01
15, 10, -1.6298366165131752e+00, -6.8169584520201720e-01
15, 11, -1.9828793026157969e+00, 1.5269642619263017e+00
15, 12, -1.3201191576327531e+00, 1.6700365074768011e+00
15, 13, -3.6721650744551682e-01, 2.5008011536434771e+00
15, 14, 1.3288061107550431e-01, -2.3231716220471412e+00
15, 15, -3.3025935057589160e+00, -4.6277909028611108e-01
16, 0, -8.3141409424461754e-01, 0.0000000000000000e+00
16, 1, -2.9572636589344181e-01, -1.0169319740021256e+00
16, 2, -4.0384993194154104e+00, -2.1507832722626645e+00
16, 3, -3.4120640715160455e-01, 1.3105474171182385e+00
16, 4, -3.6580209877822374e+00, -5.4284128340574134e-01
16, 5, -1.1547862891598881e+00, 1.3866451610958603e+00
16, 6, 4.7665637300390162e-01, 4.4059264227503336e-01
16, 7, 1.8861914515506775e+00, -3.4713614113257796e-02
16, 8, 1.1052497950000315e+00, 2.1281029798784314e+00
16, 9, -2.2411340752321447e+00, -2.3898180517316967e+00
16, 10, -2.3134542543826488e+00, 1.1326758669969839e-01
16, 11, 7.0430168371470336e-01, 1.5667920679257787e+00
16, 12, 3.3403648375552528e+00, 9.8712109811024984e-01
16, 13, -5.3605156793260533e-01, -1.8853442599505945e+00
16, 14, 9.8828774003722120e-01, -1.7998157638527670e+00
16, 15, -4.2179105413359723e+00, 5.4424673982189198e-01
16, 16, 3.0203277481509649e-01, -5.5603995280471019e-01
17, 0, -9.1791296139427558e-01, 0.0000000000000000e+00
17, 1, -2.0781900462005747e+00, -1.3713279677271297e+00
17, 2, -1.1939662986914883e+00, -1.6219301284580792e+00
17, 3, -2.2602968643502077e+00, -4.2559447288201491e-01
17, 4, 7.3909098506101034e-01, 2.6975616847732331e-01
17, 5, 1.1337313478791562e+00, -5.5404147179643437e-01
17, 6, 7.2533224574477240e-01, 3.5029876691209161e-01
17, 7, 3.0301527991565158e-01, -1.7622013315622822e+00
17, 8, -4.7120822416508656e-01, -2.7378749587438411e-01
17, 9, 6.3794966558310429e-01, -2.4232221670486251e+00
17, 10, -3.9814275892742312e-01, 9.1595969879529227e-02
17, 11, -6.5790686439992441e-01, -3.0333397040424783e+00
17, 12, 2.1628578970521093e+00, -6.2269273489904853e-01
17, 13, -2.5386962007776832e+00, -2.7797385862426118e+00
17, 14, 9.6304408981986889e-02, -6.5657398349617546e-01
17, 15, -2.5225006316197285e-01, 1.4054924027590334e+00
17, 16, 3.0164781401487888e+00, 1.2121316322761153e+00
17, 17, 1.3792642803434219e+00, 7.8105284139750097e-01
18, 0, -4.5708658662782864e-01, 0.0000000000000000e+00
18, 1, -2.6402814452945977e-01, -2.2607343265683628e+00
18, 2, 6.6091632604842909e-01, -8.1408858288125746e-02
18, 3, -1.4279748621694728e+00, -2.3200708846849194e-01
18, 4, 3.0311498667171790e+00, 8.3335794374293815e-01
18, 5, 5.3128694681337729e-01, -1.8931856939888809e+00
18, 6, 7.6374104899973494e-01, -1.7652522672705839e+00
18, 7, -2.4885292468654341e-02, -3.0746353231283241e-01
18, 8, 7.8810013528297451e-01, -1.2290903100171719e+00
18, 9, -2.9881889587210536e-01, 3.6447249513692812e+00
18, 10, 1.9249606943575914e+00, -1.4044409016810395e+00
18, 11, 1.3103589449705009e+00, 1.6982917078480897e-01
18, 12, 5.5115569930609154e-01, -2.1755158416743487e+00
18, 13, -1.7611863015121316e+00, -1.2890445270014772e-01
18, 14, -1.4767297907442904e+00, 1.0865979508381705e+00
18, 15, 2.2161965884681014e+00, 1.9520247144012572e+00
18, 16, 2.1401597416389664e+00, -1.7394530789786233e-01
18, 17, 1.9638999048822743e+00, -1.4245334313469558e+00
18, 18, 2.5524956375196695e-01, 8.1092945444479458e-01
19, 0, -3.2483325127075130e-01, 0.0000000000000000e+00
19, 1, 3.8274798694574130e-01, 6.7982255748995990e-01
19, 2, 6.2554250054100591e-02, -2.5952337690836319e-01
19, 3, 6.3683473940133295e-01, -3.0486752825263286e-01
19, 4, 1.2716265680627497e+00, 7.9904522405780209e-01
19, 5, -1.6670228700436729e-01, -1.1226601853400719e-01
19, 6, 6.2378883885013536e-01, -1.3458296650973944e+00
19, 7, -4.9256041596264533e-01, 5.3165276813830054e-01
19, 8, 9.8394719846166412e-01, 5.2725415956566513e-01
19, 9, 7.2260093986523244e-01, 2.3175864722981556e+00
19, 10, 1.2146796366421997e+00, 7.8385639707784616e-01
19, 11, -4.8553755993697301e-01, -1.1855278008787569e+00
19, 12, 1.5235325023629134e+00, 6.8789150694660395e-01
19, 13, -1.0410491503653296e+00, 7.4231283363689116e-01
19, 14, 6.4245208000918008e-01, 1.1451117342911366e+00
19, 15, 2.3373509806942439e+00, 1.9857837228099067e+00
19, 16, 5.8984640671460820e-01, -7.7527836090017410e-01
19, 17, -1.1047810260990909e+00, -1.4472373787798334e+00
19, 18, -3.1852973494477954e-01, 1.5475585888561367e+00
19, 19, -4.8167204143856623e-01, -7.8341214597799524e-01
20, 0, 4.6536616440566170e-01, 0.0000000000000000e+00
20, 1, -1.0238923522359911e+00, 1.6174327764601675e+00
20, 2, -1.2273750763297309e-01, -5.6049303840418818e-01
20, 3, -7.1525061924656930e-01, 2.3555366312379666e-01
20, 4, -1.0986002980405951e+00, -2.8363219843936327e-01
20, 5, 6.1397207544454702e-01, -3.9771612853463773e-01
20, 6, 1.9683903590236551e-01, 1.5681445694713436e-01
20, 7, -4.9686963940770890e-01, 2.1407870509254399e+00
20, 8, 2.4293271549573592e-01, 6.0042246186771830e-01
20, 9, 1.6432926055999451e+00, 2.2257049499635961e-01
20, 10, -3.3397160472354770e-01, -2.5036969697298678e-01
20, 11, 1.3650898956742201e+00, -1.2367900640278808e+00
20, 12, -1.9784657559305661e+00, -4.1280573242104729e-01
20, 13, -2.2672125588180756e+00, 5.9758247851281010e-01
20, 14, 1.3261386608963535e+00, 1.5599030913917660e+00
20, 15, 1.7193928022936225e-01, -1.5131318048093456e+00
20, 16, 1.3845109566592534e-01, 7.4590787743843978e-01
20, 17, -1.7942222006554567e+00, -1.3469046612795681e+00
20, 18, 2.3086363988363892e-01, 9.9339747406219070e-01
20, 19, -6.0480802011429668e-01, -1.9307523940232236e+00
20, 20, -1.0657615886321214e+00, -6.0224132386770757e-01
21, 0, -5.1141736719041619e-01, 0.0000000000000000e+00
21, 1, -6.1818053826571084e-01, -8.7442441440467977e-02
21, 2, 9.5956176405925342e-01, -1.1551789568139559e+00
21, 3, 1.2473747693020398e-01, -1.9017470383772439e-02
21, 4, -5.9452995387719687e-01, -5.6811330429290197e-01
21, 5, 1.1784394471204385e+00, -1.8013180487419189e-01
21, 6, 7.8914187645014067e-02, -5.3627001470568381e-01
21, 7, 3.0020623642475275e-01, -1.0178095730823555e+00
21, 8, 5.0949083258529249e-01, 1.5233916075710918e-01
21, 9, -1.6736446604262825e+00, 5.5297595407122002e-01
21, 10, -9.4250202168825614e-01, 1.5563921291942848e+00
21, 11, -1.8546988720990947e+00, -2.0129638722893524e+00
21, 12, -9.6131500166569683e-03, 8.3131626918461365e-01
21, 13, -3.5767578536555455e-01, -5.7629420755371774e-01
21, 14, 1.2500986079808007e-01, -1.2098017027798331e+00
21, 15, -5.9493370551741931e-01, -4.1236616577219554e-02
21, 16, -7.7171406909796714e-01, -1.5077701970560458e+00
21, 17, -1.2119850457929120e+00, -3.5723062019231744e-01
21, 18, 6.1299056353420922e-01, 3.0480517243242655e-01
21, 19, -9.9193410875169929e-01, -1.8823738953842368e+00
21, 20, -1.7249277476072775e+00, -1.5854969906854770e+00
21, 21, 1.9681558679393558e+00, 2.1851376847008179e+00
22, 0, -2.2662026847576815e+00, 0.0000000000000000e+00
22, 1, -1.1627617373759906e+00, -1.3625083013037003e+00
22, 2, -7.9233365633039399e-01, 5.0608110586985955e-01
22, 3, -1.0408463237912082e+00, -5.7431425590226182e-01
22, 4, 1.1450968880322661e+00, 4.5178435082167123e-02
22, 5, -6.2073538075938905e-02, 4.1796265934246979e-01
22, 6, 3.9958700191513108e-01, 3.3916095575860661e-01
22, 7, 2.8147669519402374e-01, -8.6820174317415055e-01
22, 8, -4.5535410569960133e-02, 2.6736627140011127e-02
22, 9, -7.2675870022848488e-01, -1.5151628573393694e+00
22, 10, -6.6858306331243023e-01, -4.6835654195577159e-01
22, 11, -1.7668585484902830e+00, -1.4695777328062551e+00
22, 12, 3.7854334121791622e-01, 8.9923076591221973e-01
22, 13, -2.3326676174387984e-01, -1.2170862252486625e-01
22, 14, 4.1198833468865892e-01, -3.7819891437584774e-01
22, 15, -5.8504903757149784e-01, 5.5644950251280134e-02
22, 16, -5.6912982742673113e-01, 2.9608972359822472e-01
22, 17, 1.8089321312535502e+00, 1.0243205654122274e+00
22, 18, -3.7134075120640897e-01, -6.6835489145919369e-01
22, 19, 1.3895830039080761e+00, -6.4053093629735880e-02
22, 20, -1.5895453999579521e+00, 7.2194437187255289e-01
22, 21, 1.5409614814905448e+00, 1.8938097927771231e+00
22, 22, 4.8518843615533547e-01, -3.3337035712211915e-01
23, 0, 6.3943550525797166e-01, 0.0000000000000000e+00
23, 1, 1.9665529725183251e-01, -3.5425519856775683e-01
23, 2, 3.8316817531397040e-02, 2.7769094703681674e-01
23, 3, 8.4158748144514473e-01, -7.5899302570234073e-01
23, 4, -1.6947478910118896e-01, -1.3037493178185072e-01
23, 5, -9.7445685118796654e-01, 4.5237877268019921e-01
23, 6, 4.9847180424555870e-01, -1.2571632150260779e+00
23, 7, 1.8240354544160309e-01, 1.8081223762007124e+00
23, 8, 5.4875689778522618e-01, -8.7608974390402861e-01
23, 9, 2.2808705164190296e-01, 8.7870074392758912e-01
23, 10, -5.4904939310878320e-01, -2.5520891812633457e+00
23, 11, -3.4644013470375068e-01, 4.6329223207988735e-01
23, 12, -2.0191299029786786e-01, -1.5807704098136646e+00
23, 13, -6.9296746203377502e-01, 9.2899117553548027e-01
23, 14, 3.8198504534051125e-01, -1.9855304034160253e+00
23, 15, -5.8168290045316762e-01, 2.0528368750691879e+00
23, 16, 7.4834000184113370e-01, -5.5467202292259943e-01
23, 17, 7.1269680004525537e-01, 1.1832386097835519e+00
23, 18, -3.7185040149078319e-01, -4.4827204487225547e-01
23, 19, 1.9050855988876845e+00, -1.3385825336516716e-01
23, 20, -1.6993834800070371e+00, 1.0503253840794402e+00
23, 21, 1.0014643497166906e+00, 1.2748175149339964e+00
23, 22, 9.2548073414123633e-01, 8.0358150885319279e-01
23, 23, -1.4897553599963695e+00, -2.7325134544896068e-01
24, 0, -5.1059344085890079e-01, 0.0000000000000000e+00
24, 1, 8.2631450663481454e-01, 1.3761585426116372e+00
24, 2, -3.9845184916317317e-01, -1.1507132576260843e+00
24, 3, 1.3822923865103631e+00, 3.9209932521462676e-01
24, 4, -7.7636507692879420e-01, 7.7006303902207796e-01
24, 5, 3.9116967991929408e-01, -3.1216311722896106e-01
24, 6, 1.3086713872191282e+00, -8.1688472110689969e-01
24, 7, -1.0132349228567838e+00, 9.1880461376166322e-01
24, 8, 6.1712878384449832e-02, -6.7817813505078239e-01
24, 9, 1.0681817439781460e-01, 5.3038234638201187e-01
24, 10, -4.7159274826211978e-01, 4.7505958619570876e-01
24, 11, 1.1815740914460555e-01, 9.0388464098981580e-01
24, 12, -1.0606186755815155e+00, -5.0424562217357205e-01
24, 13, 1.3496642949220861e+00, -6.5504601673920526e-02
24, 14, 6.5770847737540883e-02, 7.7892249213843412e-01
24, 15, 8.5495207896708258e-01, -5.1192184524666939e-01
24, 16, 9.3049380548667138e-01, 9.2504579595500147e-01
24, 17, -5.6878267537049776e-01, 2.6498842509824289e-01
24, 18, 9.9190538268955208e-01, -2.1866607914300782e+00
24, 19, -1.8251027532932809e+00, 5.4399861131719907e-01
24, 20, -9.1349792789016859e-01, 2.7052855757982197e-01
24, 21, 4.8211562208866388e-01, -3.1193649433108650e-01
24, 22, -4.7565774749950440e-01, -1.2011517212689262e+00
24, 23, -7.7062320571134890e-01, -4.2766654169103013e-01
24, 24, 6.4472557025132660e-01, -9.3070263966975930e-02
25, 0, -9.0539360537686853e-02, 0.0000000000000000e+00
25, 1, -7.3830644197067530e-01, -2.7663110675470204e-01
25, 2, -7.6451828761873797e-01, -1.0545125337312726e+00
25, 3, -3.9219287015652360e-01, -4.1952571051677795e-01
25, 4, -1.6096998525595194e+00, 7.1002488421099941e-01
25, 5, 1.5880774414383469e-01, -2.6738563052062836e-01
25, 6, -5.5209889062214179e-01, -1.2049278697991106e-02
25, 7, -7.3709705599352371e-01, 1.2317217064116985e+00
25, 8, -3.2046215749257789e-01, 5.7545728869178370e-01
25, 9, 5.1465444571581198e-02, 3.3924918358802236e-01
25, 10, -6.0819312766861877e-01, -3.0117184541265551e-02
25, 11, -1.5134468612230934e+00, 8.3583260652244773e-01
25, 12, -4.3089271444042421e-01, -9.3876115793848181e-01
25, 13, 4.0253295343567352e-01, 4.6857452041915537e-01
25, 14, -1.9517825986472576e-01, 2.7706352424909020e-01
25, 15, 9.0648399164630589e-01, 4.6598825100700769e-01
25, 16, -4.9377833886860589e-01, 1.1298772595816773e+00
25, 17, -6.3734829066421250e-02, -9.4571291992792794e-01
25, 18, 8.6627913934770495e-01, 5.7152905622766126e-01
25, 19, -8.6906734089500626e-01, -1.3371791571636316e-02
25, 20, 1.0822429512275278e-01, 1.0680809120299894e-02
25, 21, -1.3250589729204063e+00, 1.4865881421129870e+00
25, 22, -4.9335295606072194e-03, -1.7846106960503700e+00
25, 23, -8.5552957009441055e-01, 1.2631327532019667e+00
25, 24, -4.7076915661947938e-01, 9.7955970009519389e-02
25, 25, 4.4113139121594669e-01, -4.7966345143089395e-01
26, 0, -1.5993787670602158e+00, 0.0000000000000000e+00
26, 1, 5.0852313670362492e-01, -1.0756742369020427e+00
26, 2, 6.8024145568779337e-02, -4.3458618003751365e-01
26, 3, 9.9793721795301416e-01, 4.6504327011296143e-02
26, 4, -3.1250334726140450e-01, -6.3312829339403209e-01
26, 5, 4.5266133328253655e-01, -8.1934165803877201e-01
26, 6, -7.9002129278997035e-01, -6.7831427758626206e-01
26, 7, -1.1580857750756302e-01, 1.7924720561828988e-01
26, 8, -9.4826747567400149e-01, 1.3295185074053284e+00
26, 9, 1.1381833921483475e-01, -5.5878768790832911e-01
26, 10, -5.0015136752444744e-01, 3.2736933737416585e-01
26, 11, -9.3618134841246792e-01, -1.7809994105344051e-01
26, 12, 5.3927612402304936e-01, -8.5172862941530325e-01
26, 13, -3.0739799368820153e-01, 2.1100698995269207e-01
26, 14, 6.7127775766440134e-04, 2.8752698314184982e-01
26, 15, 2.3733676566038964e-01, -2.9676009840094070e-01
26, 16, -3.3834124508044194e-01, -1.6501658370012151e-01
26, 17, -1.0774573916187951e+00, -5.4241827371565543e-01
26, 18, -3.9626490136061898e-01, -4.0029214283481851e-01
26, 19, 1.7374863894556697e-01, 9.2800716993257182e-01
26, 20, 2.8362043419105065e-01, 5.2726895295290843e-01
26, 21, -6.0727334465733795e-01, -2.0070292349355956e-01
26, 22, 1.2270913687292451e+00, -1.0735945858756848e+00
26, 23, -2.3723459364131294e-01, 9.5560394179302355e-01
26, 24, 1.7609638946924453e+00, -2.3330677378762965e-01
26, 25, 4.3880288922739585e-01, -6.4584498714238814e-01
26, 26, -2.9905930262879965e-01, 7.8960131048610793e-01
27, 0, -1.1212248358873773e+00, 0.0000000000000000e+00
27, 1, -1.2172766410601027e-01, 2.2432969728182867e-01
27, 2, 1.8384128228770147e-01, 1.1213744079808035e+00
27, 3, 2.2453745349216625e-01, 1.0271387318129510e-01
27, 4, 7.9220165963449496e-01, 4.5227928658079031e-01
27, 5, 1.4516879513883513e-01, 9.0032339661993144e-01
27, 6, 1.2569245245728160e+00, -5.1747716961133494e-01
27, 7, -5.0574202906429755e-01, -4.2729309167357804e-01
27, 8, -8.1171188864075461e-01, 8.0152666533019890e-01
27, 9, 9.3865370340840149e-01, -1.3247955153716118e+00
27, 10, 3.9796119576548095e-01, -1.5242865473519798e-01
27, 11, -4.4118776725489350e-01, 5.1814566226470848e-02
27, 12, 5.5278385322181611e-01, -1.6919024802172795e-02
27, 13, -5.0398312362471487e-01, -5.2222515454505736e-02
27, 14, 1.4813660263310140e+00, 2.0958654709519567e-01
27, 15, 3.0486723964666895e-01, 3.9303405901703886e-01
27, 16, 3.2797158691244876e-01, -9.9260848666942647e-01
27, 17, 5.8555355232951634e-02, 1.4696625895278714e+00
27, 18, 2.5377346691361280e-01, 5.2417996051190008e-01
27, 19, 1.2930572872281876e+00, 1.5728741326851725e-01
27, 20, -1.1232990752943925e+00, 7.8860499812489493e-02
27, 21, 7.5475023475665803e-01, -5.5223913783733458e-01
27, 22, -1.7196327416372292e-01, 5.4446282154127679e-01
27, 23, 2.4970388700513901e-01, -7.7192038850352573e-01
27, 24, 6.4203345952615343e-01, 7.9974616974517787e-01
27, 25, 1.4065318420937944e-02, -9.9267680240327305e-01
27, 26, -1.8481885701241652e-02, 1.3112063952974025e+00
27, 27, 4.6282353508624174e-01, 1.1930109912464495e-01
28, 0, -4.6740892168598835e-03, 0.0000000000000000e+00
28, 1, 3.3665016250298085e-01, 8.8370042183956499e-02
28, 2, 7.5735879675789719e-01, 5.4779499600982340e-01
28, 3, 6.9961198264069990e-02, -1.0605513973877150e+00
28, 4, -5.2079755359731195e-02, 1.0248686628036445e+00
28, 5, -4.7927972816751552e-01, 1.1235508063945130e+00
28, 6, 8.8107370675186969e-01, -5.0318773715459120e-01
28, 7, -6.8667963124105991e-01, 1.4589185765720489e+00
28, 8, -6.8215306897529893e-01, -5.0078728794729921e-01
28, 9, -1.0942576910359547e-01, 1.0213581770367348e+00
28, 10, -2.8780638167194555e-01, -8.5795041882874834e-01
28, 11, -5.3314397493783527e-02, 5.5247226815042039e-01
28, 12, -1.9819508093836469e-01, -3.6156050144618723e-01
28, 13, -5.4621769380105989e-02, 6.0642629290371475e-01
28, 14, 9.4749283013002095e-01, 7.9817267083756638e-01
28, 15, -2.9985447938963661e-01, 5.8351392829501791e-01
28, 16, 2.9515456626807213e-01, 5.7234573234604658e-01
28, 17, -7.7464765734160468e-01, 1.2657803617323775e+00
28, 18, 5.4076341573807407e-01, -1.8156385524331453e-01
28, 19, 1.0706475764113073e+00, 5.1716116288328762e-01
28, 20, -5.1430527660957148e-01, -6.8087700044274002e-01
28, 21, -3.2223367316008011e-01, -1.8291001524112893e-02
28, 22, -4.6512472687598994e-01, 7.0252214709133121e-02
28, 23, 3.2854882315591638e-01, 4.3047575137053434e-01
28, 24, 6.7955206006562019e-02, 9.3588000909119007e-02
28, 25, -2.7642980932936567e-01, 4.3108084944529779e-02
28, 26, -1.0317992986906153e+00, 1.3137390325081115e+00
28, 27, -4.4136521025878911e-01, 4.4918113515030866e-01
28, 28, -3.2589401911662430e-01, -8.3229954514755811e-01
29, 0, 4.8029285889515227e-01, 0.0000000000000000e+00
29, 1, -4.8892990674349379e-01, 3.8521376092132131e-02
29, 2, 1.1253117181554948e+00, 1.5287855590273206e-01
29, 3, 2.0507762215736125e-01, -8.5948224068056867e-01
29, 4, 1.2732049691789049e-01, 9.3438238371262350e-01
29, 5, -2.0235170358148369e-01, 2.7323132009381412e-02
29, 6, 1.4558190565170392e-01, 8.5844924545689361e-01
29, 7, -6.2832664096401092e-01, 3.4105128873978063e-01
29, 8, -1.8326130315078354e-01, -7.6131889159230734e-02
29, 9, 5.4308472301353272e-01, 1.0666863296790419e+00
29, 10, 5.7466921033828955e-01, -8.3378364563498308e-01
29, 11, 1.3644627895467496e+00, 5.9211695529405817e-01
29, 12, -8.2753211307224739e-01, 1.9693932963803501e-01
29, 13, 8.7287085029117462e-01, -2.4916303825830294e-02
29, 14, -7.7560407248691254e-01, 2.9790574445149076e-01
29, 15, 6.2313331297099717e-01, 8.1104468374294192e-02
29, 16, -2.0962953529996464e-01, 3.2744152054603037e-01
29, 17, 4.7021579702081240e-01, -3.4917881474613360e-01
29, 18, -4.9596919837380782e-01, 2.9784894087292679e-02
29, 19, -4.2572947837319064e-01, -2.7580193381666757e-01
29, 20, -3.3554579710135535e-02, 3.1516450177289634e-01
29, 21, -2.1990157963259205e-01, 1.1003313160914545e+00
29, 22, 8.6470056202405865e-01, 3.4304444808623341e-01
29, 23, -1.9562841600330688e-01, 5.2084567376903679e-01
29, 24, 3.3812597920071319e-01, -3.8299920489184069e-01
29, 25, -5.3947778003788283e-01, 7.9859153616908141e-01
29, 26, -9.2807124929542406e-02, 1.2657191174089300e-01
29, 27, 5.8264273527253874e-01, 6.8172765944790714e-02
29, 28, 1.3077487124245024e-01, -9.6982798856608898e-01
29, 29, -1.8489038569875749e-01, 4.3190980881130114e-01
30, 0, -3.5568505261232763e-01, 0.0000000000000000e+00
30, 1, -4.3335014962741403e-01, 1.3102866723609510e-01
30, 2, -7.7496030825197137e-01, 1.6574561939562749e-01
30, 3, -2.9635843860677091e-01, -5.3722717134126263e-01
30, 4, -7.5469139365013538e-01, 9.0774797786535344e-01
30, 5, -3.2455049760907956e-01, 1.0087472623696059e-01
30, 6, 3.1983224746367211e-01, 8.5600232592547210e-01
30, 7, 2.8764914923502938e-01, -3.0646611008664482e-01
30, 8, -1.7446124153626452e-01, 7.6896123003431582e-01
30, 9, -6.1376095853981760e-01, 8.6445615800807307e-01
30, 10, 2.1182284053860365e-01, -7.8191936779498250e-01
30, 11, 3.2996833552948146e-01, 1.9224311247262793e-01
30, 12, -6.1647522208388761e-01, 4.3008188702663974e-01
30, 13, 2.0279214974449705e-01, -2.4551898421489826e-01
30, 14, -4.6668745442138615e-02, -1.1340041895975952e+00
30, 15, 6.1209355454114434e-02, 1.3937521678398479e-01
30, 16, -6.1817599528569023e-01, -3.6560427484796137e-01
30, 17, -7.9184014973989192e-02, 1.7042864698132343e-01
30, 18, 1.0850926072818406e-01, -5.6191380246544864e-01
30, 19, 5.1858907979781055e-01, 6.0322518329885955e-01
30, 20, 6.7313065562927765e-01, -3.4076779259670009e-01
30, 21, -5.2646131169227450e-01, 3.5908679502425872e-01
30, 22, 7.7834448882631802e-01, 8.5252964142858056e-01
30, 23, -6.9169608235409630e-02, -1.7471835941340819e-01
30, 24, -2.7678835309110839e-01, -1.5436116190933835e-01
30, 25, -8.2502283259221754e-01, 2.1456210398492614e-01
30, 26, 6.0723514849723537e-01, -6.0028323261026917e-01
30, 27, 3.5432973232458065e-01, -7.8557385367332433e-01
30, 28, -1.3556903899240935e-01, -9.7080522992872020e-01
30, 29, 1.2060067684955836e-02, -5.3511020009435184e-01
30, 30, 3.9568482089003054e-01, 4.7552560925758586e-01
31, 0, 5.6128771952572354e-01, 0.0000000000000000e+00
31, 1, 2.7773495579192065e-02, -2.9191430780119743e-01
31, 2, 1.6762138923585751e-01, 7.2801697953610844e-01
31, 3, 3.0256529061966903e-01, 1.3572396100752271e-01
31, 4, -3.5669663127266227e-01, 2.1048317371657768e-01
31, 5, -8.1827801791980903e-02, 4.6517990490317740e-01
31, 6, -2.6951810166307189e-01, -1.0178345984766823e-01
31, 7, 8.4235463387975384e-02, -3.8168289388015342e-01
31, 8, -2.6065124411340124e-01, -4.3386491111874187e-01
31, 9, -1.8598843334449677e-01, -1.4252542457675393e-01
31, 10, -6.1606490227786470e-02, -9.6992458174574525e-01
31, 11, -3.5272421741607163e-02, 3.3836198397530659e-01
31, 12, -7.6908393893329097e-01, 5.9701456190085445e-01
31, 13, 2.3971345830358384e-01, 3.9710850911739159e-01
31, 14, 3.4768582511189405e-01, 3.2349058470963499e-01
31, 15, -1.4788192508991038e-01, 3.8981627939744340e-01
31, 16, -2.4348543206283191e-01, -2.3529224305002519e-01
31, 17, -4.4377291015078768e-01, -1.9887576054252665e-01
31, 18, 4.8026852069111586e-02, 1.1303792433890700e+00
31, 19, 2.4670509380737266e-01, 4.8356201896287465e-01
31, 20, 7.6485055285763193e-01, 2.8706832325932019e-01
31, 21, 5.5396752280686512e-01, -2.0191121427541853e-01
31, 22, -1.8325676866620155e-01, -7.8572519794936513e-01
31, 23, 3.6514885302946598e-01, 6.7890679174175572e-02
31, 24, 6.7181203491292274e-01, 1.9725088013147674e-01
31, 25, 2.3111803565209169e-01, -2.7188500029334883e-01
31, 26, 3.0964143563036006e-01, -3.7923397639289758e-01
31, 27, -2.3873551933727755e-01, -4.9823374708259732e-01
31, 28, -6.5076311903443407e-01, 9.5826674092243436e-01
31, 29, -2.1339646556732428e-01, -3.6849048885410962e-02
31, 30, -1.9321191833290563e-03, 8.4760987432403312e-01
31, 31, 5.8766857139126638e-01, -7.9832008665531762e-01
32, 0, 4.7218840579814592e-01, 0.0000000000000000e+00
32, 1, 2.8639323991194920e-01, -6.3117083496319126e-01
32, 2, 9.2473847343349236e-01, 3.0178846210291388e-01
32, 3, -6.8525108370509979e-01, -7.3522331320274792e-01
32, 4, 4.5056323322958836e-01, 1.3615847315096208e-01
32, 5, 2.2985897200742716e-01, 1.5622092562116818e-01
32, 6, -3.6221797851347554e-01, -3.6051702640384353e-01
32, 7, 5.4784228717416961e-01, 6.6411796429557413e-03
32, 8, -6.1864300255203952e-01, 1.2435503870870868e-01
32, 9, -4.5102147206721221e-01, -1.9754527948522727e-02
32, 10, -4.3112507698442992e-01, -2.4661231959065077e-01
32, 11, 2.3252720674080651e-01, -4.9090965527747765e-01
32, 12, 5.5611478545997739e-02, -4.7685087809285981e-01
32, 13, -1.4569402089583133e-01, 3.4087964438331614e-01
32, 14, -1.7084509716229820e-01, -6.5573266633718941e-01
32, 15, -3.1911769214386621e-01, 6.0126579983154482e-01
32, 16, 2.1266645888919289e-01, 1.6248235942809186e-01
32, 17, 5.3348716758241418e-02, -2.7637792195386324e-01
32, 18, 4.0994380149966470e-01, 1.8348245009366818e-01
32, 19, 4.2679214495913653e-01, -7.6622021210697300e-01
32, 20, 1.2150746742324841e+00, 2.8801061214670903e-01
32, 21, -7.2563578842406329e-01, -6.1213020415540764e-01
32, 22, -3.5883459677708673e-02, 8.4451763753300990e-02
32, 23, 3.0277780926618947e-01, -2.1836895374968668e-01
32, 24, -1.4634862823254546e-02, 5.6651838229144935e-01
32, 25, 7.0035723104219416e-01, -8.2868745638315133e-01
32, 26, 1.2931171328848612e-01, -1.4033084044961436e-01
32, 27, -1.5901251597056842e-01, -5.4564775866339454e-01
32, 28, 2.1424701173548788e-01, 1.0138058883122312e+00
32, 29, 9.6472447393587246e-01, 4.8650245255812252e-01
32, 30, 2.2272781682633280e-01, -8.5798680163854613e-02
32, 31, 2.0004940592096199e-01, 4.1822508957005433e-01
32, 32, -2.0768282973207119e-01, -4.0828819374823644e-01
33, 0, 2.9093404539397572e-03, 0.0000000000000000e+00
33, 1, -5.4875296576829558e-01, -5.3768684450765458e-01
33, 2, 1.8524771421177341e-01, 7.0773490102084757e-01
33, 3, -6.1948533587060783e-01, 6.0346880567423988e-02
33, 4, -1.8776851045186538e-01, 3.5236578147109687e-01
33, 5, -3.0260375303722220e-01, -2.0177008016574161e-01
33, 6, -4.4225191188591706e-01, -1.1765811808770321e+00
33, 7, -1.4388640395910834e-01, 7.8726317370073584e-01
33, 8, -8.3920757102899446e-01, -1.6658828164868644e-01
33, 9, -2.3281202651083277e-01, 3.1127085419206724e-02
33, 10, -2.8186788409329355e-01, 1.4983206309388003e-01
33, 11, 1.2707174063366411e-01, -3.0795300915860346e-01
33, 12, 6.6396460361774201e-01, 3.4047963186583613e-01
33, 13, 5.2607614685295412e-01, -1.2038362419317768e-01
33, 14, 2.3666319117690238e-02, -3.0229450646043482e-01
33, 15, 1.1210627657747940e-01, 1.8819265321351164e-01
33, 16, -1.7969834919913968e-01, -6.1412148267899536e-02
33, 17, -7.5740120202563543e-02, -2.3992408687804681e-01
33, 18, -6.4228194218838497e-01, 1.5187576490049221e-01
33, 19, 8.2938772604501443e-01, -2.6705747116893064e-01
33, 20, -5.3222182096066772e-02, 1.5909446306073904e-01
33, 21, 2.9907320496369805e-01, -7.4676225101824267e-01
33, 22, -2.7265627478801108e-01, 3.8594840264794911e-01
33, 23, -1.2121186623048266e-01, 4.6148931124179976e-01
33, 24, -4.4734845058783468e-01, -4.4976435175899110e-01
33, 25, -8.7038455474624166e-01, 3.0032377046204134e-01
33, 26, -3.3136827201466379e-01, 1.6780746869628504e-01
33, 27, -1.6823422341014344e-01, 1.0525749439272761e-01
33, 28, 2.0187230959909275e-01, 3.6042671363539092e-01
33, 29, 4.3195387502139171e-01, -3.8264046144878283e-01
33, 30, 8.8052247800538197e-01, -8.0856543209065346e-01
33, 31, -2.3881358595373059e-01, 4.2808372143999796e-02
33, 32, 3.1052647272672312e-01, -8.2098386996293060e-01
33, 33, -3.8314949288733663e-01, 5.1579131790604504e-01
34, 0, -1.0626111128307567e+00, 0.0000000000000000e+00
34, 1, 3.7986419369566282e-01, -1.7895491599387270e-01
34, 2, -2.9961886832284179e-02, 4.7582783230299835e-01
34, 3, -8.0127941386869406e-02, -9.1384982355796840e-01
34, 4, -2.4245492627939325e-01, 5.1598727091322016e-01
34, 5, -2.9092943515623515e-01, -3.5279052881666351e-01
34, 6, -5.4623337910803774e-02, -3.7083592315592240e-01
34, 7, -1.8565932369173810e-01, 6.4110569682278151e-01
34, 8, 5.3255635102249524e-02, -6.5922415675010493e-01
34, 9, 8.5324294861301730e-01, -3.8955495113665917e-02
34, 10, 1.6638856520043807e-01, -2.7759458016757743e-01
34, 11, -5.4512983932267334e-02, -9.9488143399245677e-01
34, 12, -4.1943559707273231e-01, 1.3952766744643386e-01
34, 13, -7.2323207443092030e-01, 2.6949342420137679e-01
34, 14, -1.5606663880713745e-01, 9.5915636932214587e-01
34, 15, 5.4992227337573252e-02, 4.4438634145796718e-01
34, 16, 8.1168692559057254e-01, -1.2999045922037175e-01
34, 17, -3.7324914464099523e-01, 2.4614756374256397e-01
34, 18, -6.0162522373677474e-02, -3.3518079266571571e-01
34, 19, 1.7777123400693098e-01, 6.7408267481343109e-01
34, 20, -1.1995004689462130e-02, -3.1670892281084878e-01
34, 21, 4.5596373397439571e-01, -3.2679682667884058e-01
34, 22, -7.0175692806826695e-01, -2.4894757350828800e-02
34, 23, 5.4060842569319667e-01, -5.5160685664102926e-03
34, 24, -1.5315564995033315e-01, 3.2634602260066314e-01
34, 25, -1.4344225082453055e-01, 2.0928634777844934e-01
34, 26, 5.5949310689063581e-01, -5.1471129515994329e-01
34, 27, -6.4564793418834532e-01, 4.2655871101672305e-01
34, 28, 1.0204905322326319e-02, 2.4245819111934058e-01
34, 29, 4.1765336343051740e-01, 8.0783772161081124e-01
34, 30, -1.0677583624843379e-01, -2.6244457520216202e-01
34, 31, -4.0378597720013887e-01, 1.7250106728105613e-01
34, 32, -1.1408314041833101e-01, 2.9553901984424868e-04
34, 33, -8.4598312576808965e-01, 1.5217332330205333e-01
34, 34, -2.3477998752785781e-01, -2.8073947465566734e-01
35, 0, 1.6600318218007731e-01, 0.0000000000000000e+00
35, 1, 2.0171812211403617e-01, 6.3301606737513172e-02
35, 2, 3.3179407114373671e-01, -3.9405396421714162e-01
35, 3, -1.5513065286921945e-01, -6.5576455093225505e-01
35, 4, -6.2647286541768932e-01, 3.5679710359338779e-01
35, 5, -4.7340741946336018e-01, -5.2962369462496772e-01
35, 6, 1.0924030625867065e-01, 2.5952132173919074e-01
35, 7, 1.5201634269416231e-02, 2.0206912606485605e-01
35, 8, 2.2739856450338403e-01, 1.6195080286715025e-01
35, 9, 4.6655421796928498e-02, 9.7571903243368063e-02
35, 10, -1.7934554965026117e-01, -3.4736234471872407e-01
35, 11, 3.5191369706575198e-01, -2.4439634795029924e-01
35, 12, -1.5627346697619626e-01, -5.6359547789511355e-02
35, 13, 3.0444278427658950e-01, -1.3108473916389451e-01
35, 14, -3.5470354787832992e-01, -2.5358128041618666e-01
35, 15, 2.2630315765141101e-01, -3.7936055631223276e-01
35, 16, 5.5690724107469558e-01, 5.9307499515388074e-01
35, 17, -4.7777105568922662e-01, 3.7045045577360036e-01
35, 18, 6.9005663510162552e-01, -2.9483724487100682e-02
35, 19, 3.0787581596336477e-01, 2.5972000488278413e-01
35, 20, 5.8621564167696305e-01, -9.0043755667267444e-01
35, 21, 2.7076363292772065e-01, 6.8362248624281818e-01
35, 22, -6.0550045843453582e-02, -5.9728756896965063e-01
35, 23, -4.4733771305201941e-01, 7.8323146942575794e-01
35, 24, -4.1869519547377898e-01, 2.9179975658870705e-01
35, 25, -3.1830439323000670e-03, -3.1853184765227693e-02
35, 26, 2.3476616165073894e-01, 5.0927274049987292e-01
35, 27, 1.4308874516134085e-01, -5.6049012326221526e-01
35, 28, 1.1568520973554874e-01, -1.2929645084339958e-01
35, 29, 6.0985370895291990e-02, 3.6859999304580493e-01
35, 30, 3.7669439320539388e-01, -8.5790979334776640e-02
35, 31, -3.5950607596798589e-01, 9.4381730185338450e-02
35, 32, 4.2631155605006743e-02, 9.0827318379849808e-02
35, 33, 1.5900069876966716e-01, -2.3269451047567169e-01
35, 34, 3.2128612169061022e-01, -1.2107661422230320e-01
35, 35, 3.0187718903745475e-01, 5.0386434963357796e-01
36, 0, 5.9931390405669627e-01, 0.0000000000000000e+00
36, 1, -9.6350277724762790e-02, 2.7598563239818102e-02
36, 2, 5.1819063185843617e-01, -3.0270670031224411e-01
36, 3, 1.4494557000073627e-02, 2.1726222438873460e-01
36, 4, -8.1175055510806748e-01, -1.2199722249750927e-01
36, 5, 4.7644368234899870e-01, 6.9473344986359625e-02
36, 6, -3.8708027874061024e-01, 1.5361079434928723e-01
36, 7, -6.3758181651911172e-01, -3.5794627421474079e-01
36, 8, 1.5900139263081287e-01, 1.3574191359813709e-01
36, 9, -1.1173469706214505e+00, 1.9991787468788857e-01
36, 10, -1.4565368060306871e-01, 6.2800558264834860e-01
36, 11, -8.0481228681561823e-02, 2.3936542511022046e-01
36, 12, -7.3085295093515978e-01, -3.1261974748316945e-01
36, 13, 9.0092498664261478e-01, 2.4600405351993038e-01
36, 14, -3.7459352420242009e-01, -3.0212276551771011e-01
36, 15, 1.1320202105300701e+00, -5.6115435986476914e-01
36, 16, -7.1222462334322412e-01, 5.0899307757815801e-02
36, 17, 2.1582572248046131e-01, -2.6519705316679953e-01
36, 18, -1.5551040167316227e-01, 4.7184565731996519e-01
36, 19, -7.3170986465891374e-03, -5.4833218995369759e-01
36, 20, 6.6547744038247902e-01, 4.0197357627081098e-01
36, 21, 3.8560655254981396e-01, -2.8171812848043365e-01
36, 22, 2.7674557251417053e-01, -3.2316204494071243e-01
36, 23, 9.6165793196338958e-02, 5.7868215521100352e-01
36, 24, -6.1472464437840157e-02, -2.8481894592056634e-02
36, 25, 3.4256570649179779e-01, -9.3049787187270416e-02
36, 26, -3.7286966712921504e-01, -5.4723526674390521e-01
36, 27, -7.6371244576456054e-02, 4.0818937025230984e-02
36, 28, -2.2141612900885829e-01, 5.8602641086680818e-01
36, 29, -1.4882957819047915e-01, -1.0140159790836363e+00
36, 30, 3.0729277456851189e-01, 3.5683196828254138e-01
36, 31, -1.7007661422158415e-01, -4.4822540613247785e-01
36, 32, 1.7604434100762734e-01, 6.8766421023543078e-02
36, 33, -4.0889959629516903e-01, -5.1527046875789773e-01
36, 34, 2.5262176531284819e-02, 5.0079405377748654e-01
36, 35, 1.1046302942525266e-01, -1.9424424057696377e-01
36, 36, -1.1952850961962319e-01, -8.5181786362406853e-01
37, 0, -3.7247678217177560e-01, 0.0000000000000000e+00
37, 1, -4.2341216822091504e-01, -6.4068716459089992e-01
37, 2, 6.9431009083633410e-01, -2.6238384723261521e-01
37, 3, -7.2720740206127743e-01, -4.6081100858623381e-02
37, 4, -3.8748545357861874e-02, 4.0322586273898553e-01
37, 5, 5.7053318014300236e-01, 1.4918297101450984e-01
37, 6, -1.3810117151780199e-01, 1.1836461227386996e-01
37, 7, 8.5846123630753701e-01, 1.6837740952594993e-02
37, 8, -1.0834970444989223e-01, 3.1947843337693471e-01
37, 9, 7.3823000570078512e-02, -1.6615600586331492e-02
37, 10, 2.1361612707792899e-01, -4.2751315380439953e-01
37, 11, 6.2155094388748711e-01, -3.2483762409765082e-01
37, 12, -1.3909775063528484e-01, -9.6108960426511203e-01
37, 13, -3.6410159701082301e-01, 7.8987176146287918e-01
37, 14, -3.1166640153866620e-01, -8.2373202049577410e-01
37, 15, 3.3274973694745535e-01, -1.0008492843040195e-01
37, 16, -6.5310177362899680e-01, -1.3755621051757616e-01
37, 17, 1.4702383599167601e-01, 3.0210081115408915e-01
37, 18, -6.1884568285124564e-01, -2.8388505452430146e-01
37, 19, -1.8583202214514671e-01, -3.6716074249622443e-01
37, 20, 2.5074188989669755e-01, 4.8027124123333509e-01
37, 21, -8.9309897675564187e-02, -1.7235154141342313e-01
37, 22, 4.2173662439683068e-01, 2.3795445939813709e-01
37, 23, -6.1493897210335335e-01, 2.4134015670930792e-01
37, 24, -3.6491084327001672e-01, 3.3180090341581192e-01
37, 25, 2.2200565006411654e-02, 1.4312717502648514e-01
37, 26, 2.5882491193439255e-01, 3.8549879217991911e-02
37, 27, 4.8069844704866560e-01, -9.0419570417247741e-02
37, 28, -5.9575237904965317e-01, -5.2596906132744009e-02
37, 29, 1.8402951626580921e-01, -2.3575765944509908e-01
37, 30, -6.1142354197606485e-01, 1.8460336354292117e-01
37, 31, 4.3075134388518033e-01, -2.4687112002208111e-01
37, 32, -2.2274273759979077e-02, 4.0044081328054143e-01
37, 33, -4.8307583122625553e-01, -2.1436883808291984e-01
37, 34, 3.0209277548719493e-02, 6.5257406678535634e-02
37, 35, 6.5078002465950258e-01, 2.8744834351159521e-01
37, 36, -7.3227286426702110e-01, -4.2257770248962978e-01
37, 37, -2.2084256393317819e-01, 2.1504492874588332e-02
38, 0, -2.0133998027006372e-01, 0.0000000000000000e+00
38, 1, 5.5238196535765427e-01, -4.1172235909044652e-01
38, 2, 5.5618995310711072e-01, -7.3709372068806234e-02
38, 3, -7.7876265723115279e-01, 5.8922758700345745e-03
38, 4, 4.1055074945369108e-01, 4.3567470408637410e-01
38, 5, -7.0760990644976507e-01, -2.5860887933109827e-01
38, 6, -3.1895799859096707e-01, -8.8304240270590051e-01
38, 7, -3.5418725553907815e-01, 2.5075085816250509e-01
38, 8, -6.7105868726187967e-01, -1.0979682433476534e-01
38, 9, 4.0850364968932162e-01, 2.8074318355456118e-01
38, 10, 2.2269680898398458e-01, -1.3786152653189160e-01
38, 11, 4.5539122701740353e-01, -2.3157502068201397e-01
38, 12, 1.6232977173554923e-02, -3.4178076291346277e-01
38, 13, 8.1835842128668268e-01, -5.1026082174025578e-01
38, 14, 6.0082163071850103e-01, -5.8418798080661027e-01
38, 15, -2.1587434669364230e-01, -5.4992476151232306e-01
38, 16, -1.8128162775673923e-01, -1.9803905077393733e-01
38, 17, 2.9412635716072000e-01, 8.0642786701274671e-02
38, 18, 3.6105998375747766e-02, 2.1878972453498835e-01
38, 19, 4.2776148502369526e-01, 3.4327013348893703e-01
38, 20, 6.9259050592559079e-01, -2.5202085720090073e-01
38, 21, -6.0713003200384606e-02, -3.4905510811281776e-01
38, 22, -4.4689292483357468e-01, -7.0655060289898675e-01
38, 23, -9.8731413548258096e-03, -3.0109958996974884e-01
38, 24, 4.4340076465796402e-01, 7.2810016655503296e-02
38, 25, -1.2026793539828545e-01, -2.4347250796865871e-01
38, 26, -5.9626661449654317e-01, -3.2104214451841906e-01
38, 27, -7.2794160614751136e-02, 8.5598672408128695e-01
38, 28, 2.1912044626792015e-01, -2.3948846592083473e-01
38, 29, 3.2782634224971263e-01, 7.2998314916558282e-02
38, 30, -5.2072219052336355e-01, -4.1346977252773720e-01
38, 31, 5.0950831388886497e-01, 3.3813390490467665e-01
38, 32, -3.4343407114086166e-01, -2.1952313664027540e-01
38, 33, 2.2938554410859058e-01, 3.2040409696962535e-01
38, 34, 6.9836511795957457e-01, 4.0702803453673386e-02
38, 35, 7.4357266505452113e-01, 3.5919378043964700e-01
38, 36, 2.2638000580581041e-01, -2.7626496693089031e-01
38, 37, 2.6584652720444785e-01, 6.0963796198721631e-01
38, 38, 5.5738344284020824e-01, 3.9665465686287943e-01
39, 0, -3.0795350165801272e-01, 0.0000000000000000e+00
39, 1, 2.6781973615618826e-01, 5.6018811738562613e-01
39, 2, -1.3531726603505496e-02, -1.1655033701123430e-01
39, 3, -2.4840045036458314e-02, 2.7249161919474935e-02
39, 4, 2.1595247284820898e-01, 2.5355057171155992e-01
39, 5, 2.8698193125953897e-02, -9.2476197293669959e-01
39, 6, 2.5691904691452067e-01, -3.1870632801734672e-01
39, 7, -2.8996174476623593e-01, 3.2133598455367457e-01
39, 8, 2.5856853301142735e-02, -8.2096507302904131e-02
39, 9, -2.2021244101390502e-01, -1.1220748710938533e-01
39, 10, 2.2898825050252780e-01, 1.4035477224157408e-01
39, 11, 3.5117428774368170e-01, -6.2173558232137305e-01
39, 12, -3.9794655894290432e-02, -1.3943340032518334e-01
39, 13, -2.5387329707337980e-01, -1.8045042975762471e-01
39, 14, 2.2726484088379442e-01, 3.9356935936736642e-01
39, 15, -2.0534529332155543e-01, -4.1461200821259281e-01
39, 16, 4.7608995838576240e-01, -4.4275788714754905e-03
39, 17, -1.9742673925195464e-02, -2.6093657439133644e-01
39, 18, 1.9042977108115955e-01, -3.0323274782440879e-01
39, 19, -2.3715678808653312e-01, -2.3253744530207143e-01
39, 20, 3.1948949804635535e-01, -2.5054119361114002e-01
39, 21, -4.3250607308073019e-01, 4.2421804951225750e-01
39, 22, -3.8188419566412601e-01, 1.5923773127300000e-01
39, 23, -8.4398661293895283e-02, 1.5699554377403369e-01
39, 24, 8.5893639097245944e-01, 4.2039629211466178e-01
39, 25, 3.4397329349552280e-01, -3.7687692781104049e-01
39, 26, 2.8208136214767687e-01, -1.6304605379371562e-02
39, 27, -4.6373745645181158e-01, 4.7292956402733044e-01
39, 28, 6.1728461108981469e-01, 6.1576778271341348e-01
39, 29, -2.2524324947975821e-01, 7.7309309070783594e-01
39, 30, 8.3357091094082936e-01, -4.0594976173454511e-01
39, 31, 2.6942327337685557e-01, 7.3252446218277945e-01
39, 32, 1.9740231535650488e-01, -5.9542355175139017e-01
39, 33, 2.8978673904132113e-01, 4.7208514394658752e-01
39, 34, -4.5105820859787710e-01, -3.2372232679062513e-01
39, 35, 4.2628401762948298e-01, 5.8883093887342253e-02
39, 36, -6.9117590177451838e-02, -1.6421932503718639e-01
39, 37, 5.0665202352996319e-03, -3.6348956658875053e-02
39, 38, 5.7142266276061426e-01, -5.9895369955350974e-01
39, 39, -9.9629694766392773e-02, -2.0647888157233840e-02
40, 0, 8.0460150930497742e-01, 0.0000000000000000e+00
40, 1, 6.0582380734724994e-01, -8.1115423400264480e-02
40, 2, -9.9730401886654163e-02, 3.0842839786533283e-01
40, 3, -3.8658382981399109e-01, -1.8116794116714591e-01
40, 4, -4.0237217672181746e-01, 1.3904694327208367e-01
40, 5, -2.2556023023419414e-02, -8.3591905473314165e-01
40, 6, 2.2489184420373842e-01, 4.5197887856366792e-01
40, 7, 4.0367808368704000e-01, 2.6278179167552762e-01
40, 8, 9.9058819207601390e-01, -6.0061602105319722e-01
40, 9, 2.8148954718978308e-01, -3.8325913910385256e-01
40, 10, -2.3292392425490854e-01, -9.0082728164877346e-01
40, 11, -1.2693927093077728e-01, -3.6360704976788261e-01
40, 12, -1.2257215194965299e-01, -1.0136820852850949e-01
40, 13, -3.2845491517028835e-01, -2.2986453849139787e-01
40, 14, -2.2725017987027005e-01, -1.2645235233175323e-01
40, 15, -2.7700819372183760e-01, -2.5007295685402786e-01
40, 16, 3.4896577340738455e-01, -7.7726854259412698e-02
40, 17, 1.3252248917694209e-01, -1.7329458996580530e-01
40, 18, -3.9306140809632273e-01, -3.6988738651724407e-01
40, 19, -6.0643400324836039e-01, -2.5178820139428772e-03
40, 20, 4.0476724684437776e-01, -9.3375720732670073e-02
40, 21, 3.5830642232818333e-01, 5.2866970640399813e-01
40, 22, -1.9796145365095696e-01, 2.2864124341480013e-01
40, 23, 2.0995021478014192e-01, 2.7881263954378316e-01
40, 24, -1.4888475587818456e-01, -3.6279410534689377e-01
40, 25, -7.2727041270096437e-02, -4.8539401203970789e-01
40, 26, -2.3582234840984084e-01, -2.4093704562899720e-03
40, 27, 4.7403229265169856e-02, -1.3617729652882260e-01
40, 28, 5.7547927704741197e-01, 3.5152083111993682e-01
40, 29, -7.9297010490585806e-01, -9.5625999480524149e-01
40, 30, 6.5326316920409933e-01, -6.2732106029275048e-01
40, 31, -5.3238932109435155e-01, -1.6285009114101467e-02
40, 32, 5.1002866783210909e-01, -1.0013966229669996e-01
40, 33, -5.2145105551108029e-01, 2.7420169696910934e-01
40, 34, 4.6184247594225514e-02, -5.9719970899566732e-01
40, 35, 1.8362048385106133e-02, 2.9560286274653219e-01
40, 36, -9.5927469391097642e-02, -3.2008796901075648e-01
40, 37, -3.7706260021547516e-01, 2.5100520346107202e-01
40, 38, 1.9595561249907911e-01, -1.3760661012669825e-01
40, 39, -4.7151796446907757e-01, -2.0856269186658949e-02
40, 40, -3.5626577443340723e-01, -1.5417271039878910e-01
41, 0, 1.8744931589732505e-01, 0.0000000000000000e+00
41, 1, 2.2282751608371187e-01, -4.1471423445877009e-01
41, 2, 8.6978888089318418e-01, 2.0155946610465936e-02
41, 3, -3.2158243576669288e-01, 1.4281217685911896e-01
41, 4, 3.5215983310603705e-01, 2.0289947714499401e-01
41, 5, 5.8684390729361824e-01, -2.6083859200703874e-01
41, 6, -4.9762902203043480e-01, -3.0369968517473833e-01
41, 7, 4.0908806305486234e-01, -9.0415699064128718e-02
41, 8, 4.1323332918589983e-01, -2.6041189773844464e-01
41, 9, -1.2224298029266423e-01, 5.5554315920433722e-02
41, 10, 8.4632626844789560e-02, -8.4901006321525974e-02
41, 11, -9.1642515702646615e-02, 2.1459113492274040e-01
41, 12, -1.3545124956389820e-01, 2.1522510018100888e-01
41, 13, 3.0354901940651102e-02, -2.6865980943664081e-01
41, 14, -8.3722107836539716e-01, 4.5865719012214712e-01
41, 15, 2.6547417422761621e-01, 2.6088344442393752e-01
41, 16, -6.7877303889174989e-01, -1.3070908908820814e-01
41, 17, 1.0302347057734368e-01, 2.8763598357636100e-01
41, 18, -2.0212791648205430e-01, 3.6339393834039391e-02
41, 19, -1.2738281356411446e-02, -2.4499426911197583e-01
41, 20, -1.7816545922441501e-01, 4.0281890172140633e-01
41, 21, -7.7695524638196845e-02, -5.6948817339753122e-01
41, 22, 1.7380095118992839e-01, -1.3818550366931687e-01
41, 23, 1.4914293841447546e-01, -2.8394250683818889e-01
41, 24, -1.6160183765305647e-02, -3.3937508987205767e-01
41, 25, -1.8738211382318112e-01, -2.1462368330880111e-01
41, 26, -4.4164541184198353e-01, -3.1557962981695331e-02
41, 27, 1.9892982245065438e-01, -2.3659859655507920e-01
41, 28, -6.8707270529690245e-01, 7.2734415034892153e-01
41, 29, -1.3133383089743506e-01, -3.1092463622045852e-01
41, 30, -3.0680472402752568e-02, -7.6013655413997849e-03
41, 31, -2.6183677174488501e-01, -4.3442688745874847e-01
41, 32, 7.6831311079548437e-01, 6.2848813606243259e-01
41, 33, -4.5965657173144292e-01, -5.2718248382197141e-01
41, 34, 3.3173046074116619e-01, -2.2958003071083305e-01
41, 35, -3.3503378934953965e-01, 1.8953768596890147e-01
41, 36, 3.8093638713384115e-01, -2.8233118034294180e-02
41, 37, 8.1256544218929694e-02, 4.4553889682657688e-01
41, 38, 2.3416790214887753e-01, 2.3685202031013142e-01
41, 39, -1.0516670449328847e-01, -3.6629514407650715e-01
41, 40, -2.2690824289173561e-01, 5.3736799589056405e-01
41, 41, 4.2997516795888080e-01, 5.4499010336673626e-01
42, 0, 4.0944597279081979e-02, 0.0000000000000000e+00
42, 1, 5.0914316293324369e-01, 7.5276224884382459e-03
42, 2, 1.3942494123621132e-01, 2.4675232419271409e-01
42, 3, -2.9756213447074820e-01, 1.4345735883868541e-01
42, 4, 6.9522616128846981e-01, 3.7633652791037930e-01
42, 5, 3.4694000478201215e-01, -5.8757633430439593e-01
42, 6, -6.6174167679135376e-01, 1.6003202316274470e-01
42, 7, 6.3059364641649962e-02, 8.2620619778781323e-02
42, 8, -3.5538563101425036e-01, -5.8182503250591910e-01
42, 9, -8.1973061095685501e-02, -4.2939732211278214e-01
42, 10, 3.1869698590286710e-02, -1.3307950010156261e-01
42, 11, -1.5479620586115506e-01, -1.2624860379122260e-01
42, 12, -5.9706282404367567e-02, 1.3943792174518652e-01
42, 13, -2.3700390868747052e-02, -4.1176395820787781e-01
42, 14, -4.8473186558269227e-01, -8.1629944936862486e-02
42, 15, 4.5466518262757527e-01, 7.4215910557236850e-02
42, 16, -4.3499508598077008e-01, -1.2837207933930148e-01
42, 17, -2.8904818707124524e-01, 1.4290353317107257e-01
42, 18, -5.1688466456745519e-01, 7.3778438559529680e-01
42, 19, 1.1693066832123289e-01, -2.0459398998699316e-01
42, 20, 9.2240020485678642e-02, -1.1439269322097137e-01
42, 21, 6.6227118270406615e-01, -1.4654483115112082e-02
42, 22, -2.9812447941462150e-01, -1.8862367703600191e-01
42, 23, -7.0451633250105405e-01, -2.8859824871611356e-01
42, 24, -1.6361329512251110e-03, -4.6419894413495583e-01
42, 25, 1.1463723585901169e-01, -8.3223905981292035e-02
42, 26, 2.6007462027863837e-01, -1.6276463682009867e-01
42, 27, -8.6696678644800185e-02, 3.7891147234926731e-01
42, 28, -4.3142873983757735e-01, -1.7322808812678248e-01
42, 29, -1.1447330227319777e-01, 1.3197497504348427e-01
42, 30, -3.8293947894447899e-01, -5.0079297962074221e-02
42, 31, 3.2655468095257478e-01, -1.7083959674083699e-01
42, 32, 6.3423533051045311e-02, 5.9700715442086116e-01
42, 33, 5.8315021099916420e-01, -5.6285002335813417e-01
42, 34, -1.4945663866973546e-02, -1.1687895036889284e-01
42, 35, -7.2247558879133467e-01, -1.1514462209108672e-01
42, 36, -3.1470908989928770e-02, 1.4785992885762322e-01
42, 37, 7.7715066551278023e-02, -4.1121823469556618e-01
42, 38, -1.4830179323050252e-02, -1.5822579470729070e-01
42, 39, 2.3864233890717923e-01, -1.9799681641648528e-01
42, 40, -6.8623620557070297e-01, 3.8409994913953460e-01
42, 41, 3.7660274776902825e-01, -6.2037602201759567e-01
42, 42, -3.3186316724081122e-02, -2.9682773085251746e-01
43, 0, 3.8201547758819143e-01, 0.0000000000000000e+00
43, 1, 2.8393111431331119e-01, -1.6922402506221124e-01
43, 2, 2.7228511284865864e-01, 4.2905436278793307e-01
43, 3, -4.5530189829169054e-01, 6.1892909513249106e-02
43, 4, 4.7201446726502733e-01, 2.4056696222224905e-01
43, 5, -7.7556706639459905e-02, -9.6157297495888749e-02
43, 6, -1.3692576442976889e-02, -8.5289135682081740e-03
43, 7, -2.1562213317878159e-01, -2.4591491817898053e-01
43, 8, 1.5346910444097250e-01, 3.8231135720605547e-03
43, 9, 4.2185851223669069e-01, 5.6174582976639575e-01
43, 10, -3.7199433057719000e-02, -9.3654828104814319e-02
43, 11, -1.6314872566573566e-01, -2.7861515669773207e-01
43, 12, -3.0192132921233483e-01, 8.5264185718697372e-02
43, 13, -8.2456918497726628e-02, 9.6332176022968660e-02
43, 14, 2.6167154982085061e-01, -2.6277243249013799e-01
43, 15, 4.0340110924088085e-01, -5.4305114067423887e-02
43, 16, 1.3357129611297869e-02, -4.6691437232812183e-01
43, 17, 1.8973622471217574e-01, 3.8095434591492339e-02
43, 18, -8.3827078258118748e-02, 1.2356861465067487e-01
43, 19, 3.1507391342860291e-02, -5.0484797446814711e-01
43, 20, 7.1017182427545169e-03, -7.3453511891851120e-02
43, 21, 8.5636606258499781e-02, 2.5462477712176579e-02
43, 22, -8.6566346203051925e-03, 1.1616721429200649e-01
43, 23, -4.7706191623340488e-01, -7.5662428705463747e-02
43, 24, -1.3057012180332256e-01, -1.4291185273398993e-01
43, 25, 2.2517012199845954e-01, 4.7613941524845360e-01
43, 26, -1.1456800045322246e-01, -5.3457236473637260e-01
43, 27, -2.2605934152021179e-01, 4.5732245176829966e-01
43, 28, -6.0353249257451824e-01, -1.4864925140467400e-01
43, 29, -2.9574884936192931e-02, 4.6723322591357463e-01
43, 30, 6.3851806087346930e-01, -2.1279628811185949e-01
43, 31, 2.7095368124689378e-01, 3.6221880994579292e-02
43, 32, -1.1433449531733642e-02, -3.5427314722872583e-01
43, 33, -2.1815399641466282e-01, -3.6971056077682429e-01
43, 34, -7.0303182349056481e-01, -2.7211721952567813e-01
43, 35, 2.3329594328833747e-01, 2.4209879819091903e-01
43, 36, 8.5020240080335832e-02, 7.1337963531304283e-02
43, 37, 3.8443352811448284e-02, -2.4112642656043071e-01
43, 38, -3.5165631522545748e-01, -2.0988857975160444e-01
43, 39, -4.3394472544100782e-01, 3.8585714472841315e-02
43, 40, 2.0634682783085773e-01, 4.3071308504711248e-01
43, 41, -5.5581778111708724e-02, 1.0911139301165521e-01
43, 42, 7.8685250472974033e-03, 4.3719579034873113e-02
43, 43, -4.4835758894566446e-01, -3.5275301076192239e-01
44, 0, 2.9567295334243643e-01, 0.0000000000000000e+00
44, 1, 7.8921336493901062e-01, -1.3570530353112770e-01
44, 2, -3.0271996661577993e-01, 1.2642792351683918e-01
44, 3, 1.0657624896444562e-01, -2.6909464609943701e-01
44, 4, 4.1928317855163655e-01, 1.7596159173174331e-01
44, 5, 2.3473055489734707e-01, -4.6126086361975732e-01
44, 6, -1.2971203944268428e-01, 2.9285521418931931e-01
44, 7, -1.1889033041362129e-02, 5.0215989132875993e-01
44, 8, 2.4376977095295727e-01, 4.3749656567800815e-01
44, 9, -3.3441973600944686e-01, 5.5462016318973217e-01
44, 10, -3.9133341185688614e-01, -1.6606369393968376e-01
44, 11, 1.2196166074625009e-01, -2.6900654685068370e-01
44, 12, -5.4327741130344931e-01, 1.5533383893004565e-01
44, 13, -3.5011283634134421e-01, -2.5888061074833246e-01
44, 14, -1.7784271413062558e-01, 5.5240041446446952e-01
44, 15, -3.3314639028456827e-01, 5.7355833155505986e-01
44, 16, -1.4905873059166885e-01, 1.0776758866460776e-01
44, 17, 3.2902446198281121e-01, 2.4567972451158757e-01
44, 18, 4.0268266304977141e-01, -2.9508227436053958e-01
44, 19, 4.5830675444221552e-01, -1.1628274595118408e-01
44, 20, -2.0610993161522340e-01, -5.3346687592164010e-01
44, 21, 1.3423436012794310e-01, -1.2650901595952313e-01
44, 22, -3.6022134750813700e-03, 9.5385952013209069e-02
44, 23, -1.3861101798730312e-02, 1.9674064445234460e-01
44, 24, -1.2777189430785718e-01, 1.9552316365007552e-01
44, 25, 7.8737083029088772e-02, -2.9768576306033556e-01
44, 26, 3.8496717086190774e-01, -3.1486430246360048e-01
44, 27, -4.1818830542919549e-01, -1.9924478872746176e-02
44, 28, -8.9480677885833970e-03, 1.6003253984539306e-01
44, 29, 7.2057568805049543e-02, 3.6388688777694761e-01
44, 30, 4.6755794734598588e-01, -1.8251538462376277e-01
44, 31, 3.4145402770345812e-01, -2.5291755004291605e-01
44, 32, 3.0955487223536110e-01, -2.8210445538711326e-02
44, 33, -2.9233365044870541e-01, -6.8606774950103366e-02
44, 34, -4.3111050017657593e-01, -2.4798642343307573e-01
44, 35, 2.1271711220652367e-01, 5.7352425460365519e-01
44, 36, -1.6718081602181917e-01, -3.5494151779346228e-02
44, 37, 6.5013290617458042e-01, 1.7795067980064305e-02
44, 38, -3.4116596245920416e-01, 3.2274345973531354e-01
44, 39, 1.8673837670403604e-01, 1.8120366346423936e-01
44, 40, 3.8520981020215272e-01, -6.8090613857391957e-02
44, 41, -1.4147173597825730e-01, -1.4437344919999706e-01
44, 42, -1.1407454788358873e-01, 1.2903778087908158e-02
44, 43, 6.0350018415299606e-02, 1.7011579346143391e-02
44, 44, -2.0453215753918416e-01, 1.1421448371305281e+00
45, 0, 4.4546019504277878e-01, 0.0000000000000000e+00
45, 1, 2.0491119461899210e-01, 3.3276025854136293e-01
45, 2, -2.7641875544186995e-01, -2.0216776633013894e-01
45, 3, 1.2889371035848696e-02, 5.3501534942808726e-01
45, 4, -4.0574445214500188e-01, 9.9920648155546993e-02
45, 5, 1.1381747921954571e-01, -7.7817721738112439e-02
45, 6, -3.5900343881698482e-01, 2.4161872537340479e-03
45, 7, -1.3611991985829386e-01, 1.2483196151311804e-01
45, 8, -9.4837450399814352e-02, -7.4502383293579610e-02
45, 9, 1.9549086545867478e-01, 1.3809459418360759e-01
45, 10, 1.8273434951486256e-01, -5.4021972868327373e-01
45, 11, -1.7673420968779674e-01, -2.6756228960655493e-01
45, 12, -4.7581608391599572e-01, 5.0339829853458418e-01
45, 13, -7.2659894433453776e-02, 3.6078695704660324e-01
45, 14, -1.0150907663851884e-02, 4.8575961653838451e-01
45, 15, -1.9976251750250620e-01, -5.2690747136717930e-01
45, 16, 3.0563820119297541e-01, 3.4453920527123150e-02
45, 17, -1.6668858509854007e-01, -3.5692660769859674e-01
45, 18, 5.6261527321053384e-01, 5.8728244304269517e-01
45, 19, -4.1051403723067781e-01, 5.9799506165184334e-02
45, 20, 1.5298898232231781e-02, 1.0989109710131734e-01
45, 21, 7.1799171194653080e-02, 5.1669239964808777e-01
45, 22, 5.6348663298918655e-01, -7.2186889432523604e-01
45, 23, 2.2183030135659398e-01, -3.6827417996083078e-02
45, 24, 6.1264970879549657e-02, -5.8162668145613050e-01
45, 25, 2.3276272663425385e-01, -8.7619567683496435e-02
45, 26, 1.5898577991779403e-01, -2.3220462215878601e-01
45, 27, -1.3573667826315028e-01, 3.6381151161276182e-01
45, 28, 1.1104769803076064e-01, 4.6794385626938151e-01
45, 29, -1.7229195630478486e-01, -4.1318778913730697e-01
45, 30, 5.6310554383755984e-02, -1.9028062379547014e-01
45, 31, -2.6227976455211854e-01, -2.0169958634347904e-01
45, 32, -2.9321272745835247e-01, 3.0618072284255449e-02
45, 33, -5.9720707034920895e-01, 2.3728575451527778e-01
45, 34, 2.6426575533878083e-01, 1.3914270008491461e-01
45, 35, 2.5298443561977024e-01, -1.4814112390257816e-01
45, 36, 8.9977060291465683e-03, -7.5433481981806683e-01
45, 37, -6.2498564191955186e-01, -2.3600874566991448e-02
45, 38, 1.7714296825415377e-01, -9.0749339974009913e-02
45, 39, 3.0231494768844946e-01, -5.3019050881431232e-02
45, 40, -3.8319983264227697e-02, 1.2286076663652479e-01
45, 41, 8.6874924914617901e-02, -2.4896959742389790e-01
45, 42, -5.6109864995376957e-02, 2.5616386393189322e-01
45, 43, -2.8738590634411870e-01, -1.2382309154392079e-01
45, 44, 2.2331829220299071e-01, 2.0090097726385930e-01
45, 45, 6.6154044136167967e-01, -4.8262444376538349e-01
