0, 0, 0.0000000000000000e+00, 0.0000000000000000e+00
1, 0, -8.8902438924935868e+03, 0.0000000000000000e+00
1, 1, -5.1819455630483162e+02, -4.0230127237473071e+03
2, 0, 0.0000000000000000e+00, 0.0000000000000000e+00
2, 1, 1.1599247746281869e+03, 6.2620550210598617e+02
2, 2, -1.0570840269980890e+03, 1.3706121060984656e+03
3, 0, 1.1476342131216829e+03, 0.0000000000000000e+00
3, 1, -1.3517085090489077e+03, -2.4594682507585035e+03
3, 2, -5.8919044737410854e+02, 1.3080105979170926e+03
3, 3, -1.1915479527644493e+01, 2.3903949657881658e+03
4, 0, 7.1244003533685475e+02, 0.0000000000000000e+00
4, 1, -8.2674157503718288e+02, -3.5339688026327644e+02
4, 2, 1.9956923591051586e+03, -1.5591237556450528e+02
4, 3, -2.0259183364907524e+03, 1.7668426402468515e+02
4, 4, -5.1578363025485248e+02, 2.3063950945039323e+01
5, 0, -1.6017191084696178e+03, 0.0000000000000000e+00
5, 1, 4.4224576369509106e+02, 1.4782104062616663e+03
5, 2, -8.9423707749735036e+02, 3.7135059821723087e+02
5, 3, 5.5915530875033778e+02, 1.6021845976080072e+03
5, 4, 1.3543552044451798e+02, -1.9633786283223860e+03
5, 5, -3.6648468527746377e+02, 7.3896982582351939e+01
6, 0, 7.6517676679984345e+02, 0.0000000000000000e+00
6, 1, -4.2635318693730818e+02, -3.7179477664405567e+02
6, 2, -9.2843199824129294e+02, 3.5533781416891361e+02
6, 3, -8.1791246490232788e+02, -3.8390836529040246e+02
6, 4, 3.2544295790019828e+02, 5.2934848479224752e+02
6, 5, 8.7200174180320505e+02, -1.9221116358215022e+02
6, 6, 8.3349755221667942e+02, 2.3641419028285532e+02
7, 0, 9.8321937058528135e+02, 0.0000000000000000e+00
7, 1, -3.0419491471526101e+02, 9.2235743253180613e+02
7, 2, 9.3865516366773068e+02, -7.3644428785285493e+02
7, 3, 3.2812098478472069e+02, -1.9645163904548065e+02
7, 4, -3.4713218520161348e+02, -7.5811288052302370e+02
7, 5, 5.6804959476728023e+01, 2.5039063629517946e+02
7, 6, 5.1364285282032324e+02, 1.0961734875634545e+02
7, 7, 3.1959998398525613e+02, -5.0442826548507259e+02
8, 0, -4.2901823318737127e+02, 0.0000000000000000e+00
8, 1, -1.0927919182817865e+02, 4.9409621126838999e+02
8, 2, -7.2627057525674360e+01, 2.7791856770204319e+01
8, 3, 2.2775301411593904e+02, 2.2826554798516176e+02
8, 4, 1.0152922747868371e+02, 5.6461824620822108e+02
8, 5, 3.8003396296712350e+02, 5.8252314130405045e+02
8, 6, -5.0172325986738383e+02, -2.6285420801395247e+02
8, 7, 2.0758105681618395e+02, 3.1512323016940087e+02
8, 8, -3.9931367676149642e+02, 5.0445324747045561e+01
9, 0, -1.5828183105309364e+01, 0.0000000000000000e+00
9, 1, 4.6049428520058814e+02, -9.3840393901042160e+02
9, 2, -3.8457902199152272e+02, 2.3102203115768276e+02
9, 3, -1.3002537818701788e+02, -3.2297917503186352e+02
9, 4, -1.5571639189938458e+02, -1.7412437780902906e+01
9, 5, -2.9897895288752363e+02, 2.6153841675407790e+02
9, 6, 2.0243027100726559e+02, 6.6540817265010321e+02
9, 7, 1.8809992968207183e+02, -8.1947894303569399e+02
9, 8, -5.5045062309385014e+02, 2.9601368094239621e+02
9, 9, -2.1444931163975781e+02, -3.2368445108675257e+02
10, 0, 2.5931404618550494e+02, 0.0000000000000000e+00
10, 1, 3.0113730584763897e+02, -7.1116568597319045e+01
10, 2, -2.8159849838924589e+02, 5.1099772238044011e+01
10, 3, 6.1874778128831417e+02, 1.4335953088303813e+02
10, 4, 8.0109266147594781e+01, -4.5874688322610564e+02
10, 5, -2.5875830932059955e+02, 3.0004681128391439e+00
10, 6, 1.3307000838690294e+02, -4.3675405938213157e+02
10, 7, -1.4061735967641289e+02, -2.6218912344484363e+02
10, 8, -2.7343981227941057e+01, 5.8965759811815417e+00
10, 9, -2.0244224120488769e+02, -3.7768547132902506e+02
10, 10, 7.6433012075274377e+01, 1.6744080668567528e+02
11, 0, 3.7988961301431758e+01, 0.0000000000000000e+00
11, 1, -3.8834102396113775e+02, -8.1395238357474511e+01
11, 2, -7.5789862052515502e+01, 3.3367013229826568e+02
11, 3, 6.5120246801510575e+01, -2.8438378169407775e+02
11, 4, 2.4125173896606483e+02, 2.1732347667847060e+02
11, 5, 1.4521812379230266e+02, -1.6981632607060402e+02
11, 6, 3.1882328767827494e+02, 2.5164583912496130e+02
11, 7, -1.7880296196469700e+02, -1.2873480638664486e+02
11, 8, 2.5441533212706474e+02, 1.8704202900890078e+02
11, 9, -8.4115433990514461e+01, 5.4127089196125127e+00
11, 10, 3.5993711534562937e+02, -1.3418555953044228e+02
11, 11, 9.7891478036934927e+01, 8.3214535625719009e+01
12, 0, 2.5964157152918557e+02, 0.0000000000000000e+00
12, 1, 2.1771744330131850e+02, -1.3528001310128872e+02
12, 2, 1.3434646992040194e+02, 2.7695521402106010e+01
12, 3, 1.2588824189668333e+02, 4.0613385111693745e+01
12, 4, 2.1114120847182178e+02, -1.2401929974234208e+02
12, 5, 2.5879608180514833e+02, -1.4943554336045480e+02
12, 6, -6.8334830191191173e+01, -5.4382261077227099e+01
12, 7, 2.2689205653844016e+02, 2.6477153277201097e+02
12, 8, -2.6097787087390640e+02, -2.2591939787783468e+02
12, 9, 2.8283419316209466e+02, 1.9477787740937532e+02
12, 10, 3.5970566704929979e+02, 1.2171491230799705e+02
12, 11, 6.5346861025149678e+00, 3.3717553332861303e+02
12, 12, 1.0070474491202602e+02, 6.2931942013920441e+00
13, 0, -1.2506624342872394e+02, 0.0000000000000000e+00
13, 1, 2.3121348479498252e+02, 4.7086699867962420e+02
13, 2, -2.7421975110623521e+02, -2.1803924070135514e+02
13, 3, 3.0177093546796351e+02, 2.5923831495896820e+02
13, 4, 2.2930419126254549e+02, 6.6053001912538150e+01
13, 5, -9.1811562598892365e+01, 1.1600981243656776e+02
13, 6, -4.6160891129836716e+02, 3.7821756766359783e+02
13, 7, 5.9356482542032865e+01, -8.2887861535365488e+00
13, 8, -1.9192225957164283e+01, 4.3156689936425565e+01
13, 9, 2.6631039268398848e+02, 1.6346149559111748e+02
13, 10, -1.6396466869784254e+02, -8.0205203926366494e+01
13, 11, -1.9848945164131067e+01, 1.7313282120320974e+02
13, 12, -1.9881211565707883e+02, 3.6105196515121818e+01
13, 13, -3.1452841926181770e+02, -1.0899494090154613e+02
14, 0, 3.4715590545141481e+02, 0.0000000000000000e+00
14, 1, 2.7825147214761358e+01, 1.3654172775317437e+02
14, 2, 5.9992237508793778e+01, -7.5328156824812709e+01
14, 3, 8.3737450958307676e+01, -9.7623918488664657e+01
14, 4, -1.7801333695193009e+02, 2.0687257333570551e+02
14, 5, 2.0031229958400544e+01, 7.3699860762892513e+01
14, 6, -7.6072843170137247e+01, 1.2763619085833193e+02
14, 7, -1.4346980628922358e+02, -4.0444915030705396e+01
14, 8, -2.0570172011342729e+02, -1.4296361963427344e+02
14, 9, 1.8028496161545200e+02, 1.7200602189652716e+02
14, 10, 1.3046090883290790e+02, 5.8228376757536239e+01
14, 11, -2.3552042515279550e+02, -1.9188888991654011e+02
14, 12, -1.1159450809171048e+02, -1.3605608718358351e+02
14, 13, -4.0156478947789651e+00, -7.1173065676165379e+00
14, 14, 9.1761088673963698e+01, -3.9991646244101958e+01
15, 0, 7.9351190822204472e+01, 0.0000000000000000e+00
15, 1, 6.2379394334592604e+01, -1.9597335449711034e+02
15, 2, 1.8046028585801767e+02, -4.8186212854017981e+01
15, 3, -3.8223455533114304e+01, -2.0691080190514967e+01
15, 4, 2.5035556515137642e+01, 2.1077698054634413e+02
15, 5, -5.0746350328056167e+01, 1.5101024619308177e+02
15, 6, -1.7408253179594830e+01, -3.2000867265629864e+01
15, 7, -8.0390821629956662e+01, -9.5411078082523943e+01
15, 8, 7.4658926547686463e+01, -1.6838702009812948e+02
15, 9, -4.2837562878557594e+02, -3.7426852729877382e+01
15, 10, 1.4255318358704642e+02, 3.8390136754276583e+01
15, 11, 3.7233916555895178e+01, -3.4281174314313290e+01
15, 12, 3.7662406042125821e+02, -6.0439330437386900e+00
15, 13, 8.2814050709525759e+01, -1.0956379055683610e+02
15, 14, 3.7771195516452309e+01, -6.3479902625657871e+01
15, 15, 2.8559313031254158e+02, 8.0988140338279820e+01
16, 0, 2.3268724080070962e+02, 0.0000000000000000e+00
16, 1, -1.8320237511315895e+01, -7.3578981038994016e+00
16, 2, 3.5184178586842904e+02, 2.2482581185814044e+02
16, 3, -7.9941650146208332e+01, -5.4347061094905442e+01
16, 4, 2.4334788988575229e+02, 4.9515573403039568e+01
16, 5, 5.4715496666917005e+01, -2.7017498228845255e+01
16, 6, -2.2366315076309554e+01, -3.5400255763850907e-01
16, 7, -1.2826678999928018e+02, 7.2904772658786953e+01
16, 8, -7.3439903990743886e+01, -1.5515722487331487e+02
16, 9, 1.7532810458965974e+02, 6.3744160892783725e+01
16, 10, 1.4868632205131854e+02, 6.2812330225152024e+01
16, 11, -9.4707707723101393e+01, -2.4704636338339236e+02
16, 12, -2.8855664955221852e+02, 3.6337643423851091e+01
16, 13, 4.6495662072330028e+01, 8.1834411822944503e+01
16, 14, -1.4977855583060409e+02, -3.9687839190087857e+00
16, 15, 2.8900625940536759e+02, 9.8755302876896991e+00
16, 16, 1.2160683845832892e+01, 8.9773157196621270e+01
17, 0, 9.5733976525462268e+01, 0.0000000000000000e+00
17, 1, 1.6483870182623130e+02, 2.7843634134980533e+01
17, 2, 9.7134886498210747e+01, 2.1882049409137980e+02
17, 3, 2.5349163658189747e+02, 8.9068223435245784e+01
17, 4, 8.5383583679289075e+00, -3.3297945458030583e+01
17, 5, 1.2462455359595765e+01, 1.2903341016116002e+02
17, 6, 4.6964086301420934e+01, -1.0455903734007867e+02
17, 7, 3.4691633875643731e+01, 1.5530266308286014e+02
17, 8, -2.1743909282973902e+01, -1.0276025802190532e+01
17, 9, -1.1441714059219392e+02, 2.1406253353545142e+02
17, 10, -7.1204825232856024e+01, 4.4508810342237837e+01
17, 11, 1.4907761029844843e+02, 3.6357039175254596e+02
17, 12, -2.1009661850815007e+02, 7.1852917198232163e+01
17, 13, 2.0356188485863606e+02, 1.5783573318397089e+02
17, 14, -8.4241139855545725e+01, -2.0722476330598198e+01
17, 15, -4.5998487831982914e+01, -7.9583275214194899e+01
17, 16, -1.2960009454153987e+02, -2.4097303255463032e+01
17, 17, -1.4916283397216611e+02, -3.0376604771104766e+01
18, 0, -5.5253722713401885e+00, 0.0000000000000000e+00
18, 1, -3.1065896762294472e+00, 1.5826173255309197e+02
18, 2, -9.8875786975150987e+01, 1.8089779106515177e+01
18, 3, 1.1389906297591212e+02, -6.0735282035941879e+01
18, 4, -1.9370301876471405e+02, -7.3957080349561622e+01
18, 5, -2.3804588599165783e+01, 1.0700830235156542e+02
18, 6, -4.8205989607704254e+01, 8.0187399132210430e+01
18, 7, -3.4834480073788171e+01, 4.1267139065520269e+00
18, 8, -8.2168510212927785e+01, 9.6302186180533454e+01
18, 9, 4.8914442675286956e+01, -3.9032740718223585e+02
18, 10, -1.0153063321346281e+02, 1.5447294207237309e+02
18, 11, -1.0342851299560712e+02, -7.7950011585819809e+01
18, 12, -5.1499985777637811e+01, 2.3982183017678307e+02
18, 13, 1.5247115776827954e+02, -3.5928790919093629e+01
18, 14, 1.0576823271870212e+02, -9.2700902250284031e+01
18, 15, -1.9532019836835104e+02, -8.8671371008589375e+01
18, 16, -1.7597375032356587e+02, 6.3393022987618892e+01
18, 17, -2.2031389754386799e+02, -4.1754710973500323e+01
18, 18, 5.8986421272249601e+01, -3.0655725918937691e+01
19, 0, 4.0854359134751761e+01, 0.0000000000000000e+00
19, 1, -3.8429065426661765e+01, 6.5282761647267193e+00
19, 2, -1.6808222936096509e+01, 4.7141264356713236e+01
19, 3, -8.6810181015679490e+01, 1.8787325118642144e+00
19, 4, -1.3052835439293179e+02, -5.2848540361161120e+01
19, 5, -2.9734324987887561e+01, -6.4928143575272173e+01
19, 6, -1.2431142420733431e+02, 1.3698995444317572e+02
19, 7, -2.6202390969748080e+01, -3.1627155759886215e+01
19, 8, -4.4450750871977760e+01, -8.7559684161946706e+01
19, 9, -5.0885669556629075e+01, -2.1269787377125903e+02
19, 10, -4.1732155695179046e+01, -1.0935820264544566e+02
19, 11, 6.6973197962642359e+01, 7.5300363032759577e+01
19, 12, -2.0548320596721348e+02, -8.7606356379126211e+01
19, 13, 9.1342103272222587e+01, -9.7403269008680383e+01
19, 14, -5.1114284152445713e+01, -4.8416877217398252e+01
19, 15, -1.3894502180521792e+02, -1.5293603434732643e+02
19, 16, -7.2926745683645819e+01, 7.0411263861043182e+01
19, 17, 1.1392684508078383e+02, 9.9384379439691955e+01
19, 18, -8.8667761783390176e+01, -8.4095075099125069e+01
19, 19, -5.7718829195476928e+00, -5.1537880226714378e+01
20, 0, -9.4844884512821181e+00, 0.0000000000000000e+00
20, 1, 1.5714555258500417e+02, -1.1183246096455505e+02
20, 2, 2.6572623045355833e+01, 3.1162613704181666e+01
20, 3, 1.5770051943087898e+02, 4.7748792286970883e+00
20, 4, 7.8457462063165025e+01, 6.8758368526874222e+01
20, 5, -4.9036576989994366e+01, 5.1766012616657804e+01
20, 6, 8.1767830847795153e+00, 4.1789818036864688e+01
20, 7, 7.2970787472694042e+01, -2.5973501138365236e+02
20, 8, 2.0184977550420655e+01, -2.3295539994142047e+01
20, 9, -1.9496733351702514e+02, 1.7512025778951426e+00
20, 10, -2.6548358161569922e+01, 2.6610427036172783e+01
20, 11, -1.9600318458435146e+02, 1.5705144475453162e+02
20, 12, 1.6958214730436052e+02, 2.3571573031510759e+01
20, 13, 2.8193553368725344e+02, -1.8737424033094157e+01
20, 14, -1.1952591428881745e+02, -1.5613610085043683e+02
20, 15, -8.6352354670736240e+00, 1.4177820190005508e+02
20, 16, -9.6222074431001907e+00, -1.3738791450518329e+02
20, 17, 1.4443754623495130e+02, 1.0625163996746488e+02
20, 18, -2.2972338446085420e+01, -6.2211719748951850e+00
20, 19, 1.0363039181296456e+02, 2.3702468614773804e+02
20, 20, 5.5714994846380847e+01, 8.6020476567753875e+01
