0, 0, 6.5000000000000000e+04, 0.0000000000000000e+00
1, 0, -1.0625801469584621e+04, 0.0000000000000000e+00
1, 1, -6.1935674032112638e+02, -4.8083871521506298e+03
2, 0, -0.0000000000000000e+00, 0.0000000000000000e+00
2, 1, 1.3828921204117332e+03, 7.4656986859130052e+02
2, 2, -3.1964113336523251e+03, 2.7534972762773782e+03
3, 0, 9.2649460412631663e+02, 0.0000000000000000e+00
3, 1, -1.4507173694099802e+03, -1.9967058945786728e+03
3, 2, -1.2524002088620512e+03, 1.8279406296704137e+03
3, 3, 1.2205617632920289e+03, 3.7030964033096966e+03
4, 0, 1.0572358298120221e+03, 0.0000000000000000e+00
4, 1, -7.6694198688508482e+02, -2.3913573107734388e+02
4, 2, 2.2685826177679592e+03, -5.8678925155767047e+02
4, 3, -2.0546388491377784e+03, 1.9592016030808449e+02
4, 4, -5.8343803108908492e+02, -5.5551730164133471e+02
5, 0, -1.9298635777563920e+03, 0.0000000000000000e+00
5, 1, 5.3321178208917945e+02, 1.8083294533854580e+03
5, 2, -1.2491426202883347e+03, 3.6677185246851701e+02
5, 3, 8.1326380557114703e+02, 1.8554740789817383e+03
5, 4, -8.3308449658178532e+01, -2.4307909434479197e+03
5, 5, -6.5037924749138404e+02, 2.7958896862832478e+02
6, 0, 9.4880242956249106e+02, 0.0000000000000000e+00
6, 1, -3.9120504629235000e+02, -5.0755661378214830e+02
6, 2, -1.0168544296234429e+03, 4.8605325941348667e+02
6, 3, -8.8522171425585623e+02, -4.2172305133045359e+02
6, 4, 4.2701139903485841e+02, 7.4832186706070479e+02
6, 5, 1.0878981314233042e+03, -1.3272678779896430e+02
6, 6, 1.1032767298195593e+03, 3.1500247501916442e+02
7, 0, 1.1820081412635334e+03, 0.0000000000000000e+00
7, 1, -2.7457989385085182e+02, 1.0434616271058539e+03
7, 2, 1.2248381986397881e+03, -8.7653201985861381e+02
7, 3, 4.2264031466073538e+02, -2.4607044725994825e+02
7, 4, -2.6518441982838954e+02, -8.9023730104387857e+02
7, 5, 5.4767027668086229e+01, 2.1388074615664112e+02
7, 6, 5.5793301129737267e+02, 2.3721073524898657e+01
7, 7, 3.8935863649008769e+02, -6.7231049790691452e+02
8, 0, -4.8384708065536438e+02, 0.0000000000000000e+00
8, 1, -1.3206351056129253e+02, 6.0498479092560024e+02
8, 2, 1.1087854909246587e+01, 5.8238637512989357e+01
8, 3, 1.9800755702507200e+02, 1.9159223564583155e+02
8, 4, 1.9898326438868685e+02, 6.5439602206945654e+02
8, 5, 2.8990960555052476e+02, 5.8229545657729011e+02
8, 6, -6.2223696663171097e+02, -3.9426729507061953e+02
8, 7, 2.1306829698612376e+02, 4.4655627766818714e+02
8, 8, -4.7351808232378590e+02, 4.4740120971063867e+01
9, 0, -3.2714466444858374e+01, 0.0000000000000000e+00
9, 1, 5.4926713300680763e+02, -1.1006641794716238e+03
9, 2, -3.8315303976785145e+02, 2.8423124131158380e+02
9, 3, -1.9944404804875234e+02, -4.2136261652661511e+02
9, 4, -1.6356986503052673e+02, 6.2362856182313216e+01
9, 5, -4.5793780385115190e+02, 2.2126110751514400e+02
9, 6, 2.7306507057749832e+02, 7.9213823157501849e+02
9, 7, 1.8430071680037793e+02, -8.9541622350569094e+02
9, 8, -5.6979476045255910e+02, 3.3194483370422984e+02
9, 9, -3.0526089964617364e+02, -4.0444668329029861e+02
10, 0, 3.3375265508401418e+02, 0.0000000000000000e+00
10, 1, 3.9157218348179509e+02, -7.0430482165571121e+01
10, 2, -3.2266934863132713e+02, 2.9010252268172785e+00
10, 3, 6.9483644604786923e+02, 1.8659526086897350e+02
10, 4, 3.1281399551195065e+01, -5.2972058525231705e+02
10, 5, -2.7577415896305354e+02, -4.9628892549333379e+01
10, 6, 1.8607308367898599e+02, -4.4521730596728617e+02
10, 7, -1.4542670993409072e+02, -3.3172605377315966e+02
10, 8, -4.3829833090919106e+00, 4.7743960020780008e+01
10, 9, -3.0498317812158575e+02, -5.0634576437730487e+02
10, 10, 7.3946043456892184e+01, 2.2968160807852050e+02
11, 0, 3.0303786434146069e+01, 0.0000000000000000e+00
11, 1, -4.8625311319433416e+02, -1.0441931395156202e+02
11, 2, -1.0258836964868540e+02, 3.3319726764302374e+02
11, 3, 9.7029118750493097e+00, -2.8807217521856165e+02
11, 4, 1.9824192435702975e+02, 2.1715374620759150e+02
11, 5, 2.3425642918875425e+02, -1.4995314110237518e+02
11, 6, 3.5354217143514279e+02, 2.8971469437583562e+02
11, 7, -1.7216622824329198e+02, -1.9082679124473381e+02
11, 8, 2.3288900016273905e+02, 2.5282417466748512e+02
11, 9, -1.1720303261981468e+02, -1.4720300375102607e+01
11, 10, 4.2951729943690111e+02, -5.5826368538477304e+01
11, 11, 1.1006369552869724e+02, 7.9327496357472910e+01
12, 0, 3.1087781338301738e+02, 0.0000000000000000e+00
12, 1, 1.9274692991173490e+02, -1.5771423224675485e+02
12, 2, 1.4913025497539965e+02, 5.8673676389656805e+01
12, 3, 7.1524686340831352e+01, 6.2463738103838764e+01
12, 4, 2.3699356005548512e+02, -1.3597080315227259e+02
12, 5, 3.3313565156215469e+02, -1.2076213130189620e+02
12, 6, -9.8721955033603095e+01, -1.4468010512532726e+02
12, 7, 2.8060778283547108e+02, 2.9791936139342261e+02
12, 8, -3.8027017581716251e+02, -2.7867606910821269e+02
12, 9, 3.6010234572863681e+02, 2.4744195857602594e+02
12, 10, 4.3712841893016895e+02, 2.0919096810527060e+02
12, 11, 5.1195617069821353e+01, 3.0306698606882571e+02
12, 12, 1.1514220232296162e+02, 2.7114300083860186e+00
13, 0, -1.6865405785993141e+02, 0.0000000000000000e+00
13, 1, 2.3546663817520016e+02, 5.5115743234426805e+02
13, 2, -3.0425596289156880e+02, -2.0568502786574933e+02
13, 3, 3.5691498327668035e+02, 3.0640392981695715e+02
13, 4, 2.7157940919965722e+02, 1.1133243392985176e+02
13, 5, -1.0487778158521719e+02, 1.1197954811311118e+02
13, 6, -5.2660509904381433e+02, 3.8513182881894375e+02
13, 7, 2.8156193599366691e+01, 1.1051888580507610e+01
13, 8, -3.4014080445598694e+01, 4.9115425928927955e+01
13, 9, 3.6238579489285780e+02, 2.2892524301313557e+02
13, 10, -1.9601998788122424e+02, -1.2537804335411833e+02
13, 11, 1.6680541317996052e+01, 1.5579958555850763e+02
13, 12, -3.0309600540905240e+02, 1.9119353559358238e+01
13, 13, -3.3825772111177906e+02, -7.9695122644372134e+01
14, 0, 4.1335325440603265e+02, 0.0000000000000000e+00
14, 1, 7.2056537631490087e+01, 1.7280331930916810e+02
14, 2, 9.2684652678304758e+01, -1.1411319479274768e+02
14, 3, 1.1856821394954969e+02, -1.2837910865414131e+02
14, 4, -1.9157958310045234e+02, 1.8548387028367483e+02
14, 5, -1.2807908161642771e+00, 3.2872694755006947e+01
14, 6, -9.0589109014100131e+01, 1.4162870715673168e+02
14, 7, -1.8803704165653033e+02, -3.3406187065344170e+01
14, 8, -1.9176313241026179e+02, -1.4364549214173579e+02
14, 9, 2.1751432681961091e+02, 2.5837540104281874e+02
14, 10, 1.5066392483975244e+02, -1.7964733952068840e+01
14, 11, -3.1908419385749551e+02, -2.1104403673719708e+02
14, 12, -1.5161869134741985e+02, -1.7196538098347270e+02
14, 13, 3.5604581340377791e+01, 1.0211127007126757e+02
14, 14, 1.0753065737339226e+02, -8.5508612049506581e+01
15, 0, 1.1803491338484386e+02, 0.0000000000000000e+00
15, 1, 8.4283198782825238e+01, -2.0955472452642817e+02
15, 2, 1.8668447949206140e+02, -9.8413421681175080e+01
15, 3, -7.4693707524627470e+01, -4.0226335292046571e+01
15, 4, -1.1203438901210390e+01, 1.9450626936019734e+02
15, 5, -1.0986958164870910e+02, 1.4631934430071399e+02
15, 6, -2.3335658374056425e+01, -1.5610097284337350e+00
15, 7, -4.0673950317511363e+01, -8.9004701701748843e+01
15, 8, 1.4951672638038212e+02, -1.6620049256406148e+02
15, 9, -5.0620732552889854e+02, -6.3458180513682194e+01
15, 10, 1.5401435871141510e+02, 3.5162254749137681e+01
15, 11, -2.7378148483423104e-01, -7.5161066381068657e+00
15, 12, 4.8456571217424772e+02, 3.5109537682710695e+01
15, 13, 1.0454760714484057e+02, -8.5909284762962102e+01
15, 14, 5.5496159855686614e+01, -1.4788504511869547e+02
15, 15, 3.0758303343615847e+02, 9.9546395366978146e+01
16, 0, 3.0146946664450650e+02, 0.0000000000000000e+00
16, 1, -3.4406758568120949e+01, -4.0354369919623757e+01
16, 2, 3.7367290925963755e+02, 2.5147421247327776e+02
16, 3, -1.2209219912810336e+02, -3.7429728201461046e+01
16, 4, 2.3289611903819389e+02, 5.3341507868826078e+01
16, 5, 4.2547851077629836e+01, 3.1117633393288600e+00
16, 6, -1.7256321919857527e+01, 1.2521071319307971e+01
16, 7, -1.2399633955711647e+02, 1.0112600663024651e+02
16, 8, -7.0247362660318956e+01, -1.5452711695105370e+02
16, 9, 1.7945039738203909e+02, 1.8710107676683243e+01
16, 10, 1.3998420568832375e+02, 9.1356861211794268e+01
16, 11, -1.1189287069173270e+02, -2.9986259299964507e+02
16, 12, -3.0562603338843678e+02, 8.0079022343198460e+01
16, 13, 4.9310713062173285e+01, 5.8961954481255788e+01
16, 14, -1.8066598109624678e+02, -5.8735568796299731e+01
16, 15, 2.8032936597517948e+02, 2.9916740890527279e+01
16, 16, 2.5962528318719173e+01, 1.0935907009180096e+02
17, 0, 1.0581379171520459e+02, 0.0000000000000000e+00
17, 1, 1.6533323560378182e+02, -6.6394519581027076e+00
17, 2, 9.8464819606261059e+01, 2.5799184585737299e+02
17, 3, 2.8594871629723946e+02, 1.1296024108284493e+02
17, 4, 3.7250728946610053e+01, -3.8481236316679777e+01
17, 5, 5.6232774462231347e+01, 1.6576392562435237e+02
17, 6, 9.1738330560594846e+01, -1.3766505338047270e+02
17, 7, 5.9879402490231016e+01, 1.6240090345419367e+02
17, 8, -4.7060724780323120e+01, -2.3971728215894867e+01
17, 9, -1.4201804046963508e+02, 2.2404025319184296e+02
17, 10, -1.1532080368080634e+02, 6.6756520776260587e+01
17, 11, 1.9091083968922089e+02, 4.1718546478003628e+02
17, 12, -2.2718940563984484e+02, 8.1662615208397412e+01
17, 13, 2.0511081159715883e+02, 1.3155021785297646e+02
17, 14, -1.1721295929341309e+02, -5.1879979401669914e+01
17, 15, -7.4329776140907029e+01, -6.6197431144926583e+01
17, 16, -8.3149084947241363e+01, 6.6037500020942907e+00
17, 17, -1.6659374118466289e+02, -1.6981044214289717e+01
18, 0, -2.5967479620408319e+01, 0.0000000000000000e+00
18, 1, -1.4875061300781862e+01, 1.4347928665080155e+02
18, 2, -1.1902405329008720e+02, 2.3320792112093592e+01
18, 3, 1.1104310956789973e+02, -9.8056567839795733e+01
18, 4, -1.6528212480315102e+02, -7.5772437717527069e+01
18, 5, -1.4103493162838692e+01, 8.2757500335607304e+01
18, 6, -4.0765761634246417e+01, 4.8463586859632969e+01
18, 7, -5.2010059504283902e+01, -5.9756548406881613e+00
18, 8, -8.9572831350689796e+01, 9.3037784372065261e+01
18, 9, 5.9982198811218041e+01, -4.2937163661261553e+02
18, 10, -7.3489599694624928e+01, 1.7140929807984429e+02
18, 11, -1.0030117557377309e+02, -1.0756658364222537e+02
18, 12, -5.3903983982704865e+01, 2.6630748204186409e+02
18, 13, 1.5452767465487469e+02, -5.7680517536937344e+01
18, 14, 9.7224067406680504e+01, -9.3332887794012507e+01
18, 15, -1.9951618538404645e+02, -5.3590904455143047e+01
18, 16, -1.7414416411311169e+02, 8.6077760884086587e+01
18, 17, -2.4600000874828453e+02, -1.1687535547122269e+02
18, 18, 9.6403040381634241e+01, -1.3207275363495317e+01
19, 0, 4.6838691246492722e+01, 0.0000000000000000e+00
19, 1, -4.0560491285909869e+01, 4.0637248127728277e+01
19, 2, -2.2491097126184073e+01, 5.9270308184700674e+01
19, 3, -1.0194522579345993e+02, -1.0982024066923618e+01
19, 4, -1.3905547210108659e+02, -4.3425252731484981e+01
19, 5, -5.2354108785981211e+01, -1.0291493307140234e+02
19, 6, -1.5904012967933559e+02, 1.4542933931094362e+02
19, 7, -6.1796251946645896e+01, -2.3565442152205250e+01
19, 8, -2.2394723328341456e+01, -1.0803932407532868e+02
19, 9, -4.3931247783830088e+01, -2.1547214080522991e+02
19, 10, -7.8446850660219027e+00, -1.2925758953966584e+02
19, 11, 7.8911347505320308e+01, 5.9743327410727588e+01
19, 12, -2.4057816155842835e+02, -1.0083159036781925e+02
19, 13, 9.0459666716913503e+01, -1.1312709574618587e+02
19, 14, -4.7907039684581825e+01, -2.1068619352492785e+01
19, 15, -1.0345185370057087e+02, -1.4046096301839236e+02
19, 16, -8.3155710394602906e+01, 7.0964152599351735e+01
19, 17, 1.2160099835333654e+02, 8.4173795425735264e+01
19, 18, -1.4802912869256511e+02, -5.6591822899994469e+01
19, 19, -3.0519897598653451e+01, -1.1314743686023286e+02
20, 0, 9.7315792525590030e+00, 0.0000000000000000e+00
20, 1, 1.9057046989135165e+02, -8.8856894899713737e+01
20, 2, 3.4876283443595284e+01, 1.8983967568495828e+01
20, 3, 2.0767262157338109e+02, 1.9820810842125546e+01
20, 4, 6.4239607051328434e+01, 9.2031343087802043e+01
20, 5, -4.3973361179280602e+01, 5.9597131206799475e+01
20, 6, 2.3075575291247336e+01, 7.3255158497129912e+01
20, 7, 8.7364518658891143e+01, -2.9138511573988563e+02
20, 8, 4.4179627084817980e+01, -4.6458003695553529e+00
20, 9, -2.1681349622576519e+02, 1.4434351971302886e+01
20, 10, -5.8867859947032585e+01, 2.8219840249140738e+01
20, 11, -2.3306214791084537e+02, 1.7922267109190057e+02
20, 12, 1.5969174461199458e+02, 1.4946450662351975e+01
20, 13, 3.1926650860204637e+02, 2.2949751703114813e+00
20, 14, -1.1615031078960459e+02, -1.6079855544918274e+02
20, 15, -4.3857783477522210e+00, 1.4092551589094541e+02
20, 16, -7.6829732767415235e+00, -1.7446314244602593e+02
20, 17, 1.3027284767309942e+02, 9.4409450151542288e+01
20, 18, -2.3587047028136492e+01, 4.2589574452516281e+01
20, 19, 1.2937678779448370e+02, 2.6710973572209980e+02
20, 20, 3.0591231563027655e+01, 1.0211941879179741e+02
21, 0, 1.0339879228510696e+02, 0.0000000000000000e+00
21, 1, 5.3148997834056729e+01, -8.9137704464920958e+01
21, 2, -1.5996353852255947e+02, 3.2559411097580167e+01
21, 3, -5.5892230570654043e+01, 6.1856004345287417e+01
21, 4, -1.0160041715838556e+01, 4.7905727272980890e+01
21, 5, -9.1157250939152476e+01, 6.5627728219853509e+01
21, 6, 3.6452298856042540e+00, 1.4321312515836070e+02
21, 7, 1.4694558997076609e+01, 7.3543231135845176e+01
21, 8, -6.3332632240172067e+01, 5.2549315846990901e+01
21, 9, 1.9746021100785265e+02, -1.0362825797373681e+02
21, 10, 6.7134089453538166e+01, -1.9777446276391862e+02
21, 11, 1.9898899755735150e+02, 2.4779835485722998e+02
21, 12, 6.2083728453259276e+01, -1.0071579615820393e+02
21, 13, 5.1997526360293350e+01, 1.0694017913274392e+02
21, 14, 1.4246462326076031e+01, 7.9905339369734477e+01
21, 15, 6.5166983509012510e+00, -1.3269088624766249e+02
21, 16, 4.2445127171436717e+01, 2.1297675583408653e+02
21, 17, 1.1088720217902440e+02, -2.7290224932131583e+01
21, 18, -2.9603401691081714e+01, 8.5860619240371705e+01
21, 19, 1.8593495535294136e+02, 8.5155447315375625e+01
21, 20, 2.1784630679914849e+02, 1.5248716709653419e+02
21, 21, -1.2233087288591273e+02, -2.1876683024916872e+02
22, 0, 3.0514642668911512e+02, 0.0000000000000000e+00
22, 1, 7.8130577202263225e+01, 1.7182126671738385e+02
22, 2, 1.3882740851359600e+02, -5.6726357715433885e+01
22, 3, 6.5863882140312910e+01, 8.7093541805865740e+01
22, 4, -1.2250633028634232e+02, -9.3057794109646665e+01
22, 5, 2.5666925954659416e+01, -5.3756040928647259e+01
22, 6, -1.1949102915799264e+02, -1.7013783793728305e+02
22, 7, 1.8718034289705287e+01, 1.2946921451117694e+02
22, 8, -7.8157273756789436e+01, -5.2228128909401207e+01
22, 9, 1.0582684089979573e+02, 2.1400450801442881e+02
22, 10, 3.9747903531638173e+01, 1.3163837248367966e+02
22, 11, 2.3797040118168590e+02, 1.7769245184442687e+02
22, 12, 3.1278076600690060e+01, -1.4711253657351679e+02
22, 13, -4.6522248243243460e+00, -2.1588783446176798e+01
22, 14, -9.3251354774597914e+01, -6.3084659587926140e+01
22, 15, -1.0233124956896262e+01, 5.1028013466097306e+01
22, 16, 3.7258494193761408e+01, -5.2975278135292086e+01
22, 17, -1.8853835616459250e+02, -9.5752963933695412e+01
22, 18, 2.7628415929999001e+01, 1.0942139247452866e+02
22, 19, -1.0924905130774390e+02, -8.6039931469332586e+01
22, 20, 1.3244011420286762e+02, -9.2362748185247170e+01
22, 21, -1.7300846886965635e+02, -1.4307378650661698e+02
22, 22, -9.6850306867791673e+01, -2.5364286844485953e+01
23, 0, -8.4282029646394989e+01, 0.0000000000000000e+00
23, 1, 2.3952880651283603e+01, 6.8735738168495686e+01
23, 2, 3.6862533395015916e+01, 6.1272307187385806e+01
23, 3, -1.0274190383535094e+02, 8.3781458122736538e+01
23, 4, 1.2163055997370171e+02, 3.5336897794629614e+01
23, 5, 7.5593435048759261e+01, -2.6181015334477920e+01
23, 6, 9.2606606699045457e+00, 7.8444780169263936e+01
23, 7, -9.0597346371369412e+01, -2.0636244816299526e+02
23, 8, -1.2819153769973641e+02, 6.8001216804946026e+01
23, 9, -2.8435179016222076e+01, -1.0763369101114571e+02
23, 10, 6.1761999794594104e+01, 3.4611821634590297e+02
23, 11, 1.2414678602093581e+02, -1.3668747560425996e+02
23, 12, 4.6267710106617415e+01, 2.3217691548271912e+02
23, 13, 5.3369625312434572e+01, -1.5887491662861655e+02
23, 14, -7.4860494035938245e+01, 2.2399564374725426e+02
23, 15, 2.5951474821346444e+01, -1.5164522843609262e+02
23, 16, -1.5860914598609078e+01, 1.1235992684388869e+02
23, 17, -3.7654473936741937e+01, -4.6208573910165143e+00
23, 18, 2.6230263051762776e+01, -6.4900045020347108e+01
23, 19, -1.9231786992341497e+02, 3.9194104153742650e+01
23, 20, 1.4511710348756347e+02, -1.5461687168399871e+02
23, 21, -5.2397087041851805e+01, -4.6587563443813586e+01
23, 22, -9.9846951456119868e+01, -1.6008182463091546e+02
23, 23, 1.0084069215906712e+02, 8.9893367499136033e+01
24, 0, 1.3201190310727492e+02, 0.0000000000000000e+00
24, 1, -8.4689950971821389e+01, -1.7173880871776035e+02
24, 2, 6.3924093144442026e+01, 1.4415127187168494e+02
24, 3, -1.3852389454557999e+02, -1.1874547002650209e+02
24, 4, 1.2885436152687640e+02, -9.1279929066106519e+01
24, 5, -1.3109116742802533e+02, 1.2362900099327373e+01
24, 6, -1.3095237663946637e+02, 1.3049949197708412e+02
24, 7, 6.7665051707521911e+01, -3.2558712170338595e+01
24, 8, 2.9466652253610718e+01, 1.2634752888482325e+02
24, 9, 7.3516501204524811e+00, -1.0463653236158500e+01
24, 10, 4.5495158215275715e+01, -1.3513727610448092e+02
24, 11, -1.8483079975797342e+01, -7.1450472677401663e+01
24, 12, 9.7680606419904137e+01, 9.1962531059169734e+00
24, 13, -1.8688504010327551e+02, 5.0999599107474278e+00
24, 14, -9.2723416952374009e+00, -3.3959500324853394e+01
24, 15, -8.3783574380122246e+01, 7.0774784696191702e+01
24, 16, -1.4645863147370676e+01, -7.1235367154616142e+01
24, 17, 6.3679903043889922e+01, -4.4568025057408164e+01
24, 18, -7.4121247110803026e+01, 2.1487232834275966e+02
24, 19, 2.1564853082419035e+02, 1.5831396727939975e+00
24, 20, 1.2039673825202759e+02, -7.1651904805408407e+01
24, 21, -8.0454900955921644e+01, 1.4998534881811327e+02
24, 22, 4.9541916380276760e+01, 3.3851418363217398e+01
24, 23, -6.7624052300136128e+00, 6.1090112945214472e+01
24, 24, -3.9925670333056459e+01, 4.1803134883774661e+01
25, 0, -1.4606926548458997e+01, 0.0000000000000000e+00
25, 1, 9.7044643303041454e+01, 3.8884448730502200e+01
25, 2, 8.2060720100776592e+01, 8.8247073083573341e+01
25, 3, 8.1735149255075996e+01, 3.4687604510694221e+01
25, 4, 1.2159403336146994e+02, -7.7243238919024378e+01
25, 5, 3.3057640359437876e+01, -2.2997671656415640e+01
25, 6, 5.2356125027361863e+01, 7.2067560594132800e+01
25, 7, 1.3643674962335422e+02, -1.3556438134092167e+02
25, 8, 9.8158608162470173e+01, -5.6173050647503622e+01
25, 9, 8.0360016882300016e+00, -9.0598850758628480e+00
25, 10, 1.3590704781379205e+02, -4.5441692070270491e+01
25, 11, 1.4658621733385957e+02, -4.6561154133174149e+01
25, 12, -3.1914434992604868e-01, 9.5677099278201382e+01
25, 13, -6.4920164558209748e+01, -1.5610842724271471e+01
25, 14, 1.4519408339620433e+01, 1.0982436011711570e+01
25, 15, -4.9863473098694129e+01, -1.0023581325924522e+02
25, 16, 5.7630167451008433e+01, -1.2373100667076102e+02
25, 17, -6.0876859985363083e+01, -1.9690338678626176e+01
25, 18, -1.0641883059691705e+02, -7.7745782680068544e+01
25, 19, -2.0378436941789531e+00, -9.2941769495140285e+00
25, 20, 9.6662947347383579e+01, 2.1585786087928408e+01
25, 21, 6.4276724357603655e+01, -2.0066780584505858e+02
25, 22, 6.7892514960530320e+01, 1.9021298152438075e+02
25, 23, 2.7674639869251962e+01, -1.0750507930341377e+02
25, 24, 1.3754335096452348e+02, 6.0197292019324564e+00
25, 25, -3.9501446531215628e+01, 1.6303765508328119e+01
26, 0, 2.1275452871137369e+02, 0.0000000000000000e+00
26, 1, -1.1541316787941435e+02, 9.1832128896901182e+01
26, 2, -4.9691799311984454e+01, 7.0041113732952994e+01
26, 3, -1.8363324996496289e+02, 1.7260446373232838e+01
26, 4, -2.3593804314715733e+01, 1.3859337438269066e+02
26, 5, -3.0589067552184353e+01, 1.7099172425803064e+02
26, 6, 5.8728189958587151e+01, 1.1600104783772112e+02
26, 7, 4.1568940243311040e+01, -7.2378667005211724e+01
26, 8, 1.6320419727079647e+02, -2.0110610188466688e+02
26, 9, -2.7751605004944402e+01, -1.2728182993481575e+01
26, 10, 1.0565260104279655e+02, -4.2253663721413943e+01
26, 11, 5.5407276147615676e+01, -1.5004004319877103e+01
26, 12, -3.9361768957170291e+01, 1.2050074588678520e+02
26, 13, 5.7659425889271205e+01, -3.4249729354044163e+01
26, 14, 2.4986978974622751e+01, -6.0322343692582734e+01
26, 15, -1.8553095262759669e+01, 3.6469292445314835e+01
26, 16, -4.4731484840436345e+01, 3.1389992969794100e+00
26, 17, 1.1955007364804234e+02, 7.3338484514363088e+01
26, 18, 8.5684399610416726e+00, 1.6269022565500836e+02
26, 19, -2.9470428661430642e+01, -1.7612627111319068e+02
26, 20, -2.0029195036807913e+01, -1.1081919473733503e+01
26, 21, 4.3036638648732222e+01, -8.0619695226726151e+01
26, 22, -1.1190779834177333e+02, 1.8212195006582380e+02
26, 23, -1.4248502634775800e+01, -1.0847845853945172e+02
26, 24, -1.3138914827537207e+02, 4.9586112055007817e+01
26, 25, -1.4404739196603622e+01, 1.9813458418034873e+01
26, 26, 1.5708979557010808e+01, -3.8199753900323572e+01
27, 0, 1.3383899732390566e+02, 0.0000000000000000e+00
27, 1, 2.9796969169795670e+01, -4.3023415120965041e+01
27, 2, -2.9115108084840955e+01, -1.2532285728522436e+02
27, 3, -1.2316046685641608e+01, 4.2432776218432892e+01
27, 4, -5.9853131375925159e+01, -5.3857601733014732e+01
27, 5, -4.7030911892931559e+00, -8.7866232024037160e+01
27, 6, -1.4611048039943913e+02, 2.0825873036972862e+01
27, 7, 7.9615615134922464e+01, 4.6001314550471420e+01
27, 8, 6.1959752898557724e+01, -1.1540504942741293e+02
27, 9, -1.5453147624676990e+02, 1.3475815154956314e+02
27, 10, -1.2079890347331826e+02, 2.8662504403358565e+01
27, 11, 3.2964450699870085e+01, -4.9852787799472424e+01
27, 12, -7.5343756188280622e+01, 1.4361073305529204e+00
27, 13, 6.5961380332274047e+01, -1.2433553942111191e+01
27, 14, -1.9953903298444709e+02, -3.9073995341189999e+01
27, 15, -5.7372103425692757e+01, -4.5287194703809369e+01
27, 16, -7.0868384260931563e+01, 1.1229411058027900e+02
27, 17, 3.2442227935373701e+01, -1.6174244230884307e+02
27, 18, -4.5979835276197953e+01, -5.4042301954524710e+01
27, 19, -6.4002837136766487e+01, 1.0636329537131880e+01
27, 20, 1.2945891346966644e+02, -2.6623870124410644e+01
27, 21, -6.4664023875238328e+01, 3.2755902856115178e+01
27, 22, -1.6834172951679310e+01, -1.4372121482325973e+01
27, 23, -1.1715614337846480e+01, 7.2643071717973143e+01
27, 24, -7.0322286153982787e+01, -1.2149162244336333e+02
27, 25, -2.0229094583807530e+01, 4.5341759877198974e+01
27, 26, -5.0954374152954387e+01, -1.4500640510227078e+02
27, 27, 2.1312769280602662e+01, -2.5139470512704403e+01
28, 0, 7.3720406414396260e+00, 0.0000000000000000e+00
28, 1, -2.4869335000894310e+01, 4.5668308585589337e+00
28, 2, -6.3743217187742857e+01, -4.0956403783097940e+01
28, 3, 2.5174962978333937e+01, 1.1769447041514522e+02
28, 4, 8.1906342827910720e+01, -1.5884729485401817e+02
28, 5, 6.7152750437431067e+01, -1.8528152055719542e+02
28, 6, -5.5844111828846017e+01, 3.1991113296269912e+01
28, 7, 7.7296341971412645e+01, -1.9559401045050728e+02
28, 8, 6.3083794360910176e+01, 7.8971029599467116e+01
28, 9, 3.4402282338900747e+01, -8.4209942700760593e+01
28, 10, 3.0426595917099025e+01, 1.3845203451054041e+02
28, 11, 4.7036201678704856e+01, -3.6049872024188232e+01
28, 12, 4.7980057738332718e+01, 5.4411713306915409e+01
28, 13, -1.5210524770756805e+01, -8.9647504836381501e+01
28, 14, -1.3555946330942524e+02, -1.0326107219981421e+02
28, 15, 3.1663886566688667e+01, -6.8848055498153855e+01
28, 16, -1.5222351815848006e+01, -7.8908284666969962e+01
28, 17, 1.5217171897769956e+02, -1.3141981145409221e+02
28, 18, -3.5115151199308563e+01, -3.2953811407955364e+01
28, 19, -1.1188733848746547e+02, -7.3249715623222656e+01
28, 20, 3.3124769343649540e+01, 3.0953484971643640e+01
28, 21, 9.0994954662455569e+01, 3.0909046669529815e+01
28, 22, 5.7727829667124730e+00, 1.6266349352077913e+00
28, 23, 1.8342313957983844e+01, -4.3513192751501343e+01
28, 24, -6.5045742575826225e+01, 1.6868576080756370e+01
28, 25, 3.4714530493864991e+01, -2.7173714022837917e+01
28, 26, 9.4597570870702583e+01, -1.1430315394278053e+02
28, 27, 7.9541154482758955e+01, -6.3476477234525348e+01
28, 28, 2.6662381357101292e+01, 2.4251067847205697e+01
29, 0, -5.9775064875888042e+01, 0.0000000000000000e+00
29, 1, 9.1392494020289050e+01, 2.9827510331825284e+01
29, 2, -1.6646130758988485e+02, -2.4007872682829749e+01
29, 3, -1.4284167287911345e+01, 8.3282586429332312e+01
29, 4, -5.3890988491315298e+01, -1.4158924899598372e+02
29, 5, 1.0178470064119988e+01, -3.5404625765064971e+01
29, 6, -3.9408530571746844e+01, -1.3653849028620726e+02
29, 7, 5.4743259084241771e+01, -2.4882583047865531e+01
29, 8, 2.2103537010290530e+01, 1.0220275013477950e+01
29, 9, -7.1267801942798201e+01, -1.1172709869926223e+02
29, 10, -6.7435029573290478e+01, 1.2945688944562917e+02
29, 11, -1.6663736466590416e+02, -8.4757955466178871e+01
29, 12, 1.0791123086909752e+02, -1.3310843308612011e+01
29, 13, -1.0903923894023202e+02, 9.1436016369109439e+00
29, 14, 1.3706655424078025e+02, -2.2895417422663542e+01
29, 15, -9.2439652274168978e+01, 1.1531061294965443e+01
29, 16, 5.9817630750060445e+01, -4.8254117180444105e+01
29, 17, -8.0642290342905909e+01, 4.3076797913713328e+01
29, 18, 8.4791071354321147e+01, -2.1424831697648408e+01
29, 19, 3.3487589360291508e+01, 3.9213953134643951e+01
29, 20, -1.7313718979180258e+01, -6.8064007625359650e+01
29, 21, 4.3682670476962180e+00, -1.3174826717030086e+02
29, 22, -1.2479742761600737e+02, -5.7503023214880983e+01
29, 23, 4.3367880581688510e+01, -2.6187721511962188e+01
29, 24, -7.4092798308030666e+01, 4.8203917862605792e+00
29, 25, 1.0589087309079086e+02, -7.7354757774340712e+01
29, 26, 1.2630781966086962e+01, 2.7253030703715403e+01
29, 27, -8.7723774812535638e+00, 1.8441367666658550e+00
29, 28, -2.7774178158468981e+01, 1.1557240674784653e+02
29, 29, 2.1086057809550027e+00, -4.0870053969318285e+01
30, 0, 6.0285245431702648e+01, 0.0000000000000000e+00
30, 1, 4.4905801296618762e+01, -2.1647943571774146e+01
30, 2, 9.2380078617291332e+01, -3.4637290787976482e+01
30, 3, 4.1876080293992160e+01, 8.8791020855954088e+01
30, 4, 7.6853814435006072e+01, -1.1009537838572481e+02
30, 5, 3.6358138894291422e+01, 9.4481550829959495e+00
30, 6, -7.7174164530519931e+01, -7.5697712667582678e+01
30, 7, -6.1640088822701955e+01, 5.4947095689970610e+01
30, 8, 3.7802118043392440e+01, -1.0848880395910685e+02
30, 9, 8.6534415897118322e+01, -1.4326222539725634e+02
30, 10, -2.2656308461230374e+01, 8.5319886445415790e+01
30, 11, -3.0064424343617446e+01, -5.1474491439503723e+01
30, 12, 4.6832094684108782e+01, -5.1337663909982787e+01
30, 13, -1.5772214631008563e+01, 5.0957562543297612e+01
30, 14, -1.6268744546248715e+01, 1.9054603927385796e+02
30, 15, 1.1381977880188311e+01, -2.5776490366414038e+01
30, 16, 1.1229358779712604e+02, 7.0613964571061587e+01
30, 17, -1.0099639880070848e+01, -6.0835406228000778e+01
30, 18, -3.0132606061051987e+01, 9.2181052158468503e+01
30, 19, -1.2971042110888087e+02, -9.0516099819572361e+01
30, 20, -8.7840043251210673e+01, 8.7809124619138572e+01
30, 21, 7.9624362593937676e+01, -4.4801137612413385e+01
30, 22, -9.1156718647826921e+01, -1.3906107846588489e+02
30, 23, -1.7345227397304647e+01, 4.2594977345753875e+01
30, 24, 6.4832544194322182e+01, -1.4611777462621969e+01
30, 25, 1.0181414402495591e+02, 1.0875766736135246e+01
30, 26, -7.8366405059295744e+01, 4.0107961596088529e+01
30, 27, -2.7114873650364473e+00, 9.1145307276877375e+01
30, 28, -1.6962507740493912e+01, 9.8431448975214352e+01
30, 29, 1.1447033910290263e+00, 1.0104179399244275e+02
30, 30, -4.9716362268116221e+01, -7.8657066041370101e+01
31, 0, -7.1784501062591858e+01, 0.0000000000000000e+00
31, 1, -1.5710459245173684e+01, 3.3652790377632563e+01
31, 2, -1.3093988402474636e+01, -1.1735648377165393e+02
31, 3, -5.6222312466088297e+01, -1.3241474136234432e+01
31, 4, 5.3524418702644496e+01, -3.3560533623955180e+01
31, 5, 2.9069814973075680e+01, -4.5795355445737520e+01
31, 6, 5.4403286341107815e+01, 3.6761056865911982e+01
31, 7, 2.7901350463687688e+01, 3.9500744079773845e+01
31, 8, 4.2240097951866353e+01, 8.1341624451255740e+01
31, 9, 7.7365971120913599e+00, 1.5910180478236001e+01
31, 10, -4.0783823761878555e+00, 1.2059302400375266e+02
31, 11, -2.7639364310991599e+01, -2.2994672280594664e+01
31, 12, 1.1188479159929524e+02, -1.0617738530415512e+02
31, 13, -3.4260635695165711e+01, -4.0759727384779509e+01
31, 14, -6.0843344245217267e+01, -7.3873371867625664e+01
31, 15, 3.9329492167195646e+01, -6.1364986983993631e+01
31, 16, 1.7380931628841623e+01, 3.7383039456183248e+01
31, 17, 6.4616898950886878e+01, 4.1216228544066951e+01
31, 18, -2.5828135086347839e+00, -1.5914524681403461e+02
31, 19, -2.9126629437478609e+01, -6.1983196394290800e+01
31, 20, -5.6439629042919108e+01, -1.8256219026810669e+01
31, 21, -9.3460559135331010e+01, 3.7716729554166115e+01
31, 22, 5.3937903921401336e+01, 1.0392821378148395e+02
31, 23, -8.1229035380999434e+01, -4.2122949377982920e+01
31, 24, -1.0720073090791526e+02, -1.2201479314180345e+01
31, 25, -3.7341112148202029e+01, 4.3342099258964510e+01
31, 26, -2.0477949147957574e+01, 5.6987261613494212e+01
31, 27, 2.3153611651439448e+01, 5.8895019477830637e+01
31, 28, 4.1097552563302287e+01, -1.8800620634243089e+02
31, 29, 2.1758873553445135e+01, 4.1636725927368190e+01
31, 30, 4.5040024090195345e+00, -1.0380254579476470e+02
31, 31, -1.3111840985139884e+02, 1.4484212025746973e+02
32, 0, -5.3686675130348974e+01, 0.0000000000000000e+00
32, 1, -5.9424276837069911e+01, 7.3553269287827703e+01
32, 2, -1.3072585203355266e+02, -1.8914391466520037e+01
32, 3, 8.7493031045539269e+01, 1.2886487669648974e+02
32, 4, -4.0948359674751288e+01, -1.0990580789163165e+01
32, 5, -2.2315624031423756e+01, -3.7075343104194751e+01
32, 6, 6.1778795827897540e+01, 2.3887629031222470e+01
32, 7, -6.3022496515588223e+01, -2.9785311269134422e+01
32, 8, 6.2262675455157279e+01, -2.7565332648835930e+01
32, 9, 7.3975663399751753e+01, -1.3718351136927268e+01
32, 10, 6.7759527780837828e+01, 5.9458420745467535e+01
32, 11, -4.8615381121272065e+01, 9.5928118622278447e+01
32, 12, 2.3283259934781357e+00, 8.3997294165789341e+01
32, 13, 3.2598494865436031e+01, -5.3598957823292295e+01
32, 14, 3.1661369062754911e+01, 7.7664892197498432e+01
32, 15, 6.0902593049190124e+01, -8.6775202390193925e+01
32, 16, -6.6412447209766086e+01, -3.7765130042372206e+01
32, 17, -6.8566761809270043e+00, 4.2680856154365756e+01
32, 18, -5.5024397797289268e+01, -2.8671716900124558e+01
32, 19, -3.3567083196682205e+01, 1.1052166502151687e+02
32, 20, -1.7489515901563942e+02, -3.9500291148935062e+01
32, 21, 1.0902113400094215e+02, 6.2772338162745541e+01
32, 22, -1.5192668751793665e+01, -2.7055996139119600e+01
32, 23, -5.7463322258522496e+01, 5.8769219217027043e+01
32, 24, -2.6106002151722887e+00, -6.8006579298477277e+01
32, 25, -9.8834556594699151e+01, 1.1735461245776841e+02
32, 26, -1.5732804613166049e+01, 1.2162058235627576e+01
32, 27, 1.7834254293959134e+01, 7.1920673675738371e+01
32, 28, -4.5499165764762509e+01, -1.2214693530821927e+02
32, 29, -1.5325984763456103e+02, -4.7899701534277526e+01
32, 30, -9.2287443798977691e+00, 4.0797038871896385e+00
32, 31, -1.4605573278838870e+01, -6.0178748873552991e+01
32, 32, 4.9421651572546523e+01, 8.3202955687701206e+01
33, 0, -1.7389084461943021e+01, 0.0000000000000000e+00
33, 1, 8.5216317667764258e+01, 7.4170177900365474e+01
33, 2, -2.1230450506081475e+01, -8.3739071567632422e+01
33, 3, 8.3114446120326832e+01, -3.0104850451848918e+01
33, 4, 4.6842840876571692e+01, -5.3568746054442833e+01
33, 5, 2.5242482606238976e+01, 4.3212368400989334e+01
33, 6, 5.0605842937442993e+01, 1.5280953218629452e+02
33, 7, 9.1596623950126563e+00, -8.3764748409633270e+01
33, 8, 1.2231331005447694e+02, 1.8853323753229461e+00
33, 9, 5.3615284425008369e+01, 1.3385199259208694e+01
33, 10, 4.8380365031066617e+01, -2.6853350794026454e+01
33, 11, 8.3269481854738672e+00, 2.4909773091520130e+01
33, 12, -8.1632518949585702e+01, -6.3300378664988642e+01
33, 13, -8.8719759471641410e+01, 1.6807349394199086e+01
33, 14, 6.2555694807962512e+00, 4.8257066032492993e+01
33, 15, -4.0381698923511202e+01, -1.4824848456412772e+01
33, 16, 3.5308063681937305e+01, 7.8372954169140119e-01
33, 17, 2.0157567941652836e+01, 4.5055208551599925e+01
33, 18, 8.6751162748838908e+01, -1.8669599964417401e+01
33, 19, -1.0278416385531696e+02, 1.1341593403006595e+01
33, 20, -1.8868104108787946e+01, -3.5885294995753682e+01
33, 21, -5.8132729825301475e+01, 8.4946221648496675e+01
33, 22, 3.4881050182276120e+01, -4.5286026410312694e+01
33, 23, 1.7486317689030855e+01, -5.7642275045751504e+01
33, 24, 9.8586456646214145e+01, 1.0110571952064385e+02
33, 25, 1.5470941944812353e+02, -6.0033326767031305e+01
33, 26, 5.1637434696752486e+01, -4.8820236903616134e+01
33, 27, 1.9192084938049028e+01, -1.0917785704961547e+01
33, 28, -4.6495807630099421e+01, -2.9047560574253023e+01
33, 29, -4.5805184348828099e+01, 6.9612082825583968e+01
33, 30, -1.2612677355331871e+02, 1.1024019688238167e+02
33, 31, 1.2346792358500119e+01, -1.1366870274305903e+01
33, 32, -4.5175726141595447e+01, 7.0587761957130681e+01
33, 33, 7.4361162480505357e+01, -1.0276900194916507e+02
34, 0, 1.5994502363915467e+02, 0.0000000000000000e+00
34, 1, -5.2807792044451233e+01, 2.1472195082784800e+01
34, 2, -1.2760271175020206e+01, -7.2715946165324908e+01
34, 3, 2.8692075084523708e+01, 1.2812785379377115e+02
34, 4, 3.6585557194722519e+01, -7.1107354001721262e+01
34, 5, 2.6119058148663733e+01, 4.9976110812639995e+01
34, 6, 7.9081758448543704e+00, 6.7917819295041625e+01
34, 7, 1.7103439634372855e+00, -7.0557425206505698e+01
34, 8, -5.4719959457668779e+00, 1.1838709052415231e+02
34, 9, -1.3869550457732734e+02, 2.7145351063499483e+01
34, 10, -3.2017620784113987e+01, 2.8508418001220718e+01
34, 11, 2.9724077630373984e+01, 1.3306328038653496e+02
34, 12, 5.9659628651559125e+01, -3.2062217373325630e+01
34, 13, 1.1613496018026945e+02, -6.6510955514862019e+01
34, 14, 3.3270364580096441e+01, -1.4998142329356435e+02
34, 15, -2.8502467472349856e+01, -6.3821025387674226e+01
34, 16, -9.9579696021212627e+01, 2.1660076607083049e+01
34, 17, 4.9285878032139998e+01, -3.0131379924605334e+01
34, 18, 5.3226932180094835e+00, 4.0488323957291534e+01
34, 19, -2.8393891509201097e+01, -8.1048119667270342e+01
34, 20, -2.6895189347841665e+01, 3.8650207320462499e+01
34, 21, -7.1908318356487314e+01, 7.9248227085037598e+01
34, 22, 1.0761464100282539e+02, 2.4902789373187218e+01
34, 23, -7.0027423890419598e+01, -7.1476215313857772e+00
34, 24, 4.4904331353517648e+01, -5.8393752540777136e+01
34, 25, 5.5538452574997255e+00, -5.2825308861037826e+01
34, 26, -8.2829129418058329e+01, 7.0076771904954086e+01
34, 27, 9.1101605843239753e+01, -5.2914037433443688e+01
34, 28, 1.1860713736943071e+01, -4.3682989738958881e+01
34, 29, -5.3522244325206728e+01, -1.2567781683623899e+02
34, 30, 2.4293943950708030e+01, 5.5078431449713179e+00
34, 31, 2.1581753515335652e+01, -1.5249529962117681e+01
34, 32, 3.9576884339425902e+01, 1.9051878345827394e+01
34, 33, 7.9388818970702914e+01, -2.5474569661532634e+01
34, 34, 4.0802666075155230e+01, 5.7461050972137066e+01
35, 0, -2.3988617823376927e+01, 0.0000000000000000e+00
35, 1, -2.2650989797679198e+01, 1.5053973737588141e+01
35, 2, -6.4004833227141532e+01, 5.7487320427288189e+01
35, 3, 3.8541987740905491e+01, 1.0301048241097558e+02
35, 4, 7.7676725735966173e+01, -4.7917618220517170e+01
35, 5, 9.4881911686226317e+01, 5.5197470648346389e+01
35, 6, 8.6069004334408294e+00, -1.2794141703321177e+01
35, 7, 3.6463084621797215e+00, -5.2510016800046799e+01
35, 8, -8.4665944329227543e+00, -1.1715155175315898e+01
35, 9, -1.4363952986558518e+01, -2.5052031496763199e+01
35, 10, 2.1779001260193073e+01, 4.7981413467573908e+01
35, 11, -6.9871598309955502e+01, 4.7922040111575697e+01
35, 12, 1.3709718055707043e-01, 1.7304207685369008e+01
35, 13, -6.2898629942081300e+01, 2.4759675397759246e+01
35, 14, 5.0311148617635673e+01, 6.0313019180774475e+01
35, 15, -2.5673296533004471e+01, 3.6652824808176639e+01
35, 16, -7.6809104127383932e+01, -8.8339833559017265e+01
35, 17, 5.7800520885713020e+01, -7.8291855492512454e+01
35, 18, -9.9288152505729812e+01, -4.5898076907812859e+00
35, 19, -7.1434956782384845e+01, -3.2350912068790365e+01
35, 20, -7.6572244985904433e+01, 1.3958963744039787e+02
35, 21, -3.8134544935867041e+01, -7.9092028799594161e+01
35, 22, 2.2329806147561314e+01, 8.5947315509301447e+01
35, 23, 8.1958441786037653e+01, -1.2509427967361856e+02
35, 24, 4.8222662901350695e+01, -5.2620115690610035e+01
35, 25, -8.3293319151727943e+00, -2.6253956333745943e+00
35, 26, -4.0147075702491826e+01, -8.1151620475098994e+01
35, 27, -4.0509398826182291e+01, 9.4736631621617462e+01
35, 28, 5.6546326568030878e+00, 2.3418881806473330e+01
35, 29, -3.2006781726719957e+01, -7.4940005711407693e+01
35, 30, -4.7444772860470891e+01, -4.6937531331901319e+00
35, 31, 5.1410932931922936e+01, -1.2827277010709565e+01
35, 32, 3.0073419865881934e+01, 2.6972553695885569e+01
35, 33, -4.1273286333991450e+01, 2.6865988281464830e+00
35, 34, -3.1547496503404794e+01, 8.0125999120938332e+01
35, 35, -3.3543802656277229e+01, -8.3646566507847808e+01
36, 0, -7.4495169627558965e+01, 0.0000000000000000e+00
36, 1, 1.8221646013811039e+00, -9.1852773431771162e+00
36, 2, -7.1363597431176430e+01, 3.1696902501604534e+01
36, 3, -2.1996069222361609e+01, -2.9174631898219829e+01
36, 4, 1.1519015445559467e+02, 1.7770010347297482e+01
36, 5, -6.9587483385904477e+01, -1.0268381358681575e+01
36, 6, 4.7881854896441311e+01, -2.5987973966440663e+01
36, 7, 1.2835140147477250e+02, 4.2211127455215511e+01
36, 8, -1.6104581486301299e+01, -3.1267113783372459e+01
36, 9, 1.8691268412354611e+02, -4.6116821485123353e+01
36, 10, 3.7923658480508614e+01, -1.0336928320085212e+02
36, 11, 1.2105596205113187e+00, -3.5633113801310927e+01
36, 12, 1.2016473471405615e+02, 5.5159005994244382e+01
36, 13, -1.3187024925206799e+02, -1.1522352811985805e+01
36, 14, 4.7993073452713091e+01, 4.4063256177271661e+01
36, 15, -1.5392115942148459e+02, 8.3678594842321800e+01
36, 16, 9.9687408658893020e+01, -1.1193066092927021e+01
36, 17, -3.8370726589320668e+01, 2.6291931411607717e+01
36, 18, 2.1228521934748532e+01, -5.6611043933691754e+01
36, 19, -1.5105067614481555e+01, 8.2314312879269735e+01
36, 20, -8.4754755116648923e+01, -5.4135424939493333e+01
36, 21, -5.3023124471647691e+01, 4.3000539936108034e+01
36, 22, -3.8963840023507586e+01, 3.9152925478412520e+01
36, 23, -1.6782488710716805e+01, -8.5322157525418604e+01
36, 24, -1.1159503835963596e+01, -7.4915730980390887e+00
36, 25, -5.5553253668699142e+01, 3.5570571041542557e+01
36, 26, 6.5010668266999446e+01, 1.0767686717890564e+02
36, 27, 2.4236592419103598e+01, -1.7647254774527255e+01
36, 28, 3.7697292940174130e+01, -6.9478195198667066e+01
36, 29, 1.6658960385531874e+00, 1.4482196821096332e+02
36, 30, -6.9985126318330970e+01, -2.9295803848716314e+01
36, 31, 1.0841340120521247e+01, 4.9956853544119042e+01
36, 32, 3.4009599127821879e+00, -4.7245002220334236e+00
36, 33, 8.6599829266534101e+01, 4.0652546106371787e+01
36, 34, -1.9210489766535296e+01, -6.3300795300790057e+01
36, 35, 1.2923106387194018e+01, 2.1450392664301106e+00
36, 36, 8.8066902381023660e+00, 1.1399688600176670e+02
37, 0, 5.4814889349642925e+01, 0.0000000000000000e+00
37, 1, 5.7439403571226052e+01, 8.0821346374866380e+01
37, 2, -1.1244551449638318e+02, 4.1914590660491200e+01
37, 3, 1.0694602639773751e+02, 1.8421647377999292e+01
37, 4, 2.3702183560355358e+01, -6.9994375733134447e+01
37, 5, -8.8346520712095185e+01, -4.8553538548083441e+00
37, 6, -5.5714833397856403e+00, -4.1386772015116591e+01
37, 7, -1.4755502301271082e+02, -6.3268233995520617e+00
37, 8, -2.3832906984412091e+01, -7.3797697021050297e+01
37, 9, -3.0379289019771548e+01, -6.1469959014561475e+00
37, 10, -3.8210551850517156e+01, 8.4264315344749292e+01
37, 11, -9.6388752312090261e+01, 4.9285512732470700e+01
37, 12, 3.7117337896785358e+01, 1.5448322676697546e+02
37, 13, 7.6873346009807804e+01, -1.3162664060467256e+02
37, 14, 5.5104200671575910e+01, 1.0822445695024980e+02
37, 15, -5.0803997148666177e+01, 2.4281197474254476e+01
37, 16, 9.1488696904764410e+01, 2.2831965015845888e+01
37, 17, -1.5518480945415627e+01, -3.3435802577000722e+01
37, 18, 8.8793312687526139e+01, 7.3969839446685782e+01
37, 19, 5.2801197994339233e+01, 5.3035022975124619e+01
37, 20, -3.3282809142059435e+01, -6.8658983525179522e+01
37, 21, 1.5138779106943527e+01, 1.1587183341510977e+01
37, 22, -6.6970535275827302e+01, -3.3398072323736905e+01
37, 23, 8.6412036975244661e+01, -3.8998469214189335e+01
37, 24, 7.1799170420333510e+01, -6.0724573184707722e+01
37, 25, 8.1862004702226265e+00, -1.4889460801265937e+01
37, 26, -5.2526613567883309e+01, -2.1571717375465738e+01
37, 27, -6.0459678588065387e+01, 5.0752906102537958e+00
37, 28, 7.5093537129572738e+01, 8.0459528278777501e+00
37, 29, -1.8454665537222752e+01, 2.5139411963239908e+01
37, 30, 9.1760136456965284e+01, 1.8837763467399451e+01
37, 31, -5.0136050451702950e+01, 2.3979204408624472e+01
37, 32, 1.0916161515746670e+00, -5.3583693928662136e+01
37, 33, 4.6004895333841901e+01, 3.4791843103462803e+00
37, 34, -2.7284836812235007e+01, -6.5125091485484425e+00
37, 35, -7.8526230646621315e+01, -3.3380199251705790e+01
37, 36, 7.8777259407582619e+01, 4.2766629761923660e+01
37, 37, 2.4325582561608908e+01, 1.0140991742681939e+01
38, 0, 9.6231193877701351e+00, 0.0000000000000000e+00
38, 1, -1.0178341860227856e+02, 7.0362760125244847e+01
38, 2, -1.0173830280101528e+02, 3.3019769313609586e+01
38, 3, 1.2214288906026924e+02, -3.2061571304992516e+00
38, 4, -4.3714460013048203e+01, -6.6320440107082305e+01
38, 5, 1.1648399062441297e+02, 3.9522474003838468e+01
38, 6, 7.3671746140917321e+01, 1.3693866322169779e+02
38, 7, 5.3670511843305583e+01, -1.7725721035444892e+01
38, 8, 1.0544121268695049e+02, 3.0911325711185459e+01
38, 9, -7.7997813176480861e+01, -2.6454047991538449e+01
38, 10, -4.7861714265661512e+01, 2.4443309224376289e+01
38, 11, -7.3564612357213491e+01, 2.5161123932181745e+01
38, 12, -3.9473791632165094e+00, 4.5478839915687047e+01
38, 13, -1.5344646750469863e+02, 7.5300741909784733e+01
38, 14, -1.0017688770808496e+02, 9.8028287321667548e+01
38, 15, 2.6415758924491680e+01, 8.4613010679448564e+01
38, 16, 2.2443856111353750e+01, 3.7285763566151644e+01
38, 17, -4.1485593158261743e+01, 4.9894137941279304e-01
38, 18, -1.0909122030763102e+01, -5.5460789443996163e+01
38, 19, -5.4860522649678828e+01, -7.0389007209543180e+01
38, 20, -1.2005663757197915e+02, 3.8615471641973208e+01
38, 21, 8.7450974698526291e+00, 4.8763613206113654e+01
38, 22, 6.2094853342821480e+01, 1.3555595963525116e+02
38, 23, -4.2014214345205154e+00, 3.6130112181535907e+01
38, 24, -6.9730908061575406e+01, -5.4161717612840432e+00
38, 25, 1.7772144325134107e+01, 3.5948326924611671e+01
38, 26, 1.1323543350236564e+02, 3.7707884285823134e+01
38, 27, 1.0225736982473544e+01, -1.3468239184579394e+02
38, 28, -5.8326384597176492e+01, 1.9308235297892033e+01
38, 29, -3.6394304029691426e+01, 2.4437983185635147e+01
38, 30, 7.0915431681132517e+01, 5.5250876525101404e+01
38, 31, -3.9022881070816290e+01, -5.0337621034153671e+01
38, 32, 4.0231256806885284e+01, 4.0713572252856267e+01
38, 33, -2.7327556408257728e+01, -5.3955288551965531e+01
38, 34, -1.3495901651761989e+02, 2.3607968743244573e+01
38, 35, -1.0970688482279105e+02, -5.2461726859073757e+01
38, 36, -5.7665690541148663e+01, 1.7404496781925179e+01
38, 37, -4.2972221001546373e+01, -5.3204889748660250e+01
38, 38, -7.6168288594906642e+01, -6.5402726907781911e+01
39, 0, 6.5743023701087949e+01, 0.0000000000000000e+00
39, 1, -2.5310736184976211e+01, -8.1522160370004357e+01
39, 2, 2.4690954701546870e+00, 3.7452152989222732e+01
39, 3, 7.5243746365057191e+00, -8.5358312341280858e+00
39, 4, -4.1349889883776072e+01, -3.8563877804657885e+01
39, 5, -2.4019555418446082e+01, 1.3320304752665496e+02
39, 6, -3.4468771430378510e+01, 5.6362349001573342e+01
39, 7, 3.7969172161581547e+01, -5.7960966040872229e+01
39, 8, 1.8419328354346273e+01, 2.0335577611439327e+01
39, 9, 5.6684204543289404e+01, 2.3347115268355367e+01
39, 10, -2.6969894501689208e+01, -2.2994618156567864e+01
39, 11, -5.4861250278580265e+01, 1.0598290006228748e+02
39, 12, -5.8541256646857471e+00, 1.8962734135568773e+01
39, 13, 4.1966499897187532e+01, 1.7314442268534933e+01
39, 14, -4.5173822201854229e+01, -6.1939946020131607e+01
39, 15, 2.7781490056964053e+01, 7.8788571004530624e+01
39, 16, -7.3555696380714807e+01, -2.3835079747775807e+00
39, 17, 1.0985177173205047e+01, 5.0673076007702832e+01
39, 18, -2.2856491176063411e+01, 2.3718165852979578e+01
39, 19, 2.8857115546812455e+01, 5.2869751553786102e+01
39, 20, -5.6410040727068385e+01, 2.6678626449436223e+01
39, 21, 7.1373757143738700e+01, -6.4305754821652442e+01
39, 22, 5.7963617258308979e+01, -3.0826104360888881e+01
39, 23, 3.0137031629955594e+01, -2.7678703461549013e+01
39, 24, -1.5708186100744183e+02, -7.7499054751481026e+01
39, 25, -6.8338329229714731e+01, 5.1442743649601795e+01
39, 26, -5.3375841663314233e+01, 1.6426438646131052e+00
39, 27, 6.7614660842990446e+01, -6.4311897831828247e+01
39, 28, -7.7416219245192934e+01, -1.1617632017979285e+02
39, 29, 2.8042661839336535e+01, -1.0279678931208005e+02
39, 30, -1.2850488236571852e+02, 3.2614356490201963e+01
39, 31, -4.0813261853978176e+01, -1.0279851069999548e+02
39, 32, -4.8531216314806898e+01, 6.2921877410399226e+01
39, 33, -2.5657330594410972e+01, -6.0779483509927331e+01
39, 34, 7.4319101637175294e+01, 4.5735932578697728e+01
39, 35, -5.4878615339857021e+01, 8.2970614645753624e+00
39, 36, 6.2761059595901401e+00, 1.7533166502239879e+01
39, 37, -1.1161110987078139e+01, 2.0724548961899444e+01
39, 38, -6.1973193772397451e+01, 8.7993546065258855e+01
39, 39, 1.5627338598486606e+01, -3.5620110013992615e+01
40, 0, -1.2585680939307230e+02, 0.0000000000000000e+00
40, 1, -1.0347316622729231e+02, 1.2810108132038359e+01
40, 2, 1.1981821853211351e+01, -7.0489086269020135e+01
40, 3, 7.3922899252097679e+01, 3.1494830605669183e+01
40, 4, 5.7523428030176134e+01, -1.5528063851012533e+01
40, 5, 1.2981376163256900e+01, 1.2972626740171592e+02
40, 6, -5.9968360871141940e+01, -6.9625960035164880e+01
40, 7, -6.9451956746740024e+01, -5.4817213826910617e+01
40, 8, -1.6912637610798137e+02, 9.6429434233246866e+01
40, 9, -4.0166686193068770e+01, 4.9597352101306257e+01
40, 10, 4.4157857179393424e+01, 1.4408168194079380e+02
40, 11, 3.9654095425460014e+01, 5.5917669259575817e+01
40, 12, 2.1234173139169751e+01, 2.0437549839658601e+01
40, 13, 6.0883253125805076e+01, 4.6869479947896849e+01
40, 14, 4.1440392689857028e+01, 3.0984414943518544e+01
40, 15, 3.3192525489466405e+01, 3.9003598758349966e+01
40, 16, -4.0457838358801872e+01, 1.4157038347303780e+01
40, 17, -3.7475285277919383e+01, 2.4180197535855267e+01
40, 18, 8.1254376821352324e+01, 7.8215131357351439e+01
40, 19, 9.1704169135139836e+01, 6.8664167991949410e-02
40, 20, -6.4735711932997106e+01, 1.6492250402778982e+01
40, 21, -6.4041169544068765e+01, -8.1842227667881218e+01
40, 22, 4.3017225957918427e+01, -4.7026581989364622e+01
40, 23, -2.4929094080203178e+01, -3.7300314693290922e+01
40, 24, 3.5654985080988702e+01, 6.6286184950170409e+01
40, 25, 1.0187448399161898e+00, 7.9220061188207907e+01
40, 26, 4.5312943762237715e+01, 2.1694311564604575e+01
40, 27, -7.4482272251101138e+00, 2.1688502438612449e+01
40, 28, -7.6228137093634871e+01, -4.0145058592536792e+01
40, 29, 1.3114741817649346e+02, 1.4677262782127622e+02
40, 30, -9.0444914483253299e+01, 1.0621083309191198e+02
40, 31, 6.0583673936143200e+01, -3.8677182239604639e+00
40, 32, -7.4360244558577179e+01, 1.0424558919428282e+01
40, 33, 7.9261880951411797e+01, -2.9243823033158989e+01
40, 34, -2.0584334145487277e+00, 7.1800586720111326e+01
40, 35, -1.8367315189627863e+01, -4.1790510734691637e+01
40, 36, 1.6200842616189554e+01, 4.6760070728012955e+01
40, 37, 6.1948366984276703e+01, -2.6237842320595284e+01
40, 38, -1.7197612988479875e+01, 1.9900784492917161e+01
40, 39, 6.2485095404589487e+01, -9.1091806198634373e-01
40, 40, 1.6361439633161311e+01, 3.4086670890317613e+01
41, 0, -2.0783066136012202e+01, 0.0000000000000000e+00
41, 1, -4.7647848265474437e+01, 6.5151186949910993e+01
41, 2, -1.4955899910325013e+02, -2.3604267817400078e+01
41, 3, 4.4010488489834415e+01, -1.4679995847949481e+01
41, 4, -5.7771218824646134e+01, -3.8437199285368436e+01
41, 5, -8.8257970562089085e+01, 6.2908436120406066e+01
41, 6, 8.3002113300445686e+01, 6.4246301539036153e+01
41, 7, -6.2242552997504099e+01, 3.6953520002242215e+01
41, 8, -7.2803071396951182e+01, 3.6864169974069974e+01
41, 9, 9.8635021674501626e+00, -1.3400421294649783e+01
41, 10, -2.8885764263725257e+01, 2.6274894097331778e+00
41, 11, 1.2162175408152402e+01, -4.1066648459270439e+01
41, 12, 1.1180735789553395e+01, -3.7732602504816363e+01
41, 13, 2.2529369329625304e+00, 4.9115694699466779e+01
41, 14, 1.4385879812693693e+02, -7.4330673278950698e+01
41, 15, -3.0497162978666040e+01, -5.7343539763160621e+01
41, 16, 1.1754547769334431e+02, 2.4041204338158284e+01
41, 17, -1.6689661963750449e+01, -6.9813111606223501e+01
41, 18, 1.7670804085863185e+01, 1.1579568672110927e+01
41, 19, 3.6988732151177151e+00, 4.7446138225218469e+01
41, 20, 3.8670288656484310e+01, -6.3108949687991597e+01
41, 21, 3.1870751729013691e+01, 1.0703058354673557e+02
41, 22, -2.0770238694276127e+01, 2.0757885409074188e+01
41, 23, -3.5372160587500865e+01, 4.4970208147774535e+01
41, 24, -9.5385764211096857e-01, 4.7428392785506830e+01
41, 25, 3.7334485491767779e+01, 2.9503019474449154e+01
41, 26, 7.6620705687317596e+01, 2.2313282308240829e+01
41, 27, -1.4012972296309378e+01, 3.3662017057950948e+01
41, 28, 1.0922476574615922e+02, -1.2490933456650487e+02
41, 29, 1.8767371507062904e+01, 3.9212158370223861e+01
41, 30, 6.8002050110441026e-02, 1.9022421022239456e+01
41, 31, 3.7323923930992905e+01, 5.9740224216476761e+01
41, 32, -1.2459352203941640e+02, -8.5861746102559749e+01
41, 33, 5.9273546468633846e+01, 8.8141431063286134e+01
41, 34, -3.5648520727242371e+01, 3.2211594345262974e+01
41, 35, 2.8478035241589655e+01, -3.0812289363449139e+01
41, 36, -6.4565632030956692e+01, -3.0073163540884815e+00
41, 37, -2.8302151668457238e+00, -6.2673686909978578e+01
41, 38, -3.5874564149196516e+01, -6.2509220224315300e+01
41, 39, 1.0894678107068538e+01, 6.1783197667468464e+01
41, 40, 5.4303340948544012e+01, -7.0801732758592422e+01
41, 41, -6.6895784259895322e+01, -7.1547281541931795e+01
42, 0, -1.0355399519201100e+01, 0.0000000000000000e+00
42, 1, -9.8650586824598307e+01, -4.0415182452861975e+00
42, 2, -2.5976303221684120e+01, -3.1603395778963208e+01
42, 3, 3.4632401873809783e+01, -2.3284164112933727e+01
42, 4, -1.0596323627244820e+02, -6.2296405065366642e+01
42, 5, -5.6842244296478491e+01, 1.0206544392081420e+02
42, 6, 1.3133184437459761e+02, -3.2900393237091684e+01
42, 7, 1.3318440540177878e+00, -1.8789459762649606e+01
42, 8, 7.3865535636455888e+01, 1.0648717446967289e+02
42, 9, 1.1179943679275212e+01, 8.8511892470126028e+01
42, 10, -8.8406294162946839e+00, 3.0440917950965311e+01
42, 11, 1.0038356230575353e+01, 4.0148439152876492e+01
42, 12, 6.4946627129763872e+00, -2.3795258919663667e+01
42, 13, 4.3269472227719099e+00, 7.7302731170579975e+01
42, 14, 8.0494401408548299e+01, 1.3139303004573222e-02
42, 15, -6.5663437340499343e+01, -1.0482068229347018e+01
42, 16, 5.4685843077114967e+01, 2.4007522794841819e+01
42, 17, 5.9822853799385982e+01, -2.1242941766757230e+01
42, 18, 8.3165324956587867e+01, -1.3270825118973647e+02
42, 19, -8.3991138292802816e+00, 3.0479794812206116e+01
42, 20, -1.2726646584791629e+01, 2.4870118530024445e+01
42, 21, -1.1558599148244679e+02, -9.9518401269791052e+00
42, 22, 5.0813434676286313e+01, 2.1764232659534720e+01
42, 23, 1.2105171454324808e+02, 5.0625928378007622e+01
42, 24, -1.0278034233527531e+01, 8.2451173477627293e+01
42, 25, -1.9132574661586897e+01, 2.7745388063779984e+01
42, 26, -4.5351134353232688e+01, 1.4420690659130317e+01
42, 27, 2.4272058093195859e+01, -7.7841959295698288e+01
42, 28, 5.6824570917802262e+01, 2.3058799039850260e+01
42, 29, 2.2008496970255642e+01, -2.8119734265292710e+01
42, 30, 5.2255336705401604e+01, 2.5055059332138462e+01
42, 31, -4.4210985947535683e+01, 3.9310767233906525e+01
42, 32, -1.3298890335857404e+01, -9.1691686287872969e+01
42, 33, -8.6648937968290824e+01, 7.4437083027235516e+01
42, 34, 1.6090910723206648e+00, 2.8503309349849463e+01
42, 35, 1.1253616287751846e+02, 1.3761678525134556e+01
42, 36, 1.7930744421654715e+01, -1.3248611450985363e+01
42, 37, -1.2540534868968727e+01, 7.8960973472764238e+01
42, 38, 7.3028931200754696e+00, 6.7030628203589906e+00
42, 39, -4.6573930004067869e+01, 3.6744917573334916e+01
42, 40, 1.1936692534689023e+02, -4.6609279795663589e+01
42, 41, -5.2447374262785466e+01, 9.0315630998096566e+01
42, 42, 2.2287654968622917e+01, 3.8649461942542338e+01
43, 0, -6.5533132584729117e+01, 0.0000000000000000e+00
43, 1, -3.5211405387081498e+01, 2.3379104716729778e+01
43, 2, -5.7171488084844398e+01, -5.2945678163985775e+01
43, 3, 7.5892626747369619e+01, -7.9017300373704398e+00
43, 4, -7.7909977057479821e+01, -3.3360875171425278e+01
43, 5, 3.9728648880382034e+00, 1.5708957560921579e+00
43, 6, -1.4367203539273272e+00, -1.0498737122072260e+01
43, 7, 3.8769513353816336e+01, 3.5335016559670109e+01
43, 8, -2.9268995531654500e+01, -8.8738098804426109e+00
43, 9, -6.7566766653101169e+01, -9.7778355480390303e+01
43, 10, 1.7225063658710052e+01, 2.1345293116908280e+01
43, 11, 3.3435919849360296e+01, 5.4337671480171231e+01
43, 12, 7.1615813957096947e+01, -1.1918361353499902e+01
43, 13, 7.0531150179541218e+00, -1.8262917215508324e+01
43, 14, -4.7412948153185738e+01, 4.4895184781154029e+01
43, 15, -7.7275485732106716e+01, 2.3922131959638730e+01
43, 16, -1.5950329981447428e+01, 6.9220903129733827e+01
43, 17, -3.4485667447546547e+01, 1.1280574743161218e+01
43, 18, 1.8010894580207051e+01, -2.7395206673098446e+01
43, 19, -5.6587587120142073e+00, 8.0859072966257798e+01
43, 20, -1.2834091580938118e+00, 3.4905525635032069e+00
43, 21, -2.1707245002169479e+01, -2.3314031250370242e+01
43, 22, -9.9849279151105890e+00, -1.5936858353773900e+01
43, 23, 7.0724636048116324e+01, 1.9042974256664973e+01
43, 24, 2.1148514646215467e+01, 2.5983384662710815e+01
43, 25, -3.6011841150784988e+01, -7.7632959604834667e+01
43, 26, 2.8652976769254682e+01, 8.4283266661007886e+01
43, 27, 3.3446962464811762e+01, -6.7116177750750794e+01
43, 28, 9.8549837789340557e+01, 1.8711740111395876e+01
43, 29, 4.9227984583483586e+00, -6.1674721791657490e+01
43, 30, -1.1255676923114623e+02, 3.3330097865142164e+01
43, 31, -2.6082305304982501e+01, -3.0536144842428015e+00
43, 32, -2.7743185914230648e+00, 5.3712652728136966e+01
43, 33, 6.3681422255600026e+01, 5.9775533864863000e+01
43, 34, 9.8406622957757975e+01, 4.9374908591741772e+01
43, 35, -2.3628652480688125e+01, -4.0429914958003231e+01
43, 36, -1.5064612806896625e+01, 7.7801467634596388e+00
43, 37, 1.4995367718364152e+00, 3.4947066605008231e+01
43, 38, 5.4016617632651737e+01, 4.2192410046067941e+01
43, 39, 6.6638760404036091e+01, -4.2440865620946688e-01
43, 40, -3.8767788922783488e+01, -6.8586224749975173e+01
43, 41, 2.6485694698417291e+01, -2.4272034360964557e+01
43, 42, -2.5284884108245230e+01, -2.1347223793833010e+01
43, 43, 6.3714629366767426e+01, 6.2861608176558285e+01
44, 0, -4.2503330698640283e+01, 0.0000000000000000e+00
44, 1, -1.3533833960922075e+02, 2.5942099396627313e+01
44, 2, 5.0634509054362482e+01, -2.5613623517123948e+01
44, 3, -3.6842285629950577e+00, 4.6820090096527110e+01
44, 4, -7.1689423137758013e+01, -2.8929582884695847e+01
44, 5, -3.8343891135148134e+01, 7.8542731246503976e+01
44, 6, 6.6784971420827741e+00, -4.4423803767591998e+01
44, 7, -1.6017477188912309e+01, -9.3370380111437470e+01
44, 8, -5.2952229421164496e+01, -7.4159310874862300e+01
44, 9, 6.4322338364291369e+01, -1.0424690289624749e+02
44, 10, 7.8481326405024561e+01, 2.4196125372634061e+01
44, 11, -1.2579846923963697e+01, 2.4560308009677545e+01
44, 12, 1.0790368221859968e+02, -2.6963886551278208e+01
44, 13, 5.9876586841744405e+01, 3.8940626532228912e+01
44, 14, 4.2732160468213792e+01, -9.4053550605495076e+01
44, 15, 5.3688679001654748e+01, -1.0417408932091215e+02
44, 16, 4.8162685608437556e+01, -2.1214789017956427e+01
44, 17, -5.9456128682536288e+01, -4.7150033988909563e+01
44, 18, -6.5935441163806544e+01, 5.2457234942492939e+01
44, 19, -8.7267927779932634e+01, 2.2182808461310902e+01
44, 20, 2.6516396956890382e+01, 9.1793659620731219e+01
44, 21, -3.2908328592135149e+01, 3.4499124491428688e+01
44, 22, 1.5656421790321198e+00, -1.3978610438538849e+01
44, 23, 1.5848464493624834e+00, -3.7588932995903491e+01
44, 24, 4.1542158566327217e+01, -2.9874166495365348e+01
44, 25, -2.0178977617078832e+01, 5.0007127826053598e+01
44, 26, -7.3084289649510595e+01, 4.9573729678234123e+01
44, 27, 6.6630372748715857e+01, 1.0796134680408805e+01
44, 28, -6.5449459237585628e-01, -2.9923829421788863e+01
44, 29, -1.7180985511955019e+01, -5.5140424665432590e+01
44, 30, -6.8397647345390908e+01, 2.5546915651269803e+01
44, 31, -6.4137785195759974e+01, 4.8745654269927869e+01
44, 32, -6.3128934704803747e+01, -1.5930336303519319e+01
44, 33, 3.6514052650796884e+01, 2.2146726839244117e+01
44, 34, 7.2216216930535026e+01, 3.9822813563158100e+01
44, 35, -2.5294570644898535e+01, -9.1257112867786489e+01
44, 36, 3.3653197216151199e+01, -2.4135931274889053e+00
44, 37, -1.0918097933389792e+02, -8.2912399303155695e+00
44, 38, 4.4252076558870748e+01, -5.6016506402122921e+01
44, 39, -2.6668054331872924e+01, -2.7143870798911355e+01
44, 40, -5.5341396995421263e+01, 1.8330468198371722e+01
44, 41, 2.3268183353114466e+01, 1.5856603272321621e+01
44, 42, 3.2907098014207804e+01, -5.8295055874699244e+00
44, 43, -1.4841668415042809e+01, 1.5111736161172283e+01
44, 44, 4.1488060611663364e+01, -1.8026840299407630e+02
45, 0, -8.5125781764512524e+01, 0.0000000000000000e+00
45, 1, -4.0545766548488231e+01, -5.2539346828051251e+01
45, 2, 4.0552085545065971e+01, 2.8153731743297811e+01
45, 3, -7.2857776698616634e+00, -1.0323307083452403e+02
45, 4, 8.3519426943375706e+01, -2.1193328538510389e+01
45, 5, -1.2080300569810795e+01, 1.7155367675789353e+01
45, 6, 7.3550233245643994e+01, 8.2445339541289098e+00
45, 7, 3.3276383551182803e+01, -6.7818670605336244e+00
45, 8, 1.6905768323728580e+01, 2.0153930970979129e+01
45, 9, -4.4893585024080998e+01, -1.4501207402203539e+01
45, 10, -5.0096547426324342e+01, 8.6373201204554277e+01
45, 11, 2.8694378315348843e+01, 4.4724170388087842e+01
45, 12, 7.0670562600910714e+01, -9.7449938358284797e+01
45, 13, 4.5886761199086834e-01, -7.3366407474417940e+01
45, 14, 9.5374290246051585e-01, -8.0508197766017560e+01
45, 15, 3.5537273798382749e+01, 7.9345086272598081e+01
45, 16, -4.6882920924333320e+01, 3.3697583193691827e+00
45, 17, 3.3692996418962906e+01, 5.7191442735829753e+01
45, 18, -9.4765617964904607e+01, -1.1632627165169600e+02
45, 19, 8.1896635632237249e+01, -1.2283000758811029e+01
45, 20, -3.0145012612910072e+00, -2.6690687749648163e+01
45, 21, -1.2072752910008683e+01, -8.6926644096907680e+01
45, 22, -9.7341253723994981e+01, 1.3640741825950954e+02
45, 23, -3.4636841900296801e+01, 2.6376089605835413e+00
45, 24, -1.4232743932786686e+01, 1.1463985390061572e+02
45, 25, -3.5343899554811429e+01, 6.2306350094861411e+00
45, 26, -3.2967881151550600e+01, 4.7457475647628499e+01
45, 27, 1.7984968518483086e+01, -7.0286286561112632e+01
45, 28, -7.5157485141045637e+00, -8.0017340198572029e+01
45, 29, 3.0406022550809066e+01, 7.4451203990347011e+01
45, 30, -1.9137528837794058e+00, 2.9148590089422761e+01
45, 31, 3.3979593013197011e+01, 3.1035059856689880e+01
45, 32, 4.9931197725482789e+01, 2.1740502909229757e+00
45, 33, 9.4945782474096660e+01, -3.5366781327725157e+01
45, 34, -4.2583290323520743e+01, -2.2075426262963614e+01
45, 35, -5.4013427254264826e+01, 3.1323101885612012e+01
45, 36, 5.6308254012268923e+00, 1.2948732279931119e+02
45, 37, 9.8151361833884351e+01, 1.1175068473830986e+01
45, 38, -3.8673111593187414e+01, 9.4769188176963421e+00
45, 39, -4.1183009426216302e+01, 1.0209709272830082e+01
45, 40, 9.3995914955016318e+00, -3.2723272601521060e+01
45, 41, -2.9332778224941393e+01, 2.3349104091515454e+01
45, 42, 3.8060357348338414e-01, -3.6370153209931352e+01
45, 43, 5.5790108505398727e+01, 6.5742851778091165e+00
45, 44, -3.7918674385146097e+01, -3.9228090578850384e+01
45, 45, -1.0032717197174445e+02, 7.2578468666152673e+01
