0, 0, 0.0000000000000000e+00, 0.0000000000000000e+00
1, 0, -2.5533949307051604e+05, 0.0000000000000000e+00
1, 1, -1.4883228955112960e+04, -1.1554621469555082e+05
2, 0, 0.0000000000000000e+00, 0.0000000000000000e+00
2, 1, 2.6944443957637061e+04, 1.4546425949326751e+04
2, 2, -2.4400217534669937e+04, 3.1748815671752309e+04
3, 0, 2.2871036620626473e+04, 0.0000000000000000e+00
3, 1, -2.8036267175178538e+04, -4.9048474278831200e+04
3, 2, -1.4115003619256298e+04, 2.8425696234622541e+04
3, 3, 3.5210043239024089e+03, 5.3055679123502072e+04
4, 0, 1.5158585515163797e+04, 0.0000000000000000e+00
4, 1, -1.5834979748301350e+04, -6.4301939482462367e+03
4, 2, 3.9817170244063222e+04, -4.6740738931545275e+03
4, 3, -3.9472394018516046e+04, 3.5063306937558636e+03
4, 4, -1.0279717117564303e+04, -1.7604604723485390e+03
5, 0, -3.1381897198159098e+04, 0.0000000000000000e+00
5, 1, 8.6661836289274270e+03, 2.9069026868756631e+04
5, 2, -1.8193923065649338e+04, 6.9593778107039143e+03
5, 3, 1.1502692738216352e+04, 3.1097043104032706e+04
5, 4, 1.6867398755403028e+03, -3.8723391282003955e+04
5, 5, -7.9994170975478937e+03, 2.1952324872214431e+03
6, 0, 1.4735932147335796e+04, 0.0000000000000000e+00
6, 1, -7.6927787765281601e+03, -7.3354794310856596e+03
6, 2, -1.7373532885688299e+04, 7.0144135989471170e+03
6, 3, -1.5265508539550905e+04, -7.1887057622285229e+03
6, 4, 6.3558894389837387e+03, 1.0540774969323928e+04
6, 5, 1.6818193237478899e+04, -3.3036574293929243e+03
6, 6, 1.6314544688542697e+04, 4.6352683091989838e+03
7, 0, 1.8432865237262966e+04, 0.0000000000000000e+00
7, 1, -5.3574761778617340e+03, 1.7044020367677938e+04
7, 2, 1.7962845926385049e+04, -1.3773071521088026e+04
7, 3, 6.2582561459316003e+03, -3.7204974225090491e+03
7, 4, -5.9311515465847115e+03, -1.4132508213871381e+04
7, 5, 1.0136867179432916e+03, 4.3638826453592237e+03
7, 6, 9.4037245069491019e+03, 1.6454207490135900e+03
7, 7, 6.0111777556168317e+03, -9.7065454633385343e+03
8, 0, -7.7744819375400712e+03, 0.0000000000000000e+00
8, 1, -2.0197470598098014e+03, 9.1673095317437910e+03
8, 2, -9.0022043570021469e+02, 6.2391034018966434e+02
8, 3, 3.8640438873261355e+03, 3.8420564356120758e+03
8, 4, 2.2176694623360272e+03, 1.0310561957986110e+04
8, 5, 6.2665540001137979e+03, 1.0222275007924211e+04
8, 6, -9.3442094387751022e+03, -5.2007963104339997e+03
8, 7, 3.6675916458162537e+03, 6.1182080028507226e+03
8, 8, -7.3398168233437855e+03, 8.5980195202248922e+02
9, 0, -3.7307288025420917e+02, 0.0000000000000000e+00
9, 1, 8.3655997745131062e+03, -1.6932325704961422e+04
9, 2, -6.5193354470578961e+03, 4.2504968028600606e+03
9, 3, -2.6363075601592732e+03, -6.0907222729304594e+03
9, 4, -2.6918051651393707e+03, 1.9760617122763324e+02
9, 5, -6.0578065494083730e+03, 4.1905633369797451e+03
9, 6, 3.8728841862344557e+03, 1.2078626755448202e+04
9, 7, 3.1694711002900067e+03, -1.4379940887282628e+04
9, 8, -9.4633752206048175e+03, 5.2469022316545452e+03
9, 9, -4.2016398731904465e+03, -5.9937581283504533e+03
10, 0, 4.8799886047332584e+03, 0.0000000000000000e+00
10, 1, 5.7031422140563036e+03, -1.1475036199838382e+03
10, 2, -4.9397390739681432e+03, 3.9308922588875430e+02
10, 3, 1.0725924865708119e+04, 2.7166973013076758e+03
10, 4, 8.5801429612068478e+02, -8.0840080056259003e+03
10, 5, -4.3516635184118459e+03, -4.2728389642689717e+02
10, 6, 2.6381047976978321e+03, -7.1619026305324751e+03
10, 7, -2.3246981723757531e+03, -4.8823014378189037e+03
10, 8, -2.3594485385888925e+02, 4.7411059379673725e+02
10, 9, -4.2115166380599248e+03, -7.2906621784439030e+03
10, 10, 1.2174646134150985e+03, 3.2792371019905395e+03
11, 0, 4.8245729006121854e+02, 0.0000000000000000e+00
11, 1, -7.2121528142399875e+03, -1.5439762502479277e+03
11, 2, -1.5069062567730032e+03, 5.1036784622045016e+03
11, 3, 2.8118679068815527e+02, -4.4026809901171946e+03
11, 4, 3.1387653414765468e+03, 3.3258751739823097e+03
11, 5, 3.3743351269744708e+03, -2.3438930182078366e+03
11, 6, 5.3310345833694728e+03, 4.3455719805531089e+03
11, 7, -2.6524148176913827e+03, -2.7737329828522165e+03
11, 8, 3.6179432462126010e+03, 3.7143247553108072e+03
11, 9, -1.7156656779140503e+03, -1.7725270105570530e+02
11, 10, 6.4110966261688072e+03, -1.0424095728128541e+03
11, 11, 1.6563790178792385e+03, 1.2241132731497200e+03
12, 0, 4.6104342869844641e+03, 0.0000000000000000e+00
12, 1, 2.6764569058503175e+03, -2.3275417002932313e+03
12, 2, 2.1802297601094547e+03, 9.3852328865627578e+02
12, 3, 8.4847846589991241e+02, 9.6343884861082756e+02
12, 4, 3.4723264174077390e+03, -1.9829413598910787e+03
12, 5, 5.0028869648511454e+03, -1.6350815170591784e+03
12, 6, -1.5093791994498395e+03, -2.3588860998739337e+03
12, 7, 4.1854818937297823e+03, 4.3670684680068425e+03
12, 8, -5.8212224680795262e+03, -4.1547780994487657e+03
12, 9, 5.3979492890160436e+03, 3.7077849098788138e+03
12, 10, 6.5000373497767660e+03, 3.2724370222957596e+03
12, 11, 8.7547910669552175e+02, 4.2248833506455230e+03
12, 12, 1.6930367756303665e+03, 2.7284912387018096e+01
13, 0, -2.6357464854429500e+03, 0.0000000000000000e+00
13, 1, 3.1589272406311152e+03, 8.0414855060323125e+03
13, 2, -4.3076527641091334e+03, -2.6114832579674689e+03
13, 3, 5.2364473400068837e+03, 4.4937737744926781e+03
13, 4, 3.9873594047158040e+03, 1.8918420035860877e+03
13, 5, -1.5098263352847728e+03, 1.4465613039281077e+03
13, 6, -7.5754122332600582e+03, 5.1663873987664956e+03
13, 7, 8.5878753604146823e+01, 3.2444511560038245e+02
13, 8, -5.8708732874433997e+02, 7.0559278172385098e+02
13, 9, 5.6856709605926262e+03, 3.6356503502074647e+03
13, 10, -2.8921803616116149e+03, -2.0769561398480741e+03
13, 11, 5.5722976685831054e+02, 1.9047056987739297e+03
13, 12, -4.9756719007115835e+03, 9.6978568801429219e+01
13, 13, -4.7001042134380641e+03, -7.8622844227010364e+02
14, 0, 6.0559049782317152e+03, 0.0000000000000000e+00
14, 1, 1.5530799278940444e+03, 2.6623458916820136e+03
14, 2, 1.6294678876538976e+03, -1.9838960095626173e+03
14, 3, 1.9781457682524649e+03, -2.0359669057321764e+03
14, 4, -2.5463717486654250e+03, 1.9400809649414100e+03
14, 5, -3.3990475910793771e+02, -2.1967422990627665e+02
14, 6, -1.3273237947891330e+03, 1.9427550524656419e+03
14, 7, -2.9747811728837160e+03, -3.0093093101471368e+02
14, 8, -2.1301292294503446e+03, -1.7648675122309105e+03
14, 9, 3.2231728788595378e+03, 4.4699143480390740e+03
14, 10, 2.1476040113218760e+03, -1.3786957282684825e+03
14, 11, -5.1687272318155674e+03, -2.8691462986582628e+03
14, 12, -2.4608434469681288e+03, -2.6467510839249717e+03
14, 13, 1.0376954614991491e+03, 2.9090981515433305e+03
14, 14, 1.5533175988788146e+03, -1.7369441562058146e+03
15, 0, 2.1370530898267907e+03, 0.0000000000000000e+00
15, 1, 1.4061338212220244e+03, -2.6394441032784930e+03
15, 2, 2.2282666825854667e+03, -2.1584659718843427e+03
15, 3, -1.6036287456174266e+03, -8.6141757005251316e+02
15, 4, -8.8532239904397193e+02, 1.8447584750512872e+03
15, 5, -2.4736278475664935e+03, 1.5459337817455162e+03
15, 6, -3.8644507460042564e+02, 6.2035730934738785e+02
15, 7, 3.7524235990446959e+02, -8.6592155815824356e+02
15, 8, 3.2488895315296631e+03, -1.8218262688094733e+03
15, 9, -7.3194551224365450e+03, -1.2586130821178908e+03
15, 10, 1.9708886489893312e+03, 3.2748569592793251e+02
15, 11, -7.8908938256139572e+02, 4.7642896903646897e+02
15, 12, 7.7072469203358360e+03, 1.2569506929851723e+03
15, 13, 1.6302836296731150e+03, -4.6968489721747619e+02
15, 14, 9.9507286773642852e+02, -3.4306283088239825e+03
15, 15, 3.9172286077056137e+03, 1.5075416966527293e+03
16, 0, 4.9238060110020751e+03, 0.0000000000000000e+00
16, 1, -7.7812713416045688e+02, -1.2834706141641618e+03
16, 2, 4.4384354936251957e+03, 3.3007864342310099e+03
16, 3, -2.3692646890129613e+03, 5.6820743396270245e+01
16, 4, 2.1348746337951079e+03, 6.5220618886743671e+02
16, 5, 1.2078389677295081e+02, 8.2296203113372030e+02
16, 6, -4.4391011909920053e+01, 4.6744322068501003e+02
16, 7, -1.1705967709571057e+03, 1.7867913836918367e+03
16, 8, -6.4288177253475214e+02, -1.5819665241343146e+03
16, 9, 1.9645166497253085e+03, -9.8841696308620931e+02
16, 10, 1.2196696263699528e+03, 1.6942198007889824e+03
16, 11, -1.6085164540495612e+03, -4.4881402772281190e+03
16, 12, -3.6095486264463320e+03, 1.9764126833846567e+03
16, 13, 5.8397802741160694e+02, 9.6210106694952628e+00
16, 14, -2.6795687555779041e+03, -2.0449982661488234e+03
16, 15, 2.6721308406896969e+03, 8.3547494663980342e+02
16, 16, 6.3081226405095401e+02, 1.6453156457846144e+03
17, 0, 1.3226105126453460e+03, 0.0000000000000000e+00
17, 1, 1.5937721777422382e+03, -1.1321107816700969e+03
17, 2, 9.8126710464457187e+02, 3.6770874961223080e+03
17, 3, 3.7358998854005140e+03, 1.8189153485206330e+03
17, 4, 1.2455082869916118e+03, -5.2802654585207301e+02
17, 5, 1.8934172134801988e+03, 2.7209345257547484e+03
17, 6, 2.2635049977748376e+03, -2.3403401040724548e+03
17, 7, 1.3523085498772402e+03, 1.7704436735129066e+03
17, 8, -1.2339274579192313e+03, -6.5332602353448090e+02
17, 9, -2.2112799490744460e+03, 2.4481606505435848e+03
17, 10, -2.4682467024969937e+03, 1.3268444559340851e+03
17, 11, 3.1191602878556532e+03, 5.6445672607156293e+03
17, 12, -2.6987408541368841e+03, 1.0836662805389640e+03
17, 13, 2.0062092975258565e+03, 4.4125815430997727e+02
17, 14, -2.1409237539698938e+03, -1.4609557557825187e+03
17, 15, -1.5876931699130769e+03, -2.1712710854756824e+02
17, 16, 6.4581295242667920e+02, 1.0145545640201697e+03
17, 17, -2.1307100542616267e+03, 2.5304551073050652e+02
18, 0, -9.4867640791814938e+02, 0.0000000000000000e+00
18, 1, -5.4549294297465542e+02, 7.4937324742184683e+02
18, 2, -1.7615593267089719e+03, 3.9028234397396011e+02
18, 3, 8.8188881756850060e+02, -2.1800542290597969e+03
18, 4, -4.6258053576305974e+02, -7.3416157604437569e+02
18, 5, 2.1642605354174714e+02, -1.2080303234497296e+02
18, 6, -9.8955166444134193e+01, -6.8701015663656653e+02
18, 7, -1.0641748656241771e+03, -4.0816755197217833e+02
18, 8, -1.0528117610464976e+03, 7.0824087349982108e+02
18, 9, 9.1988512643320223e+02, -5.1716027238994502e+03
18, 10, 3.3609474252318751e+02, 2.1120169552526550e+03
18, 11, -7.7731648439063792e+02, -1.9932059045552892e+03
18, 12, -5.6140681176506530e+02, 3.2873786469065976e+03
18, 13, 1.4393450664669765e+03, -1.2752830651018535e+03
18, 14, 5.5958306274095594e+02, -8.4788900552711686e+02
18, 15, -1.9125783078880922e+03, 7.5970665014434553e+02
18, 16, -1.4762049263924164e+03, 1.5593113589483696e+03
18, 17, -3.0796100630987999e+03, -3.6759518833428456e+03
18, 18, 2.1687793436127390e+03, 4.9683199344355535e+02
19, 0, 6.1801312811415676e+02, 0.0000000000000000e+00
19, 1, -4.1681442461406613e+02, 1.6580808340222152e+03
19, 2, -4.0575152672139143e+02, 9.5881653302927339e+02
19, 3, -1.4269796962651576e+03, -5.8942488491451616e+02
19, 4, -1.4763113365366069e+03, 7.8754693996637570e+00
19, 5, -1.3088532483943936e+03, -2.3215478049117596e+03
19, 6, -2.6574811370916123e+03, 1.5254129790801730e+03
19, 7, -1.8899897024281750e+03, 1.1864775508845912e+02
19, 8, 6.7122962677186456e+02, -1.6845349547730198e+03
19, 9, -9.2077405258277508e+01, -1.8826082935419968e+03
19, 10, 1.2501120963909070e+03, -1.8368106005006462e+03
19, 11, 1.1132055748231949e+03, -1.1142483593650195e+02
19, 12, -3.3433688690237004e+03, -1.3437110001478097e+03
19, 13, 7.1093531280224363e+02, -1.5419345501416069e+03
19, 14, -2.7020780446562958e+02, 8.8747641935131014e+02
19, 15, 5.2483406506729034e+02, -6.7306646328080092e+02
19, 16, -1.0818576595562156e+03, 6.0602528940972229e+02
19, 17, 1.2994357359961357e+03, 1.0326506990726261e+02
19, 18, -3.5224511683460369e+03, 6.0086352889819955e+02
19, 19, -1.2115606416176306e+03, -3.3223325837364960e+03
20, 0, 8.8050387596333167e+02, 0.0000000000000000e+00
20, 1, 2.8707349230558057e+03, 2.7775495089595347e+02
20, 2, 6.1702421993245582e+02, -3.6406738046923283e+02
20, 3, 3.6962141232811828e+03, 7.8352006605388704e+02
20, 4, -1.0052308594585747e+02, 1.6852606505945537e+03
20, 5, -1.2690219365612592e+02, 7.8786858091813042e+02
20, 6, 8.0245390995571415e+02, 1.8838432966219495e+03
20, 7, 1.2770908297837739e+03, -3.5738416595982326e+03
20, 8, 1.3464698109435496e+03, 7.4588521283274554e+02
20, 9, -2.5877953832692806e+03, 6.4294146179064876e+02
20, 10, -1.8086887539064846e+03, 2.8509548513680744e+02
20, 11, -3.3507607827937309e+03, 2.3115140221234874e+03
20, 12, 8.1700701045573135e+02, -2.4625741218280700e+02
20, 13, 4.0269844206083067e+03, 8.9928413201003150e+02
20, 14, -7.5427984964963468e+02, -1.4355341608960721e+03
20, 15, 1.4429455923006515e+02, 1.0510997940106054e+03
20, 16, 2.2031751345801354e+01, -2.8995174161780478e+03
20, 17, 4.1096414037141994e+02, 2.3172902512542396e+02
20, 18, -2.0767301946305821e+02, 2.3743878022992044e+03
20, 19, 2.0769496814290060e+03, 3.3210258051468354e+03
20, 20, -8.1715217047291731e+02, 1.4623579161481864e+03
21, 0, 1.6363486139633355e+03, 0.0000000000000000e+00
21, 1, 2.4036900096149373e+02, -2.3039498175419594e+03
21, 2, -2.2468370396929240e+03, -1.1656200663583249e+03
21, 3, -1.1410390757131406e+03, 1.4640452665995483e+03
21, 4, -1.2509892283538304e+03, 1.9819636518440836e+02
21, 5, -2.1244117679736507e+02, 1.2828645923930194e+03
21, 6, 2.2160084828680186e+02, 2.5573741502183198e+03
21, 7, 8.6302836096574299e+02, 5.7979215853786400e+01
21, 8, -6.7046820576089044e+02, 1.5286615133296330e+03
21, 9, 1.9464486477579612e+03, -1.5716316004229652e+03
21, 10, 3.0282412253665143e+01, -2.1523009696824633e+03
21, 11, 1.6773003981391093e+03, 2.5903273632054752e+03
21, 12, 1.4854544205444008e+03, -1.0305647484827755e+03
21, 13, 6.5297921517281577e+02, 1.6123151986965695e+03
21, 14, 5.5596684880898033e+02, -1.1275241203328437e+02
21, 15, -8.4828761150461764e+02, -3.2793082260292945e+03
21, 16, -2.7813603029352430e+02, 2.6022308459492738e+03
21, 17, 6.3295882918481516e+02, -1.2641149000038681e+03
21, 18, 3.2038694481225093e+02, 2.5922000483419188e+03
21, 19, 2.8203097339584992e+03, -1.1229483400895033e+03
21, 20, 2.3528467928308150e+03, 1.0076614373391691e+03
21, 21, 3.6877340159178493e+02, -1.5969879583770744e+03
22, 0, 3.3743095822757427e+03, 0.0000000000000000e+00
22, 1, -2.9174354661315260e+02, 1.7284648966729214e+03
22, 2, 2.0087001423142733e+03, -4.5904364405724027e+02
22, 3, -3.6625082606677756e+02, 1.1069109565153683e+03
22, 4, -8.8785941606282597e+02, -2.3105473640049931e+03
22, 5, 5.3885716001765900e+02, -5.5725891294213545e+02
22, 6, -2.2891774618427753e+03, -3.7153639389512191e+03
22, 7, 1.0412315929691936e+03, 1.6168080174203342e+03
22, 8, -2.1062036466156032e+03, -1.2940419411282471e+03
22, 9, 1.2876377712948247e+03, 2.5136044898158179e+03
22, 10, -3.0127445859334500e+02, 2.4660476617452732e+03
22, 11, 2.6323780847836106e+03, 1.6674711955252865e+03
22, 12, 1.5577648717132831e+03, -2.0103096422537719e+03
22, 13, -5.8279260704554065e+02, -7.9829555332921984e+02
22, 14, -1.5877897970741665e+03, -2.3774487593777908e+03
22, 15, -1.4246724473278448e+03, 1.4265329675707274e+03
22, 16, -1.6816725101435554e+02, -7.7891679872777104e+02
22, 17, -1.2739344899599546e+03, -4.3744656370756422e+02
22, 18, -2.4136764845893538e+01, 1.4962227993896172e+03
22, 19, -6.0862877168278601e+01, -2.3462551274794059e+03
22, 20, 2.6229049393711239e+02, -9.4991849529113711e+02
22, 21, -1.4050349777068502e+03, 6.7101692317832658e+01
22, 22, -1.5353864846475872e+03, -1.3156111132367962e+03
23, 0, -8.4816089918986916e+02, 0.0000000000000000e+00
23, 1, 1.1094655228781930e+03, 1.0755261996774659e+03
23, 2, 1.1007689393770688e+03, 2.3208312558882071e+03
23, 3, -8.9140562802445822e+02, 5.6001282033260793e+02
23, 4, 2.9529416845081796e+03, 6.7168923032606426e+02
23, 5, -1.5946731392314314e+02, 3.1890184643161786e+02
23, 6, 1.3984786100137117e+03, -7.2995888132318532e+02
23, 7, -2.0706058510333023e+03, -1.5201879175232325e+03
23, 8, -2.2627259737749887e+03, -1.4230910265862190e+02
23, 9, -2.5780133866054757e+02, -9.4063350787463764e+02
23, 10, 4.3684806741708923e+02, 3.6526277207851476e+03
23, 11, 2.6159268816058830e+03, -2.6923074303216372e+03
23, 12, 8.0783655801283294e+02, 2.7512534877080702e+03
23, 13, -1.2404332433778268e+02, -2.2331079194725089e+03
23, 14, -1.1801666362442033e+03, 1.5975083891928555e+03
23, 15, -6.2197239879533913e+02, 5.4485318456191726e+02
23, 16, 1.2817108233925662e+03, 1.8141636410161930e+03
23, 17, 6.0111060481135428e+02, 2.5886692162774721e+03
23, 18, -1.3272940950882514e+02, -2.8120041779556277e+03
23, 19, -9.1176282410223439e+02, 7.6967465858974390e+02
23, 20, 8.6986135709211567e+01, -1.8376424974111728e+03
23, 21, 8.5879065585816079e+02, 1.6457803993139169e+03
23, 22, -6.1932241407910544e+02, -2.5540943411834737e+03
23, 23, -6.4843097325137433e+02, 1.8427601849127827e+03
24, 0, 2.5188784711885482e+03, 0.0000000000000000e+00
24, 1, -3.0851399913357210e+02, -1.4106942693945289e+03
24, 2, 8.2334108707525195e+02, 1.1955770210754181e+03
24, 3, -4.2408519015580498e+02, -2.4418577677895628e+03
24, 4, 1.7299222570047532e+03, -6.4852878419932745e+02
24, 5, -2.8050323116502946e+03, -4.5706420195154465e+02
24, 6, -3.9583780606239748e+02, 1.6717742749682943e+03
24, 7, -6.7894164651259211e+02, 1.4571987249065787e+03
24, 8, 1.0227808786578469e+03, 1.9140606204843057e+03
24, 9, 4.9482618394462315e+02, 1.0845995373417322e+03
24, 10, 9.3121580024053912e+01, -2.7033493825264295e+03
24, 11, -2.3033220195703080e+02, 2.8168194086503627e+02
24, 12, 7.3892075933205433e+01, -1.0531177768130933e+03
24, 13, -1.9227146271143529e+03, -2.2694472864059293e+01
24, 14, -9.8523332761014714e+01, 1.0495811059682069e+03
24, 15, -2.0695941185566778e+02, 7.2606597675750402e+02
24, 16, 2.0112488439850131e+03, 3.4343911370574642e+02
24, 17, 3.6970067835526442e+02, -6.0762362386342113e+02
24, 18, 4.3438029611128354e+02, 5.4639207532899582e+02
24, 19, 1.5168607613096176e+03, 1.4722968878427371e+03
24, 20, 1.1233129729205725e+03, -1.3844835549034783e+03
24, 21, -1.0870501044416158e+03, 3.5648165011101810e+03
24, 22, 2.0071064919907525e+02, -2.1595709779548351e+03
24, 23, -2.2177072101312974e+03, 6.6394963815474898e+02
24, 24, 5.2346758314814542e+02, 9.7750065032594478e+02
25, 0, -7.2086896258141280e+02, 0.0000000000000000e+00
25, 1, 8.2335967348936924e+02, 3.8673550079527990e+02
25, 2, 2.8121280159154526e+02, -3.8537386091170447e+02
25, 3, 1.3732078544818555e+03, -1.6635309574644066e+02
25, 4, -9.9485256046820723e+02, -2.9315362545072611e+02
25, 5, 1.4949877165297637e+03, -1.5044821179119649e+03
25, 6, -1.0979490832783085e+01, 2.1987062450998192e+03
25, 7, 2.0482466807196306e+03, -5.5710327067934031e+02
25, 8, 2.0947224362557326e+03, -3.8218702614663812e+01
25, 9, 4.0148555539057509e+02, 7.2329146434954237e+02
25, 10, 2.4133815070263495e+03, -1.4980150265051968e+03
25, 11, 6.4911867220183240e+01, 1.0305021313673390e+03
25, 12, -1.2853438167245438e+03, 1.8761146980155058e+02
25, 13, -8.2127167755696883e+02, 9.0299151524098124e+02
25, 14, -1.2757302279126901e+02, 1.1606101932632712e+03
25, 15, 1.1372467031748311e+03, -1.7283643130690252e+03
25, 16, 3.2516589972558268e+02, -4.9168416280307770e+02
25, 17, -2.0760735040860600e+03, -3.4098013282194092e+03
25, 18, -7.3519446273441088e+02, -7.1868421676395951e+02
25, 19, -2.6356338078488338e+03, -3.2773603734892822e+02
25, 20, 3.3172697251393788e+03, 7.0085797173568176e+02
25, 21, -1.9293687616043917e+03, -1.8211518937650635e+03
25, 22, 2.0903264576874531e+03, 6.1486064495979122e+02
25, 23, -1.6743602240762621e+03, 4.0582048439364371e+02
25, 24, 2.8708902984691849e+03, 4.7658600848286170e+02
25, 25, 8.1058578846758564e+01, -9.1433164438722633e+02
26, 0, 1.6895342565160561e+03, 0.0000000000000000e+00
26, 1, -2.1043551538820766e+03, -5.4535002960398720e+02
26, 2, -1.4052759190305590e+03, 8.6036035858964749e+02
26, 3, -2.7236079068819513e+03, 7.2011126506848836e+02
26, 4, -1.8077843617803478e+03, 2.4526755699163582e+03
26, 5, 4.9377395709169514e+02, 2.8996337271800680e+03
26, 6, -6.8652477222182506e+02, 1.5619966773743652e+03
26, 7, 9.8071654870223301e+02, -1.7816769860364434e+03
26, 8, 2.2176714373201376e+03, -2.2000327348129044e+03
26, 9, -5.3398033233563035e+02, -2.2659792655307133e+03
26, 10, 1.8118227701590197e+03, -3.0336718230594033e+02
26, 11, -1.2789547314174240e+03, -1.0813819620238219e+03
26, 12, 4.9246861766920836e+02, 1.1359921928969743e+03
26, 13, 8.7486245128559483e+02, -4.2568439309175153e+02
26, 14, 8.2199423261046582e+02, -1.0279581187596011e+03
26, 15, 1.7638662851471770e+02, 2.1484445234884510e+02
26, 16, -2.5867383736234738e+03, -4.4286768176075037e+02
26, 17, 3.5812290615824463e+02, 6.1184693635283122e+02
26, 18, -1.0296759141472664e+03, 4.0134358218451634e+03
26, 19, -3.9213040141470287e+02, -2.7086376136608174e+03
26, 20, 2.8105868075105184e+02, 1.3805569095942290e+03
26, 21, -5.9682877846802921e+02, -3.3088715441680993e+03
26, 22, 3.8757369510400713e+02, 2.4237609904785309e+03
26, 23, -1.2522047051666550e+03, -3.9795934175804894e+02
26, 24, 1.5144054850766552e+03, 8.5507640119832058e+02
26, 25, 9.7890818501913463e+02, -1.4863254126305173e+03
26, 26, -4.7386611773376376e+02, 1.3586332247943371e+03
27, 0, 5.2674425848262581e+02, 0.0000000000000000e+00
27, 1, 5.8560177562498939e+02, -6.6768897573957372e+02
27, 2, -3.3454861447545261e+02, -2.3143012932253498e+02
27, 3, 3.9593606519834111e+02, 1.8448370935840496e+03
27, 4, 8.2926394107914280e+02, -2.0796695980155565e+02
27, 5, 3.6880297226509992e+02, 2.5558346834273038e+02
27, 6, -4.5457825595144880e+02, -1.1740959444266041e+03
27, 7, 9.0374706784572891e+02, 2.7536068073784179e+01
27, 8, -8.2779209049917199e+02, -1.0593897481208678e+03
27, 9, -1.9115185025894632e+03, -1.8689113488192720e+02
27, 10, -2.7238905991005722e+03, 4.3391181193948665e+02
27, 11, -4.7458523033659378e+02, -1.5358001929197017e+03
27, 12, -5.8362544709561962e+02, -1.2247783158926495e+01
27, 13, 4.3757831823172137e+02, -6.2159077249165512e+02
27, 14, -1.4820074934372269e+03, -5.8497650923834863e+02
27, 15, -8.6941733173897160e+02, -1.2827066196297818e+02
27, 16, -1.2519545945258712e+03, 2.5199464048273921e+02
27, 17, 1.3373346171262588e+03, -2.1662274875092567e+02
27, 18, -6.6219927814167170e+02, 4.8931139613774462e+01
27, 19, 2.5197007380075988e+03, 9.4411823587066431e+02
27, 20, 3.6754222590063284e+02, -6.3274639033348490e+02
27, 21, 5.2560374053111696e+02, -8.8845954060256054e+02
27, 22, -1.2123833208946626e+03, 1.4962955753910387e+03
27, 23, 5.0887489653715113e+02, -3.1230243084480094e+02
27, 24, -8.2998280900008922e+01, -1.2765822887405971e+03
27, 25, -6.4867774609207891e+02, -2.0656556975319509e+03
27, 26, -1.8313456599949768e+03, -2.1758998728400320e+02
27, 27, 2.4324925967556092e+03, -4.3327904354814916e+02
28, 0, 2.4955383344118127e+02, 0.0000000000000000e+00
28, 1, 4.4779601142107163e+02, 5.2139883553877007e+02
28, 2, 7.2367117141825156e+02, 7.1084482604179925e+02
28, 3, 1.1975399998154376e+03, 2.1572769376182123e+01
28, 4, 2.7720458703741606e+03, -1.6629322809131727e+03
28, 5, 5.1806181164007501e+02, -2.2285146938887569e+03
28, 6, 1.5084180435580090e+03, -8.5789698671977044e+02
28, 7, 5.3723943762158456e+01, -1.2560091487510872e+03
28, 8, -4.4541465290798124e+02, 8.6180164406664437e+02
28, 9, 8.1243693408399167e+02, 1.0397298062384764e+03
28, 10, -4.9205853758057117e+01, 1.5914135331753514e+03
28, 11, 1.4978239182596290e+03, 9.0823912505921248e+02
28, 12, 9.4989012351894985e+02, 5.2741814607813728e+02
28, 13, -7.7318757788135747e+02, -8.2584765211865351e+02
28, 14, -1.1262452414996540e+03, -5.5072864304574841e+02
28, 15, -5.2591443454077648e+01, -1.6084270926384744e+02
28, 16, 6.3216760542196619e+02, -5.7191728788665478e+02
28, 17, 2.4256068377248239e+03, 3.0366556876248069e+02
28, 18, 8.9520356987924811e+02, -1.9292292230395176e+03
28, 19, 2.3038215404151742e+02, -5.8773978057500801e+02
28, 20, -8.6131483062269035e+02, -1.6098169822292114e+03
28, 21, 2.0170925537796406e+03, 1.0515641349988643e+03
28, 22, -1.6592551822141538e+03, 3.4155948793892088e+02
28, 23, 1.9881234251342482e+03, 1.4626103912604992e+02
28, 24, -2.0945214626800607e+03, 9.9014914949928925e+02
28, 25, 1.5259689440680907e+02, -8.1585714258301687e+02
28, 26, -7.0358801361905103e+02, 1.1194559972621300e+03
28, 27, 1.1213771784265027e+03, -5.0521609474401350e+02
28, 28, -3.3929980575522620e+02, -2.4623645842351971e+03
29, 0, -1.7842278753275579e+02, 0.0000000000000000e+00
29, 1, 1.3469083623474291e+03, 1.3065992123539468e+03
29, 2, -1.4256553299515986e+03, -2.4684231983873164e+02
29, 3, 3.5260842693463661e+02, -5.8434554174323102e+02
29, 4, -1.4988249689864929e+03, -1.3123833087620571e+03
29, 5, -4.9732076417758560e+02, -1.2311915592389669e+03
29, 6, -8.6635415285431782e+02, -1.4520289415910511e+03
29, 7, -6.6147056482993844e+02, 5.4338267408094521e+02
29, 8, 4.1207182851419503e+01, 5.6715158204028306e+01
29, 9, -3.4207257090845536e+02, 4.0600659913376512e+02
29, 10, -5.7602689896937932e+01, 1.2898039857628178e+03
29, 11, -3.8565204157043752e+02, -6.4215244470179505e+02
29, 12, 4.9514207102116785e+02, 3.5412349281907143e+02
29, 13, -3.3973922685988754e+02, 2.3979844159847175e+02
29, 14, 1.8347740861853836e+03, 4.3035816035447772e+02
29, 15, -7.9947654399041949e+02, 7.9491978116935729e+02
29, 16, 1.3646904604406900e+03, -4.0787047766595316e+02
29, 17, -1.0186679488912674e+03, 1.1520194113271754e+02
29, 18, 1.0642369821363554e+03, -6.8705084792651769e+02
29, 19, -5.8569986690211158e+02, 2.8898135586410331e+02
29, 20, -8.0742629758294777e+02, -1.2174043254773692e+03
29, 21, -7.9580792527429094e+02, -2.1059587762031992e+02
29, 22, -9.7671555596600888e+02, -6.9244949791429769e+02
29, 23, 7.9836941578774895e+02, 1.2805152102398811e+03
29, 24, -1.3469204266769877e+03, -1.4924065338994171e+03
29, 25, 1.6788210186224924e+03, 5.4400041220339835e+02
29, 26, 7.5697913471839897e+01, 1.5937570496322462e+03
29, 27, 2.2154309290615565e+03, 3.6873836332291347e+02
29, 28, -4.8728058092129515e+02, 1.6463322459822291e+02
29, 29, -7.2878239727998323e+02, 3.3108953432732574e+02
30, 0, 7.1952648973603755e+02, 0.0000000000000000e+00
30, 1, -2.6102209163442103e+02, -2.4273470686638558e+02
30, 2, 1.4497745616870361e+01, -5.9616070192908569e+02
30, 3, 2.6654582470478346e+02, 9.9653988685264073e+02
30, 4, -5.0842093895394828e+02, -9.2161159013464385e+01
30, 5, -8.6808892791125174e+01, 8.5398199695625442e+02
30, 6, -1.5623589056641642e+03, 1.0339640642124011e+03
30, 7, -1.0955138535820872e+03, 7.3969264762829914e+02
30, 8, 6.8105635792913586e+02, -6.8494778945123880e+02
30, 9, 5.4439323694358609e+02, -1.6190022996728412e+03
30, 10, 9.9440001303987856e+01, -2.9984059583815042e+02
30, 11, 3.6330312418807091e+02, -1.1418531430044118e+03
30, 12, -1.0509006660226544e+03, -1.0805356583256071e+01
30, 13, 3.3108646311784196e+02, 8.6911645678302989e+02
30, 14, -8.6930104774972824e+02, 2.2279714007364564e+03
30, 15, 7.4333991948360028e+02, -3.6778880351996952e+02
30, 16, 1.5502033776888468e+03, 1.0842631862671667e+03
30, 17, -7.7729545775514100e+02, -1.6181978883948004e+03
30, 18, -6.8749013542121372e+02, 1.0148274010901837e+03
30, 19, -2.7157049183152667e+03, -7.5295605767307006e+02
30, 20, -3.1546009357374669e+02, 1.8871659286315812e+03
30, 21, 6.8212720641845351e+02, -8.6264478832390068e+01
30, 22, 5.0278678513631235e+01, -1.5079970462490244e+03
30, 23, -1.0186947464837398e+03, 8.7087249838316757e+02
30, 24, 1.2741579280081305e+03, -1.3129223188464789e+03
30, 25, 1.5359357152613870e+02, 1.4489195974408588e+03
30, 26, -2.4971804707842432e+02, -1.2422799270985140e+03
30, 27, 1.5688244338015045e+03, -8.4947153031733819e+01
30, 28, -1.3176818575108239e+03, -6.7116207953710568e+02
30, 29, 1.0270078681924812e+02, 1.4948478921861952e+03
30, 30, -1.0897110726473181e+02, -8.8463081688774093e+02
31, 0, -1.2555053571201194e+02, 0.0000000000000000e+00
31, 1, -5.1083346412645864e+02, -8.7473557550406838e+01
31, 2, 3.0879406141557212e+02, -1.1692516637487811e+03
31, 3, -7.9509355466713214e+02, 1.4049550548608701e+02
31, 4, 4.0789869263468677e+02, -3.2272093804820679e+02
31, 5, 7.9046670858722723e+02, 4.6445234376647056e+02
31, 6, 8.8762022231111018e+02, 1.0082209333880844e+03
31, 7, 1.5862929750502476e+03, -3.0117534693057883e+02
31, 8, 4.2788412344570190e+02, 1.1700679819754605e+03
31, 9, -6.2453029370521961e+02, -6.4315070526491610e+01
31, 10, -4.8249654325092331e+02, 7.3640014299550330e+01
31, 11, -1.3264748541679514e+03, 7.6598140730909995e+02
31, 12, 7.3335744674343323e+02, -1.3713376131731916e+03
31, 13, -2.0316113664130572e+02, 3.2735184836441033e+02
31, 14, -7.5747571075940721e+02, -1.4212878256867218e+03
31, 15, 8.8044045973296375e+02, -5.6492033654551437e+02
31, 16, -5.1658826225379653e+02, 3.5523163101483112e+02
31, 17, 4.2555314508459310e+02, 6.9947718652285869e+02
31, 18, 1.3698829634477727e+02, -8.5789680706469153e+02
31, 19, 4.5467339223860733e+01, -1.1394323045262968e+02
31, 20, 1.5463020214678718e+03, 7.0185073059956835e+02
31, 21, -1.0624070910608264e+03, 5.3880149886720437e+02
31, 22, 1.3068869641694696e+03, 3.1851964355828574e+02
31, 23, -1.5147708516845159e+03, -1.4030820928286655e+03
31, 24, -1.0335146001806802e+03, 4.9648293504641879e+02
31, 25, -3.7471457542695862e+02, 4.1650510971697133e+02
31, 26, 7.2440990589896433e+02, 4.3703223361062874e+02
31, 27, -2.5285009422524627e+02, -8.8823804092368050e+01
31, 28, -1.6029968798686441e+03, -2.9308138446199282e+03
31, 29, -1.8190464575394702e+02, 1.5407281597205986e+03
31, 30, 1.7710954429348993e+02, 1.3387317935929559e+00
31, 31, -2.4540024183852242e+03, 1.9525644438067002e+03
32, 0, 2.5123223009357218e+02, 0.0000000000000000e+00
32, 1, -1.0048812839875234e+03, -2.5867510809356634e+02
32, 2, -6.1024034625954357e+02, 8.2394884964830692e+02
32, 3, 4.8198077025122075e+01, 1.5591961023331028e+03
32, 4, 6.8258694304590540e+02, 2.6589380735236767e+02
32, 5, 2.8681772533668152e+02, -7.4893272979447431e+02
32, 6, 6.9456443460454034e+02, -9.2860938606909860e+02
32, 7, 2.5985587575854595e+02, -1.2471338695059812e+03
32, 8, -6.7706125683965388e+02, -5.1226886761597041e+02
32, 9, 7.3779241302174410e+02, -6.9828152336820494e+02
32, 10, 5.7803554859470466e+02, 1.2223757011012635e+03
32, 11, -8.3172742904166705e+02, 1.4669324970380690e+03
32, 12, 4.0229648171938425e+02, 1.0292777469440375e+03
32, 13, 6.1322767218397269e+02, -4.5803841138285406e+02
32, 14, 4.3627623843432332e+02, -2.1491878188785415e+02
32, 15, 8.9086494324898331e+02, -4.7334053535966694e+02
32, 16, -1.7063031612875063e+03, -7.4464818752610199e+02
32, 17, -5.6952725582446035e+00, 3.3793507455520171e+02
32, 18, -1.4440756399529073e+02, -2.3885239047502793e+02
32, 19, 8.7149903767183264e+02, 6.0061861408746392e+02
32, 20, -9.3650217135443211e+02, -1.3774205181133806e+02
32, 21, 7.5636012905381972e+02, -6.1973756139319266e+02
32, 22, -8.4938281418678264e+02, -7.0701372667180044e+02
32, 23, -8.3142671782534694e+02, 1.3460545640968858e+03
32, 24, -1.9194083285177464e+02, 1.4655113958654283e+02
32, 25, -4.5477734787604800e+02, 5.5577502029788832e+02
32, 26, 2.4411258979385195e+01, -2.3808205514255764e+02
32, 27, -9.5162629526267494e+01, 1.3540848059235105e+02
32, 28, -7.9674346667262887e+02, 2.4301803743735059e+02
32, 29, -1.3639029165870525e+03, 5.7827404460417529e+02
32, 30, 8.1189639537769767e+02, -2.9015496784244044e+02
32, 31, 4.5710301337789133e+02, -3.2149493519291303e+02
32, 32, 1.0013759326550617e+03, 1.3673742692199000e+03
33, 0, -7.5850248617574971e+02, 0.0000000000000000e+00
33, 1, 6.3347993205154933e+02, 2.0483377735769500e+02
33, 2, 1.2217728064958942e+02, 3.4958065711070549e+02
33, 3, 1.3169968775814010e+02, -9.9406259193331118e+02
33, 4, 1.0052003867384072e+03, -3.5547882747340793e+02
33, 5, -6.2035209540845074e+02, 7.6255906872056505e+02
33, 6, -2.9519205406228775e+02, 2.5038519184117376e+01
33, 7, -4.2172817251159910e+02, 8.0725009360443164e+02
33, 8, 6.1174837092883001e+02, -8.7702355720569778e+02
33, 9, 1.0472828286817673e+03, 7.7635331024416189e+02
33, 10, 5.3087265857833745e+02, -3.3283786853016687e+02
33, 11, 1.1043562912830939e+03, -6.6604675752641515e+02
33, 12, 1.9098121936229074e+02, -8.5793424056154356e+02
33, 13, -9.2050684334348739e+02, 5.4833781017505977e+01
33, 14, 4.1543830795389573e+02, 4.0753021239278337e+02
33, 15, -1.1536426307579773e+03, 4.2475903186848427e+02
33, 16, 5.3748419901393595e+02, -3.1935640623300702e+02
33, 17, 4.6175940219621953e+02, 6.2460357527962697e+02
33, 18, 1.6232349185841275e+02, 4.3822690871497514e+01
33, 19, 2.0230005862854250e+02, -1.0350455292254283e+03
33, 20, -1.1482779096027705e+03, -6.8208774896292232e+02
33, 21, -8.6641800074910122e+02, -5.2091668800872935e+02
33, 22, -1.7846604973908370e+01, 2.0754844899476825e+02
33, 23, 8.0327084929688510e+01, 9.2459204846223201e+01
33, 24, 1.8146060845546476e+03, 1.9129888451977135e+03
33, 25, 1.8762529122180595e+03, -9.4394077937314773e+02
33, 26, 3.9051065549793810e+02, -1.2085211591000493e+03
33, 27, -1.1490301843255651e+02, 1.2048501032764412e+02
33, 28, -9.0836042660031478e+02, 7.8429587195283034e+02
33, 29, 4.4981655938588199e+02, 8.9610554167063390e+02
33, 30, -5.4341666554816129e+02, 2.5025281152891523e+02
33, 31, -8.2728451634359544e+02, -2.5981854479711700e+02
33, 32, -2.2265777956920113e+02, -1.5892833497191486e+03
33, 33, 1.1049051115517377e+03, -1.6062232459028364e+03
34, 0, 8.7704455150623630e+02, 0.0000000000000000e+00
34, 1, -1.1248461221781736e+02, -1.0369984479596229e+02
34, 2, -7.6985144057072739e+02, -4.4306573572855308e+02
34, 3, 8.3131631255332013e+02, 3.2060450184075944e+02
34, 4, 2.0430393078498702e+02, -1.2408650576637581e+02
34, 5, -5.7293921970502379e+02, 1.4734945455571210e+02
34, 6, 3.0648105170590874e+01, 8.6275221340714234e+02
34, 7, -1.0538173724046796e+03, 6.6442845000135139e+02
34, 8, 7.3094975769232562e+01, 1.4256407740169861e+03
34, 9, -1.1765080871094312e+03, 1.0113021740006851e+03
34, 10, -4.5813747161746664e+02, -3.8166574035009853e+02
34, 11, 1.0350470042826537e+03, 5.3391120429707144e+01
34, 12, 1.8634741624918499e+02, -6.2403884228095694e+02
34, 13, 9.3157906250451845e+02, -1.4162058538631361e+03
34, 14, 5.7873784489084505e+02, -1.0496966529010924e+03
34, 15, -9.7591870879465660e+02, -2.2561098914999920e+02
34, 16, 3.6967869393015280e+02, 2.0362401759035581e+02
34, 17, -9.2034741765775721e+00, 1.1517051766133557e+02
34, 18, -1.2209574275898083e+02, -1.8175511256744312e+02
34, 19, -2.2198020134238863e+02, 3.8292026434769730e+02
34, 20, -1.3105868652798160e+03, -1.5364777790523374e+02
34, 21, -5.2707722558353760e+02, 1.6526871647039616e+03
34, 22, 6.7056534591986929e+02, 9.9389384850103124e+02
34, 23, 7.5787156435949555e+01, -3.6250185706642515e+02
34, 24, 1.1317607354762847e+03, -6.9594550347780830e+02
34, 25, -6.1946100116969433e+02, -1.1538030448262800e+03
34, 26, -3.9801010688991261e+02, 8.4453911873594677e+01
34, 27, 2.5307948172039761e+02, 1.6746032680255439e+02
34, 28, 6.0794763209060250e+02, -5.3082911357470766e+02
34, 29, 8.5155418682780919e+01, -8.5454712689445159e+02
34, 30, 4.6641288780464851e+02, -1.3474830658989558e+03
34, 31, -1.4701123674090170e+03, 3.5062984216407585e+02
34, 32, 1.1249902107565058e+03, 8.7835882321533256e+02
34, 33, -1.5078431700678279e+03, -2.4381080137558268e+02
34, 34, 4.4514506208687834e+02, 9.3122956444870636e+02
35, 0, -6.9863108601654019e+01, 0.0000000000000000e+00
35, 1, 2.2283102707192103e+02, 1.1193453453222178e+03
35, 2, -9.0002618958160940e+02, 1.9158790294107436e+02
35, 3, 8.2881377744027691e+02, 6.6653605336383544e+02
35, 4, -3.4495865287809386e+02, 2.2298469369083762e+01
35, 5, 1.4526979152341307e+03, -7.8744530200513873e+02
35, 6, 1.1090744958749385e+03, 1.0607729856381829e+03
35, 7, 2.7028168645966520e+02, -1.1887955532838014e+03
35, 8, 1.0594038294683296e+03, 4.8528460341063897e+02
35, 9, -3.8054721827817639e+02, -5.5967115613314456e+02
35, 10, -1.2044865603865048e+02, 4.1310687463735803e+01
35, 11, -1.0486238309120768e+03, 6.9972844998075175e+02
35, 12, -9.9706842671299034e+02, 4.5745560647253546e+02
35, 13, -1.0232904678975900e+03, 3.3061411517294709e+02
35, 14, 1.0448410290153217e+02, 1.2274804462038483e+03
35, 15, 2.3759985940516378e+02, -7.0060591967898563e+02
35, 16, -6.0695832652911918e+01, -3.7443455190515448e+02
35, 17, -3.3119764794538924e+02, -1.3282989795783562e+03
35, 18, -2.7005915733946193e+02, -4.0667516319710836e+02
35, 19, -1.4054551630899491e+03, 1.3599931078218333e+02
35, 20, 1.3873319269723243e+02, 8.2738107470246155e+02
35, 21, -6.6946298842497356e+01, 6.4494604688506047e+02
35, 22, 6.6851644622768731e+02, 2.3409196120601041e+02
35, 23, 1.0081624803257845e+03, -8.9367534071739317e+02
35, 24, -4.0535250147077124e+02, -6.1777489258978164e+02
35, 25, -4.1485035253979339e+02, -3.2887283521531862e+02
35, 26, -3.9341270482157961e+02, -5.7222232444618624e+02
35, 27, -9.9930534075976857e+02, 8.8658909579522867e+02
35, 28, 1.0106671223812973e+03, 2.7860910334899410e+02
35, 29, -1.1239437238577543e+03, -1.1814659761445644e+03
35, 30, 1.7246541235162499e+02, -7.7319228633423666e+02
35, 31, 1.2571996728954346e+02, -1.2929322670561874e+00
35, 32, 1.6978022180929452e+03, 1.8604775476042976e+03
35, 33, -9.3329312211252511e+02, -1.3671070277136953e+03
35, 34, 5.6940912015217236e+02, 3.0165832800501930e+03
35, 35, 3.5023960584240353e+02, -7.2509439440280107e+02
36, 0, 4.1462482190339733e+02, 0.0000000000000000e+00
36, 1, -5.6028601260113271e+02, -2.6066194912794663e+02
36, 2, 2.0538564551700915e+01, -4.9768576112771268e+02
36, 3, -9.7168049114802000e+02, 4.4878606053862484e+01
36, 4, 1.3303234226253892e+02, 4.2267317311630094e+01
36, 5, -1.7426234745823052e+02, -3.1310905691524020e+01
36, 6, -2.7909795682683807e+02, -2.2886640641758422e+02
36, 7, 1.9457710136117098e+03, -3.5856696100871443e+02
36, 8, 2.8789704976416533e+02, -6.0583808616119791e+02
36, 9, 1.5616490858092229e+03, -8.9553570926369264e+02
36, 10, 8.6268188697833580e+02, -7.9580768288780268e+02
36, 11, -4.8314850037062808e+02, -1.2023409795460329e+02
36, 12, 9.1966270132653574e+02, 5.7611693693519453e+02
36, 13, -3.4335933370225570e+02, 1.0965682877308213e+03
36, 14, -1.8959978790064918e+02, 1.0741145601861683e+02
36, 15, 1.4098202279171028e+02, 2.8879222144319453e+02
36, 16, 4.9651470677402358e+01, -2.0134859424760413e+02
36, 17, -4.1184459707613200e+02, -5.0783016625832317e+02
36, 18, -1.5297343881100659e+01, 4.2559524479877462e+02
36, 19, -7.8357833762856808e+02, 3.0882082151792167e+02
36, 20, 3.6145174590520139e+02, 7.5391838180872128e+01
36, 21, 1.9241013611585117e+01, 1.9316384764342425e+02
36, 22, -3.0415484895549127e+01, -2.7298224324688852e+02
36, 23, -1.6822163716447992e+02, -2.5065044548735932e+02
36, 24, -9.5647987621337120e+02, -5.5599743542721478e+02
36, 25, -3.9361270675774051e+02, 1.1025500489177045e+03
36, 26, 6.4928466446091306e+02, 1.5491561785360659e+03
36, 27, 6.6389301975584362e+02, -5.8299146274630925e+02
36, 28, 3.4145866054206766e+02, 5.6903061963431469e+02
36, 29, -9.2130226609017859e+02, 2.1137399163336841e+02
36, 30, -1.3327324126773399e+03, 9.7891448834719927e+02
36, 31, -6.1834425524419532e+02, -5.9000540174198966e+02
36, 32, 1.3508936430407509e+03, 2.3343267255300034e+02
36, 33, 1.4561551202550593e+03, -1.4938271596997861e+03
36, 34, -7.6375123303437545e+02, 2.9533852837880545e+02
36, 35, 1.3721386123445875e+03, -1.2038527884909652e+03
36, 36, -3.7684053031488639e+02, -1.9480749517220170e+02
37, 0, 1.0802590441619009e+02, 0.0000000000000000e+00
37, 1, -1.1975774028070953e+02, -4.8461085277874008e+02
37, 2, -7.1266655484715420e+02, 2.4047948562947670e+02
37, 3, 2.0731152888980131e+02, 5.9296320977138407e+02
37, 4, 9.0750007854175738e+02, -6.4745418393257307e+02
37, 5, -3.8380843420672494e+02, 8.0813637721267742e+02
37, 6, -1.2493283022973656e+03, -1.2277555262780195e+03
37, 7, -1.3056295196295830e+03, -1.9653227985416828e+02
37, 8, -1.9492358398828815e+03, -1.4262178195334272e+03
37, 9, -9.9313020020877366e+02, -4.2301122084506170e+02
37, 10, -3.9925525494323546e+02, 1.1870693920096483e+03
37, 11, -4.2520856062203882e+02, 1.6797049622428733e+02
37, 12, 8.6925562417769345e+02, 9.2834143437600574e+02
37, 13, 1.2653206956224401e+03, -9.9521920666869516e+02
37, 14, 5.5039398950877478e+02, -4.0833871018848481e+02
37, 15, -1.8789742561618004e+02, 5.0466654667011960e+02
37, 16, -4.0822939628727113e+01, 1.6879521154526833e+02
37, 17, 2.6199378447126708e+02, 4.6121769806805275e+02
37, 18, 6.6048768214682582e+01, 1.6852831848695346e+03
37, 19, 1.3212998494659860e+03, 5.6813759588570576e+01
37, 20, 1.0738932786760029e+02, -3.8742457047031280e+01
37, 21, 1.2527054610560867e+02, -6.3599188622380859e+02
37, 22, -3.6661624321131467e+02, 1.1656528287440892e+01
37, 23, -2.5027623756743537e+01, -2.4337575152372744e+02
37, 24, 1.0069679033111672e+03, -6.8854861110260890e+02
37, 25, 5.6385405141942874e+02, 2.6589112792727070e+02
37, 26, -7.9392876693668768e+02, -8.0281626730582877e+02
37, 27, 3.7253072195510083e+02, -3.8362858700359584e+02
37, 28, -4.5357922416239580e+02, 3.0471958249078334e+01
37, 29, 3.7622601968690861e+02, -4.0741833598572964e+02
37, 30, 2.6600980348703951e+02, 2.2371603873269705e+03
37, 31, 5.3506299296377824e+02, -5.4340105803772894e+02
37, 32, -1.0240397989875839e+02, 1.5007999972681068e+02
37, 33, -1.1090065931540726e+03, -1.3354153784732080e+03
37, 34, -1.1459869641687187e+03, 1.3498278214226232e+02
37, 35, 6.6992123838427119e+02, 3.6086733937749693e+02
37, 36, -1.2309402600434403e+03, -8.4448408938134116e+02
37, 37, -3.4297392029154889e+02, 6.5628993886643104e+02
38, 0, -9.8635737243527501e+02, 0.0000000000000000e+00
38, 1, -1.1303527949656573e+03, 5.6248514530336695e+02
38, 2, -1.1001386899512920e+03, 1.1400930198908234e+03
38, 3, 5.0682053721315128e+02, -1.1997341347356159e+02
38, 4, 7.8514790750049917e+02, -1.8115270930028890e+02
38, 5, 7.4047159940568781e+02, 1.1545936245675826e+02
38, 6, 1.4109864259767946e+03, 4.9530780352777037e+02
38, 7, 1.3477463317744446e+02, 9.3624097418351812e+02
38, 8, 4.4643989855247986e+02, 7.6821440200301345e+02
38, 9, -9.7465671745412737e+02, 7.1191346303849696e+02
38, 10, -8.0315861411445258e+02, 2.3328054947025774e+02
38, 11, -4.0528290045463791e+02, -4.1724165626064030e+02
38, 12, -8.1884561268702257e+01, -1.9117003934168702e+02
38, 13, -1.8096724105057795e+03, 9.1367660996856216e+01
38, 14, -6.9345879473430807e+02, 7.0605770903194491e+02
38, 15, -2.3828056902947293e+02, 2.7450716082667140e+02
38, 16, -1.8680999893133816e+02, 4.4568922257695118e+02
38, 17, 4.5024848649776573e+01, 6.1662004084103739e+02
38, 18, -2.9049360387796082e+02, -1.2185459257358721e+03
38, 19, 3.4406623013048454e+02, -1.0656738793291065e+03
38, 20, -1.0324094882197517e+03, 1.1759857255090452e+02
38, 21, -4.5582625212645667e-02, -7.7328131287294866e+01
38, 22, -1.1614741136981763e+02, 1.7188751846863788e+03
38, 23, -2.8620890491197349e+02, -3.6870728266722290e+02
38, 24, -2.9807992517941841e+02, 2.5815438256350768e+02
38, 25, 2.2748518345938493e+01, 4.4530158974494498e+01
38, 26, 1.3914474037551993e+03, -4.3461660363703550e+02
38, 27, -1.3263002319048823e+01, -5.7883538397996222e+02
38, 28, -1.3619611453981556e+03, -7.7313196256672802e+02
38, 29, 5.5120706431015242e+02, 1.7789143660199513e+03
38, 30, -2.0851252029747036e+02, -2.1942105588594359e+02
38, 31, 1.7494191067447446e+03, -8.2846554285898009e+01
38, 32, -4.7035851129757179e+02, 4.6263292162667392e+02
38, 33, 2.9093253732978326e+02, -3.9694686436972347e+02
38, 34, -1.7485060564525611e+03, 1.4998997176884709e+03
38, 35, -1.3190306608610797e+02, -3.6550450230272816e+01
38, 36, -1.2751132006818700e+03, -1.1396441572994404e+03
38, 37, -2.3796638759514099e+02, 1.7617422911019164e+03
38, 38, 2.0995629397971334e+02, -4.2052003928623628e+02
39, 0, 1.0678343034518625e+03, 0.0000000000000000e+00
39, 1, 7.2564286639548834e+02, 3.3967537948340123e+01
39, 2, 2.5131490992337365e+01, 1.0567701623107682e+03
39, 3, 2.0146404758809689e+02, -2.3562836603640602e+02
39, 4, -5.0208618093951986e+02, -7.1097900128744669e+01
39, 5, -1.0284655918751491e+03, -1.2742031435867966e+02
39, 6, 1.6716314147275926e+02, 4.9892186092592516e+02
39, 7, -2.3708409356299137e+02, -5.6189033472524261e+02
39, 8, 1.1532067025180913e+03, 4.3052336015217645e+02
39, 9, 1.2657584508449527e+03, 3.5754984542403042e+02
39, 10, 3.4376434007031293e+02, -1.2488020453195986e+02
39, 11, -1.7371379810591876e+02, 7.6722399951591342e+02
39, 12, -6.0700534297419210e+02, -7.7427146642639514e+01
39, 13, 2.4529495254307557e+02, -4.7538655737967827e+02
39, 14, -6.1445970376797106e+02, -2.1834080752683252e+02
39, 15, -1.2156438912212889e+02, 9.3281553418647457e+02
39, 16, -1.9292449184926323e+02, -1.5746559444612501e+02
39, 17, 4.1996097602066374e+02, 6.4352306937088179e+02
39, 18, 2.6366078174546180e+02, -1.0780293215422389e+03
39, 19, -3.0799629327452942e+02, 9.7385549450536587e+02
39, 20, -4.9543328479230064e+02, -5.2303280742379729e+02
39, 21, 4.1157778484507003e+02, -1.0774761310673091e+02
39, 22, 1.0089447575304564e+02, -3.8765765505420438e+02
39, 23, 9.2185515517901285e+02, -2.4132956609035574e+02
39, 24, -1.6136287970395913e+03, -8.2181439780063999e+02
39, 25, -9.2824979519735325e+02, -1.9951640048551599e+02
39, 26, -6.2280521987025497e+02, -3.8893805296992056e+01
39, 27, -2.1441662952039451e+01, 2.6291900719973319e+02
39, 28, 6.8198219495524654e+02, -1.3418893505230737e+03
39, 29, -2.5954734217229100e+02, 5.5092484025182489e+02
39, 30, -3.2317228861272213e+02, -1.3984531474120674e+03
39, 31, -6.6993768051222418e+01, 2.4186591643380541e+02
39, 32, -1.0161986788418574e+03, -1.2679959275641540e+03
39, 33, 8.7494871080472421e+02, 4.3988130793314701e+02
39, 34, 4.2319953917643426e+02, -9.0974596219131911e+01
39, 35, 3.9741828264944411e+02, 8.7921296710558295e+02
39, 36, -2.0055924051083977e+02, -3.4041534266549269e+02
39, 37, -5.4086816398652445e+02, 7.9912978057154714e+02
39, 38, 1.1344589041906436e+03, 6.7716707574563770e+00
39, 39, 5.2552075959904172e+01, -2.0065533472282718e+03
40, 0, -3.0419593727101159e+02, 0.0000000000000000e+00
40, 1, -6.8949177610067375e+02, 3.7113428042090604e+01
40, 2, -1.5357773678256655e+02, -1.2926151961522273e+03
40, 3, 8.5738374747547368e+02, 2.3536113909961722e+02
40, 4, -1.3421476062334125e+02, 2.7636526984074902e+02
40, 5, 5.0829392696576122e+02, 2.6162079777083204e+02
40, 6, -1.3956428747170371e+03, -1.1414415140439303e+02
40, 7, -4.8611436195895578e+02, -8.2430179834497426e+02
40, 8, -1.1240337254620197e+03, 3.5820296923450360e+02
40, 9, 9.7872685522787719e+01, -4.0241678617300022e+02
40, 10, 4.9639093695310027e+02, 5.0833145643218461e+02
40, 11, 1.0946729796891593e+03, 8.6810276640718371e+01
40, 12, 1.5531610108994187e+02, 2.8053292270975504e+02
40, 13, 6.2673538299905204e+02, 6.6389177677436373e+02
40, 14, 3.9749941569024168e+02, 6.4016880748208769e+02
40, 15, -4.3121611259097142e+02, 8.8563868091914685e+01
40, 16, 6.1497386279410034e+02, 1.3506378294959632e+02
40, 17, -9.3542374324962680e+02, -8.9214098047717584e+01
40, 18, 1.1938643634507544e+03, 1.2160657592969512e+03
40, 19, 6.2475664977568499e+01, -1.6239934564937130e+01
40, 20, -2.2818177332093990e+02, 1.3502703735630004e+02
40, 21, -5.5811197390184839e+02, -1.5477958349763315e+02
40, 22, 7.1199728305949031e+02, -6.8185113799621240e+02
40, 23, 3.3889223994616452e+02, 2.2828635315235800e+02
40, 24, 7.1006445415079838e+02, 6.4138605578336194e+02
40, 25, -5.2007217492145105e+02, 3.5766488951414374e+02
40, 26, 5.3458466234188995e+02, 1.1279162786717968e+03
40, 27, -1.9685039268986610e+01, 7.1969452916890532e+01
40, 28, 5.1142616896225604e+02, 6.5167326473475782e+02
40, 29, 6.7568876613800717e+02, 2.1314433072058318e+02
40, 30, 3.7365423457716111e+02, 6.6457893691006257e+02
40, 31, -9.9846649763818368e+02, -3.3299204298111675e+02
40, 32, 9.3669058455081540e+01, -2.3913647449439804e+02
40, 33, 7.5328920575833592e+01, 6.1782754872974738e+02
40, 34, 2.5564168741283532e+02, -9.1690934328680055e+02
40, 35, -8.2613361406691308e+02, 1.2340099072225286e+02
40, 36, 9.9483638104423051e+01, -5.3897474093354219e+01
40, 37, 2.9945435961725411e+02, 5.9369018052253807e+02
40, 38, 6.3719898895070560e+02, -3.3822755696006425e+01
40, 39, -4.1757165638834647e+02, -2.1274703859010174e+02
40, 40, -1.9465053875479284e+03, 5.8542087734244319e+02
41, 0, 4.1227210803767809e+02, 0.0000000000000000e+00
41, 1, -7.4303275665422689e+02, 1.1827690488562155e+02
41, 2, -9.4228325072300174e+02, -1.1042498701239965e+03
41, 3, -2.5817594217047122e+02, 3.7612486090080273e+02
41, 4, -2.3197326041667458e+02, -4.1055950682975708e+02
41, 5, 4.4111311002730872e+01, 1.2531484022696823e+03
41, 6, 4.0126621835944252e+02, 9.7536845779484293e+02
41, 7, -7.8439798631283679e+00, 1.2485286424900228e+03
41, 8, -5.4163671715155806e+02, -1.4321170432404045e+02
41, 9, -4.6718769209623593e+02, -2.6700541112464765e+02
41, 10, -8.6208053708296961e+02, -5.5145308265826520e+02
41, 11, -9.3979157974526203e+01, -4.5650053258708880e+02
41, 12, -5.0414982832096746e+02, -2.7212812635311064e+02
41, 13, 3.6874681679426476e+02, 4.4799814744478812e+02
41, 14, 9.0161475565751743e+02, -2.5314612954902381e+02
41, 15, 5.2673034710627280e+02, -9.5367739786794823e+02
41, 16, 7.8003275878514012e+02, 2.2577119866869478e+02
41, 17, -5.6513524460550357e+01, -1.4056343569378923e+03
41, 18, -6.9930908663802916e+02, 9.1886500075311142e+02
41, 19, 9.4881983759536880e+01, 5.5134056149472053e+02
41, 20, 6.2488368724859015e+02, -1.0555937449536117e+02
41, 21, 1.0791165881249360e+03, 1.1064884778819999e+03
41, 22, 3.0160945993295661e+02, -1.1699789715841689e+01
41, 23, -6.8439843060752310e+02, 1.0049824866985588e+02
41, 24, -1.8311359195041194e+02, -2.1963243983380858e+02
41, 25, 4.7789084002839490e+02, -1.6529322460672677e+02
41, 26, 5.1502502172553363e+02, 9.4183632497909912e+02
41, 27, 8.6982011460713625e+02, -1.2103858785560249e+02
41, 28, 2.6509262064406875e+02, -7.7955508562361638e+02
41, 29, -6.2786674584469210e+01, -4.2912603600682507e+02
41, 30, -2.4665594112621153e+02, 9.6041059851880630e+02
41, 31, -1.3012563425055743e+02, -3.3338291076162250e+02
41, 32, -4.2832959253528423e+02, 5.1266518538572927e+02
41, 33, -5.6430608972452808e+02, 4.3638098120923860e+02
41, 34, 7.9041361380391686e+02, -1.4173473773650460e+02
41, 35, -1.2027674307032753e+03, -1.0974576399473469e+02
41, 36, -3.6238550276846490e+02, -3.9198273871474083e+02
41, 37, 5.1082301163560845e+02, 2.6637245822060925e+02
41, 38, -1.7713756441646865e+01, -1.4273889508004427e+03
41, 39, -2.7244428853305755e+02, 3.3228635265462009e+02
41, 40, 1.0674626055143929e+03, 5.7870246781873152e+02
41, 41, -8.7537994086630022e+01, 6.0081634379828301e+02
42, 0, -2.2037057033851727e+02, 0.0000000000000000e+00
42, 1, -1.0969442345381904e+03, -1.5715473131348577e+02
42, 2, -2.4373089244193253e+02, 3.5267747145586645e+02
42, 3, -6.1510248555322346e+02, -6.2894885201143140e+01
42, 4, 7.0429961530774790e+01, -2.3124923666518566e+02
42, 5, -1.8110009840788916e+02, 6.2304933353326805e+02
42, 6, 1.5956307929252112e+03, -4.4807083106503023e+02
42, 7, 6.0348060923805497e+02, -3.2974922775922175e+02
42, 8, 1.0388587215754756e+03, 9.1272688164313740e+02
42, 9, -8.0001887769783679e+01, 1.2150124367232736e+03
42, 10, -2.1410852717221758e+02, 5.4074959869576287e+02
42, 11, -7.5528933019049236e+02, 1.1279261495745270e+03
42, 12, -1.4821379544785850e+02, -1.2461616058791279e+02
42, 13, 3.6592336070631468e+01, 7.5183223832594092e+02
42, 14, 3.1176405450957355e+02, -6.8641387932324324e+02
42, 15, 2.4437537249983893e+02, 5.2783597090866451e+01
42, 16, -6.7777599104129411e+02, 2.2934621097446146e+02
42, 17, 8.3104465703548965e+02, 4.3819502182031755e+01
42, 18, 1.8684864246952901e+02, -1.0306328910313227e+03
42, 19, 5.2599402871491043e+02, -5.9111774369807847e+01
42, 20, 8.2031806166200198e+01, 3.9408579817731754e+02
42, 21, -7.3202435908960956e+02, -6.6636352451894322e+02
42, 22, 2.6305810018081138e+02, -4.0023136206566573e+02
42, 23, 6.7464937057902887e+02, 3.3301539625721324e+02
42, 24, -5.7457814897717094e+02, 5.9137100641177290e+02
42, 25, -7.8966706315834955e+01, 8.1333801029625590e+02
42, 26, -2.8530543398755987e+02, -5.8324902964195326e+02
42, 27, 5.9458836036719276e+02, -1.0577945498726826e+03
42, 28, -5.3105927157396263e+02, -2.0000086008870306e+02
42, 29, 2.3726709950078302e+02, -4.2339511818960648e+02
42, 30, -3.7220806376066093e+02, 9.4554329019719501e+02
42, 31, 3.3650974392659180e+02, 7.0686926391216912e+02
42, 32, -1.9175840636294151e+02, 2.2364626789308204e+01
42, 33, 1.8087210889006224e+02, -6.7631446769365448e+02
42, 34, -3.8009410824770441e+01, 5.7139710186095579e+02
42, 35, 5.8836445160753215e+01, -2.1835931316743819e+02
42, 36, 7.1345411435554320e+02, 5.2173946247498043e+02
42, 37, -3.0078994039164414e+01, 8.4690548420614641e+02
42, 38, 2.7363660958757259e+02, -9.6614371325087598e+02
42, 39, -5.3243452530428647e+02, 3.3826798897092903e+02
42, 40, 7.3659670660498841e+02, 6.9004524537457996e+02
42, 41, 3.0838954883366478e+02, -2.9415757379985530e+02
42, 42, 9.3674284433579908e+02, -3.8973558634415247e+02
43, 0, -3.1336818272134042e+02, 0.0000000000000000e+00
43, 1, 5.1363325785379470e+02, -1.7375581329304975e+02
43, 2, -8.0208764569527602e+02, 7.9071200763708453e+02
43, 3, 2.5109793296372152e+02, 9.9454856777399499e+01
43, 4, -2.1780905444810853e+02, 2.4007235397912700e+02
43, 5, -4.5257736485346499e+02, -7.4669613224758052e+02
43, 6, -1.9817645985728950e+02, -6.5469396255456127e+02
43, 7, 2.7536422160307689e+02, -1.7723094068392544e+02
43, 8, -2.8863427460031255e+02, -4.5772780111322453e+02
43, 9, -8.0460759763642159e+01, -5.3897753580926087e+02
43, 10, 6.3035107500816559e+02, 3.6885390214575068e+02
43, 11, 4.3522192841357355e+02, 5.9045452971901273e+02
43, 12, 1.3441832120687188e+03, 7.9874655915092831e+01
43, 13, -3.2466805895396999e+02, -1.7513671298629490e+02
43, 14, -3.5428621580575202e+02, 2.0546803967791607e+02
43, 15, -7.7752410208237893e+02, 8.5252121616905856e+02
43, 16, -7.6652718400068625e+02, -2.1862952526740855e+02
43, 17, -2.6280205875558266e+02, 9.5425653792052231e+02
43, 18, 2.6960302908053461e+02, -4.4419133856321025e+02
43, 19, -3.9884960270339192e+01, 9.6308020776771627e+01
43, 20, -9.4288665357959012e+00, -4.4368650321375236e+02
43, 21, -4.5838633164061258e+02, -1.0689214818980686e+03
43, 22, -6.2737891273941409e+02, 1.2548443683586868e+02
43, 23, -2.2341749197057118e+02, 3.9747416013318644e+02
43, 24, 3.7947990863995642e+01, 1.9840627092211989e+02
43, 25, -4.0046622566039531e+01, -1.6672593463189526e+02
43, 26, 5.9179396146868658e+02, 2.8040976555823249e+01
43, 27, -1.0954290126702955e+02, 2.5190325629573829e+02
43, 28, 2.1940251981474256e+02, -2.5357552235396287e+02
43, 29, 1.5927015775715137e+01, 6.3882413706382113e+02
43, 30, -6.9092900158106022e+02, -1.0293177077802511e+00
43, 31, 9.0612357964522619e+02, 1.4509340584968015e+02
43, 32, -2.5258358873089767e+02, -1.0000287555504877e+02
43, 33, 1.6314619380559343e+03, 1.0154837840488614e+02
43, 34, -6.5108496644641673e+02, 3.7226145063177148e+02
43, 35, 7.1539470182819321e+02, -1.3768459167047584e+02
43, 36, -9.6280621695847458e+01, 1.0488054892459932e+03
43, 37, 4.1621713598102758e+02, -1.5717937943360232e+02
43, 38, -6.0503051835562815e+01, 5.1441234206468607e+02
43, 39, -7.5649620549570841e+01, 3.1102481147202599e+02
43, 40, -3.5567697602455826e+02, -6.0093108585656864e+01
43, 41, 9.8326177943664322e+02, -3.9675797174299657e+02
43, 42, -1.3304656820806131e+03, -8.0185218723153935e+02
43, 43, -3.6234905888732953e+02, 4.1926602786871337e+02
44, 0, 2.5475304885585638e+02, 0.0000000000000000e+00
44, 1, -5.4600944275053689e+02, 2.4347642148424291e+02
44, 2, 1.3788038811018265e+02, -3.0777115519172088e+02
44, 3, 7.4359950187074367e+02, 2.2394327677209355e+02
44, 4, -2.7823599055550665e+02, -5.1990123046101758e+01
44, 5, -5.5473781403590323e+01, 2.8794013545780774e+02
44, 6, -7.8210307742989926e+02, 1.2206701487293503e+02
44, 7, -1.0031492519132295e+03, -7.5392061685810381e+02
44, 8, -7.9315094465036896e+02, -2.5423618615407105e+02
44, 9, 6.2201398175739155e+02, -8.9553858148125300e+02
44, 10, 9.0779544052418782e+02, -1.2491768133995288e+02
44, 11, 3.8247184845545496e+02, -1.0220947584426599e+03
44, 12, 1.2014665171853437e+03, -1.2575121034097333e+02
44, 13, 2.3311723124641682e+02, -1.2636192841779388e+02
44, 14, 8.0833801293107661e+02, -3.4437030721125393e+02
44, 15, 3.7747347485557896e+01, -7.2265573268829007e+02
44, 16, 1.3690791870160995e+03, -2.2770991210349595e+02
44, 17, -3.9753650801095034e+02, -4.5113191483920099e+02
44, 18, -1.0390962280737892e+02, 3.0805377364663025e+02
44, 19, -8.0299043182167327e+02, 2.0603156650738708e+02
44, 20, -3.5190382986144681e+02, 3.8655156136987472e+02
44, 21, -6.4678265474644604e+02, 8.0474637114959910e+02
44, 22, 5.5587195679335771e+01, 6.7242569637654640e+01
44, 23, -3.4779199670772599e+01, -3.5180788977338881e+02
44, 24, 1.1879868490214135e+03, 6.9462566566561350e+01
44, 25, -4.2845356886855370e+02, 1.4761138816187088e+02
44, 26, -6.6223974468302345e+02, -2.9784297563192183e+01
44, 27, 4.6256486833156032e+00, 4.2712134924606460e+02
44, 28, -1.1641793868577422e+02, -2.4966301755406289e+02
44, 29, -3.2006641089313052e+02, 1.5494076684990364e+02
44, 30, 3.3643885855307872e+02, -1.9589800392671117e+02
44, 31, -5.4897692376606210e+02, 4.7599241463495548e+02
44, 32, -7.7680028756830745e+02, -1.1437483526468236e+03
44, 33, -5.6046204387398291e+02, 6.2896785868464281e+02
44, 34, 2.0232074146200645e+02, 2.0156241016128490e+01
44, 35, 4.7923398928862707e+02, 5.5107729524524984e-01
44, 36, 3.9483798077413462e+02, -4.5156637986095302e+02
44, 37, -3.2056001996952608e+02, -3.0579663469080617e+02
44, 38, -5.6230122805716030e+02, -2.6086047826169488e+02
44, 39, 1.7074178381532118e+02, 9.4756791420271611e+01
44, 40, 3.3374459869882503e+02, 4.1981091674217106e+02
44, 41, 4.2305230002262888e+01, -3.9869925790115889e+02
44, 42, 8.2640717425576463e+02, -2.1150730320578376e+02
44, 43, -2.9339034685692025e+02, 9.9807609651501434e+02
44, 44, 5.0075804504823384e+02, 8.3187396125520536e+01
45, 0, -7.4618044189380169e+02, 0.0000000000000000e+00
45, 1, -4.2187846575690753e+02, 6.8625197100389755e+01
45, 2, -2.3215443999588740e+02, -2.5507783056471021e+02
45, 3, -2.9481564168679949e+02, -9.5248589756501701e+02
45, 4, 1.0186262605710727e+03, -2.8628465225987071e+02
45, 5, 3.5718260382475330e+02, 2.5978837599222163e+02
45, 6, 8.8157180869836873e+02, 4.8919989347377600e+02
45, 7, 6.3956968642687070e+02, 7.5815919299887048e+02
45, 8, 8.9893954487832076e+01, 4.6000978872932166e+02
45, 9, -7.5440994373751016e+02, 4.4219619932935313e+02
45, 10, -1.1659196459314962e+03, -5.0325757519448302e+01
45, 11, 8.3035816895146297e+00, 8.5260855410106842e+01
45, 12, -3.5056769596021877e+02, -9.1418520826794224e+02
45, 13, -6.3893948030714103e+02, -8.5483567935521990e+02
45, 14, -3.8860874433498516e+01, -1.1578011750156702e+02
45, 15, 1.8524304603787303e+02, -3.2667370906159283e+02
45, 16, 1.4088268193485652e+02, 5.0621136132947424e+02
45, 17, 3.8342797272724465e+02, -2.6218623064464339e+01
45, 18, -2.2019142992885475e+02, -1.2159577569624719e+03
45, 19, 8.8303995809989715e+02, -1.4863875805964980e+02
45, 20, -3.0778923837634526e+01, -5.0649073741437724e+02
45, 21, -2.6914141922208792e+01, -1.9633606062175261e+02
45, 22, -3.5813821652357888e+02, 1.1219935035320909e+03
45, 23, 6.7720387629501090e+01, -1.8758873111476021e+02
45, 24, -2.4568915852037247e+02, 1.1721727650457335e+03
45, 25, 1.2770899171086933e+02, -4.4884513530654550e+02
45, 26, -4.1283814258349690e+02, 5.6368490454489847e+02
45, 27, -2.2324794233168268e+02, -6.5265474056562562e+02
45, 28, 5.9043697833599049e+02, -2.5100921745540285e+02
45, 29, 1.4592825883945133e+02, 4.3675560233272961e+02
45, 30, 4.0689536032259218e+02, -8.9931368789143903e+01
45, 31, -4.7512368122838188e+02, -8.7553649020379794e+01
45, 32, 1.4552527643625888e+02, 4.0336612936348399e+02
45, 33, -8.6163204738468039e+01, 1.6780446335479280e+02
45, 34, 5.8615135451988181e+00, 2.2675523727926105e+01
45, 35, -7.4494452176105438e+02, 4.1889755360170665e+02
45, 36, 4.0135179692612587e+02, 4.3283302903760887e+02
45, 37, -1.5876477140056227e+02, 4.1713604372449078e+02
45, 38, -5.6990129314587875e+02, -2.9357076496674989e+02
45, 39, 4.3339505975940153e+02, 9.3228164174514248e+01
45, 40, 1.8184783874175560e+02, -7.2957274513846096e+02
45, 41, -8.6680569943424507e+02, -9.5558083013775865e+02
45, 42, -4.9191832134013515e+02, 2.8371934204998547e+02
45, 43, 5.3078121071416035e+02, -7.6068707975489667e+02
45, 44, -1.0459248993863135e+02, -3.8392533530937493e+02
45, 45, 3.7002157490894956e+02, -3.0478226608818852e+02
