0, 0, 0.0000000000000000e+00, 0.0000000000000000e+00
1, 0, -3.0829695722385859e-12, 0.0000000000000000e+00
1, 1, -1.7970013746601194e-13, -1.3951052373843039e-12
2, 0, 0.0000000000000000e+00, 0.0000000000000000e+00
2, 1, 3.1307534401173194e+02, 1.6904405678069369e+02
2, 2, 5.4402791187562789e+03, -2.9404464961982458e+03
3, 0, 1.6521116777540078e+03, 0.0000000000000000e+00
3, 1, -8.2451319017987680e+02, -3.5057983101452860e+03
3, 2, 1.5748749805862228e+03, -5.2519849203441686e+02
3, 3, -3.8547284662097895e+03, -2.0907130339586943e+03
4, 0, -5.2197616559213088e+02, 0.0000000000000000e+00
4, 1, -9.1035006943152644e+02, -6.8152690756838228e+02
4, 2, 8.2210942269890120e+02, 1.2858492843892577e+03
4, 3, -1.6530728325836114e+03, 8.9014761199212899e+01
4, 4, -2.2194575562332238e+02, 1.9271477440348422e+03
5, 0, -2.8634250849774162e+02, 0.0000000000000000e+00
5, 1, 7.7755676730882627e+01, 1.6617606358167234e+02
5, 2, 4.5755115669759243e+02, 3.5641776328570631e+02
5, 3, -4.0185267808103538e+02, 5.5593478274301287e+02
5, 4, 9.1055170578884713e+02, -1.1664003796435100e+02
5, 5, 6.8533899107698062e+02, -6.7198524068531128e+02
6, 0, 2.1235607298967636e+01, 0.0000000000000000e+00
6, 1, -5.6762553283792045e+02, 1.7784933468739240e+02
6, 2, -5.6909569821851233e+02, -1.7387033428136485e+02
6, 3, -5.4415846878433558e+02, -2.3026066817571200e+02
6, 4, -8.5859117520034232e+01, -3.5704676370822682e+02
6, 5, -2.6266756289489877e+00, -4.3234046549582274e+02
6, 6, -2.5891418492822902e+02, -8.1799301456324741e+01
7, 0, 1.6857018488205512e+02, 0.0000000000000000e+00
7, 1, -4.7065433483820198e+02, 4.5842167334030137e+02
7, 2, -2.8185296031529697e+02, -1.6671476281262233e+02
7, 3, -7.3171596031497813e+01, 1.1789017977945875e+01
7, 4, -7.5825103115883917e+02, -2.2712685576255183e+02
7, 5, 7.1849147160821374e+01, 4.4313426353105643e+02
7, 6, 3.6161533205194701e+02, 5.1510540444559376e+02
7, 7, 3.1179971357427007e+01, 2.1617671122020676e+02
8, 0, -2.3321727069810609e+02, 0.0000000000000000e+00
8, 1, -1.4037656506849217e+01, 2.2975048769914054e+01
8, 2, -5.1791505636125282e+02, -1.2325702437112069e+02
8, 3, 4.2658278431236118e+02, 4.6283970198497639e+02
8, 4, -3.7941954873175791e+02, 2.1628622202961998e+02
8, 5, 9.2011441608532755e+02, 7.0083733095999253e+02
8, 6, 1.7381942775309710e+01, 3.6035988600055146e+02
8, 7, 2.2109482085383758e+02, -2.9768248334905257e+02
8, 8, -9.7859003826966827e+01, 8.9940871853864678e+01
9, 0, 7.4060953294995244e+01, 0.0000000000000000e+00
9, 1, 9.2993396740717571e+01, -2.9360864351441592e+02
9, 2, -4.9962843476668246e+02, -1.7809139638729334e+00
9, 3, 2.2141717787015517e+02, 1.3648048975990605e+02
9, 4, -1.5522036077180547e+02, -4.6774274665895234e+02
9, 5, 5.0542925666740632e+02, 5.5928091682504885e+02
9, 6, -1.3564218736670011e+02, 1.4300482693567471e+02
9, 7, 2.6169214560652432e+02, -6.2361418091023461e+02
9, 8, -5.9570249901276406e+02, 1.7779198708507499e+02
9, 9, 2.3294780619230283e+02, 3.7178339223954396e+01
10, 0, -9.2681585241377974e+01, 0.0000000000000000e+00
10, 1, -1.3089290546515164e+02, -9.7592618066082423e+01
10, 2, -1.3116859352203872e+02, 3.4823221869672614e+02
10, 3, 3.7073194883072694e+02, -6.3381327654701764e+01
10, 4, 3.9007771980066013e+02, -1.8998125115179371e+02
10, 5, -2.4134226092170090e+02, 3.1076010091634885e+02
10, 6, -1.3386316730344168e+02, -5.2545236135014670e+02
10, 7, -1.5702260733495351e+02, 6.0322714847322771e+01
10, 8, -1.6984088455088593e+02, -2.3619587592028086e+02
10, 9, 3.3135477687302370e+02, 2.5299290099550223e+02
10, 10, 1.1508785676010162e+02, -1.4248228716143322e+02
11, 0, 9.4701248891562201e+01, 0.0000000000000000e+00
11, 1, 6.4869272330192814e+01, 2.8241132800974462e+01
11, 2, 5.7669946444672320e+01, 4.3945578978507217e+02
11, 3, 4.0959900606050235e+02, -3.5059566483233579e+02
11, 4, 5.6748486748170103e+02, 2.8541375245354737e+02
11, 5, -3.3111354054699439e+02, -3.3851056194454128e+02
11, 6, 2.1403778914709625e+02, 1.0651153210748782e+02
11, 7, -2.7285356318572951e+02, 1.9496146154337885e+02
11, 8, 4.5896367200412698e+02, -1.4025193572980652e+02
11, 9, 8.3585763662135534e+01, 1.2492806972930146e+02
11, 10, 6.3792054186147908e+01, -6.3427286493813540e+02
11, 11, 5.6867195580123401e+01, 1.3165827033290248e+02
12, 0, 3.6615649914462708e+01, 0.0000000000000000e+00
12, 1, 4.1627565442379102e+02, -4.3263045546133341e+01
12, 2, 8.5507507544104485e+01, -1.4089810823720791e+02
12, 3, 4.6730206645241856e+02, -7.2801366126592058e+01
12, 4, 1.1952658882082693e+02, -8.8559775511042403e+01
12, 5, -9.5578487562343525e+01, -3.5118614755578528e+02
12, 6, 8.6295852207637580e+01, 4.4392684531961316e+02
12, 7, -1.8755603174315809e+01, 1.4574943670992610e+02
12, 8, 3.4796615387746363e+02, 1.4538838486612406e+01
12, 9, -8.1887307800842848e+01, -5.3283982395905554e+01
12, 10, 1.4173124876886192e+01, -3.4300210366597719e+02
12, 11, -2.4524229714640794e+02, 6.1878180588524663e+02
12, 12, 4.5049651845748166e+01, 2.8265039287430188e+01
13, 0, 8.5043599095920371e+01, 0.0000000000000000e+00
13, 1, 2.5078421796875057e+02, 1.2783938860356493e+02
13, 2, -1.6383918264104904e+02, -3.2397212990919724e+02
13, 3, 6.2220547237797390e+01, 5.4553422057002464e+01
13, 4, 4.5283235238574051e+01, -1.6389691168907734e+02
13, 5, -3.8766558834048901e+01, 1.5877957759327455e+02
13, 6, -1.9864087626331352e+02, 4.1046121083798732e+02
13, 7, 2.3699438731372777e+02, -1.1318863217460142e+02
13, 8, 5.6524574864535531e+01, 1.9201427035997931e+01
13, 9, -1.9852185967556011e+02, -1.5655826627550547e+02
13, 10, -2.2617681826891172e+01, 1.4658548400264851e+02
13, 11, -2.1874468171585562e+02, 2.9746388466664871e+02
13, 12, 3.2224786583195242e+02, 1.3350718124714408e+02
13, 13, -2.4523600685562832e+02, -2.8555652677051637e+02
14, 0, 5.1444065197050406e+01, 0.0000000000000000e+00
14, 1, -1.8731767476201443e+02, -3.0054949673510492e+01
14, 2, -9.5634019087988364e+01, 1.0894352929589181e+02
14, 3, -8.0363392274984463e+01, 4.5238486122822977e+01
14, 4, -1.2660190678088392e+02, 3.2985606714972164e+02
14, 5, 1.2656923214699061e+02, 2.8083141226253417e+02
14, 6, -1.1222207536069355e+01, 6.9795872865375742e+01
14, 7, 6.3379302964481909e+01, -7.8540566501980010e+01
14, 8, -2.9194387515411353e+02, -1.5190495439050238e+02
14, 9, 1.2690565050010903e+01, -2.3797740355235993e+02
14, 10, 4.2319463708382663e+01, 4.3796373950755401e+02
14, 11, 1.5520240024806552e+02, -1.1418381024377774e+02
14, 12, 7.5652550525320137e+01, 2.8849708722598990e+01
14, 13, -1.9921848262094852e+02, -5.4492987510104263e+02
14, 14, 2.2095734386416659e+01, 1.8042748518697579e+02
15, 0, -9.4120145534988580e+01, 0.0000000000000000e+00
15, 1, -3.6187601600233229e+01, -1.3176808034049549e+02
15, 2, 1.4925543949675503e+02, 1.7597304955546764e+02
15, 3, 1.2460335222151602e+02, 6.6531197752272675e+01
15, 4, 1.8559227563150930e+02, 2.7894552127351091e+02
15, 5, 2.1299768197321299e+02, 1.6889116064388023e+02
15, 6, 9.2754006838581819e+00, -1.6664905386518532e+02
15, 7, -2.5531629787118499e+02, -1.2200760524828769e+02
15, 8, -2.5948015881510116e+02, -1.7479706587341164e+02
15, 9, -7.4073568764419633e+01, 7.8993066471570756e+01
15, 10, 8.8819331221726117e+01, 5.1981090230061298e+01
15, 11, 2.0318926230497425e+02, -1.5255357694060393e+02
15, 12, -1.1047218624122721e+02, -1.8881387759102665e+02
15, 13, -1.5397676819431695e+01, -2.1253415196027973e+02
15, 14, -4.1741478425313872e+01, 3.1286863188633004e+02
15, 15, 1.8225972022654449e+02, -3.0764857899864992e+00
16, 0, -6.9148745941033695e+01, 0.0000000000000000e+00
16, 1, 4.7719868699737667e+01, 1.2429200369665438e+02
16, 2, 2.2098670571902721e+02, 9.0902663093596360e+01
16, 3, 9.7126655057321528e+01, -1.1451535115214338e+02
16, 4, 2.5406883675388360e+02, 2.8114530631421477e+01
16, 5, 9.6020497236650655e+01, -1.4297368846591280e+02
16, 6, -3.9790208285478926e+01, -5.1316527516384355e+01
16, 7, -1.2901076952638874e+02, -4.8092442399819582e+01
16, 8, -7.6827124203389872e+01, -1.3808841860423865e+02
16, 9, 1.3688819924693013e+02, 2.3411746606533953e+02
16, 10, 1.6441235317509208e+02, -5.8193047667080691e+01
16, 11, -1.4682762524971960e+01, -6.6521792395942185e+00
16, 12, -1.8454631221357002e+02, -1.4153464791094370e+02
16, 13, 2.9480241608439261e+01, 1.6212899540958193e+02
16, 14, -8.5250199768924233e+00, 2.1350117762806963e+02
16, 15, 2.8693822155156187e+02, -7.0766999084907724e+01
16, 16, -4.4051511079048680e+01, 8.5940375911407330e-01
17, 0, 3.8648997246777654e+01, 0.0000000000000000e+00
17, 1, 1.2551528064104639e+02, 1.4208871555320619e+02
17, 2, 7.0330747284640097e+01, 3.1924043671313477e+01
17, 3, 8.2169259925420008e+01, -1.4800961897015839e+01
17, 4, -9.3822667108351865e+01, -7.5766991748225445e+00
17, 5, -1.4345460821938494e+02, -2.8849594465435160e+01
17, 6, -1.2033254442731017e+02, 3.5066518390163779e+01
17, 7, -6.1307696954090751e+01, 9.5059405678722825e+01
17, 8, 7.1753806377903004e+01, 3.9964578213106321e+01
17, 9, 8.2040524825233376e+00, 1.3034801413328927e+02
17, 10, 9.9318161339706293e+01, -4.3447418183099387e+01
17, 11, -3.1222130441569831e+01, 9.3148573050902613e+01
17, 12, -1.0240356719507423e+02, 2.1159031078917828e+01
17, 13, 1.5171961117908972e+02, 2.1376539891358638e+02
17, 14, 5.0281300234448452e+01, 9.2968506349205768e+01
17, 15, 6.3573146810777146e+01, -1.0824648046275215e+02
17, 16, -2.6249266329053768e+02, -1.2597015762255734e+02
17, 17, -5.4184157425050387e+01, -7.0296105599947623e+01
18, 0, 5.8937614083640980e+01, 0.0000000000000000e+00
18, 1, 3.3980624111318321e+01, 1.5256668926025688e+02
18, 2, -5.2182907364547084e+00, -3.7820961354091516e+00
18, 3, 8.5936020548197959e+01, 7.3283623992541962e+01
18, 4, -2.1840153595260085e+02, -4.4547408325199285e+01
18, 5, -4.5876631679656164e+01, 1.4686982890794906e+02
18, 6, -5.5478694052467937e+01, 1.5161029115808546e+02
18, 7, 2.9061399361183089e+01, 3.3773189477581340e+01
18, 8, -3.2974088388184853e+01, 7.5264678190551052e+01
18, 9, -7.9229529802665155e-01, -1.4476726332234961e+02
18, 10, -1.5478011063981197e+02, 5.2739997840756828e+01
18, 11, -7.9673246933299495e+01, 3.7993833619834447e+01
18, 12, -2.7525372804250541e+01, 8.1291995538557174e+01
18, 13, 9.7009633785095531e+01, 4.2351729319027910e+01
18, 14, 9.7868279957340675e+01, -6.0876928037506339e+01
18, 15, -1.1948418766582532e+02, -1.6765160130441814e+02
18, 16, -1.2485111651285132e+02, -2.6602664832568891e+01
18, 17, -7.0524914675570642e+01, 2.0204918786960292e+02
18, 18, -7.4760984958563995e+01, -7.4274730070831851e+01
19, 0, 8.1856397148831022e+00, 0.0000000000000000e+00
19, 1, -1.7061625076348609e+01, -8.7429582932517008e+01
19, 2, 5.2532058493451448e+00, -4.5369164575824428e+00
19, 3, -1.0918322726870215e+01, 3.5536531756130898e+01
19, 4, -5.4505421023723272e+01, -5.6531916921407493e+01
19, 5, 4.2929217249773309e+01, 6.3211032288813847e+01
19, 6, 1.9309694985508884e+01, 5.8568318049326507e+01
19, 7, 7.9748478511544107e+01, -4.0315225046128432e+01
19, 8, -8.5369975852144080e+01, 2.9431587745195174e+00
19, 9, -4.8760802040599984e+01, -1.1858366147985915e+02
19, 10, -1.1542780349865208e+02, -1.1524138068491791e+01
19, 11, 7.7231396673661621e+00, 8.6250913276930987e+01
19, 12, -2.7798873626255858e+01, -1.6501863640657117e+01
19, 13, 5.6476082320675282e+01, -1.5618070840949459e+01
19, 14, -3.8866427760297718e+01, -1.0188499306520654e+02
19, 15, -1.7731782561820074e+02, -1.2399560508408462e+02
19, 16, -1.5825079116134173e+01, 4.0234114173089090e+01
19, 17, 4.6953201820205912e+01, 9.9591768823246483e+01
19, 18, 1.0635875606701913e+02, -1.2343681653907041e+02
19, 19, 6.2821861462915010e+01, 1.3437331857842480e+02
20, 0, -4.9685248313492679e+01, 0.0000000000000000e+00
20, 1, 3.3182486995617708e+00, -1.1134220695439215e+02
20, 2, -5.6186382113056261e+00, 4.4488039968312656e+01
20, 3, -3.4958527209608164e+01, -3.2597140619624561e+01
20, 4, 7.3683332168470727e+01, -1.8702579176829509e+01
20, 5, -3.7142967810004912e+01, 8.5030499586133832e+00
20, 6, -3.0496060817988834e+01, -5.1732930823994685e+01
20, 7, 4.1677583888902241e+00, -6.0474657200252686e+01
20, 8, -4.5488103368763731e+01, -5.5503219550693366e+01
20, 9, -4.9849810857840588e+01, -2.8653315635576067e+01
20, 10, 6.1600647142961577e+01, 1.0001995985909026e+01
20, 11, -1.4931377961787376e+01, 2.9496596542633277e+01
20, 12, 1.1069306059692934e+02, 3.2283278522734726e+01
20, 13, 5.8708906695485453e+01, -5.8700342012650189e+01
20, 14, -6.9640167012816008e+01, -6.9828123093676140e+01
20, 15, -1.4366309617454089e+01, 7.5260851746809053e+01
20, 16, -9.4923678381753209e+00, 1.5400003657128202e+01
20, 17, 1.0765920116787937e+02, 8.2511345122956214e+01
20, 18, -1.0439945142971347e+01, -1.1696978140557347e+02
20, 19, -6.4444254215324577e+00, 5.2384929007884644e+01
20, 20, 8.7346065383528895e+01, 6.9380503416672354e+00
21, 0, -2.6375305412791192e+00, 0.0000000000000000e+00
21, 1, 3.2027965099455471e+01, 5.1914330428882906e+01
21, 2, -1.1739547401807791e+01, 9.2577344690703512e+01
21, 3, 1.5680117142935121e+01, -2.8537074841089812e+01
21, 4, 6.0842046299028276e+01, 2.9894144941684665e+01
21, 5, -6.6036202166175173e+01, -1.5248013822593549e+01
21, 6, -9.2016889083744395e+00, -1.9820757866131480e+01
21, 7, -3.5410755765551073e+01, 5.9578627801876102e+01
21, 8, -1.6823258249263070e+01, -4.0075059306415611e+01
21, 9, 6.0451676667123834e+01, -1.1547672295988285e+00
21, 10, 5.5644810833583286e+01, -4.9280727364207578e+01
21, 11, 7.6713826770926843e+01, 6.7656178227498472e+01
21, 12, -2.9532330465137470e+01, -2.8735042597325631e+01
21, 13, 8.1157747416733255e+00, 1.7221022571690803e+00
21, 14, -1.8729864329294340e+01, 7.4499030405789640e+01
21, 15, 5.2704473313805913e+01, 6.8924153273964833e+01
21, 16, 5.1701175913121979e+01, 3.7259590549002475e+01
21, 17, 5.9515804522999424e+01, 4.6943517925874310e+01
21, 18, -4.3083179332946742e+01, -7.0730904986887623e+01
21, 19, 2.0491322447809637e+00, 1.3511923898298619e+02
21, 20, 5.5276205396551546e+01, 7.4216764419528118e+01
21, 21, -1.2495453294357054e+02, -9.8065648638085918e+01
22, 0, 6.1066776446827134e+01, 0.0000000000000000e+00
22, 1, 6.8807750650481452e+01, 4.2277349750576462e+01
22, 2, 5.9955882748320271e+00, -1.9092474106534457e+01
22, 3, 6.3540071230433867e+01, 1.0812049975978038e+01
22, 4, -4.5993599627483874e+01, 4.0336975375834776e+01
22, 5, -6.5969982811879113e+00, -1.2468183104723032e+01
22, 6, 2.0615797752521885e+01, 5.0329349878862843e+01
22, 7, -3.4636196286590504e+01, 1.7391944792133835e+01
22, 8, 4.1498199366958751e+01, 2.2512873570823807e+01
22, 9, 1.5776821572902103e+01, 3.6057461580999963e+01
22, 10, 4.2037541891333575e+01, -2.0142242759418593e+01
22, 11, 4.7581860996959648e+01, 4.9245516375104643e+01
22, 12, -4.9497323219107201e+01, -1.1794699408690706e+01
22, 13, 2.3515282621391229e+01, 2.1424166305245908e+01
22, 14, 6.9470977336808204e+00, 6.4662331949911902e+01
22, 15, 5.8292344359529025e+01, -2.9459265121122627e+01
22, 16, 3.4148846468897133e+01, -1.7166689016681467e+00
22, 17, -7.5039816863056288e+01, -4.7751291963345984e+01
22, 18, 2.0695715332863927e+01, 8.7283366515647778e+00
22, 19, -7.4644278708196580e+01, 4.6954641999971990e+01
22, 20, 8.1816666108527940e+01, -2.1770201707357522e+01
22, 21, -5.7999313466430436e+01, -1.0450935531742537e+02
22, 22, 1.9848985623237034e+00, 4.2548467892184277e+01
23, 0, -1.7449722138606660e+01, 0.0000000000000000e+00
23, 1, -2.8456120535982592e+01, -5.3747520269063820e-01
23, 2, -2.0449784167180649e+01, -5.2889971602809020e+01
23, 3, -2.6755724642292734e+01, 2.8239710999211677e+01
23, 4, -4.1343959857483163e+01, -4.8461362850950458e+00
23, 5, 5.1058285877639797e+01, -2.7829175699802292e+01
23, 6, -4.8307880647504476e+01, 7.4704297020611307e+01
23, 7, 2.5834979699345254e+01, -6.4138900811763534e+01
23, 8, 1.0886671799065951e+01, 4.5886305374870233e+01
23, 9, -6.9781578418528758e+00, -2.7768517181337131e+01
23, 10, 1.9893575283175519e+01, 6.5137598278905699e+01
23, 11, -2.6880894806059750e+01, 2.2367445576799049e+01
23, 12, -3.5891010356580875e+00, 3.2110081386436143e+01
23, 13, 3.6488480833384209e+01, -8.4869246129084956e+00
23, 14, 9.2416023197934294e-01, 7.1642462316123058e+01
23, 15, 3.9354419762212132e+01, -1.1108192689360577e+02
23, 16, -5.8743628863646130e+01, -3.0348515836475656e+00
23, 17, -4.5506331411617580e+01, -1.0235368503268889e+02
23, 18, 2.0694835791276446e+01, 6.9633665224411175e+01
23, 19, -7.9203938559173878e+01, -6.3242644470347127e+00
23, 20, 8.2890388439739183e+01, -2.1173385630747159e+01
23, 21, -6.4182395056370865e+01, -9.1012077538750475e+01
23, 22, -3.5504676459641232e+01, 3.1468807029965831e+00
23, 23, 8.4876261138806669e+01, -1.7486204550467065e+01
24, 0, -1.5447559168282929e+01, 0.0000000000000000e+00
24, 1, -3.2531799123116528e+01, -4.0484583769231648e+01
24, 2, 5.3870000038990931e+00, 3.3608227741912856e+01
24, 3, -5.5825387831740692e+01, 1.9612138362091272e+01
24, 4, 8.5773360792103670e+00, -2.4804893300744837e+01
24, 5, 2.5199281757945755e+01, 2.1048187681598222e+01
24, 6, -5.2938553604140125e+01, 1.1291428935285396e+01
24, 7, 5.6033677755142818e+01, -6.3660713600214642e+01
24, 8, -1.8398081579763961e+01, 1.3404235245462885e+00
24, 9, -1.2369760744121711e+01, -4.0465165225976364e+01
24, 10, 1.9833084114085867e+01, 1.9865740836982269e+01
24, 11, -1.8085192235240863e+00, -4.5039517759396887e+01
24, 12, 4.6674412630538114e+01, 3.8806479864074070e+01
24, 13, -3.1472531202180875e+01, 3.2988454304577415e+00
24, 14, -1.4599934170829933e+00, -5.1132314058923498e+01
24, 15, -3.5373127868992711e+01, 1.1986429400639594e+01
24, 16, -7.2647238813144327e+01, -4.6936221101223097e+01
24, 17, 1.9990452432503862e+01, -2.6654807208160571e+00
24, 18, -5.1338182608138510e+01, 9.0211225680301752e+01
24, 19, 5.9097705750661817e+01, -4.6998535545172842e+01
24, 20, 2.4020190801591539e+01, 8.9465506377701516e+00
24, 21, -5.1312480889472898e+00, -4.0371366085489434e+01
24, 22, 1.8373538571637642e+01, 8.7110640090210580e+01
24, 23, 6.8594158440114498e+01, 9.1374400274431409e+00
24, 24, -3.7050857880121725e+01, -1.0730546426691982e+01
25, 0, 1.3643365399717286e+01, 0.0000000000000000e+00
25, 1, 1.8798993495977633e+01, 5.9643260824882827e+00
25, 2, 2.7349101268202912e+01, 4.8390833740514125e+01
25, 3, -2.9245599590983957e+00, 1.9431588869879690e+01
25, 4, 7.9477193966511749e+01, -2.4958444992148799e+01
25, 5, -2.7111646348754672e+01, 3.1677770115300312e+01
25, 6, 2.2703354514763586e+01, -2.9841006043135408e+01
25, 7, 1.8511420965095589e+00, -4.2627047643363710e+01
25, 8, -1.5808545251766169e+01, -2.2978752991907477e+01
25, 9, -7.6411020338891626e+00, -2.3835970838613520e+01
25, 10, -8.4516396233880151e+00, 2.1896717938662647e+01
25, 11, 6.0925063914796773e+01, -4.8358438484378532e+01
25, 12, 3.5333416621166698e+01, 3.5757811200643687e+01
25, 13, -5.1122778746640201e+00, -3.1597721552976417e+01
25, 14, 9.7325400702078699e+00, -2.7329056528581347e+01
25, 15, -5.2717014112533150e+01, 4.8099124381727734e+00
25, 16, 1.5683666309379445e+01, -3.9369469584563468e+01
25, 17, 3.1244768254409799e+01, 8.5671415647775447e+01
25, 18, -2.5242684300051184e+01, -1.3430642227546734e+01
25, 19, 7.1860274084118970e+01, 5.0676270472730867e+00
25, 20, -5.0185505227791793e+01, -1.0105269761827936e+01
25, 21, 8.0742830560294621e+01, -3.5598993191747830e+01
25, 22, -2.8636467333841587e+01, 6.4414387030798864e+01
25, 23, 5.8045629854250024e+01, -5.7194536895150179e+01
25, 24, -2.0376828561777359e+01, -1.0576206015164740e+01
25, 25, -1.9137410931394722e+01, 3.2207124707738743e+01
26, 0, 3.8126014693799554e+01, 0.0000000000000000e+00
26, 1, 7.3713978842207339e+00, 4.6559653988947019e+01
26, 2, 1.4964467788249181e+01, 5.3682928807712766e+00
26, 3, -3.0233906263690962e+00, -1.0676908158034589e+01
26, 4, 3.4042277157995059e+01, -7.0964256130537038e+00
26, 5, -2.2880396023743906e+01, -5.7702394112041020e+00
26, 6, 3.7752839984958371e+01, 5.6533789755360129e+00
26, 7, -7.9165165484502307e+00, 1.5533625372405197e+01
26, 8, 7.4799183264487521e+00, -2.1797188866557740e+01
26, 9, 2.4332767428340993e+00, 4.8848724261764161e+01
26, 10, -4.0422348129809009e+00, -8.3319299183794797e+00
26, 11, 5.0526614683087814e+01, 2.0036790753609974e+01
26, 12, -2.6066993414058619e+01, 1.7364837813719486e+01
26, 13, 4.8475150872878991e-01, -2.5076214871175670e+00
26, 14, -1.0249393186852107e+01, 2.1543538500513257e+00
26, 15, -1.0970245210692948e+01, 8.3011751814297643e+00
26, 16, 4.4686913401673884e+01, 1.1610683791520266e+01
26, 17, 3.5387528366521778e+01, 1.2446891920544187e+01
26, 18, 2.7460917623997709e+01, -3.5120107997373047e+01
26, 19, -1.5472547433287276e+00, -6.2373497215737927e-01
26, 20, -1.3983706875440635e+01, -3.6669690702048896e+01
26, 21, 2.9879497375734076e+01, 4.8579760739049888e+01
26, 22, -5.0196205004846078e+01, 9.5507593425607293e+00
26, 23, 2.4348286083932283e+01, -3.0386127166751777e+01
26, 24, -8.3954061815279147e+01, -2.0088736587469107e+00
26, 25, -2.8402397151545422e+01, 4.2370011612519363e+01
26, 26, 1.6952885159217878e+01, -4.6097490734016752e+01
27, 0, 3.1612983742374706e+01, 0.0000000000000000e+00
27, 1, -2.4856086323727009e+00, -2.7776939799120548e-02
27, 2, -2.4040289924073805e+00, -3.4925214744333900e+01
27, 3, -1.1946278730611009e+01, -2.4096778229697605e+01
27, 4, -3.5791049789823660e+01, -1.2802552718354592e+01
27, 5, -8.9870356755224368e+00, -3.2983744429887132e+01
27, 6, -3.6961177058082832e+01, 3.0461571560278248e+01
27, 7, 6.7991658875166241e+00, 1.3987255826957760e+01
27, 8, 3.6427305985597215e+01, -1.4951971791746377e+01
27, 9, -9.9967295607906976e+00, 4.6415711461996054e+01
27, 10, 1.7190590388513439e+01, 2.4030989883680398e-01
27, 11, 2.0075382960090337e+01, 1.5465924811987183e+01
27, 12, -1.1958056118758250e+01, 7.0321053239330644e-01
27, 13, 1.1960949528757638e+01, 8.7083738908158725e+00
27, 14, -3.2963958561210589e+01, -4.6082415845783053e-01
27, 15, -4.6310406870677401e-01, -1.1712948351628059e+01
27, 16, 3.0479505903911264e+00, 3.0386885206388612e+01
27, 17, -1.6935871960210672e+01, -4.6743465892054836e+01
27, 18, -1.0743348140110234e+00, -1.8085086254829182e+01
27, 19, -7.1479034674312032e+01, -1.5835442746844372e+01
27, 20, 3.3465285743740580e+01, 4.4477571826341853e+00
27, 21, -3.1137370201559726e+01, 2.8425731418132425e+01
27, 22, 1.9330746568027735e+01, -3.4972728762312926e+01
27, 23, -1.4053057181235451e+01, 2.9323055267446151e+01
27, 24, -2.0550545278763479e+01, -1.2460060888460159e+01
27, 25, 6.7939776678064874e+00, 5.6344567894443394e+01
27, 26, 2.1127599452304246e+01, -4.1431280714309487e+01
27, 27, -4.2725865782431860e+01, 8.6092813164877402e-01
28, 0, -2.3726038915106509e+00, 0.0000000000000000e+00
28, 1, -1.4701015083897184e+01, -7.9275273097108032e+00
28, 2, -3.0214344085060297e+01, -2.3742015093553292e+01
28, 3, -1.4181973780149200e+01, 3.1883618452709023e+01
28, 4, -2.6350060982513860e+01, -1.4268020401828036e+01
28, 5, 9.2878100813786393e+00, -1.1557101689361758e+01
28, 6, -4.1864742774498183e+01, 2.3873282523474401e+01
28, 7, 2.0243304075581818e+01, -3.1505382003368311e+01
28, 8, 2.5134764947837144e+01, 6.4758665772936714e+00
28, 9, -4.8726151728892582e+00, -4.1389191247277964e+01
28, 10, 9.2070867147631255e+00, 9.9362120462722903e+00
28, 11, -1.3475797282162549e+01, -2.5872196809446869e+01
28, 12, -3.5704752079236020e+00, 5.6304061122049287e+00
28, 13, 9.4426240384720028e+00, -1.0035577114774977e+01
28, 14, -1.7332741492916050e+01, -1.8611020143466757e+01
28, 15, 9.6058680172499322e+00, -1.6041520631779644e+01
28, 16, -1.5302433985738368e+01, -1.1562191441568935e+01
28, 17, -9.8912306056774213e-01, -4.1372071808832473e+01
28, 18, -2.5386467200517394e+01, 2.4931238111389991e+01
28, 19, -3.4727480619435184e+01, -9.7324550364932811e+00
28, 20, 2.4244222469683763e+01, 3.6826678282241758e+01
28, 21, -1.0567370844742744e+01, -1.0040136722005805e+01
28, 22, 3.0794307216148443e+01, -5.5673784278548766e+00
28, 23, -2.9973521788847556e+01, -1.4503190303676314e+01
28, 24, 1.9043956479952922e+01, -1.2807796334902509e+01
28, 25, 6.8297174115593489e+00, 6.9143862525571134e+00
28, 26, 3.8318831850401580e+01, -5.1042209921251953e+01
28, 27, 2.0622274553275961e+00, -8.5061923765598841e+00
28, 28, 1.3282423066715689e+01, 4.9998781189914396e+01
29, 0, -1.1540479858877479e+01, 0.0000000000000000e+00
29, 1, 1.1914354632205448e+00, -1.2892085431108312e+01
29, 2, -1.7910716644160502e+01, -1.9516513565074336e+00
29, 3, -8.8121566918666794e+00, 2.8837907617162742e+01
29, 4, 1.0090537567442098e+01, -1.3706673177647154e+01
29, 5, 1.0048474626153537e+01, 1.0405240020528657e+01
29, 6, 3.8605624507529477e+00, -1.0361515613886462e+01
29, 7, 2.3204463371330171e+01, -1.4265218120818284e+01
29, 8, 4.6468457233443070e+00, 1.5717138616103139e+00
29, 9, -1.1778013715188493e+01, -3.2898312502726611e+01
29, 10, -1.5220314182671006e+01, 1.1155482496235260e+01
29, 11, -3.3883566795391474e+01, -1.0402665306450615e+01
29, 12, 1.8183299611755569e+01, -8.6029464634171458e+00
29, 13, -2.0833121042637170e+01, -1.4898594799484393e+00
29, 14, 4.6247062884612156e+00, -1.2059393068430634e+01
29, 15, -9.8270656333470257e+00, -9.4231325607146186e+00
29, 16, -6.6206491527832121e+00, -5.2747276269418739e+00
29, 17, -3.6524151712911261e+00, 8.5215537756342030e+00
29, 18, 3.9450660205246448e+00, 5.4082787164885504e+00
29, 19, 1.6968206546170009e+01, 4.9371932111694816e+00
29, 20, 8.2338787166379728e+00, 2.3953788865016357e+00
29, 21, 1.3233305655685040e+01, -2.8233986705295962e+01
29, 22, -1.4838759475252658e+01, -3.1240629680604335e+00
29, 23, -1.8737244845414924e+00, -2.5868293657910645e+01
29, 24, 2.9397087014443137e+00, 2.4011791529705686e+01
29, 25, -4.3077657560066029e-01, -2.6804405172123502e+01
29, 26, 1.8565353777293079e+00, -1.7905534865092978e+01
29, 27, -3.6030793326527004e+01, -5.2079905523941861e+00
29, 28, 8.3204258117383834e-01, 2.5075443362391020e+01
29, 29, 1.1667026129020966e+01, -1.4830919607915058e+01
30, 0, 2.9621513478369255e+00, 0.0000000000000000e+00
30, 1, 1.2877339711548103e+01, -1.2731072278512441e+00
30, 2, 1.9107586930144951e+01, 7.4493668452543993e-01
30, 3, 5.1807246527576210e+00, 5.2091629591070410e+00
30, 4, 2.2864905544481196e+01, -2.1769150723954237e+01
30, 5, 8.7588738467167353e+00, -9.4598629166223702e+00
30, 6, 4.7937727678564972e+00, -2.9659833841463303e+01
30, 7, 1.7888545241839395e+00, 1.5768056066857272e+00
30, 8, -1.2203499080278615e+00, -1.3496673398091913e+01
30, 9, 1.0791451173391273e+01, -8.2561291136792629e+00
30, 10, -6.0651601325768203e+00, 2.1841112400406857e+01
30, 11, -1.1145851820892860e+01, 4.5332681942930506e+00
30, 12, 2.3855476785659590e+01, -1.0581709524600120e+01
30, 13, -7.7283200250929589e+00, -9.8961059575018862e-01
30, 14, 8.2398898131410068e+00, 9.9820387358651494e+00
30, 15, -7.5744305187688870e+00, -4.6137130887441558e-01
30, 16, 2.7067547273701269e+00, 2.3676281751037997e-01
30, 17, 8.2969892107251724e+00, 8.9551846492366405e+00
30, 18, 2.9089430643260039e+00, 5.6726178772606417e+00
30, 19, 9.2590757159549746e+00, -8.8309341420942129e+00
30, 20, -1.4129425421145713e+01, -6.9205587196217735e+00
30, 21, 7.5035632143736333e+00, -8.2056616347177496e+00
30, 22, -1.9719270377561738e+01, -8.8645965581813524e+00
30, 23, 1.0015199700475890e+01, -2.7603829223078931e+00
30, 24, -3.5136900567582980e+00, 1.4525725381960536e+01
30, 25, 1.9216370459985072e+01, -1.7127183142628191e+01
30, 26, -1.3030242002413960e+01, 2.5012922146277123e+01
30, 27, -2.1571477463116238e+01, 2.0181061314848893e+01
30, 28, 1.4098294131314283e+01, 2.9552226972910610e+01
30, 29, -1.1358859829304171e+00, 1.0969818975499361e+00
30, 30, -8.9286198105246601e+00, -4.5901433368135063e+00
31, 0, -1.1702675250392767e+01, 0.0000000000000000e+00
31, 1, 3.1193591873586550e+00, 7.2059914434056829e+00
31, 2, -6.0328413388821858e+00, -7.8028536625951208e+00
31, 3, -9.7708194795129710e-01, -4.0820168566776447e+00
31, 4, 5.0322442233493927e+00, -2.3683145702696438e+00
31, 5, -3.9531926613709176e+00, -1.3865499923463819e+01
31, 6, -4.4425833351895516e-01, -5.1003549429687602e+00
31, 7, -1.3520510757586001e+01, 1.0791051373994742e+01
31, 8, 2.7257952142897826e+00, 1.1816583378753132e+00
31, 9, 8.7599682360963094e+00, 3.6766400238537735e+00
31, 10, 4.9217490618189199e+00, 2.1273004995961202e+01
31, 11, 1.0515138266062609e+01, -1.3223422984086854e+01
31, 12, 1.1921133312184587e+01, -3.3756162572036059e+00
31, 13, -3.9019452301853867e+00, -1.1329810152326129e+01
31, 14, -2.2675074207598604e+00, 3.1417802759796452e+00
31, 15, -3.1271239503400219e+00, -4.6262444858431557e+00
31, 16, 9.2619033143652807e+00, 2.6879731958583477e+00
31, 17, 6.8611189192867386e+00, -6.5401740687411980e-01
31, 18, -2.0840838969776119e+00, -1.9133572105478766e+01
31, 19, -5.8814087258785985e+00, -1.0039766286249872e+01
31, 20, -2.8533826464434568e+01, -1.1599853780919169e+01
31, 21, -4.6717164235835797e+00, 5.9185860698993675e-01
31, 22, -5.4570535690982780e+00, 1.5335776193202141e+01
31, 23, 2.8900720476908326e+00, 8.7565576301681176e+00
31, 24, -7.5336888356353215e+00, -8.0747759418712199e+00
31, 25, -2.4513062281688653e+00, 3.0618303303551468e+00
31, 26, -1.2272841449877395e+01, 5.3255653906766360e+00
31, 27, 7.2221133753090481e+00, 1.1855824064444800e+01
31, 28, 2.6383627291763336e+01, -7.0260456023493845e-02
31, 29, 6.1322933905410446e+00, -1.0463480220033304e+01
31, 30, -1.2546055278507784e+00, -1.9071786734150223e+01
31, 31, 4.7695470118806931e+00, 3.6429131037469382e+00
32, 0, -1.1294962937686734e+01, 0.0000000000000000e+00
32, 1, 7.8451170860640840e-01, 1.4588920007723996e+01
32, 2, -1.4847890856340705e+01, -1.1595650334927489e+01
32, 3, 1.3668069233025429e+01, 4.7190037263493281e+00
32, 4, -1.3699508966005396e+01, -4.5332806763604427e+00
32, 5, -6.5837681036239974e+00, 1.7526915724997885e+00
32, 6, 2.8104364980997207e+00, 1.3484819285438341e+01
32, 7, -1.2895963954199633e+01, 8.0925798468664212e+00
32, 8, 1.7093582131112864e+01, 8.4165792909375847e-01
32, 9, 4.3377249782473077e+00, 5.0101952010889415e+00
32, 10, 4.9856536062517929e+00, -3.0313929581164416e+00
32, 11, 7.4151936043147071e-01, 3.4125179314498766e-01
32, 12, -3.7892405161045080e+00, 2.9417942299829605e+00
32, 13, -1.0722153571159172e+00, -3.9354294302784902e+00
32, 14, 6.0858132162851986e-01, 1.4801542101039821e+01
32, 15, 6.3563611802283049e-01, -9.1489864315291243e+00
32, 16, 6.9170063915716238e+00, 1.5966270850955429e+00
32, 17, -1.0512788361598693e+00, 3.4113383381636329e+00
32, 18, -7.4142578348576613e+00, -2.1690407095048378e+00
32, 19, -1.4460710016362031e+01, 1.1675993486271423e+01
32, 20, -1.8621135226169411e+01, -4.9695624201863140e+00
32, 21, 9.8201353975452843e+00, 1.6582454580094740e+01
32, 22, 6.3362990907147507e+00, 2.9409432976208949e+00
32, 23, -6.9428840585533269e-01, -4.4238309798328856e+00
32, 24, 1.5650539182535381e+00, -1.2529602778193389e+01
32, 25, -1.1293928252707401e+01, 1.3246819349757144e+01
32, 26, -2.8003250534950457e+00, 4.4349475906723654e+00
32, 27, 3.8733135635363154e+00, 1.0243365579831353e+01
32, 28, 8.8380925800520416e-01, -2.2295250848456114e+01
32, 29, -1.0691623856270578e+01, -1.3744815177337809e+01
32, 30, -9.9024948226469629e+00, 3.6654970061529766e+00
32, 31, -7.0988302811256903e+00, -6.4149231245084701e+00
32, 32, -2.3678742409886686e+00, -6.8821450886524360e-01
33, 0, 4.4547023285591889e+00, 0.0000000000000000e+00
33, 1, 6.4127196036743257e+00, 8.7554098317029965e+00
33, 2, -4.1622029008434893e+00, -1.5204979927138709e+01
33, 3, 1.0707323348011260e+01, 4.7895634196713681e+00
33, 4, -2.4923613644935214e+00, -4.4226293197898254e+00
33, 5, 9.3001477287500833e+00, -7.9036105501097076e-01
33, 6, 9.9575262301217737e+00, 2.1674307497205767e+01
33, 7, 5.1756165569949024e+00, -1.9400527464645386e+01
33, 8, 1.1929226114533808e+01, 8.3030405711003610e+00
33, 9, -1.9070425778932512e+00, -5.1921156934300434e+00
33, 10, 2.0724695226366903e+00, -8.0063052511804544e-01
33, 11, -8.9213941646859141e+00, 9.6709819842803171e+00
33, 12, -1.3450390334032109e+01, -1.2154875999051411e+00
33, 13, -4.2859760876194368e+00, 1.9069254587131150e+00
33, 14, -2.9083953286704842e+00, 3.1845089554727766e+00
33, 15, 4.7781041895227254e+00, -6.0154215175449979e+00
33, 16, 1.3813646318038053e-01, 3.0373754153256058e+00
33, 17, -1.3399523196012724e+00, 7.3734696595888671e-01
33, 18, 1.0948120143817548e+01, -3.0774697813508460e+00
33, 19, -1.6585927215460348e+01, 1.1105844464122578e+01
33, 20, 7.8127154048875749e+00, 1.1035703714430278e+00
33, 21, -3.9705538280030872e-01, 1.6947306104801438e+01
33, 22, 5.1632915717768917e+00, -8.3922447881080871e+00
33, 23, 1.7707512046896723e+00, -9.1092624138801437e+00
33, 24, -2.4889335499669549e+00, -3.0289270379779776e+00
33, 25, 4.9910698141601753e+00, 4.0557472648043102e-02
33, 26, 3.8249340743460962e+00, 4.0711696761746961e+00
33, 27, 3.8033985125397320e+00, -2.6684910921540732e+00
33, 28, 1.6551323604405255e+00, -1.1347152714134701e+01
33, 29, -1.0685632705945038e+01, 1.7705870009359317e+00
33, 30, -1.3101706937610111e+01, 1.3509667542472332e+01
33, 31, 9.3470130593908909e+00, 7.5039799961295750e-01
33, 32, -4.4361072541221773e+00, 2.4674511800069450e+01
33, 33, 5.3888920988030087e-01, -1.9201833238666310e-02
34, 0, 1.3235286827313786e+01, 0.0000000000000000e+00
34, 1, -5.8091302372850553e+00, 3.5766908511485855e+00
34, 2, 4.6327961952520695e+00, -5.6568179730911137e+00
34, 3, -3.1039726918246693e+00, 1.3707159829735398e+01
34, 4, 2.9974229028352126e+00, -8.0447038038837437e+00
34, 5, 7.9823393967929981e+00, 5.1652202107735929e+00
34, 6, 7.5774759176010420e-01, 1.6346807746304597e+00
34, 7, 8.7832733022300804e+00, -1.4383802361881505e+01
34, 8, -1.2908088988864672e+00, 3.4851532867898891e+00
34, 9, -8.0957633193800529e+00, -4.7638393941961219e+00
34, 10, -3.5265961000969925e-01, 6.7318627145454633e+00
34, 11, -4.6285194656879414e+00, 1.6507463910188118e+01
34, 12, 6.0811335462624099e+00, 9.9012246572433638e-01
34, 13, 7.2141896129928611e+00, 3.0429560890485039e+00
34, 14, -4.6809259710370243e-01, -1.0563404573425718e+01
34, 15, 4.3034534956556172e+00, -6.2918192117305178e+00
34, 16, -1.5683127044505945e+01, 1.1026579133231273e+00
34, 17, 6.3498158781449145e+00, -4.7724007700756488e+00
34, 18, 1.6700821673887307e+00, 6.6322375353759959e+00
34, 19, -1.8107972602106237e+00, -1.3431341157482965e+01
34, 20, 7.2283003394989755e+00, 6.1697523487724641e+00
34, 21, -4.8711395939375484e+00, -3.3434040683055652e+00
34, 22, 8.2509355131645954e+00, -4.9078629138195069e+00
34, 23, -9.5317982521806286e+00, 2.0364198438245049e+00
34, 24, -3.4818879249486274e+00, -1.7779085970696280e+00
34, 25, 5.7421380467924914e+00, 2.6525618237088420e+00
34, 26, -7.3106302403161854e+00, 8.2356285266103519e+00
34, 27, 9.5418785045895707e+00, -8.0980728518674532e+00
34, 28, -3.4313590586529150e+00, -1.2470344488698841e+00
34, 29, -7.5065278102972073e+00, -9.0552947570834874e+00
34, 30, -6.9797142317382788e-01, 1.1653704629824055e+01
34, 31, 1.4696953585928469e+01, -4.7914972288590771e+00
34, 32, -4.1051396670969611e+00, -4.7137145151556252e+00
34, 33, 2.2363547650516203e+01, -1.2616723513101020e+00
34, 34, 1.5767627072393151e+00, -2.5324995842260822e-01
35, 0, -2.2159588090483604e+00, 0.0000000000000000e+00
35, 1, -4.1821639682480232e+00, -6.3918086447378997e+00
35, 2, -7.4864710085301800e-01, 5.1355555420938632e+00
35, 3, -1.6247982566943211e+00, 6.8633672355367334e+00
35, 4, 1.1308524989157313e+01, -5.5975776799780945e+00
35, 5, 2.5245564989448344e-01, 1.1960136263075352e+01
35, 6, -7.0489044359310036e+00, -9.1273258372118615e+00
35, 7, -1.5421085113568722e+00, 2.6449909847753119e+00
35, 8, -8.6264609505495731e+00, -4.8406354101554268e+00
35, 9, 1.1240885934967917e+00, 1.2076878683312873e+00
35, 10, 3.3423903625762876e+00, 5.1445342527463076e+00
35, 11, -3.3896352690545406e-01, 3.7343466533387737e-01
35, 12, 7.2304206640139395e+00, -1.3470337783185276e+00
35, 13, 2.6880117841830309e-01, 4.1661962551946607e-01
35, 14, 4.9517133665382689e+00, -2.0396721745890405e+00
35, 15, -4.6319112540221763e+00, 9.2278809227932115e+00
35, 16, -8.2747454741413584e+00, -7.3126610748203840e+00
35, 17, 8.9540060999842179e+00, 7.2951529866544274e-01
35, 18, -9.3100098150226120e+00, 2.4220232398164963e+00
35, 19, 2.0657345486169092e+00, -4.6542928934822481e+00
35, 20, -9.6909583671989452e+00, 9.8493622931914206e+00
35, 21, -3.8419117652311749e+00, -1.3639823080799326e+01
35, 22, -2.3041358970874466e+00, 8.0567616189429412e+00
35, 23, 2.0029900247975019e+00, -7.7251622906472965e+00
35, 24, 8.4039944973257725e+00, -1.4994509475029938e+00
35, 25, 2.0569328535772664e+00, 2.0819006905516555e+00
35, 26, -1.7078950492597436e+00, -5.0659545643483970e+00
35, 27, 2.6352873061751518e+00, 4.3323825204465489e+00
35, 28, -6.6717537461002339e+00, 6.4081985632425065e-01
35, 29, 4.5017972931274555e+00, 4.7285199575493486e-02
35, 30, -6.6305537049100138e+00, 5.0623779814101244e+00
35, 31, 4.9228187999327417e+00, -1.4458908864213966e+00
35, 32, -8.8736220733947100e+00, -1.0402545150155142e+01
35, 33, 2.0709550340680813e+00, 1.0197289033945687e+01
35, 34, -7.6993340225520486e+00, -1.2737993390722053e+01
35, 35, -6.3398855446079754e+00, -4.2428100951548009e+00
36, 0, -1.0232464650041887e+01, 0.0000000000000000e+00
36, 1, 3.8049122430910476e+00, 7.5285971646563832e-01
36, 2, -7.3686442250381710e+00, 6.4295962578066970e+00
36, 3, 4.0479796908126335e+00, -3.2481452586463675e+00
36, 4, 1.0820193286054829e+01, 1.5286968966850654e+00
36, 5, -5.9298952730732282e+00, -8.3885857404146880e-01
36, 6, 6.6583232247018698e+00, -1.1562953729464363e+00
36, 7, 4.4210849679057773e-01, 6.5968074848350939e+00
36, 8, -3.4931076629969273e+00, 7.4413597061525616e-01
36, 9, 8.8618634811163250e+00, 1.1102556223225957e+00
36, 10, -1.7287274541697331e+00, -5.3392482444788509e+00
36, 11, 3.2444928599042493e+00, -2.8361695177664510e+00
36, 12, 6.2419700892590413e+00, 1.8704276207271919e+00
36, 13, -1.1152500659294217e+01, -8.2535253307292074e+00
36, 14, 6.0913294032250054e+00, 3.7737974393052514e+00
36, 15, -1.6517816180531479e+01, 6.6186616998627450e+00
36, 16, 9.7870318767607145e+00, 1.6604024752441870e-01
36, 17, -1.2295797854392159e+00, 5.9471027796773956e+00
36, 18, 2.2513141989756247e+00, -8.4899796364524391e+00
36, 19, 3.5313186579957954e+00, 6.3509198318412512e+00
36, 20, -1.0929174213976232e+01, -5.9762083111517530e+00
36, 21, -5.5006211469364397e+00, 3.1119744885254175e+00
36, 22, -3.7542311181130641e+00, 5.7337348795461125e+00
36, 23, -6.1474325199325419e-01, -7.0317552679648818e+00
36, 24, 5.0485422662462849e+00, 2.8328326406974615e+00
36, 25, -3.0896096549859715e+00, -3.5171700281988558e+00
36, 26, 2.3965850276298406e+00, 9.0843745190063618e-01
36, 27, -1.8321063464615137e+00, 1.9775088238014535e+00
36, 28, 1.6160785048730515e+00, -1.0721422495240617e+01
36, 29, 6.1216869302709345e+00, 1.3318536661900232e+01
36, 30, 1.5149609643205464e+00, -9.2954794947899266e+00
36, 31, 5.0945443476169734e+00, 8.8775721018438176e+00
36, 32, -8.3836323814525784e+00, -1.9873115143204783e+00
36, 33, -6.2777291682907155e-01, 1.3773984963617457e+01
36, 34, 2.9869397474295010e+00, -8.3266671225764703e+00
36, 35, -7.5553999543667807e+00, 7.9959020100586002e+00
36, 36, 3.3278220748798963e+00, 1.2817459548718027e+01
37, 0, 4.3565824017645767e+00, 0.0000000000000000e+00
37, 1, 5.9129783108468956e+00, 1.0148849879858897e+01
37, 2, -6.0958129640139287e+00, 2.4178696646498166e+00
37, 3, 8.5198333837207407e+00, -1.7565245118164028e+00
37, 4, -3.0964334879484667e+00, -2.6151450321202674e+00
37, 5, -5.8083561056977402e+00, -5.1168610463454476e+00
37, 6, 6.7218571917083292e+00, 3.3421464135900623e+00
37, 7, -5.8558847869937596e+00, 5.6208731177779625e-01
37, 8, 9.1116868480716704e+00, 1.5448737033078350e+00
37, 9, 2.9850444522448596e+00, 1.8887612064117016e+00
37, 10, -1.1626228340806324e+00, 7.8996643162615054e-01
37, 11, -6.2997078860895614e+00, 3.5072526684040515e+00
37, 12, -1.6559929974264085e+00, 8.6683830628376519e+00
37, 13, -3.3446157286007505e-01, -6.2042412929560822e+00
37, 14, 1.8234817640364005e+00, 1.2197962991600686e+01
37, 15, -3.5299621967444588e+00, -7.1315300129113046e-01
37, 16, 8.5506921008690444e+00, 1.0983794014843038e+00
37, 17, -2.9261296135258874e+00, -5.7071007619888761e+00
37, 18, 7.6874114077414681e+00, -3.0280946426974999e+00
37, 19, -2.8460180078103257e+00, 4.4911242057797320e+00
37, 20, -3.6460644898922441e+00, -6.0155861959891723e+00
37, 21, 6.5104080718820634e-01, 4.7326803007947031e+00
37, 22, -3.9651721105942324e+00, -3.1026617707147208e+00
37, 23, 7.9979382115830253e+00, -2.1360953586356408e+00
37, 24, 6.9913926818298000e-01, -1.5349456467884532e+00
37, 25, -2.5183073915111200e+00, -2.8915129051138031e+00
37, 26, -1.8021982923119229e-01, 2.6843851213581429e+00
37, 27, -7.6499209283720226e+00, 2.6807893117960147e+00
37, 28, 9.4487672665085505e+00, 5.5491667969958824e-01
37, 29, -3.8538798162277512e+00, 4.6418586858241007e+00
37, 30, 6.8001292791351799e+00, -1.1231480926176832e+01
37, 31, -7.6520654822076510e+00, 5.3231692731134901e+00
37, 32, 6.9168127520576017e-01, -5.7380053513688978e+00
37, 33, 1.0597270648187592e+01, 8.0424539381094284e+00
37, 34, 4.1506465971480226e+00, -1.3728227287335970e+00
37, 35, -1.1012413177267479e+01, -5.1214540257689940e+00
37, 36, 1.4281094490802216e+01, 8.7725382297576111e+00
37, 37, 4.1950440050838127e+00, -2.8754587394305471e+00
38, 0, 5.9095837494183181e+00, 0.0000000000000000e+00
38, 1, -2.4415732842059761e+00, 2.8250660425827245e+00
38, 2, -2.5948350423096382e+00, -3.2252990687621681e+00
38, 3, 7.3433612541637787e+00, 3.6133646121754259e-01
38, 4, -7.6488181653984659e+00, -4.4757333103284145e+00
38, 5, 5.6674742323547287e+00, 2.6282499791746976e+00
38, 6, -1.3121960393215009e+00, 8.6116100514263145e+00
38, 7, 3.6834593731464307e+00, -6.3110357527896976e+00
38, 8, 6.2928964887776928e+00, -1.4657899580534015e+00
38, 9, -1.3076422453370462e+00, -5.8586576048766146e+00
38, 10, 2.6288256906445184e-01, 7.8463798586149625e-01
38, 11, -3.9031616747594704e+00, 4.2223908142736848e+00
38, 12, 1.0294526842193952e-01, 4.7075172824895484e+00
38, 13, -3.1324443744880197e+00, 5.6755869577586555e+00
38, 14, -4.5797973278949735e+00, 4.3388653862965807e+00
38, 15, 3.3952532636906110e+00, 5.4848526504610797e+00
38, 16, 2.8034848621074913e+00, 7.3019372217237977e-01
38, 17, -3.6222200926841417e+00, -3.1622700188200636e+00
38, 18, 6.1796003645430164e-01, 1.7999489598032978e+00
38, 19, -6.2679833836155368e+00, -2.1340544708410736e-01
38, 20, -4.4428046550414368e+00, 2.5430583974292782e+00
38, 21, 7.1449336221241255e-01, 4.3844517913845813e+00
38, 22, 5.6749279838447384e+00, 2.1428800796203626e+00
38, 23, 1.1435552691466815e+00, 4.8661729856625566e+00
38, 24, -4.1469073687299023e+00, -1.7833443324872920e+00
38, 25, 1.3333746616617228e+00, 2.7047716119038463e+00
38, 26, 2.0206665912994350e+00, 5.3374023740996073e+00
38, 27, 9.0408235683021454e-01, -7.9934464624377375e+00
38, 28, 2.3108688669797033e+00, 5.5930210755561722e+00
38, 29, -5.8357425293575202e+00, -7.2445625426845357e+00
38, 30, 6.8751382795968166e+00, 5.6523985779486834e+00
38, 31, -1.2274521496421825e+01, -3.6809846513328339e+00
38, 32, 5.7291597016314100e+00, 9.2214656684024598e-01
38, 33, -3.7432240511953361e+00, -2.3448698563044337e+00
38, 34, -1.9402076984156418e+00, -5.8630177482388195e+00
38, 35, -8.2751512317928313e+00, -4.0949554101489083e+00
38, 36, 1.9137011100872447e+00, 7.3413737084928457e+00
38, 37, -2.2736479434995034e+00, -1.3496850815927525e+01
38, 38, -7.3116654724834067e+00, -3.1573899538401831e+00
39, 0, -1.5451862639368041e-01, 0.0000000000000000e+00
39, 1, -5.2553097799817907e+00, -6.1580576623681367e+00
39, 2, 6.4201407743547545e-02, -2.1847245399059796e+00
39, 3, -3.8820714277382462e-01, 4.7350614833674376e-01
39, 4, -6.9549067589706404e-01, -2.5055173123190295e+00
39, 5, 3.0408985557394832e+00, 1.0398203590477024e+01
39, 6, -3.3181268654507834e+00, 1.8150574836734457e+00
39, 7, 3.9026322824870108e+00, -1.6382963670123489e+00
39, 8, -4.0362380952623651e+00, -5.1637407081703546e-01
39, 9, -1.7465384788396037e+00, 4.6427741617785179e-02
39, 10, -3.5919661874819302e+00, -1.1083151280900565e+00
39, 11, -3.2250746460098121e+00, 4.2122271720095199e+00
39, 12, 2.4071963516122712e+00, 1.7574787135022172e+00
39, 13, 1.9414735049405918e+00, 3.4968068248827340e+00
39, 14, -4.5150206976256624e-01, -3.5373485094173147e+00
39, 15, 2.6128141958464655e+00, 1.4367770670354219e+00
39, 16, -4.5109876688955604e+00, 5.6081422736116981e-01
39, 17, -1.1550898583070346e+00, 7.2031076760287394e-01
39, 18, -2.9147417498229240e+00, 6.7856658523276181e+00
39, 19, 3.5636169039471830e+00, -6.6247717973021913e-01
39, 20, -1.8348776858688798e+00, 4.4086866462430532e+00
39, 21, 3.3281224781420256e+00, -4.2285186214848576e+00
39, 22, 3.7938397073492993e+00, -4.5604266220613399e-01
39, 23, -2.0922629399663641e+00, -9.0856924211839452e-01
39, 24, -4.0153221266403412e+00, -1.8608577869741918e+00
39, 25, -6.8908673694078315e-01, 4.7185126153792813e+00
39, 26, -1.0160728705233373e+00, 3.0272754428082715e-01
39, 27, 5.0760360494136307e+00, -5.9619919954536549e+00
39, 28, -8.8856392218403464e+00, -2.2755640402469033e+00
39, 29, 3.2771618739094031e+00, -1.0140656655182763e+01
39, 30, -7.9457552508798814e+00, 8.9384549881867876e+00
39, 31, -2.6902388291901138e+00, -8.6958037447567271e+00
39, 32, 1.1797236322361444e+00, 1.0558854395856354e+01
39, 33, -5.9788829876285741e+00, -6.5294130369469299e+00
39, 34, 3.4905348865630916e+00, 3.7910680453750212e+00
39, 35, -5.8966336331548712e+00, -3.5001041897439151e+00
39, 36, 1.3995591441556754e+00, 2.8818560029745917e+00
39, 37, 1.7074344419284264e+00, -2.2111385410660827e+00
39, 38, -9.8646990506405334e+00, 6.4438164526731860e+00
39, 39, 9.0431858242323049e-01, 6.7601784357165080e+00
40, 0, -7.0822034958747757e+00, 0.0000000000000000e+00
40, 1, -3.9691574903654687e+00, 6.9490133851294922e-01
40, 2, 1.4442254427448593e+00, 7.6731719230919104e-01
40, 3, 1.2968231814792519e+00, 1.1005722479741071e+00
40, 4, 4.3895785207380849e+00, -2.1978801536913597e+00
40, 5, -1.2812599659671879e+00, 7.5189876535103304e+00
40, 6, 1.9011959221823576e+00, -4.1463683025283746e+00
40, 7, -2.5657489750370699e+00, -1.6646574134459424e-01
40, 8, -6.4999577846863863e+00, 4.8984297027542612e+00
40, 9, -3.0826226411037303e+00, 4.9940894636933084e+00
40, 10, 8.4116798682256755e-01, 7.4324732982073005e+00
40, 11, -1.9818730409297389e+00, 3.3505147830312878e+00
40, 12, 7.5622133267354308e-01, 1.7507924089783145e-01
40, 13, 1.4030388331437109e+00, 3.1484628497943445e-01
40, 14, 1.0776919088761039e+00, -6.4092328593039705e-01
40, 15, 4.0251859225875055e+00, 2.2188840824878429e+00
40, 16, -5.2832235186411056e+00, 3.7125166859048581e-01
40, 17, 1.4549438034163957e+00, 1.9835190372587559e+00
40, 18, 3.6477644315856583e-01, 6.9115344765458886e-02
40, 19, 5.8317979000839815e+00, 7.3067613065190065e-02
40, 20, -3.3402901383554915e+00, 5.2662205637717940e-01
40, 21, -1.9024061420894154e+00, -4.7869420260600206e+00
40, 22, -1.4412269456880322e-01, -2.4953182910225591e-01
40, 23, -3.0864946253654724e+00, -3.4422165912679019e+00
40, 24, -6.2531832318491931e-01, 1.7003576380448677e+00
40, 25, 2.2614943782344867e+00, 3.7568378039953734e+00
40, 26, 7.5683384441589463e-01, -3.3158402006919649e+00
40, 27, -4.1202810896254510e-01, 1.1379942611618330e+00
40, 28, -7.2239935376889779e+00, -5.4172401822069789e+00
40, 29, 5.8668162239247668e+00, 8.8564988861036404e+00
40, 30, -7.5877923126286664e+00, 4.2562109308691323e+00
40, 31, 8.2385926894000363e+00, 1.1475581035288902e+00
40, 32, -5.3376464444623561e+00, 1.7016242305848808e+00
40, 33, 4.9505739034450293e+00, -4.5498949822764674e+00
40, 34, -1.2151726229158177e+00, 8.6401249277791550e+00
40, 35, 2.2639899007393050e+00, -3.2982380936393962e+00
40, 36, 6.5718298041366063e-01, 3.3353702160419116e+00
40, 37, 2.8543789139911109e+00, -4.2482785384890640e+00
40, 38, -3.8309282505078563e+00, 1.4654246311398262e+00
40, 39, 5.9146304140713681e+00, 8.3686841060837902e-01
40, 40, 9.2982981033877952e+00, -2.0378546449421586e-01
41, 0, -2.8231140662374181e+00, 0.0000000000000000e+00
41, 1, -3.2957439831024615e-02, 3.4691994327958389e+00
41, 2, -5.4052568345782319e+00, 2.7916120282325592e+00
41, 3, 3.6330077582236040e+00, -2.3179969954251209e+00
41, 4, -2.5914511389007107e+00, -7.4688113168566206e-01
41, 5, -5.4790037607599995e+00, -9.9450642977900205e-01
41, 6, 3.4639345288495305e+00, 1.4553606278163977e-01
41, 7, -3.7154036271622561e+00, -2.5386711743291794e+00
41, 8, -2.3148105480579431e+00, 2.7644827719112568e+00
41, 9, 2.3755159287635985e+00, 2.1209770459723387e-01
41, 10, 1.5500992519593533e+00, 2.2615175161583121e+00
41, 11, 1.0903006738918553e+00, -7.2986969915634237e-01
41, 12, 2.5957629469229002e+00, -1.2325037352819979e+00
41, 13, -1.2709489699451726e+00, 1.2466359401074234e+00
41, 14, 5.2173807555390450e+00, -3.5071237815947205e+00
41, 15, -3.8442200180346062e+00, 1.8708758141552995e-01
41, 16, 4.0977800760178118e+00, 5.8547055910712498e-01
41, 17, -7.8870737538062041e-01, 1.1606600276654664e+00
41, 18, 3.7306881117578454e+00, -2.8080590775791929e+00
41, 19, -1.3933697841219506e-01, 7.5199356957263253e-01
41, 20, -5.6592237245951083e-02, -3.3948204439771468e+00
41, 21, -2.1983264922126722e+00, 2.2198634201489211e+00
41, 22, -2.4002404526621754e+00, 1.2936914959926504e+00
41, 23, 4.8205833202674109e-01, 2.3226621136748409e+00
41, 24, 6.4105566964098637e-01, 3.6916565137388750e+00
41, 25, 4.2370486182089762e-01, 2.4057658265151396e+00
41, 26, 2.6460344510916447e+00, -2.2497987784867011e+00
41, 27, -4.1609673665961946e+00, 2.4872243682441990e+00
41, 28, 5.5612394209676870e+00, -4.5427076500998247e+00
41, 29, 1.3687775063903729e+00, 3.9963345066313924e+00
41, 30, 9.4491434009344988e-01, -2.5186679276542190e+00
41, 31, 2.7422332204946285e+00, 4.8663763789515126e+00
41, 32, -5.8633874885091037e+00, -7.1220258361270821e+00
41, 33, 5.7191077689693763e+00, 3.6392442269489687e+00
41, 34, -5.1599627867151110e+00, 2.4788895894982845e+00
41, 35, 6.3013386172153218e+00, -1.4354643440133354e+00
41, 36, -2.5028587275886531e+00, 1.3141847052588771e+00
41, 37, -2.1187404154684777e+00, -4.7872930162976655e+00
41, 38, -2.0911154480385110e+00, 1.6831360875048507e+00
41, 39, 1.6947530178755521e+00, 2.4502387384013011e+00
41, 40, -8.0403771623008957e-01, -6.4677059300125030e+00
41, 41, -3.6914249022188859e+00, -6.5969170579960545e+00
42, 0, 1.9634370566455706e-01, 0.0000000000000000e+00
42, 1, -1.5943224172383756e+00, 3.2254934296835558e-01
42, 2, -5.7573947496264388e-01, -2.9444057249036257e+00
42, 3, 4.0168331366684304e+00, -1.0538115593724844e+00
42, 4, -6.0285250963392221e+00, -2.6017861130312090e+00
42, 5, -2.4773527610468493e+00, 3.4187498807571925e+00
42, 6, 1.6548797321988409e+00, -2.4747165071116295e-01
42, 7, -2.0131863176057632e+00, 1.1394573002477015e-01
42, 8, 4.4194623726353921e-01, 2.6589002438019098e+00
42, 9, 8.8689391458170175e-01, 6.3270156033468172e-01
42, 10, 2.5739851442877237e-01, -2.0714321312560591e-01
42, 11, 3.1586638389704076e+00, -1.7067033658556596e+00
42, 12, 8.6687073792094882e-01, -8.6837859157916353e-01
42, 13, 1.0975123100903664e-01, 1.6216925177127397e+00
42, 14, 3.3170147921597684e+00, 2.3732704394429649e+00
42, 15, -4.4295812135874897e+00, -7.5471466582359903e-01
42, 16, 5.3282830922758073e+00, 5.1797333396626855e-01
42, 17, 3.9358100704067667e-01, -1.3112231567052788e+00
42, 18, 3.8945979715939134e+00, -3.6829102068042556e+00
42, 19, -2.2766219923071254e+00, 1.8683682360694207e+00
42, 20, -9.7835282666175438e-01, -4.3466785356045534e-03
42, 21, -3.7802409537376285e+00, 1.7599270700436120e+00
42, 22, 1.8649250115627622e+00, 2.5716018080312439e+00
42, 23, 4.2769569818249691e+00, 1.6128843851548389e+00
42, 24, 1.4248671536205841e+00, 2.4573986508751444e+00
42, 25, -7.7160316631855996e-01, -1.2964936566688503e+00
42, 26, -1.4898127203554858e+00, 2.8032702562659866e+00
42, 27, -7.3002437901491923e-01, -5.9358933311524842e-01
42, 28, 4.9379288952053919e+00, 1.9501928731308635e+00
42, 29, 3.8145792109390902e-01, -7.1760745811485505e-02
42, 30, 4.1394097262348488e+00, -1.9003333075013638e+00
42, 31, -3.5768371690173186e+00, -2.9707551099660545e-01
42, 32, -6.3253288435815458e-02, -5.0832312105120714e+00
42, 33, -5.3557938745181897e+00, 6.4015549808838488e+00
42, 34, 2.1922621218195718e-01, -4.1885887406226230e-01
42, 35, 5.9405730970618160e+00, 1.5060694207805030e+00
42, 36, -1.4870830444626710e+00, -2.5266757675195093e+00
42, 37, -5.8068699093075482e-01, 1.3836090222355868e+00
42, 38, -5.4710724071071115e-01, 3.7053796845775837e+00
42, 39, -7.0238296394258359e-01, 8.3689204487335533e-01
42, 40, 3.9708578465132982e+00, -4.9297492557881242e+00
42, 41, -3.9293087562435756e+00, 5.9475430275842989e+00
42, 42, -2.0210021227912121e+00, 3.4571767604635464e+00
43, 0, -2.2694932060493107e+00, 0.0000000000000000e+00
43, 1, -3.3599101678118588e+00, 1.7058535512904982e+00
43, 2, -3.2057326226737803e-01, -5.1098404124146430e+00
43, 3, 2.9791654910908791e+00, -7.0437570977463071e-01
43, 4, -3.1837827213828267e+00, -2.4094753361507077e+00
43, 5, 1.6176322272227122e+00, 2.4214980976048186e+00
43, 6, 5.5066315671419463e-01, 1.5336218707182110e+00
43, 7, 1.0602475701173546e+00, 2.3102409342245318e+00
43, 8, -5.4700215758289239e-01, 9.9609967833181368e-01
43, 9, -3.1014254107118093e+00, -3.1620375280528905e+00
43, 10, -1.1233324939451119e+00, -9.8094102039824049e-02
43, 11, 2.9377631703993989e-01, 8.4411980281478405e-01
43, 12, -6.6380091408987685e-01, -8.4230480889799397e-01
43, 13, 1.3690872210984968e+00, -3.5688469738463735e-01
43, 14, -1.2416016345645060e+00, 1.5836908672708405e+00
43, 15, -1.3956106422902703e+00, -1.4881813788883309e+00
43, 16, 1.6140004708200930e+00, 4.1222358917842357e+00
43, 17, -8.8702793283864922e-01, -2.4349950976250074e+00
43, 18, 4.7890161653009522e-02, 3.4229877675977960e-02
43, 19, -1.5571593461638822e-01, 3.7115065141907753e+00
43, 20, -3.4114587445439062e-02, 1.5657865392957158e+00
43, 21, 3.6112640046953182e-01, 2.1975433672533553e+00
43, 22, 1.4733980818363079e+00, -1.1849265378230642e+00
43, 23, 4.2119069571600036e+00, -3.0220435705444748e-01
43, 24, 9.3069259697195394e-01, 6.6708974676825783e-01
43, 25, -1.6619080580180068e+00, -3.3303571858411778e+00
43, 26, -4.3504899737737501e-01, 4.0957378248134049e+00
43, 27, 2.0040794189349578e+00, -4.1221894799730370e+00
43, 28, 4.2033255805875251e+00, 1.7246855032618482e+00
43, 29, 1.9437600688066012e-01, -5.0664392069927109e+00
43, 30, -3.4187219783120044e+00, 1.6577063849156142e+00
43, 31, -4.1385883810240411e+00, -6.0695711664821017e-01
43, 32, 6.5502381893343209e-01, 2.9801083618168214e+00
43, 33, -1.9592867662536761e+00, 2.6484917771526559e+00
43, 34, 6.9282583414222847e+00, 1.2825759504005605e+00
43, 35, -3.4181850058465768e+00, -1.5747785829150445e+00
43, 36, -4.4561513311664347e-01, -2.9054968829355969e+00
43, 37, -1.2318698866875932e+00, 2.2280512371860817e+00
43, 38, 2.8712259433265110e+00, 4.7989990931876103e-01
43, 39, 3.5453154701294194e+00, -9.9722464866283222e-01
43, 40, -8.0809883751523448e-01, -3.2159546539545434e+00
43, 41, -1.7712602348619764e+00, 4.0390781391034469e-02
43, 42, 2.9205735494139731e+00, 1.4569717591152460e+00
43, 43, 4.2999759889891820e+00, 1.8045187199993360e+00
44, 0, -2.6495775709958496e+00, 0.0000000000000000e+00
44, 1, -4.5614997989285850e+00, 4.7799780750570564e-01
44, 2, 1.8962001409455627e+00, -2.7955949307736272e-01
44, 3, -2.2898449104411460e+00, 1.4779580226787195e+00
44, 4, -2.4476248224315018e+00, -1.1598622560612730e+00
44, 5, -1.5756679922526304e+00, 2.7298502607282691e+00
44, 6, 2.5351985362052152e+00, -2.3575653368523311e+00
44, 7, 2.1399575400977469e+00, -2.0698833338602975e+00
44, 8, -1.2999658681052706e-01, -2.6278506476569836e+00
44, 9, 1.1328526981911748e+00, -2.1573958784236242e+00
44, 10, 9.5717570620187931e-01, 1.4509282405271722e+00
44, 11, -1.6609982430603460e+00, 4.0291435402479499e+00
44, 12, 1.4492418612269826e+00, -8.6035261136995245e-01
44, 13, 2.0422303961050985e+00, 2.1218575159684949e+00
44, 14, -3.7556014960044859e-01, -3.2701843806655755e+00
44, 15, 2.3202358170293382e+00, -2.6477422518478098e+00
44, 16, -1.7310766744498745e+00, -3.0922862170356313e-01
44, 17, -1.5537426719808127e+00, -8.4417862651259234e-01
44, 18, -2.6851677200153752e+00, 1.4927282569456877e+00
44, 19, -1.6537949719316938e+00, 4.1490538714411618e-01
44, 20, 2.2039828298614550e+00, 3.0475412317111190e+00
44, 21, 3.5853775537546584e-01, -7.3763568799683954e-01
44, 22, -8.7915720816278964e-02, -8.2416920166636909e-01
44, 23, 1.7097954705464544e-01, -6.9539115652063621e-01
44, 24, -1.5134032744097086e+00, -1.5493688241059498e+00
44, 25, 3.1080629457047571e-01, 1.8400421337134278e+00
44, 26, -1.4142450398673951e+00, 2.3269671103693614e+00
44, 27, 3.0000848047533237e+00, -7.3133213196605151e-01
44, 28, 3.0281391516708156e-01, -6.4040276905001581e-01
44, 29, 1.3690534151164568e-01, -2.9360796366500752e+00
44, 30, -4.0538631418613988e+00, 1.7146893396042402e+00
44, 31, -1.3330520894238311e+00, 8.4535379624629681e-01
44, 32, -6.3691468575798527e-01, 2.5453566217794350e+00
44, 33, 3.2516214938139929e+00, -7.9435323637378197e-01
44, 34, 2.6882123892121133e+00, 1.7433943760944244e+00
44, 35, -2.5122978292247109e+00, -4.1285860437705173e+00
44, 36, 3.9453586909375027e-01, 1.1802231411474202e+00
44, 37, -4.0222938228436620e+00, 4.9819021804451413e-01
44, 38, 3.6068174557956074e+00, -1.7884456819852752e+00
44, 39, -1.6935621669624805e+00, -1.4981175151719821e+00
44, 40, -3.4557141255666943e+00, -3.6972559249984993e-01
44, 41, 9.3148473187091674e-01, 1.8555210725581257e+00
44, 42, -8.7148246363558934e-01, 3.4029162530419343e-01
44, 43, 1.6652941003638788e-01, -2.1664331978568097e+00
44, 44, 4.4642201984063534e-01, -8.3899882436610742e+00
45, 0, -1.5721740477642896e+00, 0.0000000000000000e+00
45, 1, -5.7584678168101244e-01, -2.3474866510988477e+00
45, 2, 2.2782202552760111e+00, 1.8260584358855880e+00
45, 3, 4.6648801286821540e-01, -1.7827583303719285e+00
45, 4, 7.9682479496584646e-01, -1.2983500071559440e-01
45, 5, -1.4282533708880039e+00, 3.2099124059936424e-02
45, 6, 7.4196645207564482e-01, -9.3279197750868059e-01
45, 7, -2.9078123763021857e-01, -2.2530640181088151e+00
45, 8, 4.6394349712064797e-01, -3.6519017756759697e-01
45, 9, 1.1007888894646811e-01, -1.7494382942350515e+00
45, 10, 9.6624300120073769e-01, 3.6965667107320344e+00
45, 11, 1.1629301115904531e+00, 1.6243797587323616e+00
45, 12, 3.8297179728993744e+00, -1.6437004114051934e+00
45, 13, 1.6817747958360356e+00, -8.0395834146379941e-01
45, 14, 1.4050665757579500e-01, -3.0221634781143254e+00
45, 15, 9.8493067030607273e-01, 4.1256294288300879e+00
45, 16, -2.3020314830561581e+00, -1.1783009926181172e+00
45, 17, 3.9302273541755461e-01, 2.4291684411470391e+00
45, 18, -3.3389985826810387e+00, -1.6375798692911974e+00
45, 19, 1.0826956151468150e+00, -1.2022719810470395e-01
45, 20, -4.4340637342612489e-02, 2.1631072286050568e-01
45, 21, -4.2833472297986686e-01, -3.0774791733207305e+00
45, 22, -3.0863192505544643e+00, 2.7110957134103608e+00
45, 23, -1.6060939416197697e+00, 5.9708119280998906e-01
45, 24, 5.1857424886232351e-02, 1.6819123248373218e+00
45, 25, -1.7914017787684768e+00, 1.4253224223649623e+00
45, 26, -2.8654945738001902e-01, 4.9212132136807818e-01
45, 27, 1.3234421872719979e+00, -1.2029804844070795e+00
45, 28, -1.8468645618834385e+00, -2.6499681849840684e+00
45, 29, 8.7542240694029194e-01, 1.9367883820266374e+00
45, 30, -1.1379423155406347e+00, 1.4373357998241119e+00
45, 31, 2.6392239556742663e+00, 1.5090236615257120e+00
45, 32, 1.6824949893838712e+00, -9.6000787107933494e-01
45, 33, 4.1437201807557305e+00, -1.8966943404787029e+00
45, 34, -1.7731463808149752e+00, -9.7031417542878906e-01
45, 35, -2.9103333055863745e-01, 2.0288135459671364e-01
45, 36, -8.1206556480457248e-01, 4.2189571404347950e+00
45, 37, 4.4649952215635729e+00, -6.2427053582602343e-01
45, 38, -1.1331363305551712e-01, 1.1552334622481932e+00
45, 39, -2.8279918331376144e+00, 1.7884450512626840e-01
45, 40, -8.5229793574384982e-02, 5.4784621102420905e-01
45, 41, 1.0449571704547491e+00, 3.4507678211799941e+00
45, 42, 1.2959231943076692e+00, -2.2397818461057555e+00
45, 43, 9.2173436148866550e-01, 2.2510735707994187e+00
45, 44, -1.2931299695175744e+00, -6.2022401447959052e-01
45, 45, -5.1046086454625321e+00, 3.7893227187056366e+00
