0, 0, 0.0000000000000000e+00, 0.0000000000000000e+00
1, 0, -3.0829695722385859e-12, 0.0000000000000000e+00
1, 1, -1.7970013746601194e-13, -1.3951052373843039e-12
2, 0, 0.0000000000000000e+00, 0.0000000000000000e+00
2, 1, -7.7928513157187074e-01, -4.1654567381992552e-01
2, 2, 9.5826237159914547e+02, -5.5455215777386991e+02
3, 0, 2.4061520792393139e+02, 0.0000000000000000e+00
3, 1, -9.0676991957197458e+01, -5.0967533293511769e+02
3, 2, 2.9290632244458737e+02, -1.3964025941953727e+02
3, 3, -6.6203925327067327e+02, -4.4955598429264830e+02
4, 0, -1.0914652846318896e+02, 0.0000000000000000e+00
4, 1, -1.2273630403458500e+02, -1.0056293458629118e+02
4, 2, 7.0021381823746054e+01, 2.1661746784821207e+02
4, 3, -2.0572733010736482e+02, 8.8692098223362592e+00
4, 4, -1.9655202554902793e+01, 3.1626257874272164e+02
5, 0, 1.5378084938635297e+00, 0.0000000000000000e+00
5, 1, -6.1647478777821441e-01, -1.5835697092631499e+01
5, 2, 9.1604478261590515e+01, 4.2271313145479326e+01
5, 3, -7.4291970879940095e+01, 3.8073384177938124e+01
5, 4, 1.3014153047012698e+02, 3.6330141109960238e+01
5, 5, 1.1071047016257344e+02, -1.0077901098541032e+02
6, 0, -1.3809388118132173e+01, 0.0000000000000000e+00
6, 1, -6.0770498006321773e+01, 2.9889204574100280e+01
6, 2, -5.0173976567817547e+01, -2.9045788782197189e+01
6, 3, -4.9474511722143092e+01, -2.0123539518676029e+01
6, 4, -1.7562459396733971e+01, -5.5345574920697644e+01
6, 5, -1.9041953168854377e+01, -4.9131584201343642e+01
6, 6, -4.9786038162235400e+01, -1.5151262143459626e+01
7, 0, 7.4841271839732215e-01, 0.0000000000000000e+00
7, 1, -4.1518960509813141e+01, 3.0326952243772105e+01
7, 2, -4.2968449281487658e+01, -4.5515271248807849e+00
7, 3, -1.2518922038764597e+01, 4.3363376818136272e+00
7, 4, -6.9198382137260410e+01, -1.0161497587679836e+01
7, 5, 6.1707401459856666e+00, 3.9673056252113398e+01
7, 6, 2.7378450162690022e+01, 4.9047316405517222e+01
7, 7, -2.0864289521216204e+00, 2.9475053683999235e+01
8, 0, -1.2961836524400150e+01, 0.0000000000000000e+00
8, 1, 2.0762271588772574e-01, -4.0711176697618949e+00
8, 2, -3.9202161002345171e+01, -9.8631388188728408e+00
8, 3, 3.0301299428609106e+01, 3.3099780334985994e+01
8, 4, -3.0550618614267975e+01, 1.0047178646983044e+01
8, 5, 6.6674542573008395e+01, 4.7316278940138133e+01
8, 6, 7.2830905265961441e+00, 3.0985809839569761e+01
8, 7, 1.4645143189740484e+01, -2.6756256684078608e+01
8, 8, -2.8431880581851452e+00, 6.3600246589772960e+00
9, 0, 4.6265689690110774e+00, 0.0000000000000000e+00
9, 1, 1.6768535926507013e+00, -9.7291329971483389e+00
9, 2, -2.6984697860629019e+01, -2.0953694466193138e+00
9, 3, 1.4543348536628528e+01, 1.1053438751141046e+01
9, 4, -8.0716326527636095e+00, -2.8210017730918782e+01
9, 5, 3.3216785591649042e+01, 3.1659969488491843e+01
9, 6, -9.9655772770672559e+00, 2.9463147409747812e+00
9, 7, 1.4248563422202002e+01, -3.0760833299807729e+01
9, 8, -3.1382857606189553e+01, 8.2332560603273208e+00
9, 9, 1.5968729972863542e+01, 5.0386961423095080e+00
10, 0, -6.0941377385513178e+00, 0.0000000000000000e+00
10, 1, -8.1978772922252539e+00, -4.2554821408218864e+00
10, 2, -4.5512780905862300e+00, 1.6457318594471062e+01
10, 3, 1.3976259910169741e+01, -3.9541613953084851e+00
10, 4, 1.8291291079917634e+01, -6.2723599630907865e+00
10, 5, -1.0003027504943889e+01, 1.4953954913218018e+01
10, 6, -7.2854385812584264e+00, -2.2573892138512495e+01
10, 7, -6.6823903562079838e+00, 4.5531050012664460e+00
10, 8, -8.0114059247489067e+00, -1.1417237954491867e+01
10, 9, 1.7236517884896521e+01, 1.4561565557527373e+01
10, 10, 5.0650339931097754e+00, -7.9165846396247392e+00
11, 0, 3.5278168766481528e+00, 0.0000000000000000e+00
11, 1, 4.3388327489730756e+00, 1.4822070514149781e+00
11, 2, 2.6072535137825543e+00, 1.5640494386987605e+01
11, 3, 1.5718564411952658e+01, -1.2393552751087391e+01
11, 4, 2.1076852238730844e+01, 1.0155195669773628e+01
11, 5, -1.3624562168947246e+01, -1.2452370260632781e+01
11, 6, 6.8925839334482362e+00, 2.9985533467030998e+00
11, 7, -9.8426331042924549e+00, 8.2227678937201460e+00
11, 8, 1.6771187321145778e+01, -6.3534104950853800e+00
11, 9, 3.6595245733428805e+00, 4.8612085694181788e+00
11, 10, 8.2527743035626866e-01, -2.4185838155738828e+01
11, 11, 1.7701106583328308e+00, 4.7635080379025521e+00
12, 0, 2.8798632657249357e-01, 0.0000000000000000e+00
12, 1, 1.2786074614462690e+01, -9.3691802531411894e-01
12, 2, 2.3145888003704727e+00, -4.6804716657221661e+00
12, 3, 1.4765695593243715e+01, -2.5098869350289443e+00
12, 4, 3.1542271695430992e+00, -2.4498229267230132e+00
12, 5, -4.0100064735410630e+00, -1.0905943909561353e+01
12, 6, 3.0453738424921299e+00, 1.4632351332654444e+01
12, 7, -1.3995797092251441e+00, 3.8208051151205367e+00
12, 8, 1.2229025965456529e+01, 1.2590034150120526e+00
12, 9, -3.6481936843328011e+00, -2.4112335130338156e+00
12, 10, -7.9030783739227317e-01, -1.1583019324356254e+01
12, 11, -8.0016889134824751e+00, 1.8959009813254422e+01
12, 12, 1.1153339603125789e+00, 8.9770836033771895e-01
13, 0, 2.6904074839085967e+00, 0.0000000000000000e+00
13, 1, 6.3425918735317133e+00, 2.2970998134617102e+00
13, 2, -3.8170517474296153e+00, -8.4074580327622535e+00
13, 3, 9.2551000169887132e-01, 8.2564289781777522e-01
13, 4, 6.4790497790068113e-01, -4.7209828565847616e+00
13, 5, -8.3176003802723952e-01, 4.0962577964964444e+00
13, 6, -4.2853916000780554e+00, 1.0381550149870506e+01
13, 7, 6.4158465300238694e+00, -3.1174058792053896e+00
13, 8, 1.6186522855590939e+00, 4.1812618109511274e-01
13, 9, -6.2123755509687308e+00, -4.7757454058384390e+00
13, 10, -1.9252230182477703e-01, 4.2783638188819424e+00
13, 11, -6.0144404119880104e+00, 7.7913107477887991e+00
13, 12, 9.4650339380914801e+00, 3.6071955319265578e+00
13, 13, -5.9677741388980063e+00, -7.6311295605645100e+00
14, 0, 5.3167158293640160e-01, 0.0000000000000000e+00
14, 1, -4.5897078583711775e+00, -1.0077271711159466e+00
14, 2, -2.4373044058434967e+00, 2.7908593249328102e+00
14, 3, -2.1165764858428231e+00, 1.2951802381343038e+00
14, 4, -2.6977277236930086e+00, 7.5566117932048060e+00
14, 5, 3.0214636243056354e+00, 6.6439191347643716e+00
14, 6, -1.1527649226003145e-01, 1.4266695620627308e+00
14, 7, 1.8283124127551023e+00, -1.8173741682927016e+00
14, 8, -6.6416508471409719e+00, -3.3819878310108282e+00
14, 9, -6.3265803390497366e-02, -6.1117037994769010e+00
14, 10, 7.5601688032358594e-01, 1.0477851446349579e+01
14, 11, 4.2392577249344363e+00, -2.3687423357547708e+00
14, 12, 2.0598115633721403e+00, 9.7756620130898120e-01
14, 13, -4.8122659145354358e+00, -1.3171116833829629e+01
14, 14, 3.4615783534726824e-01, 4.4479774670668943e+00
15, 0, -2.1569077459938506e+00, 0.0000000000000000e+00
15, 1, -8.8079955582536962e-01, -2.5234240129776544e+00
15, 2, 2.9254177094250275e+00, 3.8708030177492576e+00
15, 3, 2.7474779002091188e+00, 1.4674545943394786e+00
15, 4, 3.9598033441349525e+00, 5.6717682421897049e+00
15, 5, 4.6729707701087939e+00, 3.3962406574784385e+00
15, 6, 2.2805561466757668e-01, -3.5402438602973660e+00
15, 7, -5.3731785950785902e+00, -2.4755638718973381e+00
15, 8, -5.7135006884204342e+00, -3.4954543648329044e+00
15, 9, -9.0429171892283611e-01, 1.7631046749514756e+00
15, 10, 1.6840367407375165e+00, 1.0583605597725378e+00
15, 11, 4.3193758421853747e+00, -3.2327442337339214e+00
15, 12, -2.9897794469241639e+00, -4.0599340154966406e+00
15, 13, -4.6571692927187225e-01, -4.4039044924769915e+00
15, 14, -9.6073900869058293e-01, 6.8461715913600241e+00
15, 15, 3.4668892856219156e+00, -1.9719467393299395e-01
16, 0, -1.6522369599816065e+00, 0.0000000000000000e+00
16, 1, 9.5670636140677145e-01, 2.4397915028281782e+00
16, 2, 3.8671178861943538e+00, 1.4874130419199085e+00
16, 3, 2.0022548101245334e+00, -2.1690291645192699e+00
16, 4, 4.6539323714270271e+00, 4.8585361746278943e-01
16, 5, 1.8069212695757393e+00, -2.7607337721186576e+00
16, 6, -7.4917180309541775e-01, -1.0029430174664029e+00
16, 7, -2.3571054518778873e+00, -1.0344041655283998e+00
16, 8, -1.4074763384943862e+00, -2.4999140179452652e+00
16, 9, 2.4504259724115256e+00, 4.4955050082601975e+00
16, 10, 3.0229771326719179e+00, -1.2188837758484659e+00
16, 11, -1.6492343299321427e-01, 1.8861317190884530e-01
16, 12, -3.2362298618402154e+00, -2.8143226979974569e+00
16, 13, 5.1645318401916107e-01, 3.0645677512657659e+00
16, 14, 2.6519968267540328e-02, 4.1797398297909316e+00
16, 15, 5.2377340632829013e+00, -1.3964568384630363e+00
16, 16, -8.7703273597041775e-01, -9.9001292426172394e-02
17, 0, 5.9647697725291060e-01, 0.0000000000000000e+00
17, 1, 2.0895317053225009e+00, 2.5311221545838438e+00
17, 2, 1.1658623755724635e+00, 3.4685310132608171e-01
17, 3, 1.2159976726535118e+00, -3.5963750260557481e-01
17, 4, -1.6994240137086092e+00, -1.0176873833693195e-01
17, 5, -2.5977962831192629e+00, -6.5447571955989492e-01
17, 6, -2.2171845731764197e+00, 7.4095202282496175e-01
17, 7, -1.1408569522427878e+00, 1.5507241206837914e+00
17, 8, 1.3155646207699911e+00, 7.3081285428318021e-01
17, 9, 2.6722722359436402e-01, 2.1252390092686220e+00
17, 10, 1.8638412119042205e+00, -8.2929244354720710e-01
17, 11, -7.1814251944249374e-01, 1.2989472439434908e+00
17, 12, -1.6258698262279201e+00, 3.0626182415349562e-01
17, 13, 2.5212746525905398e+00, 3.6869462225655494e+00
17, 14, 9.9389099980935924e-01, 1.6967488782782181e+00
17, 15, 1.1934760048528834e+00, -1.8673515417860971e+00
17, 16, -4.5943892692495671e+00, -2.2446047763536563e+00
17, 17, -8.2063415617213309e-01, -1.2349068032596016e+00
18, 0, 9.9638646964770394e-01, 0.0000000000000000e+00
18, 1, 5.7440143766387952e-01, 2.4317531044304053e+00
18, 2, -3.2833846013657908e-03, -7.9099118879406599e-02
18, 3, 1.3485696639233757e+00, 1.2849600685893527e+00
18, 4, -3.5091722069146951e+00, -6.8632139465379605e-01
18, 5, -7.5155613108896402e-01, 2.3797105087016863e+00
18, 6, -8.9225903861233546e-01, 2.4823980076887318e+00
18, 7, 5.1875288743296555e-01, 5.6472828252670837e-01
18, 8, -4.8457378293258241e-01, 1.1840590111417368e+00
18, 9, -5.5142306656346951e-02, -2.1021560166981139e+00
18, 10, -2.5174883519393694e+00, 7.5534310285607620e-01
18, 11, -1.2521445388966224e+00, 7.0590146035677759e-01
18, 12, -4.1911067498987753e-01, 1.1627938060818506e+00
18, 13, 1.5019194421399198e+00, 7.4330668231964336e-01
18, 14, 1.5562877687885148e+00, -9.4505414513708663e-01
18, 15, -1.8434415387838372e+00, -2.7450514316012837e+00
18, 16, -1.9502806766366769e+00, -5.0179455882048396e-01
18, 17, -9.9830583660990846e-01, 3.4352995696334232e+00
18, 18, -1.3083227184768309e+00, -1.2235162301627980e+00
19, 0, 1.0112359451561691e-01, 0.0000000000000000e+00
19, 1, -2.4386414960959352e-01, -1.3937182165764996e+00
19, 2, 9.5366576848721907e-02, -1.0546650653349160e-01
19, 3, -1.1199712212675700e-01, 5.6327966827806097e-01
19, 4, -7.7355673163325378e-01, -8.6076325633992057e-01
19, 5, 7.0312273557213578e-01, 1.0502860828046994e+00
19, 6, 3.9482709457239396e-01, 8.3353288446205132e-01
19, 7, 1.2856118948942432e+00, -6.1813786078006427e-01
19, 8, -1.3248938724292212e+00, 1.0876707590084533e-01
19, 9, -7.3868455427709934e-01, -1.7334534285227143e+00
19, 10, -1.8043826274835457e+00, -1.0565495224321975e-01
19, 11, 7.5279172119315035e-02, 1.3170440856341141e+00
19, 12, -2.9615929377743005e-01, -2.0014549866297790e-01
19, 13, 8.3261679516223452e-01, -1.7916593915674195e-01
19, 14, -5.8131925923418848e-01, -1.5844784805523018e+00
19, 15, -2.7188595625589462e+00, -1.8617598109622411e+00
19, 16, -1.9978805591158952e-01, 5.8938405554655393e-01
19, 17, 6.6532228249792857e-01, 1.5119505509210351e+00
19, 18, 1.7526353123291130e+00, -1.9016316568839144e+00
19, 19, 1.0022111602146189e+00, 2.1714415050641751e+00
20, 0, -7.4676676285642885e-01, 0.0000000000000000e+00
20, 1, -4.2914329058887701e-02, -1.6197688957493519e+00
20, 2, -1.0083715116307748e-01, 6.5521305277821973e-01
20, 3, -6.2287308555370591e-01, -4.9645312132980196e-01
20, 4, 1.0692823010671113e+00, -3.2397842758777684e-01
20, 5, -5.3338926536878939e-01, 9.8073467803236003e-02
20, 6, -4.6665302309400264e-01, -8.0817277983446123e-01
20, 7, 1.9852488888525421e-02, -7.6179227653214165e-01
20, 8, -7.0079829611112188e-01, -8.2668117634488758e-01
20, 9, -6.3929616778862985e-01, -4.3493874118362241e-01
20, 10, 9.4856495184228806e-01, 1.3568554907585245e-01
20, 11, -1.0990810713102372e-01, 3.5356328155673977e-01
20, 12, 1.5757021803925448e+00, 4.7489521676251356e-01
20, 13, 7.2189183809806090e-01, -8.7779783657446342e-01
20, 14, -9.8370894435724821e-01, -9.6485101792684091e-01
20, 15, -2.1243137006638119e-01, 1.0556314800263273e+00
20, 16, -1.3803957149210389e-01, 3.1465382177264489e-01
20, 17, 1.5446669401281685e+00, 1.1864883053388562e+00
20, 18, -1.4447428777134672e-01, -1.7675990507147192e+00
20, 19, -1.5902546080234875e-01, 6.5275226892871507e-01
20, 20, 1.2896614458914590e+00, 5.4066904272382532e-02
21, 0, -8.0222367989083498e-02, 0.0000000000000000e+00
21, 1, 4.3758153387609744e-01, 7.8114502538113384e-01
21, 2, -1.0279476730636683e-01, 1.3144735700386523e+00
21, 3, 2.4781288116779177e-01, -4.3466335413128537e-01
21, 4, 8.7681368047795649e-01, 4.0912617706939325e-01
21, 5, -9.0977338841445832e-01, -2.4560676505907403e-01
21, 6, -1.3347292861640481e-01, -3.4300231962159311e-01
21, 7, -5.1391569357529598e-01, 8.2437499520277424e-01
21, 8, -2.1532754579148816e-01, -5.9633522968020714e-01
21, 9, 7.8609203802078031e-01, 2.5924101363070939e-02
21, 10, 7.7058055778073942e-01, -6.2573998357269134e-01
21, 11, 1.0187107744096155e+00, 8.6878686635488234e-01
21, 12, -4.4903151806060937e-01, -3.7084964708117429e-01
21, 13, 9.5084746450633806e-02, -1.9144763002431731e-02
21, 14, -2.7448050824147296e-01, 1.0357676298960314e+00
21, 15, 7.5326038928882089e-01, 1.0429707610627834e+00
21, 16, 7.2413988212640545e-01, 4.4708984296395526e-01
21, 17, 8.0816320332456293e-01, 6.8449245523701219e-01
21, 18, -6.0579828196660457e-01, -1.0496846918488860e+00
21, 19, -4.6841443738476096e-02, 1.9030814887398071e+00
21, 20, 7.0350291178688895e-01, 1.0019611675972431e+00
21, 21, -1.7420490429561375e+00, -1.3168479309713668e+00
22, 0, 7.3989926832981534e-01, 0.0000000000000000e+00
22, 1, 9.2654746987195369e-01, 5.2602433979287744e-01
22, 2, 3.4596394998109126e-02, -2.4484598023857709e-01
22, 3, 8.5781086130692108e-01, 1.1944511605955963e-01
22, 4, -5.9477591153894194e-01, 5.9169666366740281e-01
22, 5, -1.0042157784052298e-01, -1.5405430462442787e-01
22, 6, 3.2754827892155608e-01, 7.5715495729957416e-01
22, 7, -4.8668863225246972e-01, 1.9584981627559336e-01
22, 8, 6.0258673314519340e-01, 3.3033935345064253e-01
22, 9, 1.8172266845999285e-01, 4.2505829733131184e-01
22, 10, 5.6885747290152677e-01, -3.2522888428891999e-01
22, 11, 5.7644049786062412e-01, 6.2056921194840486e-01
22, 12, -6.9709169863676868e-01, -1.1209151011483304e-01
22, 13, 3.2760832419394165e-01, 3.0453911171527526e-01
22, 14, 1.2889451553327891e-01, 9.1843370260513646e-01
22, 15, 8.1165850048048638e-01, -4.2621482967487662e-01
22, 16, 4.6036982264133541e-01, -5.2834606316135568e-03
22, 17, -9.7435425624665406e-01, -6.2849192483807259e-01
22, 18, 2.7724029384248228e-01, 8.2756256886849261e-02
22, 19, -9.9658139764539710e-01, 6.8098195700469277e-01
22, 20, 1.0879042812448356e+00, -2.6951185108020581e-01
22, 21, -7.4355638558717008e-01, -1.3987671678519131e+00
22, 22, 6.1363415916056818e-02, 5.9869587416751746e-01
23, 0, -2.0972969924920254e-01, 0.0000000000000000e+00
23, 1, -3.9049028155057747e-01, -2.7883799570264517e-02
23, 2, -2.8652439164822702e-01, -7.3081620110794154e-01
23, 3, -3.2953478213980758e-01, 3.5521827467569983e-01
23, 4, -5.9342259621385574e-01, -7.5889261704110395e-02
23, 5, 6.6503750849084176e-01, -3.6698824433561905e-01
23, 6, -6.5347544948396030e-01, 9.8268651128101581e-01
23, 7, 3.7520028221154578e-01, -8.0195457197374809e-01
23, 8, 1.8514168893945365e-01, 5.9765258285696443e-01
23, 9, -8.5453652443805928e-02, -3.4170762008161237e-01
23, 10, 2.4941142667939428e-01, 7.7343238286797567e-01
23, 11, -3.9936474507806119e-01, 3.4233628605673838e-01
23, 12, -6.2240306754923508e-02, 3.6278189148970186e-01
23, 13, 4.7546089204413577e-01, -6.6599944047078863e-02
23, 14, 3.4931857116455162e-02, 8.9772954722047904e-01
23, 15, 5.2229910688510206e-01, -1.4506982635203567e+00
23, 16, -7.8649712040337338e-01, -7.4624912707711710e-02
23, 17, -6.0164880452875003e-01, -1.3772886377759630e+00
23, 18, 2.7087582313982028e-01, 9.5743878628774026e-01
23, 19, -1.0090947195690450e+00, -9.6957725346565771e-02
23, 20, 1.0729265239338504e+00, -2.3876200976950648e-01
23, 21, -8.4878252373962471e-01, -1.2119159320541641e+00
23, 22, -4.4825027081967211e-01, 9.0466752679071616e-02
23, 23, 1.1129737098828107e+00, -2.6253310405269231e-01
24, 0, -2.3740392543408873e-01, 0.0000000000000000e+00
24, 1, -4.0563756537948481e-01, -4.8754679096547388e-01
24, 2, 5.4193303711829434e-02, 4.0432482735254099e-01
24, 3, -6.9785430406115534e-01, 2.8870129049560961e-01
24, 4, 7.9247673779791417e-02, -3.0234614416653444e-01
24, 5, 3.6536029255900559e-01, 2.7348367773016508e-01
24, 6, -6.6187311867110799e-01, 1.1449921542275082e-01
24, 7, 7.1901993258275310e-01, -8.2841439345941659e-01
24, 8, -2.4952361101587917e-01, -1.5236608170641375e-02
24, 9, -1.6452431300536444e-01, -5.2923251760007628e-01
24, 10, 2.4889363677419191e-01, 2.9629797123456209e-01
24, 11, -1.8968046840910982e-02, -5.7350664888109337e-01
24, 12, 5.8817754742519512e-01, 5.0775709481939213e-01
24, 13, -3.6513574666288129e-01, 4.2040220684880954e-02
24, 14, -1.6781670811693912e-02, -6.6335219347672969e-01
24, 15, -4.4322528721139487e-01, 1.3916759565741504e-01
24, 16, -9.5120933893386772e-01, -5.9849658634996850e-01
24, 17, 2.4623329479752040e-01, -2.3450017366500452e-02
24, 18, -6.5561412402006314e-01, 1.1300342831094383e+00
24, 19, 7.2081515357374371e-01, -6.1825285380671080e-01
24, 20, 2.8445839327004141e-01, 1.3624474834829195e-01
24, 21, -4.6532217901493936e-02, -5.6972559108145004e-01
24, 22, 2.2865410633643707e-01, 1.1363501474971918e+00
24, 23, 9.0349508840938864e-01, 1.0423346140654721e-01
24, 24, -4.7668629680558994e-01, -1.5193466476468054e-01
25, 0, 1.7900249008251290e-01, 0.0000000000000000e+00
25, 1, 2.2007573987243206e-01, 6.7987433625436161e-02
25, 2, 3.3357608968363167e-01, 6.0313491282033893e-01
25, 3, -5.6194408933603252e-02, 2.4236165260743553e-01
25, 4, 9.9588305294435753e-01, -3.0388317604928761e-01
25, 5, -3.5662195527174317e-01, 4.1314035043467112e-01
25, 6, 2.8048687758415380e-01, -4.0061454773440308e-01
25, 7, -7.0999116323964828e-03, -5.1818322930177263e-01
25, 8, -2.2583000845301021e-01, -2.8316777162634310e-01
25, 9, -1.0021929565836443e-01, -3.0488960183880148e-01
25, 10, -1.3965225453777491e-01, 2.9227567733527304e-01
25, 11, 7.5131380793022284e-01, -6.1217023500776302e-01
25, 12, 4.5507289731430983e-01, 4.3877035185349850e-01
25, 13, -5.1111589955937529e-02, -4.0335486722639324e-01
25, 14, 1.2203691079782310e-01, -3.5441595966739947e-01
25, 15, -6.6754829186991316e-01, 8.4667856223809040e-02
25, 16, 1.8889602885960805e-01, -4.7891755473765291e-01
25, 17, 4.1615372903352826e-01, 1.1076850967538800e+00
25, 18, -3.0092771433130511e-01, -1.5532175005370691e-01
25, 19, 9.2583149782696550e-01, 6.7365072645491270e-02
25, 20, -6.6817476936816822e-01, -1.3502370923186269e-01
25, 21, 1.0251780711820155e+00, -4.1291803909393188e-01
25, 22, -3.8415657734361386e-01, 7.8635443577000141e-01
25, 23, 7.4119813217787833e-01, -7.1213637158462817e-01
25, 24, -2.9358804416234890e-01, -1.3755843704903487e-01
25, 25, -2.3748186001334115e-01, 4.1104523710726215e-01
26, 0, 4.4007592643525650e-01, 0.0000000000000000e+00
26, 1, 1.1623859973222955e-01, 5.7085156004671656e-01
26, 2, 1.9923627941633743e-01, 5.3987619513577625e-02
26, 3, -1.7123937276043999e-03, -1.3853131812683642e-01
26, 4, 4.3543710762450055e-01, -1.1737219571084440e-01
26, 5, -2.8342179322914257e-01, -1.0703903749884019e-01
26, 6, 4.6600532993182081e-01, 4.8448829946528424e-02
26, 7, -1.0844106672901860e-01, 2.1095260022828397e-01
26, 8, 6.2166875381367753e-02, -2.3578292766887293e-01
26, 9, 3.6311177383454310e-02, 6.2062300271262116e-01
26, 10, -7.2171857030599945e-02, -9.7016656887534886e-02
26, 11, 6.2829464220593034e-01, 2.5651425769148428e-01
26, 12, -3.2199651142802843e-01, 1.9574020177332258e-01
26, 13, -5.3405923149644902e-03, -2.4913608211040991e-02
26, 14, -1.3465948811751360e-01, 3.9263501261509681e-02
26, 15, -1.3511606101962059e-01, 9.7778602431719361e-02
26, 16, 5.7433165398139396e-01, 1.4628702935702340e-01
26, 17, 4.2397314054310709e-01, 1.4289799783647988e-01
26, 18, 3.4576191131258555e-01, -4.7675524455758445e-01
26, 19, -1.3713027246845956e-02, 2.7156913671527672e-02
26, 20, -1.7295209097399794e-01, -4.6178168947247100e-01
26, 21, 3.6950538595372312e-01, 6.3073017711579371e-01
26, 22, -6.1287031727742636e-01, 8.4604899029217528e-02
26, 23, 3.1091789758335653e-01, -3.6289292652993910e-01
26, 24, -1.0361366576631381e+00, -3.5286209141046201e-02
26, 25, -3.5651316686449286e-01, 5.3217111251303706e-01
26, 26, 2.1138126340077312e-01, -5.7567658182198778e-01
27, 0, 3.7054282450466447e-01, 0.0000000000000000e+00
27, 1, -3.6218498180339981e-02, 7.2128265076667197e-03
27, 2, -2.4850950900505320e-02, -4.1332625447274823e-01
27, 3, -1.4674724743071232e-01, -3.0782318963140071e-01
27, 4, -4.3562175255919988e-01, -1.5012204784884448e-01
27, 5, -1.1119766227320463e-01, -3.9570670355645615e-01
27, 6, -4.3505234129582632e-01, 3.7604641932870791e-01
27, 7, 7.0763848311063998e-02, 1.6626977148261535e-01
27, 8, 4.4318260083825234e-01, -1.6610101781239689e-01
27, 9, -9.7459223509062429e-02, 5.5489828812362352e-01
27, 10, 2.3550577498920910e-01, -2.0404262452266980e-03
27, 11, 2.4444920160186684e-01, 2.0154271585922026e-01
27, 12, -1.3582029892631692e-01, 8.5132454693003911e-03
27, 13, 1.3750481702755771e-01, 1.1073497547500706e-01
27, 14, -3.7583953973433704e-01, 1.1209653566641234e-03
27, 15, 4.3074615464371441e-03, -1.3804585052627155e-01
27, 16, 5.0444235042814700e-02, 3.5904479055936245e-01
27, 17, -2.1680672567115183e-01, -5.5424272003591468e-01
27, 18, -5.3131519277906866e-03, -2.1593671793600963e-01
27, 19, -8.7974569703945615e-01, -1.9925858228436008e-01
27, 20, 3.9440145428749368e-01, 6.0119303709285643e-02
27, 21, -3.7676807883419727e-01, 3.4857347492847884e-01
27, 22, 2.4391670991353828e-01, -4.3341218706978168e-01
27, 23, -1.7311387064148759e-01, 3.5275063455066324e-01
27, 24, -2.4380848579826875e-01, -1.3396979746087340e-01
27, 25, 8.8241553068163892e-02, 6.9437228022975805e-01
27, 26, 2.7230940044349694e-01, -4.9096645399860384e-01
27, 27, -5.3632525421005872e-01, 1.5148444247743552e-02
28, 0, -3.0348650449163950e-02, 0.0000000000000000e+00
28, 1, -1.7703982267211110e-01, -9.8273194024858526e-02
28, 2, -3.6189182439891621e-01, -2.8579416997619544e-01
28, 3, -1.7845882950175562e-01, 3.7401879591050152e-01
28, 4, -3.3705621748205911e-01, -1.5081131745556201e-01
28, 5, 1.0382577331268893e-01, -1.1332557148441431e-01
28, 6, -5.0650067022421708e-01, 2.8880815946412530e-01
28, 7, 2.3706815429415573e-01, -3.5721210021658595e-01
28, 8, 2.9948241505325912e-01, 6.7376763734533884e-02
28, 9, -6.5331821249504485e-02, -4.9622334224889353e-01
28, 10, 1.0856142081628177e-01, 1.0068309452573632e-01
28, 11, -1.7317844001237229e-01, -3.1277482544179036e-01
28, 12, -5.1424981958584179e-02, 6.0803149324784811e-02
28, 13, 1.1857921891651184e-01, -1.0951917535044822e-01
28, 14, -1.9216034264983550e-01, -2.1292995830987910e-01
28, 15, 1.1327604658282234e-01, -1.8667643237548801e-01
28, 16, -1.8594611179373410e-01, -1.2998184411523439e-01
28, 17, -3.5910672304892699e-02, -4.8864818257799159e-01
28, 18, -3.0694296368055984e-01, 3.1195902876322912e-01
28, 19, -4.0992290959580663e-01, -1.0834674175801742e-01
28, 20, 2.9319631961887727e-01, 4.4838209792432610e-01
28, 21, -1.4424296278867579e-01, -1.2838144232296325e-01
28, 22, 3.7807225673935529e-01, -6.8769165428399087e-02
28, 23, -3.7173301203621018e-01, -1.7169693660925242e-01
28, 24, 2.4451285657051280e-01, -1.6025164677886769e-01
28, 25, 7.8635227870544916e-02, 8.9331435303782597e-02
28, 26, 4.5681728898067697e-01, -6.1032466907073302e-01
28, 27, 1.2970999588391430e-02, -9.4780206334695111e-02
28, 28, 1.5930209323641822e-01, 6.1153125029409505e-01
29, 0, -1.3215489602062144e-01, 0.0000000000000000e+00
29, 1, 1.7783882689473007e-03, -1.6108264311259840e-01
29, 2, -1.9484327592129452e-01, -2.0414030522906353e-02
29, 3, -1.0527782403214972e-01, 3.3943611571865673e-01
29, 4, 1.3033093036530605e-01, -1.4713216578209565e-01
29, 5, 1.2089861988978796e-01, 1.3158783869830640e-01
29, 6, 5.2479755500747322e-02, -1.0711621336886359e-01
29, 7, 2.7483611403021108e-01, -1.7017999010210946e-01
29, 8, 5.3486608461832716e-02, 1.7708841982938175e-02
29, 9, -1.3344617647155121e-01, -3.8490138781659367e-01
29, 10, -1.7588144856430749e-01, 1.1776679109199688e-01
29, 11, -3.8924938842087414e-01, -1.1482643849765820e-01
29, 12, 2.0631315197296088e-01, -1.0286671250245691e-01
29, 13, -2.3841123595059779e-01, -1.9408467897298640e-02
29, 14, 3.7210982984715577e-02, -1.4360610203234442e-01
29, 15, -1.0675040027385427e-01, -1.1630918638655832e-01
29, 16, -8.8918631008561788e-02, -5.7488637631845065e-02
29, 17, -3.3231569235394103e-02, 9.7731684326971074e-02
29, 18, 3.6216253291702714e-02, 6.8815595008962852e-02
29, 19, 2.0188424154242118e-01, 5.4638625313583329e-02
29, 20, 1.0263802252541465e-01, 3.8634366985098589e-02
29, 21, 1.6047514217636696e-01, -3.2533704120235618e-01
29, 22, -1.6325046521697467e-01, -3.0021811553590280e-02
29, 23, -2.8846087232425058e-02, -3.1123751814218037e-01
29, 24, 4.6099639007957799e-02, 2.9161405928109962e-01
29, 25, -1.9986688097598654e-02, -3.1550848923435909e-01
29, 26, 2.0840240278297714e-02, -2.2175076254550341e-01
29, 27, -4.3736596187872179e-01, -6.3651382126507366e-02
29, 28, 1.3995053886186326e-02, 2.8914159485268237e-01
29, 29, 1.4172410547733899e-01, -1.7484011858737664e-01
30, 0, 2.8192277386771828e-02, 0.0000000000000000e+00
30, 1, 1.4967925761708906e-01, -1.2649030103317645e-02
30, 2, 2.1888100842952457e-01, 1.3308439144571846e-02
30, 3, 5.7244710650692504e-02, 5.1729177929028133e-02
30, 4, 2.6612905135094245e-01, -2.4876441399047461e-01
30, 5, 1.0108238169001840e-01, -1.1525558087769404e-01
30, 6, 6.7444798128434680e-02, -3.4821292941704879e-01
30, 7, 2.9268917175014203e-02, 1.2153098518794016e-02
30, 8, -1.9436615583806251e-02, -1.4920787446712527e-01
30, 9, 1.1932734826446720e-01, -8.1670254458349689e-02
30, 10, -7.0310103770338736e-02, 2.5272601522558646e-01
30, 11, -1.3065268592282103e-01, 6.1094166363886482e-02
30, 12, 2.8182321249496306e-01, -1.2119325809486881e-01
30, 13, -9.1225665342150902e-02, -1.8296924473620066e-02
30, 14, 1.0139573630711846e-01, 9.6578333251679888e-02
30, 15, -9.2760783218434631e-02, -2.3448207377707690e-03
30, 16, 1.8617966672373490e-02, -5.9627615402233491e-03
30, 17, 1.0131393117051746e-01, 1.1558664946042260e-01
30, 18, 3.8841504282878379e-02, 5.6894617046352215e-02
30, 19, 1.2785196401174967e-01, -9.5188416394614034e-02
30, 20, -1.5941668031309941e-01, -9.4419576825743118e-02
30, 21, 8.0541851357947503e-02, -9.3356925606715643e-02
30, 22, -2.2641001760553137e-01, -8.9532331020979405e-02
30, 23, 1.2293848485687617e-01, -3.8606258383347872e-02
30, 24, -5.0467229897427329e-02, 1.7698922497944800e-01
30, 25, 2.1901474868983631e-01, -2.0789346981359016e-01
30, 26, -1.4734472660796882e-01, 2.9662042696511420e-01
30, 27, -2.5979017045539088e-01, 2.3198014351185492e-01
30, 28, 1.7212841052431679e-01, 3.4407644829305145e-01
30, 29, -1.3840504513194667e-02, 6.1090090465808211e-04
30, 30, -1.0146123690503499e-01, -4.5529938563684355e-02
31, 0, -1.3191482315655917e-01, 0.0000000000000000e+00
31, 1, 3.9082553255356769e-02, 8.2414240549537762e-02
31, 2, -7.0693759224287639e-02, -8.0136243314278016e-02
31, 3, -5.3623817260102929e-03, -4.7340699312491429e-02
31, 4, 5.4175246682260543e-02, -2.4554586276130025e-02
31, 5, -5.0560290901540100e-02, -1.6071146690817806e-01
31, 6, -1.1435536248536202e-02, -6.5148435754907252e-02
31, 7, -1.6487652931736335e-01, 1.2464204015342366e-01
31, 8, 2.7854321853690790e-02, 4.9833117046265973e-03
31, 9, 1.0391941830062244e-01, 4.2191167391583989e-02
31, 10, 5.9334613426236534e-02, 2.4090689120541525e-01
31, 11, 1.2889570305069284e-01, -1.5559611832464609e-01
31, 12, 1.3001623356015407e-01, -2.8433844220215158e-02
31, 13, -4.2821657400131587e-02, -1.3094521299270240e-01
31, 14, -2.0278983338476251e-02, 4.5894932757026205e-02
31, 15, -4.1832921554809263e-02, -4.8436353950805144e-02
31, 16, 1.0883861926497544e-01, 2.7948370688084347e-02
31, 17, 7.4804840271819356e-02, -1.2461014829958372e-02
31, 18, -2.4639958842153128e-02, -2.1097654018545584e-01
31, 19, -6.7078363319873852e-02, -1.1312529551317770e-01
31, 20, -3.3498164118456314e-01, -1.3670754294526913e-01
31, 21, -4.5369088779691667e-02, 2.8363474618434900e-03
31, 22, -7.1348037451399074e-02, 1.7175865279196978e-01
31, 23, 4.3711526919214122e-02, 1.0948854076864056e-01
31, 24, -7.8059065971687852e-02, -9.5220537163094893e-02
31, 25, -2.5121992543691213e-02, 3.1750103922476375e-02
31, 26, -1.4450808719148525e-01, 5.7294440214764070e-02
31, 27, 8.3788406633168805e-02, 1.3519709789899603e-01
31, 28, 3.1098638952895913e-01, 2.0312941223456643e-02
31, 29, 7.0908515393819427e-02, -1.2985265686527084e-01
31, 30, -1.5514809072964472e-02, -2.1646429699530087e-01
31, 31, 7.1807761342165710e-02, 2.7281002572968324e-02
32, 0, -1.2872066851963126e-01, 0.0000000000000000e+00
32, 1, 1.5370463614529928e-02, 1.6583092461682153e-01
32, 2, -1.6308653184190691e-01, -1.3583324452065410e-01
32, 3, 1.5347172717211646e-01, 4.2942480567235659e-02
32, 4, -1.5858418416979719e-01, -5.2737419048987808e-02
32, 5, -7.5944625616090944e-02, 2.4597208100904155e-02
32, 6, 2.7098628862172743e-02, 1.5777065928902953e-01
32, 7, -1.4679040498039692e-01, 9.9174315485356671e-02
32, 8, 1.9673644290231468e-01, 1.2805655576890340e-02
32, 9, 4.4001345892484119e-02, 6.0919014014982488e-02
32, 10, 5.2331783994636033e-02, -4.2067409936213787e-02
32, 11, 1.3759196844826002e-02, -5.7127709439856872e-03
32, 12, -4.5254113998531194e-02, 2.6397012766103317e-02
32, 13, -1.6057182661188885e-02, -4.1296635814783093e-02
32, 14, 4.0064848704551743e-03, 1.6793829947692651e-01
32, 15, 1.3507069214441780e-03, -9.9857061915414394e-02
32, 16, 8.8937422217593015e-02, 2.2813356479181313e-02
32, 17, -1.1791323727146719e-02, 3.6181938696106815e-02
32, 18, -8.2480792310875517e-02, -2.2849495468309042e-02
32, 19, -1.6837895371619122e-01, 1.2746074528396859e-01
32, 20, -2.0341645144603682e-01, -5.5017831133345435e-02
32, 21, 1.0556549765898929e-01, 1.9061223783401166e-01
32, 22, 7.6823543195711982e-02, 3.7693794168704026e-02
32, 23, -2.3976790467761383e-03, -5.8539725279045052e-02
32, 24, 1.8859001509748625e-02, -1.4193049491999224e-01
32, 25, -1.2411164470194484e-01, 1.4542682404306975e-01
32, 26, -3.1666675120901266e-02, 5.1449925226878662e-02
32, 27, 4.4200068187834708e-02, 1.1437095365086444e-01
32, 28, 1.5132356339347348e-02, -2.5243635687696070e-01
32, 29, -1.1141481791811209e-01, -1.5841468159349367e-01
32, 30, -1.1670430879687980e-01, 4.3131578864799028e-02
32, 31, -8.2848682462735176e-02, -7.0083674104471347e-02
32, 32, -3.3162760159586621e-02, -1.6647456735572511e-02
33, 0, 5.4220317288768978e-02, 0.0000000000000000e+00
33, 1, 6.7853624463532825e-02, 9.6543518101759221e-02
33, 2, -4.7193248304514115e-02, -1.7183020385270581e-01
33, 3, 1.1876895741619048e-01, 5.9351438685674232e-02
33, 4, -3.3768977235744166e-02, -4.7277495569908040e-02
33, 5, 1.0750318597315604e-01, -1.3331868204959130e-02
33, 6, 1.1292081129021742e-01, 2.4184597901189769e-01
33, 7, 6.0278668208062984e-02, -2.2137883441775244e-01
33, 8, 1.2957396062685841e-01, 9.7887649989603948e-02
33, 9, -2.7482632507296503e-02, -6.2559064951675653e-02
33, 10, 2.0001174589145861e-02, -6.9716528807113130e-03
33, 11, -1.0613533773387364e-01, 1.1191365665203465e-01
33, 12, -1.5130270488624892e-01, -8.4997021715385174e-03
33, 13, -4.2411888359959994e-02, 2.0966730873169335e-02
33, 14, -3.4927928536430806e-02, 3.3146187468742191e-02
33, 15, 6.0166771309285869e-02, -6.9673019054941138e-02
33, 16, -1.6347649053854788e-03, 3.5800054601583642e-02
33, 17, -1.7690041135526559e-02, 4.5404684383757998e-03
33, 18, 1.2127644057178526e-01, -3.4619033353081037e-02
33, 19, -1.8637792856037236e-01, 1.3011506457495919e-01
33, 20, 9.4016542083439958e-02, 1.6353190399564149e-02
33, 21, 6.8825367267583148e-04, 1.9229606739680694e-01
33, 22, 5.7753721943758690e-02, -9.4926359598005758e-02
33, 23, 1.9295652683159279e-02, -1.0225158185724098e-01
33, 24, -3.8515090019859782e-02, -4.5125664692251932e-02
33, 25, 4.4634870790412964e-02, 6.0324439588690035e-03
33, 26, 4.0397146244929238e-02, 5.2598222560638605e-02
33, 27, 4.3144193662183958e-02, -3.0505929676591485e-02
33, 28, 2.3848882859725633e-02, -1.3132709765862960e-01
33, 29, -1.2196411447675728e-01, 1.4471765680844788e-02
33, 30, -1.4306863494509350e-01, 1.4935640840594394e-01
33, 31, 1.0924961241587282e-01, 9.9139887150656095e-03
33, 32, -4.8213080048248362e-02, 2.8488553810533757e-01
33, 33, -5.1437035287092703e-04, 9.2799716502640905e-03
34, 0, 1.4203403596967168e-01, 0.0000000000000000e+00
34, 1, -6.3807993926724121e-02, 4.0218250879470507e-02
34, 2, 5.5516722071960088e-02, -6.0338547762332065e-02
34, 3, -3.8895601722289883e-02, 1.5026339674106748e-01
34, 4, 3.2136161716314116e-02, -8.8534396284978806e-02
34, 5, 9.1597140472753469e-02, 5.6480287956494582e-02
34, 6, 8.2371196459000966e-03, 1.3479075992503788e-02
34, 7, 1.0306826844620195e-01, -1.6307177306849630e-01
34, 8, -1.4706679265366267e-02, 3.0966034741660271e-02
34, 9, -8.3432094273116930e-02, -5.8270261721905400e-02
34, 10, -1.4428405403764666e-03, 7.6701156541733817e-02
34, 11, -5.6897675307400017e-02, 1.8275347887043267e-01
34, 12, 6.6426236303896352e-02, 1.4340003533000627e-02
34, 13, 7.4976086322230392e-02, 4.1369311885924381e-02
34, 14, -8.3075408070442738e-03, -1.1147726242913331e-01
34, 15, 5.2974747847811962e-02, -6.8550920910733892e-02
34, 16, -1.7589162256524268e-01, 1.1129947621737087e-02
34, 17, 7.0458749024233963e-02, -5.3538520501755074e-02
34, 18, 1.9176129817547068e-02, 7.4519731878141426e-02
34, 19, -1.8883197914681529e-02, -1.5099428331762230e-01
34, 20, 8.7209127135511613e-02, 6.9240130413428747e-02
34, 21, -5.1174150516260786e-02, -4.5974510381821626e-02
34, 22, 8.7877771217391862e-02, -5.9773486048964986e-02
34, 23, -1.0610040978777924e-01, 2.4533077846627466e-02
34, 24, -4.4704299671811817e-02, -1.5965681690999069e-02
34, 25, 6.7007506210320339e-02, 3.5627138385729160e-02
34, 26, -7.8919323396178478e-02, 9.0864908284408352e-02
34, 27, 1.0444086815045042e-01, -9.0696478974765321e-02
34, 28, -4.1322695893409658e-02, -1.0968483610607215e-02
34, 29, -8.3693898003532413e-02, -9.5805864980265013e-02
34, 30, -1.0251529078362784e-02, 1.3647842355171530e-01
34, 31, 1.7088362376857275e-01, -5.5018481590379094e-02
34, 32, -5.1578685612414590e-02, -5.6998409066316202e-02
34, 33, 2.5609696269862037e-01, -1.2676709444349709e-02
34, 34, 1.5086140799610508e-02, -7.8238466157906084e-03
35, 0, -2.4075917302408534e-02, 0.0000000000000000e+00
35, 1, -4.7185294131226144e-02, -7.5951486640756807e-02
35, 2, -3.8170981661702699e-03, 5.5650532287231796e-02
35, 3, -2.1987686287554827e-02, 7.2351801383247497e-02
35, 4, 1.2631984065838092e-01, -6.1795539160788754e-02
35, 5, -4.3731321196615325e-03, 1.3568009592979091e-01
35, 6, -8.3142140844836634e-02, -1.0580858689657649e-01
35, 7, -1.8325409534733762e-02, 3.5003360909651865e-02
35, 8, -1.0028227607243430e-01, -5.5734402495950637e-02
35, 9, 1.4261908885676917e-02, 1.6065447450410872e-02
35, 10, 3.7426647863185065e-02, 5.6489663366962692e-02
35, 11, 1.4295566604631688e-03, 6.6878946770308062e-04
35, 12, 8.4590780858828776e-02, -1.7097590377437754e-02
35, 13, 8.0023888772115803e-03, 2.9627502718180404e-03
35, 14, 5.4053604930096075e-02, -2.8523245115656418e-02
35, 15, -5.2214284940028610e-02, 1.0514272119293576e-01
35, 16, -9.0889335446019015e-02, -7.8741787307381989e-02
35, 17, 1.0030509372591022e-01, 1.4581800135940987e-02
35, 18, -1.0126681142588051e-01, 2.8693934347487411e-02
35, 19, 2.9687062446287299e-02, -5.1960502354396844e-02
35, 20, -1.0747838396284368e-01, 1.0446544540657005e-01
35, 21, -4.2008402529047924e-02, -1.5348849055837582e-01
35, 22, -2.8684497208102795e-02, 8.7633081254592918e-02
35, 23, 1.7107426026751599e-02, -8.0730078483228607e-02
35, 24, 9.4609173359412102e-02, -1.3481229239584291e-02
35, 25, 2.4710878620632069e-02, 2.4562546798792897e-02
35, 26, -1.6883386160743474e-02, -5.3008723294244789e-02
35, 27, 3.3963098418542524e-02, 4.3376304308521504e-02
35, 28, -7.8501211108832930e-02, 5.6896017723037781e-03
35, 29, 5.5146074684990540e-02, 6.3403546498851937e-03
35, 30, -7.3918651189981310e-02, 5.9596100568285536e-02
35, 31, 5.3630588237362276e-02, -1.5927453326600435e-02
35, 32, -1.0615041782954666e-01, -1.2380051166926248e-01
35, 33, 2.7418975350682016e-02, 1.1910849567370893e-01
35, 34, -8.7651819217475127e-02, -1.5523167672063809e-01
35, 35, -7.1591087568799394e-02, -4.3184646103256501e-02
36, 0, -1.1401007378132365e-01, 0.0000000000000000e+00
36, 1, 4.4229679107143080e-02, 9.4285225546423112e-03
36, 2, -8.0844816450544921e-02, 7.2710328189793560e-02
36, 3, 4.8752674763475917e-02, -3.5798816940100148e-02
36, 4, 1.1797583810870471e-01, 1.6561764069680886e-02
36, 5, -6.4197376396112144e-02, -9.0514336796557945e-03
36, 6, 7.4229033333484143e-02, -1.1637351270162076e-02
36, 7, -3.9486880062899465e-03, 7.3914041853933896e-02
36, 8, -3.9581622352069287e-02, 1.0892905464926501e-02
36, 9, 9.0058286538072588e-02, 1.6214418456631109e-02
36, 10, -2.2843690020189641e-02, -5.4915548716304878e-02
36, 11, 3.7739502986037711e-02, -3.0537820879450756e-02
36, 12, 6.4248608651349279e-02, 1.7894071575752048e-02
36, 13, -1.2066700101451838e-01, -9.5405108158813270e-02
36, 14, 6.7610946197599192e-02, 4.0871111413270760e-02
36, 15, -1.8165370922113580e-01, 7.1227871240991183e-02
36, 16, 1.0703038986805399e-01, 2.7295856985606517e-03
36, 17, -1.1613515779116984e-02, 6.7468592675267419e-02
36, 18, 2.4740988341954605e-02, -9.4963991250713309e-02
36, 19, 4.2240548205572062e-02, 6.8203206585031984e-02
36, 20, -1.2140491165887626e-01, -6.5833199251949942e-02
36, 21, -6.0367535174635750e-02, 3.3230733052736994e-02
36, 22, -4.1004661450062749e-02, 6.4068953006828744e-02
36, 23, -5.9766307194813037e-03, -7.5927286388988172e-02
36, 24, 5.9649009819000579e-02, 3.3557405932084582e-02
36, 25, -3.2079733412114168e-02, -4.3527052535202448e-02
36, 26, 2.3329487375532271e-02, 2.9542059359533163e-03
36, 27, -2.3078201341622945e-02, 2.4306022186715515e-02
36, 28, 1.6167205417137315e-02, -1.2006631783637664e-01
36, 29, 7.1250478541065684e-02, 1.4500079538514857e-01
36, 30, 2.2625392651448376e-02, -1.0629202233510616e-01
36, 31, 5.8624974074900429e-02, 9.9954599145907402e-02
36, 32, -9.7980329318251708e-02, -2.2833656372862433e-02
36, 33, -1.3460611759478797e-02, 1.5769846047213959e-01
36, 34, 3.6185165529994893e-02, -9.2585590283757957e-02
36, 35, -8.8999854290069930e-02, 9.3066708766015069e-02
36, 36, 3.8172249715156772e-02, 1.4134524996364589e-01
37, 0, 4.7053701904620091e-02, 0.0000000000000000e+00
37, 1, 6.4971821132957602e-02, 1.1267647389947721e-01
37, 2, -6.3502563619124236e-02, 2.5363463683879744e-02
37, 3, 9.2035725504223537e-02, -2.1619398986189461e-02
37, 4, -3.7537887689925144e-02, -2.5821511802994832e-02
37, 5, -6.1736238289861307e-02, -5.9154776297910203e-02
37, 6, 7.8490587434762754e-02, 4.1549325554358335e-02
37, 7, -5.8419752436107017e-02, 6.9464231733459142e-03
37, 8, 1.0746026989823548e-01, 2.2777906420471880e-02
37, 9, 3.6679546281384132e-02, 2.2354283564567042e-02
37, 10, -1.1016067712836742e-02, 3.6754506703098808e-03
37, 11, -6.6921592778430086e-02, 3.7543456791028149e-02
37, 12, -2.1672590271243207e-02, 9.0656027953343932e-02
37, 13, -8.9105520737324737e-03, -6.3509434968378534e-02
37, 14, 1.7593178952952579e-02, 1.3470220225669979e-01
37, 15, -3.7708180836521922e-02, -9.8754278000690622e-03
37, 16, 9.3404427425395467e-02, 1.1274274931530128e-02
37, 17, -3.2995665017532261e-02, -6.4147439144640259e-02
37, 18, 8.3546850231540210e-02, -4.0028274391646704e-02
37, 19, -3.6528805024056657e-02, 4.8733751854892933e-02
37, 20, -4.0202508369401702e-02, -6.5431279434150447e-02
37, 21, 6.5776671756654975e-03, 5.4249653692070632e-02
37, 22, -4.1710140013080772e-02, -3.3879137794282074e-02
37, 23, 8.7311629713778149e-02, -2.2279018875745283e-02
37, 24, 3.4343066328828345e-03, -1.3872337480584586e-02
37, 25, -2.9804596257917565e-02, -3.2634425836163286e-02
37, 26, 1.3376295492171023e-03, 3.2609536360882221e-02
37, 27, -8.4962530786772364e-02, 3.0826530094171321e-02
37, 28, 1.0491385841074935e-01, 5.9239108368330986e-03
37, 29, -4.3586821007555607e-02, 5.2308503723474967e-02
37, 30, 7.3040320741522391e-02, -1.3177172468313650e-01
37, 31, -8.5662040069549306e-02, 6.0303024707074541e-02
37, 32, 7.9679145867597740e-03, -6.3190098770792083e-02
37, 33, 1.2016339478103233e-01, 9.3248161430779186e-02
37, 34, 5.0024856293216083e-02, -1.5530436570353011e-02
37, 35, -1.2286343326811337e-01, -5.7344241582307637e-02
37, 36, 1.6083812535711720e-01, 9.9166569727493326e-02
37, 37, 4.7168462953704492e-02, -3.4083413526112959e-02
38, 0, 6.7929974385542130e-02, 0.0000000000000000e+00
38, 1, -2.2159348394901180e-02, 2.8502644295018850e-02
38, 2, -2.3938869427571608e-02, -3.9385534593304190e-02
38, 3, 7.7757398761883464e-02, 4.3826600057822176e-03
38, 4, -8.6034639930999385e-02, -4.7883287597991611e-02
38, 5, 5.8670199404976114e-02, 2.8083248120311537e-02
38, 6, -1.9661346107539238e-02, 9.1567016820112784e-02
38, 7, 3.9462168869333986e-02, -7.2094806902876077e-02
38, 8, 6.6587688644307613e-02, -1.8859844209276506e-02
38, 9, -1.0449768971677383e-02, -6.6323216817253172e-02
38, 10, 5.9378526865728407e-03, 7.6204332609896112e-03
38, 11, -4.0807891272722475e-02, 4.7431697725685638e-02
38, 12, 1.4318348784038673e-03, 5.1828959168339128e-02
38, 13, -2.7049018744701496e-02, 6.1251161562874773e-02
38, 14, -4.7045254040674687e-02, 4.4381824343594230e-02
38, 15, 3.7766750591591847e-02, 5.8477602844804660e-02
38, 16, 3.1146100803686870e-02, 6.2137391205390000e-03
38, 17, -3.9488012472508181e-02, -3.6691008340166510e-02
38, 18, 7.8229071084210192e-03, 2.4216276261541880e-02
38, 19, -6.9353253200010664e-02, 1.7764858029084493e-03
38, 20, -4.4256601180736058e-02, 2.7150374360007473e-02
38, 21, 7.7551905423337893e-03, 4.7885235431963331e-02
38, 22, 6.2040978470535114e-02, 1.6657130226131620e-02
38, 23, 1.3511191987255592e-02, 5.4232825330055752e-02
38, 24, -4.3865191462697732e-02, -2.0347632557789260e-02
38, 25, 1.4384903880516298e-02, 2.9186209930314830e-02
38, 26, 1.6588139876124640e-02, 5.9600613333662136e-02
38, 27, 9.8637261463807198e-03, -8.4536761059355758e-02
38, 28, 3.0312524126974480e-02, 6.3675145338382380e-02
38, 29, -6.5457300772142402e-02, -8.5463500316322660e-02
38, 30, 7.5422632267048290e-02, 6.2193073566751397e-02
38, 31, -1.3994472504519137e-01, -3.9634740280019939e-02
38, 32, 6.3989963139198122e-02, 8.2320967433620676e-03
38, 33, -4.1745790856862530e-02, -2.3926414954509513e-02
38, 34, -1.4343552821621759e-02, -6.9396831631286710e-02
38, 35, -8.9310807106367157e-02, -4.4305725482703562e-02
38, 36, 2.5668175615667733e-02, 8.4059134856518683e-02
38, 37, -2.3763952240038480e-02, -1.5325905179358174e-01
38, 38, -8.0166184954793274e-02, -3.2654865870142213e-02
39, 0, -5.4669592092259148e-03, 0.0000000000000000e+00
39, 1, -5.9382145767751401e-02, -6.6680140790428818e-02
39, 2, 6.0456211584964845e-04, -2.7371098917228213e-02
39, 3, -4.9122723435109407e-03, 5.9557029634215077e-03
39, 4, -5.7319681674630283e-03, -2.6828083783145419e-02
39, 5, 3.6524414336301651e-02, 1.1284204192940721e-01
39, 6, -3.6458346652646599e-02, 1.7844056837593894e-02
39, 7, 4.3024587661858377e-02, -1.5709640535864718e-02
39, 8, -4.7726077095766477e-02, -7.1120192103741112e-03
39, 9, -2.3378054166152490e-02, -7.6950776069347263e-04
39, 10, -4.0046070864187093e-02, -1.1535193422627595e-02
39, 11, -3.4240552793002921e-02, 4.2799876178724688e-02
39, 12, 2.8176479285937917e-02, 1.9271011878744762e-02
39, 13, 2.0112232793143382e-02, 3.9485543419848994e-02
39, 14, -2.6952565225953455e-03, -3.7457086726886100e-02
39, 15, 2.8672841717095637e-02, 1.2212639188216544e-02
39, 16, -4.8071036761632109e-02, 6.6214528724880799e-03
39, 17, -1.3978022442085455e-02, 5.4973360944077648e-03
39, 18, -3.2441470571968611e-02, 7.7175961632316770e-02
39, 19, 3.9612478999057267e-02, -1.0623073337179254e-02
39, 20, -1.8070687640784396e-02, 4.9511009528593983e-02
39, 21, 3.4508584245129786e-02, -4.5320829300681584e-02
39, 22, 4.0646969762349980e-02, -3.5507621441923341e-03
39, 23, -2.5892017245461203e-02, -8.9621869487840171e-03
39, 24, -3.7662109124331544e-02, -1.7190996657783432e-02
39, 25, -4.1474626809269582e-03, 5.1709452403755130e-02
39, 26, -8.7677460968270862e-03, 3.4103233042014356e-03
39, 27, 5.4940572935726822e-02, -6.5375036313189236e-02
39, 28, -9.8465318239227398e-02, -1.9824144719442511e-02
39, 29, 3.6344062408421918e-02, -1.1156417969573869e-01
39, 30, -8.4732605454323345e-02, 1.0158369713749740e-01
39, 31, -2.8839239090570283e-02, -9.4848582249854096e-02
39, 32, 1.6364288970581280e-02, 1.1863392340713268e-01
39, 33, -6.7733765810138707e-02, -7.2137222391233768e-02
39, 34, 3.6222695818722055e-02, 4.1299231457353251e-02
39, 35, -6.5146842781174719e-02, -4.0957048227417449e-02
39, 36, 1.5840252925553633e-02, 3.2358937317700565e-02
39, 37, 2.0377942287177441e-02, -2.6740515701293481e-02
39, 38, -1.1065633472402733e-01, 6.9623910223136271e-02
39, 39, 9.5874703154736306e-03, 8.0201987044440246e-02
40, 0, -7.5250336166973839e-02, 0.0000000000000000e+00
40, 1, -4.0460307472180525e-02, 7.3595331837293006e-03
40, 2, 1.6056944347229332e-02, 1.2528221320461531e-02
40, 3, 1.1133016705538852e-02, 1.1073060469146219e-02
40, 4, 4.7705774594122882e-02, -2.4576856457997419e-02
40, 5, -1.5473086123570023e-02, 8.0093735730357038e-02
40, 6, 2.5076800902870865e-02, -4.4267371305206242e-02
40, 7, -2.6021028696520187e-02, 9.2839724412265012e-04
40, 8, -6.6275265306414727e-02, 5.1559292681156263e-02
40, 9, -3.3513772616545062e-02, 5.5099813424926321e-02
40, 10, 7.4184729362409812e-03, 7.8347923734943398e-02
40, 11, -2.4952055210768813e-02, 3.5788602737777619e-02
40, 12, 7.6296211798568651e-03, 9.5914146052629955e-04
40, 13, 1.3037937200095610e-02, 1.1986814531581742e-03
40, 14, 1.0291543385416161e-02, -9.0138283628085486e-03
40, 15, 4.4762644932319656e-02, 2.3598499224829025e-02
40, 16, -5.8914510875244776e-02, 3.5514826021922027e-03
40, 17, 1.8752958112032210e-02, 2.1651098674248033e-02
40, 18, -1.2978343737278519e-05, -3.2696531498308326e-03
40, 19, 6.2585003063433967e-02, 8.4032459372656069e-04
40, 20, -3.5211894153142902e-02, 5.2244834080826764e-03
40, 21, -1.8641148705288345e-02, -5.1030331824211642e-02
40, 22, -3.9018368905271716e-03, -4.3616018528635711e-04
40, 23, -3.4350986309324621e-02, -3.7815987174563123e-02
40, 24, -9.0765109145936572e-03, 1.6190824411619280e-02
40, 25, 2.6066187406562472e-02, 3.9269500556668821e-02
40, 26, 6.3843791216760173e-03, -3.9424660771338993e-02
40, 27, -4.3713503907313418e-03, 1.2015285451705585e-02
40, 28, -7.9469087712819048e-02, -6.0478606236159499e-02
40, 29, 6.0938038186415258e-02, 9.4654779998368868e-02
40, 30, -8.2931386004421626e-02, 4.3633252818232195e-02
40, 31, 9.2000874671816141e-02, 1.3454900414674693e-02
40, 32, -5.7779834309368200e-02, 1.9110768356719113e-02
40, 33, 5.3054402867307289e-02, -5.1028150631719546e-02
40, 34, -1.3927601485886386e-02, 9.6054996695820016e-02
40, 35, 2.7103261898249714e-02, -3.5919573576558034e-02
40, 36, 6.7475551025287829e-03, 3.6089969149517148e-02
40, 37, 2.9744820842207986e-02, -4.7700964381759588e-02
40, 38, -4.3350944053799273e-02, 1.5889926291979418e-02
40, 39, 6.5061337770840166e-02, 9.7128033694054757e-03
40, 40, 1.0653992269205197e-01, -4.1264426294538789e-03
