0, 0, 0.0000000000000000e+00, 0.0000000000000000e+00
1, 0, -2.1584164253273344e+05, 0.0000000000000000e+00
1, 1, -1.2580978152780926e+04, -9.7672649336074552e+04
2, 0, 0.0000000000000000e+00, 0.0000000000000000e+00
2, 1, 1.0611477773405079e+05, 5.7291084259963420e+04
2, 2, 6.3475438545347308e+05, -2.9752197097674664e+05
3, 0, 2.7266495678298344e+05, 0.0000000000000000e+00
3, 1, -1.6259091595887108e+05, -5.7942077462745516e+05
3, 2, 2.0262878987691211e+05, -2.9741642151910986e+04
3, 3, -5.4545276894166274e+05, -2.1426038577732077e+05
4, 0, -6.3542113699624781e+04, 0.0000000000000000e+00
4, 1, -1.4980288348747516e+05, -1.0714642843926320e+05
4, 2, 1.5881373223702761e+05, 1.8665695554122527e+05
4, 3, -2.8190591746383900e+05, 1.6453447953427632e+04
4, 4, -4.2441903421706207e+04, 2.8458595966339635e+05
5, 0, -5.5002490397665504e+04, 0.0000000000000000e+00
5, 1, 1.4988781946372681e+04, 3.5900559914336874e+04
5, 2, 6.2834277380605708e+04, 5.6693391002980963e+04
5, 3, -5.6826538640806692e+04, 9.5850667540712791e+04
5, 4, 1.3893642728722942e+05, -3.1915295326320949e+04
5, 5, 1.0117412705211132e+05, -1.0127358121294966e+05
6, 0, 1.8097887861823183e+03, 0.0000000000000000e+00
6, 1, -8.6964604770329082e+04, 2.8221696134007063e+04
6, 2, -8.6224527197481337e+04, -2.7574613152647333e+04
6, 3, -8.2580817518043783e+04, -3.4871221936096546e+04
6, 4, -1.3905633086015190e+04, -5.6239064817396786e+04
6, 5, -2.0864719844586798e+03, -6.6493254124769810e+04
6, 6, -4.1648428158933617e+04, -1.3106214339274069e+04
7, 0, 1.7450855752689844e+04, 0.0000000000000000e+00
7, 1, -7.1236255754655460e+04, 6.3610655251878445e+04
7, 2, -5.2997221878933327e+04, -1.9434927785241558e+04
7, 3, -1.4537313507721567e+04, 3.6664465744949357e+03
7, 4, -1.1608401789336713e+05, -2.8738913771039734e+04
7, 5, 1.0779169460740035e+04, 6.7403115717494220e+04
7, 6, 5.2150899546304499e+04, 8.0023704441260430e+04
7, 7, 1.9575188504690050e+03, 3.8660456451275255e+04
8, 0, -3.0876932115797790e+04, 0.0000000000000000e+00
8, 1, -6.1529511143447689e+02, -3.6890623829863180e+03
8, 2, -8.1680503735537466e+04, -2.0110384701434672e+04
8, 3, 6.4774797348967018e+04, 7.0560988911536057e+04
8, 4, -6.2143404419894985e+04, 2.6151356457994578e+04
8, 5, 1.4137226036301185e+05, 1.0331551347023374e+05
8, 6, 1.0251696304262703e+04, 6.1500912878047435e+04
8, 7, 3.2238481597732218e+04, -5.2263755302165962e+04
8, 8, -9.6892915556401458e+03, 1.3621005598751488e+04
9, 0, 1.2322816151449731e+04, 0.0000000000000000e+00
9, 1, 6.3000323400646776e+03, -2.9735225852256139e+04
9, 2, -7.3749153820521693e+04, -4.7005472127614157e+03
9, 3, 3.8420336120079504e+04, 2.8319125743452172e+04
9, 4, -2.2219770559019395e+04, -7.5585150883779643e+04
9, 5, 8.7743582002864248e+04, 8.5780663067808942e+04
9, 6, -2.5881115895831896e+04, 1.0504264568790517e+04
9, 7, 3.8882443297392128e+04, -8.5568181998260465e+04
9, 8, -8.6175181357942638e+04, 2.3204236115359308e+04
9, 9, 4.1903952827614703e+04, 1.2215216759755567e+04
10, 0, -2.0968118303674117e+04, 0.0000000000000000e+00
10, 1, -2.8186380942396663e+04, -1.4535669746652926e+04
10, 2, -1.5459497519488417e+04, 5.6308392964195693e+04
10, 3, 4.7577259669257721e+04, -1.3594613431568734e+04
10, 4, 6.2573477571748903e+04, -2.1275810782369990e+04
10, 5, -3.4129294664312860e+04, 5.1182949461327516e+04
10, 6, -2.4992535779057915e+04, -7.7081754000298650e+04
10, 7, -2.2813199465970192e+04, 1.5694700916073598e+04
10, 8, -2.7409828948074850e+04, -3.9081264115654521e+04
10, 9, 5.9082175199656485e+04, 5.0000163764055746e+04
10, 10, 1.7304355482429048e+04, -2.7167285833348651e+04
11, 0, 1.4979663239511325e+04, 0.0000000000000000e+00
11, 1, 1.9982960008790389e+04, 6.6426818618377129e+03
11, 2, 1.1443140688206839e+04, 6.5819619752374172e+04
11, 3, 6.7116817041600749e+04, -5.2083937568880203e+04
11, 4, 8.9444399411243692e+04, 4.2733512244437887e+04
11, 5, -5.8898534419955875e+04, -5.2746652891029313e+04
11, 6, 2.8390155722882246e+04, 1.1945988695647235e+04
11, 7, -4.1532343721196063e+04, 3.5694060139371213e+04
11, 8, 7.0948475453899286e+04, -2.7893331782325666e+04
11, 9, 1.5981713529674444e+04, 2.0809702984649302e+04
11, 10, 2.2458276705240714e+03, -1.0314946042830445e+05
11, 11, 7.2335800786860327e+03, 2.0112179134596285e+04
12, 0, 3.8970875727869497e+01, 0.0000000000000000e+00
12, 1, 6.5669293430699472e+04, -4.1374154100131509e+03
12, 2, 1.1351031655806673e+04, -2.4646041122728784e+04
12, 3, 7.6546339458472125e+04, -1.3361996067027952e+04
12, 4, 1.5310093029060927e+04, -1.2116995757491350e+04
12, 5, -2.2444486565017040e+04, -5.6217974196893330e+04
12, 6, 1.6320525061241515e+04, 7.6867782825230926e+04
12, 7, -8.6056767025933077e+03, 1.8494613412026731e+04
12, 8, 6.5460909064836698e+04, 7.8646454788577812e+03
12, 9, -2.0687282511187270e+04, -1.3717364153798186e+04
12, 10, -6.1686493077919258e+03, -6.1293526077021066e+04
12, 11, -4.1903899858427241e+04, 9.7292385434733966e+04
12, 12, 5.2664016505150939e+03, 4.6614702797956706e+03
13, 0, 1.7596412135290811e+04, 0.0000000000000000e+00
13, 1, 3.7931994542843036e+04, 1.1124448252013673e+04
13, 2, -2.1916112903253961e+04, -5.0878050100321678e+04
13, 3, 3.7256145404650288e+03, 3.3909074872264573e+03
13, 4, 2.4862799405590340e+03, -2.9841633409486549e+04
13, 5, -4.5592508457535341e+03, 2.4722654538685540e+04
13, 6, -2.3567267977451826e+04, 6.2088632992701547e+04
13, 7, 3.9548284602744141e+04, -1.9354920320989972e+04
13, 8, 1.0208280879775528e+04, 2.3121698000531965e+03
13, 9, -4.0479841901313688e+04, -3.0840197850881501e+04
13, 10, -9.1878927696008759e+01, 2.7181154376263847e+04
13, 11, -3.7315589665666776e+04, 4.7344691756252127e+04
13, 12, 6.0277219245717657e+04, 2.2216868951223598e+04
13, 13, -3.5035712696225113e+04, -4.6780283798527889e+04
14, 0, 1.4026308663022573e+03, 0.0000000000000000e+00
14, 1, -3.3360916661610310e+04, -8.2412693252168519e+03
14, 2, -1.8033584120777683e+04, 2.0696141617262459e+04
14, 3, -1.5882834597221494e+04, 1.0044965081392373e+04
14, 4, -1.8243095993949188e+04, 5.3150804478757367e+04
14, 5, 2.1692466126015814e+04, 4.7491373797983229e+04
14, 6, -2.9847585333393909e+02, 9.4123493772757320e+03
14, 7, 1.4219529345811394e+04, -1.2848234838587457e+04
14, 8, -4.6547488119429756e+04, -2.3433858577101299e+04
14, 9, -1.7239114104694600e+03, -4.5371987560288821e+04
14, 10, 4.5463396006280345e+03, 7.5304225594817661e+04
14, 11, 3.2287895936901507e+04, -1.5768339966530430e+04
14, 12, 1.5668383279931446e+04, 8.0199126956362161e+03
14, 13, -3.4745404332818223e+04, -9.5124991240162461e+04
14, 14, 1.8566018352814626e+03, 3.2422253786965746e+04
15, 0, -1.8193561426119981e+04, 0.0000000000000000e+00
15, 1, -7.6287151501771104e+03, -1.9366325767370508e+04
15, 2, 2.2761961007479418e+04, 3.2024330348401290e+04
15, 3, 2.2757435827109988e+04, 1.2156797999376031e+04
15, 4, 3.2266819651652135e+04, 4.5054790637574632e+04
15, 5, 3.8611572261458612e+04, 2.6813944432429391e+04
15, 6, 1.9835699084740313e+03, -2.8784100387691200e+04
15, 7, -4.3475432923003711e+04, -1.9642446125356582e+04
15, 8, -4.7293005576616117e+04, -2.7511114749237378e+04
15, 9, -4.5606135676193408e+03, 1.4689539049045299e+04
15, 10, 1.2846160101695037e+04, 8.4135452973928623e+03
15, 11, 3.5130888610695722e+04, -2.6250344830925191e+04
15, 12, -2.6990322392120812e+04, -3.3213127640148952e+04
15, 13, -4.3647060536482877e+03, -3.5342677861645068e+04
15, 14, -8.1199731150308135e+03, 5.6495984246677945e+04
15, 15, 2.6498446623577060e+04, -2.1532173871985442e+03
16, 0, -1.6353641646088821e+04, 0.0000000000000000e+00
16, 1, 8.7980668299437621e+03, 2.2209839291484965e+04
16, 2, 3.3106907034088596e+04, 1.2217862016276764e+04
16, 3, 1.8653027391359959e+04, -1.9393933587868891e+04
16, 4, 4.0881355348105135e+04, 4.1288303534854795e+03
16, 5, 1.6101776129560012e+04, -2.4927626372534367e+04
16, 6, -6.6778364334129219e+03, -9.1104788910469251e+03
16, 7, -2.0676499129836677e+04, -9.8187709689671174e+03
16, 8, -1.2364533777647563e+04, -2.1818964111056179e+04
16, 9, 2.1253012237641262e+04, 4.0477594820001919e+04
16, 10, 2.6608714951552323e+04, -1.1436714682526635e+04
16, 11, -9.5233096755164524e+02, 3.1382781484276165e+03
16, 12, -2.7739727359406181e+04, -2.5779857787724533e+04
16, 13, 4.4242654667851484e+03, 2.7372096316507974e+04
16, 14, 1.1046450121702264e+03, 3.7999084922371272e+04
16, 15, 4.5922362786797901e+04, -1.2744847217751520e+04
16, 16, -8.0386509963444951e+03, -1.4171763534046895e+03
17, 0, 5.4608005558033547e+03, 0.0000000000000000e+00
17, 1, 1.9904775324853174e+04, 2.4892185003646577e+04
17, 2, 1.1082487577406162e+04, 2.4340757256070037e+03
17, 3, 1.0867525188757221e+04, -3.9595603453060576e+03
17, 4, -1.6836646857259060e+04, -8.5461288255298018e+02
17, 5, -2.5734381364887591e+04, -7.0554807156259612e+03
17, 6, -2.2129033021144489e+04, 7.7990328833057920e+03
17, 7, -1.1434373498748788e+04, 1.4622300641272979e+04
17, 8, 1.3102422654274891e+04, 7.2703689676803097e+03
17, 9, 3.1613283119145299e+03, 2.0034037302937282e+04
17, 10, 1.8746589020441523e+04, -8.3993458329530858e+03
17, 11, -7.7758765878019840e+03, 1.1187211353784855e+04
17, 12, -1.5116077005650066e+04, 2.7007087712179846e+03
17, 13, 2.3996343355649977e+04, 3.5726138754382628e+04
17, 14, 1.0206862557174412e+04, 1.6865572123858805e+04
17, 15, 1.2005864092927561e+04, -1.8096070404827406e+04
17, 16, -4.4824010079256288e+04, -2.2077146740164371e+04
17, 17, -7.4336744983512926e+03, -1.2068317928738688e+04
18, 0, 1.0546026217237621e+04, 0.0000000000000000e+00
18, 1, 6.0793770754496090e+03, 2.5204907810682136e+04
18, 2, 2.7240380323744648e+02, -8.9202954628627072e+02
18, 3, 1.3896641593768614e+04, 1.3766874769114431e+04
18, 4, -3.6479971015171119e+04, -7.0226877981181360e+03
18, 5, -7.8677956951875849e+03, 2.4814159780709851e+04
18, 6, -9.2788216452786673e+03, 2.5982567004203749e+04
18, 7, 5.5898801389148430e+03, 5.9546943645467618e+03
18, 8, -4.8653068705934011e+03, 1.2212903773803702e+04
18, 9, -7.3461542310033246e+02, -2.1001263595769720e+04
18, 10, -2.6287078193969079e+04, 7.5019684095794364e+03
18, 11, -1.2910233155104343e+04, 7.7014013714699568e+03
18, 12, -4.2688087219256840e+03, 1.1542433924801477e+04
18, 13, 1.5397294721933964e+04, 7.9661499820368363e+03
18, 14, 1.6116862681114137e+04, -9.6985128544608269e+03
18, 15, -1.8873090189349805e+04, -2.8731688200740766e+04
18, 16, -2.0062152985434455e+04, -5.4993809654600345e+03
18, 17, -9.8648713716830171e+03, 3.6430666199304505e+04
18, 18, -1.4008317233524576e+04, -1.2833742277018413e+04
19, 0, 1.0610546924052846e+03, 0.0000000000000000e+00
19, 1, -2.6522301536055420e+03, -1.5509558056778304e+04
19, 2, 1.0867003579225720e+03, -1.2461904719816966e+03
19, 3, -1.1105139825874162e+03, 6.2612574452923982e+03
19, 4, -8.3996702622791472e+03, -9.4902825793624306e+03
19, 5, 7.8655990133205587e+03, 1.1781097772299250e+04
19, 6, 4.5841461318368711e+03, 9.0566110965331427e+03
19, 7, 1.4337912528881745e+04, -6.8250694753604857e+03
19, 8, -1.4664893587033879e+04, 1.3457489454728084e+03
19, 9, -8.1357094666202365e+03, -1.8946810347406681e+04
19, 10, -2.0001469479624822e+04, -1.0049197441503493e+03
19, 11, 7.3302493725664726e+02, 1.4529623795877293e+04
19, 12, -2.9740198310842115e+03, -2.0895654940209479e+03
19, 13, 9.1174086060642585e+03, -1.8410190223673319e+03
19, 14, -6.3853096524411903e+03, -1.7545541462965994e+04
19, 15, -3.0020107423247871e+04, -2.0466626661606173e+04
19, 16, -2.1084181161221500e+03, 6.4449894713978574e+03
19, 17, 7.2218217484718098e+03, 1.6659707697222548e+04
19, 18, 1.9628772557033648e+04, -2.1017089601062216e+04
19, 19, 1.1154469515781435e+04, 2.4228536650855716e+04
20, 0, -8.6169472664627974e+03, 0.0000000000000000e+00
20, 1, -4.9051396762561853e+02, -1.8693230855466230e+04
20, 2, -1.1627349197324447e+03, 7.5611854483005136e+03
20, 3, -7.1824275828857299e+03, -5.7282478065207433e+03
20, 4, 1.2340379772664295e+04, -3.7362291497940241e+03
20, 5, -6.1560356026587906e+03, 1.1331681754437884e+03
20, 6, -5.3842946194776578e+03, -9.3239685895802086e+03
20, 7, 2.3123378931430898e+02, -8.7977398940738512e+03
20, 8, -8.0856545301549968e+03, -9.5394596264569009e+03
20, 9, -7.3823824383508327e+03, -5.0185457128540947e+03
20, 10, 1.0944353891849221e+04, 1.5664143544320489e+03
20, 11, -1.2739996761092370e+03, 4.0842920782111296e+03
20, 12, 1.8186473300041231e+04, 5.4803394424538110e+03
20, 13, 8.3380016023235676e+03, -1.0129140778077890e+04
20, 14, -1.1354197878558280e+04, -1.1137688547322248e+04
20, 15, -2.4514231798585606e+03, 1.2184745153254420e+04
20, 16, -1.5930729282676011e+03, 3.6266014158561065e+03
20, 17, 1.7827623694559104e+04, 1.3693600571894271e+04
20, 18, -1.6677165144126047e+03, -2.0395857573348927e+04
20, 19, -1.8318639449385137e+03, 7.5388942295909719e+03
20, 20, 1.4882579188751824e+04, 6.2640816509808110e+02
21, 0, -8.1499229589627248e+02, 0.0000000000000000e+00
21, 1, 5.2605381163450475e+03, 9.1477736061814212e+03
21, 2, -1.4305586947589964e+03, 1.5634540618302921e+04
21, 3, 2.8655982149495981e+03, -5.0740360024841229e+03
21, 4, 1.0386847501747357e+04, 4.9160919894816361e+03
21, 5, -1.0911607661089432e+04, -2.8265727436972306e+03
21, 6, -1.5783657925411144e+03, -3.8793556511487795e+03
21, 7, -6.0763688689825940e+03, 9.8753973923060712e+03
21, 8, -2.6377371510168487e+03, -7.0039874262808635e+03
21, 9, 9.5849651593456092e+03, 1.7063403286504035e+02
21, 10, 9.2288537017419403e+03, -7.6833751815401565e+03
21, 11, 1.2346175601644649e+04, 1.0632326373541275e+04
21, 12, -5.2441622463666790e+03, -4.5318243427814250e+03
21, 13, 1.1965149512723904e+03, -8.5847281594607466e+01
21, 14, -3.2369164706204710e+03, 1.2391219288675858e+04
21, 15, 8.9433536688049044e+03, 1.2195880656377620e+04
21, 16, 8.6453938049904336e+03, 5.5844064899647874e+03
21, 17, 9.7324229005226807e+03, 8.0830183240116448e+03
21, 18, -7.2247327418870618e+03, -1.2337366719811211e+04
21, 19, -3.1004034432559729e+02, 2.2685737648359805e+04
21, 20, 8.6322639748075089e+03, 1.2086085817599876e+04
21, 21, -2.0824760197044281e+04, -1.5908630047451843e+04
22, 0, 9.7040874249349654e+03, 0.0000000000000000e+00
22, 1, 1.1372026473611180e+04, 6.7832536894444220e+03
22, 2, 7.7335913799870195e+02, -3.0977084642708533e+03
22, 3, 1.0511781252774632e+04, 1.6636486826011117e+03
22, 4, -7.4856639034681530e+03, 6.8954099841594298e+03
22, 5, -1.1449407231575126e+03, -1.9953954328003365e+03
22, 6, 3.6426996576281026e+03, 8.6925864140271697e+03
22, 7, -5.8200616606130116e+03, 2.6936075927382658e+03
22, 8, 7.0649474827291624e+03, 3.8489454137215916e+03
22, 9, 2.4626089030878738e+03, 5.6741283079863451e+03
22, 10, 6.9608066593547810e+03, -3.5835648227658376e+03
22, 11, 7.5608656617835968e+03, 7.9382631623693360e+03
22, 12, -8.3247003245072810e+03, -1.7289907226886303e+03
22, 13, 3.9380943260488866e+03, 3.6164863654133355e+03
22, 14, 1.3148256843777817e+03, 1.0911846028737174e+04
22, 15, 9.7600528913145627e+03, -5.0080124822685093e+03
22, 16, 5.6463641058331450e+03, -1.9963556598347782e+02
22, 17, -1.2231742281086501e+04, -7.8235360445125461e+03
22, 18, 3.4136285729340748e+03, 1.2785767569174300e+03
22, 19, -1.2296286434980362e+04, 7.9899460996487996e+03
22, 20, 1.3456889769784262e+04, -3.4865504617602055e+03
22, 21, -9.4091224725964330e+03, -1.7232304239046542e+04
22, 22, 4.9135649860983222e+02, 7.1534988987720699e+03
23, 0, -2.8588880609326047e+03, 0.0000000000000000e+00
23, 1, -4.6462733773718574e+03, -8.1049774908498875e+01
23, 2, -3.3370802065552944e+03, -8.6341507295445954e+03
23, 3, -4.3809415505725538e+03, 4.6215046354162578e+03
23, 4, -6.7420503578890821e+03, -7.8819912371936857e+02
23, 5, 8.3483704647331815e+03, -4.5487802263111062e+03
23, 6, -7.8907245566916281e+03, 1.2211491837029927e+04
23, 7, 4.2115332338121398e+03, -1.0498082876852073e+04
23, 8, 1.7658660269161110e+03, 7.5027235309435346e+03
23, 9, -1.1427539514609084e+03, -4.5468731617747308e+03
23, 10, 3.2559064504490416e+03, 1.0674961391450051e+04
23, 11, -4.3790991925581611e+03, 3.6405445770365359e+03
23, 12, -5.8177443102305210e+02, 5.2683519360308374e+03
23, 13, 5.9660459844964025e+03, -1.4020427720131715e+03
23, 14, 1.4361739670788666e+02, 1.1725606188794753e+04
23, 15, 6.4315356151348060e+03, -1.8161377320126649e+04
23, 16, -9.5979891530153945e+03, -4.8473844204518991e+02
23, 17, -7.4376691542579320e+03, -1.6721076905383085e+04
23, 18, 3.3833105877592816e+03, 1.1369064558515940e+04
23, 19, -1.2957746047497611e+04, -1.0292889997628154e+03
23, 20, 1.3555331838069666e+04, -3.4741002064110662e+03
23, 21, -1.0490062074306748e+04, -1.4872421010223632e+04
23, 22, -5.8098965900055000e+03, 4.9835129583665821e+02
23, 23, 1.3875396562757494e+04, -2.8477362948485988e+03
24, 0, -2.2286052643626526e+03, 0.0000000000000000e+00
24, 1, -5.3078189222701976e+03, -6.7177804270457700e+03
24, 2, 9.6347204946867373e+02, 5.5794382944282606e+03
24, 3, -9.0968201117703375e+03, 2.9121971968221278e+03
24, 4, 1.5799341393097004e+03, -4.0923576739488053e+03
24, 5, 3.7782254711889491e+03, 3.3622895886390720e+03
24, 6, -8.6257151356730046e+03, 2.0135764123801162e+03
24, 7, 9.0098367857455942e+03, -1.0161131618338000e+04
24, 8, -2.8707247376389291e+03, 4.2684624795508807e+02
24, 9, -1.9512118275003056e+03, -6.4414659810773574e+03
24, 10, 3.2255276504230628e+03, 2.9246849819395347e+03
24, 11, -3.1841163698801108e+02, -7.2709560642555025e+03
24, 12, 7.5749303235381194e+03, 6.1760068198097306e+03
24, 13, -5.3128014891878784e+03, 5.3232336545678072e+02
24, 14, -2.4747928183202299e+02, -8.1746543697500538e+03
24, 15, -5.7573368037379005e+03, 2.0227205175702716e+03
24, 16, -1.1557370961996397e+04, -7.5716882976141333e+03
24, 17, 3.2813179878318838e+03, -4.9864504216612920e+02
24, 18, -8.2753773508816703e+03, 1.4684830633673080e+04
24, 19, 9.7469562589129491e+03, -7.4582116924932916e+03
24, 20, 4.0171178132362661e+03, 1.2988489650333117e+03
24, 21, -9.5087854264766838e+02, -6.1547434772711622e+03
24, 22, 3.0006846398252574e+03, 1.3885935838959627e+04
24, 23, 1.0877685305097406e+04, 1.5540432146819844e+03
24, 24, -5.9493681207317177e+03, -1.6326232833931745e+03
25, 0, 2.0451129332465157e+03, 0.0000000000000000e+00
25, 1, 3.1863556470129574e+03, 1.0363839621906945e+03
25, 2, 4.4496682492562859e+03, 7.6940680550683664e+03
25, 3, -1.9122912682403739e+02, 3.0872393015921689e+03
25, 4, 1.2563353150717609e+04, -4.0681180990280372e+03
25, 5, -4.0513055489939834e+03, 4.7827614326249131e+03
25, 6, 3.6442399458629566e+03, -4.3469593548111279e+03
25, 7, 7.1271535576811766e+02, -6.9594659043917000e+03
25, 8, -2.1142443801783766e+03, -3.6984503679479139e+03
25, 9, -1.1458409187942500e+03, -3.6816923076089233e+03
25, 10, -8.6799956802726138e+02, 3.2131033612086658e+03
25, 11, 9.7985560907053950e+03, -7.5580290181729179e+03
25, 12, 5.4143504161064220e+03, 5.7812381921019487e+03
25, 13, -9.8766003166134897e+02, -4.8918904839921961e+03
25, 14, 1.5373053530088471e+03, -4.1540383588551631e+03
25, 15, -8.2364269324761444e+03, 4.2201442515368035e+02
25, 16, 2.5849551349028175e+03, -6.4229872955263145e+03
25, 17, 4.5972932670983328e+03, 1.3068462930669877e+04
25, 18, -4.2034193452056670e+03, -2.3028968077317331e+03
25, 19, 1.1007212140236321e+04, 7.4746278156234825e+02
25, 20, -7.3877104030420178e+03, -1.4809051378992435e+03
25, 21, 1.2577106009152987e+04, -6.0870217546762415e+03
25, 22, -4.1754741784515036e+03, 1.0470521649633973e+04
25, 23, 8.9833450166579350e+03, -9.1039154843443011e+03
25, 24, -2.6905610958406787e+03, -1.6020275994137380e+03
25, 25, -3.0572885793059272e+03, 4.9874690489249278e+03
26, 0, 6.5476739873450060e+03, 0.0000000000000000e+00
26, 1, 5.6827774185321960e+02, 7.2474092502753483e+03
26, 2, 1.9763544514376244e+03, 1.1005781578664216e+03
26, 3, -1.2624191939569810e+03, -1.4911798106605324e+03
26, 4, 4.8945936327816316e+03, -4.2458828027454820e+02
26, 5, -3.4967346217960830e+03, -8.5427019135000592e+01
26, 6, 5.8064341465362722e+03, 1.3472729218649697e+03
26, 7, -9.7743198016005272e+02, 1.9588397673709969e+03
26, 8, 1.8258992659630776e+03, -4.0975699629843111e+03
26, 9, 2.3369442819803794e+02, 7.1176193845976741e+03
26, 10, -1.2282706879934904e+02, -1.4120061128028931e+03
26, 11, 7.6677005845020367e+03, 2.8759086865677850e+03
26, 12, -4.0038420453810327e+03, 3.0873717764892622e+03
26, 13, 3.2815917807162486e+02, -5.2092784448598286e+02
26, 14, -1.3939573003969940e+03, 4.7574995380046403e+01
26, 15, -1.6938680731468755e+03, 1.3817106382571601e+03
26, 16, 6.3637544708322794e+03, 1.7192340887121923e+03
26, 17, 5.7301023241612138e+03, 2.1548971072587301e+03
26, 18, 4.0713325078634243e+03, -4.4329974594558807e+03
26, 19, -3.5858074449775688e+02, -8.7652960639159573e+02
26, 20, -2.1430293357078563e+03, -5.4350136511957135e+03
26, 21, 4.5801565456419621e+03, 6.7755524750420554e+03
26, 22, -7.8709734231754637e+03, 2.2143494460313009e+03
26, 23, 3.5124989244571530e+03, -4.9462118932946287e+03
26, 24, -1.2915762926714589e+04, -7.4055502862073354e+01
26, 25, -4.2356162776875199e+03, 6.3111246811558285e+03
26, 26, 2.5598549613271975e+03, -6.9405144908994234e+03
27, 0, 5.1653147101042050e+03, 0.0000000000000000e+00
27, 1, -1.7868361325233559e+02, -2.4656925406870459e+02
27, 2, -4.9962409017294351e+02, -5.5793651966992293e+03
27, 3, -1.7361016415774645e+03, -3.1223827752565148e+03
27, 4, -5.3308447627326750e+03, -2.0898955025858795e+03
27, 5, -1.2803127008265496e+03, -5.0972184305319461e+03
27, 6, -5.9806651002451363e+03, 4.3671766079107529e+03
27, 7, 1.3976624781353139e+03, 2.2108564737595643e+03
27, 8, 5.4314923616834567e+03, -2.7369490026413960e+03
27, 9, -2.2663536966050574e+03, 7.2356303646979159e+03
27, 10, 1.7168379808014442e+03, 1.9521019348756568e+02
27, 11, 2.9866713405199575e+03, 1.8764350286794438e+03
27, 12, -2.0932825575278634e+03, 1.0620605328395588e+02
27, 13, 2.0407604524953827e+03, 1.1447691355217767e+03
27, 14, -5.7244017870961625e+03, -2.8470514981304586e+02
27, 15, -3.8824242470004970e+02, -1.8895391689922521e+03
27, 16, 2.5453120630630110e+01, 4.8727273150013161e+03
27, 17, -2.1797201373760518e+03, -7.4335731932991930e+03
27, 18, -4.0925179510028090e+02, -2.8279044248623468e+03
27, 19, -1.0333089190451368e+04, -2.1492056638160584e+03
27, 20, 5.3990216837798034e+03, 4.7032262511176350e+02
27, 21, -4.7087473704339191e+03, 4.1504532716279227e+03
27, 22, 2.6018741240252748e+03, -4.9601233511771743e+03
27, 23, -2.0266315888962679e+03, 4.5006416506882415e+03
27, 24, -3.2636959909691454e+03, -2.4236363626180951e+03
27, 25, 8.3371697180069214e+02, 8.1164107933743517e+03
27, 26, 2.6600820694547729e+03, -6.5980618572550939e+03
27, 27, -5.8404669970631930e+03, -2.1702960821853367e+01
28, 0, -2.6167204771858326e+02, 0.0000000000000000e+00
28, 1, -2.0946172746109296e+03, -1.0089230307941793e+03
28, 2, -4.3897028107545611e+03, -3.3881064776093908e+03
28, 3, -1.6908397818899120e+03, 4.9705227732312205e+03
28, 4, -2.9059018059187574e+03, -2.9366071358866138e+03
28, 5, 1.6684200396433255e+03, -2.7584465300748357e+03
28, 6, -5.8644623745330318e+03, 3.3451777295869238e+03
28, 7, 3.1730913423319653e+03, -5.4435001447138211e+03
28, 8, 3.7191797238696645e+03, 1.3789630351089534e+03
28, 9, -4.0817749298216768e+02, -5.9923895989693156e+03
28, 10, 1.4114630375806942e+03, 2.2317466257567216e+03
28, 11, -1.4515842620849976e+03, -3.6345284968634642e+03
28, 12, -1.4633989854600350e+02, 1.1033431971241803e+03
28, 13, 1.1362003984106036e+03, -1.9173792814853482e+03
28, 14, -3.1822699204782821e+03, -3.1332256044427922e+03
28, 15, 1.4720565138857173e+03, -2.5654257226434979e+03
28, 16, -2.1087677811315898e+03, -2.0455261614408680e+03
28, 17, 8.9111310447213145e+02, -6.3068445161382424e+03
28, 18, -3.5645629865154692e+03, 3.0482377949821694e+03
28, 19, -5.3044901791707025e+03, -1.7676280929669688e+03
28, 20, 3.4014250746637422e+03, 5.0368320712911700e+03
28, 21, -7.7530390048399477e+02, -1.1092428941289459e+03
28, 22, 4.0768696365216629e+03, -7.1915392351463197e+02
28, 23, -3.8074654798507936e+03, -2.1937452877579008e+03
28, 24, 2.0609384715658725e+03, -1.5663621055805497e+03
28, 25, 1.1284768568903371e+03, 7.2441235130383461e+02
28, 26, 5.6594485010009048e+03, -7.4600924870261069e+03
28, 27, 8.0401475333459098e+02, -1.5412626289837544e+03
28, 28, 1.9206216899721917e+03, 6.7191647670105258e+03
29, 0, -1.8626318043203821e+03, 0.0000000000000000e+00
29, 1, 8.4591576235357002e+02, -1.3398663693726821e+03
29, 2, -3.4559714119418531e+03, -4.2159755452268814e+02
29, 3, -1.1817660033195971e+03, 4.1475756014210983e+03
29, 4, 8.1443193464579963e+02, -2.7536880328597931e+03
29, 5, 1.3007046122705929e+03, 9.9450710306160181e+02
29, 6, 1.6748068271864395e+02, -2.3079313694114185e+03
29, 7, 3.2432444610536545e+03, -1.9265486202575410e+03
29, 8, 7.3492734616668076e+02, 2.6962287745049622e+02
29, 9, -1.9796788553950043e+03, -4.8597813707939495e+03
29, 10, -2.3691216763455750e+03, 2.3502231512691715e+03
29, 11, -5.4008041156783102e+03, -1.9157993795070188e+03
29, 12, 3.0400788094845952e+03, -1.1488454747074832e+03
29, 13, -3.3711449199214321e+03, -1.1114906292929220e+02
29, 14, 1.6139602400296185e+03, -1.6429159341455418e+03
29, 15, -1.9046797636757788e+03, -1.0581120522243432e+03
29, 16, -3.4678103057955468e+02, -1.0118902513821456e+03
29, 17, -1.0629029361154037e+03, 1.3672366966314034e+03
29, 18, 1.1303306886015480e+03, 4.9372645723947926e+02
29, 19, 2.3214297752981597e+03, 9.0148610988190467e+02
29, 20, 8.6905965326938076e+02, -2.3057185619819165e+02
29, 21, 1.6436538561888492e+03, -4.4458091137986985e+03
29, 22, -2.7626461529804292e+03, -8.2114595150595858e+02
29, 23, 1.0463291747994094e+02, -3.3483525297425704e+03
29, 24, -2.1057975281215795e+02, 2.9585842270952189e+03
29, 25, 7.5973211493876033e+02, -3.8546865898025035e+03
29, 26, 3.2276604027954249e+02, -1.9696187632879191e+03
29, 27, -4.4512960014823320e+03, -6.1953374862183659e+02
29, 28, -1.1178032208916284e+02, 3.9374328775724744e+03
29, 29, 1.4357473583583228e+03, -2.1179982357658837e+03
30, 0, 8.4356055727352248e+02, 0.0000000000000000e+00
30, 1, 1.8135240969822187e+03, -3.2617540319098714e+02
30, 2, 2.9107087694979982e+03, -2.1291152120155130e+02
30, 3, 9.3283521764336228e+02, 1.3364385177238451e+03
30, 4, 3.1954921194028075e+03, -3.3575265470990462e+03
30, 5, 1.2831455547010028e+03, -9.7001939228915489e+02
30, 6, -1.2630101993983999e+02, -3.9403063941803734e+03
30, 7, -3.2745195646973161e+02, 6.4413237352326371e+02
30, 8, 1.8712304360723897e+02, -2.4250265638186988e+03
30, 9, 1.9371768931059016e+03, -2.1397930432824005e+03
30, 10, -8.6701419460864486e+02, 3.1540465768746199e+03
30, 11, -1.4945361920134312e+03, 6.4126729260519369e+01
30, 12, 3.0492585615517928e+03, -1.6134582186641537e+03
30, 13, -9.9297438956583846e+02, 3.2503916927593787e+02
30, 14, 7.7630496915655795e+02, 2.7350754124950718e+03
30, 15, -7.4410662466633471e+02, -2.7125894642139065e+02
30, 16, 1.2591145657231853e+03, 6.2902515619743303e+02
30, 17, 8.3530343997548948e+02, 4.7534862657882786e+02
30, 18, 6.5884928891549180e+01, 1.4168481578492510e+03
30, 19, -7.8785634640666103e+01, -1.7534169105260762e+03
30, 20, -2.3190549821237837e+03, -1.9136340334460783e+01
30, 21, 1.5130248101461825e+03, -1.2937683844346843e+03
30, 22, -2.9682036598439045e+03, -2.1715136993832170e+03
30, 23, 9.6429231092740793e+02, 5.6988164026871573e+01
30, 24, 1.6313156273013783e+02, 1.4885876834950091e+03
30, 25, 3.0033157984389086e+03, -1.8094088434976693e+03
30, 26, -2.1161108999907956e+03, 3.1204166623138567e+03
30, 27, -2.4189913753816509e+03, 3.0193953076757316e+03
30, 28, 1.4210500357614183e+03, 4.1223999069220718e+03
30, 29, -1.1638709414666164e+02, 9.8428407084468995e+02
30, 30, -1.4160182515235556e+03, -1.1811879118389015e+03
31, 0, -1.8300314933348964e+03, 0.0000000000000000e+00
31, 1, 1.6318276978392350e+02, 1.0285785467228125e+03
31, 2, -7.2063770015563625e+02, -1.8675921108788498e+03
31, 3, -6.2072656341129050e+02, -5.2842652607639945e+02
31, 4, 9.9799674151360568e+02, -5.4766439978485721e+02
31, 5, -1.2147008339097033e+02, -1.8025385017276960e+03
31, 6, 4.6273735286330816e+02, -1.6365406501809503e+02
31, 7, -1.0817442407505760e+03, 1.4388126051497475e+03
31, 8, 6.6399710299343371e+02, 8.7503924808668057e+02
31, 9, 9.4134769477308578e+02, 5.1306170385962105e+02
31, 10, 4.5040307316709323e+02, 3.2344203342145611e+03
31, 11, 7.8595433922286247e+02, -1.5264119488390611e+03
31, 12, 2.2252848157861140e+03, -1.3241216300764490e+03
31, 13, -7.0637254219267379e+02, -1.5040036917783805e+03
31, 14, -7.9182831880575372e+02, -3.7643930065864106e+02
31, 15, 5.6082142671848942e+01, -1.0307512862721894e+03
31, 16, 1.0810027902177712e+03, 6.1499546668631081e+02
31, 17, 1.2828183054916624e+03, 3.1907151958748807e+02
31, 18, -2.3087036416936456e+02, -3.3812724533574351e+03
31, 19, -8.5497110199083158e+02, -1.5737077408178045e+03
31, 20, -3.3572752308639301e+03, -1.3211576133371932e+03
31, 21, -1.3342666341753784e+03, 4.1010147872444929e+02
31, 22, -3.9030270637677859e+01, 2.4900046488293688e+03
31, 23, -4.6994245552730263e+02, 4.7651662233171101e+02
31, 24, -1.7462710005530569e+03, -9.1494930368885798e+02
31, 25, -5.9111982046315370e+02, 7.0760896981076894e+02
31, 26, -1.4086375363487919e+03, 1.0593636494039968e+03
31, 27, 9.3236778655561784e+02, 1.7251501368214460e+03
31, 28, 3.0009785099080464e+03, -1.7584420645518758e+03
31, 29, 8.1122883430209868e+02, -6.5042845505450487e+02
31, 30, -8.2538234570451209e+01, -2.8595675201333843e+03
31, 31, -7.4820799851504580e+02, 1.7108476790075672e+03
32, 0, -1.5103923165958058e+03, 0.0000000000000000e+00
32, 1, -5.2790711022223945e+02, 1.9930536044753485e+03
32, 2, -2.5882362837249525e+03, -1.1878510146297140e+03
32, 3, 2.0534539676984023e+03, 1.6975461039345737e+03
32, 4, -1.5897689830783411e+03, -5.0042002093926499e+02
32, 5, -7.9043632794376072e+02, -2.2060891784552473e+02
32, 6, 8.6100578998540925e+02, 1.4003316429296428e+03
32, 7, -1.7417776554362379e+03, 3.9826966210940782e+02
32, 8, 2.0955563390228695e+03, -2.0375080904212871e+02
32, 9, 1.1147134301220801e+03, 2.9388877362418293e+02
32, 10, 1.1082090248342406e+03, 3.3480486588401800e+02
32, 11, -4.2330009436446971e+02, 9.9060889301333759e+02
32, 12, -3.0290266908583067e+02, 1.0949511005069039e+03
32, 13, 2.3433487359616083e+02, -8.7589715671825161e+02
32, 14, 3.6965213114613528e+02, 2.0525589350149157e+03
32, 15, 6.6498736943418737e+02, -1.6571924109605770e+03
32, 16, -6.9955934438485656e+01, -2.4095710494968557e+02
32, 17, -1.5921542957485607e+02, 7.2137303335770639e+02
32, 18, -1.1896888922138271e+03, -4.7404205697842428e+02
32, 19, -1.5813416573089439e+03, 2.1127008955787933e+03
32, 20, -3.3556822080466222e+03, -8.2365750658971911e+02
32, 21, 1.9378857298466896e+03, 2.0566579846553650e+03
32, 22, 3.9328606647133051e+02, -1.7909936053342562e+01
32, 23, -6.3557447527829265e+02, 2.0801744101871463e+02
32, 24, 1.0858370606247883e+02, -1.7601779576911199e+03
32, 25, -1.9626987520498101e+03, 2.3164087573316328e+03
32, 26, -3.9874039969056633e+02, 5.0369263239687496e+02
32, 27, 5.1217609816090635e+02, 1.6025656629169976e+03
32, 28, -3.7982427386332733e+02, -3.1434505196979458e+03
32, 29, -2.4562015712226244e+03, -1.6633241654820158e+03
32, 30, -9.4502630991005799e+02, 3.5645942935301332e+02
32, 31, -7.5752335230063522e+02, -1.1552997216974165e+03
32, 32, 2.9135877202679808e+02, 7.7446738140857883e+02
33, 0, 1.3349211716173863e+02, 0.0000000000000000e+00
33, 1, 1.3670648765223955e+03, 1.4170047478255653e+03
33, 2, -5.2412001855771666e+02, -1.9805470226307191e+03
33, 3, 1.6520122602545612e+03, 2.1947271828997600e+01
33, 4, 3.2082725698544391e+02, -8.8738054050446272e+02
33, 5, 9.3457643338019420e+02, 4.0394298091821793e+02
33, 6, 1.2519146127838997e+03, 3.1795998439705081e+03
33, 7, 4.6800971260371671e+02, -2.2810782407764241e+03
33, 8, 2.1571933146907936e+03, 6.1430510104761606e+02
33, 9, 4.3488865523972549e+02, -2.2893429481526073e+02
33, 10, 6.6389798373382348e+02, -3.4346865821576375e+02
33, 11, -5.4972777028270139e+02, 9.5756985160158297e+02
33, 12, -1.8325293493036370e+03, -7.6156708734443396e+02
33, 13, -1.2521983373902617e+03, 3.1558322914726415e+02
33, 14, -1.4147716444064838e+02, 7.4216796731184525e+02
33, 15, -8.8391185491539545e+01, -5.8848378257968875e+02
33, 16, 3.8615698671543169e+02, 2.2572415951289565e+02
33, 17, 1.1892055003607413e+02, 5.3291336780542019e+02
33, 18, 1.7080008475000159e+03, -4.1919977443045798e+02
33, 19, -2.2823354089783347e+03, 9.1566344488912500e+02
33, 20, 3.5804928084791345e+02, -3.0344472394215632e+02
33, 21, -6.4792473126522441e+02, 2.1181022978770307e+03
33, 22, 7.4123547585537017e+02, -1.0832017963971421e+03
33, 23, 3.1307344658950865e+02, -1.2661938444970151e+03
33, 24, 8.7249418700816886e+02, 8.6069643072833151e+02
33, 25, 2.0058978409390159e+03, -6.3686092154846756e+02
33, 26, 8.2402441250066681e+02, -2.2891134995972106e+02
33, 27, 4.7671944257529788e+02, -3.0732132826704265e+02
33, 28, -3.7704592873420142e+02, -1.1216218922629691e+03
33, 29, -1.2528624307303057e+03, 8.6855580229177224e+02
33, 30, -2.2817421425310017e+03, 2.1416380094330434e+03
33, 31, 8.0050353233396481e+02, -6.7431708598561329e+01
33, 32, -7.9890232386655930e+02, 2.5180904111462014e+03
33, 33, 8.3101841807956112e+02, -1.0965633930554627e+03
34, 0, 2.5319541790145968e+03, 0.0000000000000000e+00
34, 1, -9.1591660335908500e+02, 4.3989928821422006e+02
34, 2, 1.1403319122041466e+02, -1.1310855189569245e+03
34, 3, 1.4986289246232786e+02, 2.2007628831646384e+03
34, 4, 5.7748864904759353e+02, -1.2456728212726396e+03
34, 5, 7.3684975307122477e+02, 8.4833618929730574e+02
34, 6, 1.3092937684584439e+02, 8.5374151032289683e+02
34, 7, 5.0715912872499712e+02, -1.5916581841921757e+03
34, 8, -1.3317722957437473e+02, 1.5234696737402692e+03
34, 9, -2.0077345082481602e+03, 4.0276007895936800e+01
34, 10, -3.7924913204643576e+02, 6.9422061615976236e+02
34, 11, 7.6760700613891913e+01, 2.4117713827587322e+03
34, 12, 1.0079949298633802e+03, -3.0515307073439817e+02
34, 13, 1.7053344197177944e+03, -5.7807625334674049e+02
34, 14, 3.4772520892732985e+02, -2.2715980072329367e+03
34, 15, -8.1096959605725033e+01, -1.0664448045153126e+03
34, 16, -1.9898513258233215e+03, 3.0456716409186572e+02
34, 17, 9.0639184831054502e+02, -6.0359542478170363e+02
34, 18, 1.5257027223468100e+02, 8.2325763129857057e+02
34, 19, -4.1954887512964387e+02, -1.6565882041881523e+03
34, 20, 9.9444940861631949e+01, 7.7691692715865815e+02
34, 21, -1.0783657093482407e+03, 7.0446431422628848e+02
34, 22, 1.6672202003376740e+03, 7.0839722009809520e+00
34, 23, -1.3161560081089883e+03, 3.2841408012135275e+01
34, 24, 3.1098221649376887e+02, -7.5471351144034156e+02
34, 25, 3.8138613700610404e+02, -4.4603187389666095e+02
34, 26, -1.3365640328822572e+03, 1.2447028262000799e+03
34, 27, 1.5534446089548167e+03, -1.0442701652307833e+03
34, 28, -5.7393286799268935e+01, -5.5997367266947356e+02
34, 29, -1.0182394809103434e+03, -1.9148112753326755e+03
34, 30, 2.3412138342422702e+02, 7.0928101919465689e+02
34, 31, 1.0589059095581415e+03, -4.3748685493858534e+02
34, 32, 2.1651424307316483e+02, -4.7854219112206920e+01
34, 33, 2.1341695902028096e+03, -3.5624968418271294e+02
34, 34, 5.4593642970292512e+02, 6.3139723211833325e+02
35, 0, -3.6613283334004848e+02, 0.0000000000000000e+00
35, 1, -4.2504868494098002e+02, -6.5670876694838626e+01
35, 2, -7.8086218979281011e+02, 8.7077789454354763e+02
35, 3, 3.9141980677261790e+02, 1.4715402196574973e+03
35, 4, 1.3424630537397297e+03, -7.7581556215436660e+02
35, 5, 1.1250173179712826e+03, 1.1029329443228080e+03
35, 6, -1.6640745063405666e+02, -4.9689950202987393e+02
35, 7, -1.5675412705418921e+01, -5.1689969689002282e+02
35, 8, -4.2701095126755263e+02, -3.2148367698485231e+02
35, 9, -1.2619028719117603e+02, -2.4866595277847625e+02
35, 10, 3.8291810537851916e+02, 7.5936711668595433e+02
35, 11, -8.3427959649511070e+02, 5.7754875512084504e+02
35, 12, 2.7609277163714523e+02, 1.5229253900707306e+02
35, 13, -7.2923329542850865e+02, 3.0689093060882215e+02
35, 14, 7.7943566668589199e+02, 6.3161104297401289e+02
35, 15, -4.7765227740896421e+02, 7.8119991525935984e+02
35, 16, -1.2170950125701906e+03, -1.3161278677444880e+03
35, 17, 1.0194158130347487e+03, -8.9270673665924619e+02
35, 18, -1.5206598232314436e+03, 3.7986919045605646e+01
35, 19, -7.6137137893217050e+02, -5.5700410702670240e+02
35, 20, -1.2680727315083066e+03, 2.0149197511964380e+03
35, 21, -5.9415701495629867e+02, -1.4476020659497558e+03
35, 22, 1.7504008495688845e+02, 1.3162489058038755e+03
35, 23, 1.0395424976278512e+03, -1.7638732136662966e+03
35, 24, 8.8593880076443907e+02, -6.7552522606806133e+02
35, 25, -1.9834553025578543e+01, 4.8168861476306233e+01
35, 26, -5.3680487486643938e+02, -1.1463336764027085e+03
35, 27, -3.7618856895283011e+02, 1.2781914879617723e+03
35, 28, -1.8679698277248690e+02, 2.9963961876601570e+02
35, 29, -2.0537522962901221e+02, -8.7920112785137894e+02
35, 30, -8.0947059378231870e+02, 1.3699801729050932e+02
35, 31, 7.9126785767631145e+02, -2.0568659338320802e+02
35, 32, 1.6683483263339440e+01, -7.7811300746647248e+01
35, 33, -4.0659201345566862e+02, 4.1869294804639912e+02
35, 34, -6.6315491573711643e+02, 4.5840340977203232e+02
35, 35, -6.3501617950496416e+02, -1.1444161201345044e+03
36, 0, -1.1024007107367752e+03, 0.0000000000000000e+00
36, 1, 9.3387220932541368e+01, -9.8282579054847531e+01
36, 2, -1.0105827396036419e+03, 5.0784836685205050e+02
36, 3, -1.9340589968099221e+02, -4.1754783091727711e+02
36, 4, 1.6111479024455148e+03, 2.4592115472246428e+02
36, 5, -9.6197331678338367e+02, -1.4127379091792244e+02
36, 6, 7.1009026874948859e+02, -3.3948124470159507e+02
36, 7, 1.5782043758580467e+03, 6.3957870285794456e+02
36, 8, -2.6225760500079696e+02, -3.6854179331044941e+02
36, 9, 2.4518355488439202e+03, -5.4333611141389656e+02
36, 10, 4.3156374609456338e+02, -1.3641418651703641e+03
36, 11, 7.5434222103174307e+01, -4.8884715302786748e+02
36, 12, 1.5864455302675792e+03, 7.0963404917691992e+02
36, 13, -1.8213817093059679e+03, -2.9516358159323136e+02
36, 14, 7.0085570757103721e+02, 6.0948195982627169e+02
36, 15, -2.1913568226188340e+03, 1.1472005677786362e+03
36, 16, 1.4022186815014206e+03, -1.3380645637340598e+02
36, 17, -4.9231153232667577e+02, 4.3272096549076491e+02
36, 18, 3.0172723538188575e+02, -8.5108886189861323e+02
36, 19, -1.1877233635952189e+02, 1.1255101462073821e+03
36, 20, -1.2409106937279935e+03, -7.7383532474118931e+02
36, 21, -7.5134320790388995e+02, 5.8411630413865385e+02
36, 22, -5.4674231925263916e+02, 5.8604447795068768e+02
36, 23, -2.1676389274854310e+02, -1.1750231059038792e+03
36, 24, -4.2160680517898527e+01, -3.8699140750946299e+01
36, 25, -7.3723817021789864e+02, 3.6936258127592941e+02
36, 26, 8.3996751201022028e+02, 1.3340356340125179e+03
36, 27, 2.6221726708592314e+02, -1.7890210648717857e+02
36, 28, 4.9129654121186962e+02, -1.0501718326956529e+03
36, 29, 1.3476744863705744e+02, 2.0202768748073997e+03
36, 30, -8.2772128767124991e+02, -5.3203146470487309e+02
36, 31, 2.2780445529761892e+02, 7.7694008177783871e+02
36, 32, -1.1505878501072357e+02, -9.4923437059226103e+01
36, 33, 1.0475238413821689e+03, 7.5462870669147424e+02
36, 34, -1.7916057594935774e+02, -9.2986354266824833e+02
36, 35, 1.6888796976556478e+01, 1.7565003607272502e+02
36, 36, 1.6990416065493457e+02, 1.6338735735228108e+03
37, 0, 6.8386494960227674e+02, 0.0000000000000000e+00
37, 1, 7.1339706686054126e+02, 9.9944351208562352e+02
37, 2, -1.4096275582482249e+03, 5.2509830912420784e+02
37, 3, 1.3342001075667495e+03, 2.3749954946520575e+02
37, 4, 3.0757109713323371e+02, -8.8026577918957321e+02
37, 5, -1.1050926517625719e+03, -4.9303687912005444e+01
37, 6, -8.6578595015659175e+01, -5.3213620506034022e+02
37, 7, -1.8548698330136197e+03, -8.1469927896618401e+01
37, 8, -3.2355767788712774e+02, -9.3834675422129430e+02
37, 9, -3.9187292243705133e+02, -8.2353079099563047e+01
37, 10, -4.8117627692415891e+02, 1.0653464804219277e+03
37, 11, -1.2057789036837758e+03, 6.1585748970603902e+02
37, 12, 4.7404561257470414e+02, 1.9359166698352758e+03
37, 13, 9.7441688862039177e+02, -1.6523029702661131e+03
37, 14, 6.9356409117556086e+02, 1.3416288525373066e+03
37, 15, -6.3503536877617137e+02, 3.0922644716751279e+02
37, 16, 1.1383556643070824e+03, 2.8655570349379514e+02
37, 17, -1.8957411604978381e+02, -4.0987597658748564e+02
37, 18, 1.1062746605913719e+03, 9.4406065488494232e+02
37, 19, 6.7552075794598204e+02, 6.6100196227755089e+02
37, 20, -4.1284855678949475e+02, -8.5525138249094630e+02
37, 21, 1.9018534365512792e+02, 1.3547926827078459e+02
37, 22, -8.3875173873998972e+02, -4.1560301405293171e+02
37, 23, 1.0753754019375156e+03, -4.8883621366573152e+02
37, 24, 9.0768870771699778e+02, -7.6543492550197323e+02
37, 25, 1.0967996379236092e+02, -1.8168989137487335e+02
37, 26, -6.6483326999942801e+02, -2.7960653526874853e+02
37, 27, -7.4751145269747781e+02, 5.7893018509670924e+01
37, 28, 9.2856728236306344e+02, 1.0058194310623806e+02
37, 29, -2.2455132216525180e+02, 3.0733799249526601e+02
37, 30, 1.1459641118195516e+03, 2.6534320889079481e+02
37, 31, -6.1675502415455117e+02, 2.9102049851472475e+02
37, 32, 1.2177706138577321e+01, -6.6498040607240375e+02
37, 33, 5.5741616361087790e+02, 2.4904130131103102e+01
37, 34, -3.5545788382008504e+02, -7.9211891240619593e+01
37, 35, -9.6831791886567771e+02, -4.1056701054740370e+02
37, 36, 9.6370984747539478e+02, 5.2075002643772996e+02
37, 37, 2.9809514649761059e+02, 1.3528877072563728e+02
38, 0, -2.4165189247243688e+01, 0.0000000000000000e+00
38, 1, -1.2675546556463298e+03, 8.4742080080806352e+02
38, 2, -1.2630788282337776e+03, 5.1308587610364066e+02
38, 3, 1.4091815530314454e+03, -5.1041100930709035e+01
38, 4, -3.7702262461404234e+02, -7.5276204971599236e+02
38, 5, 1.3777649110081895e+03, 4.4958356878148538e+02
38, 6, 9.9555800972125371e+02, 1.5702790453205675e+03
38, 7, 6.0762291395866134e+02, -7.1488660911001716e+01
38, 8, 1.2176668895053365e+03, 4.4092684477130047e+02
38, 9, -9.8562805368769523e+02, -1.9696769859130427e+02
38, 10, -6.3182436220217949e+02, 2.9937502400685440e+02
38, 11, -8.6190338651549541e+02, 2.2157362111894372e+02
38, 12, -5.4170268031580889e+01, 4.7465641389678603e+02
38, 13, -1.9248450602225230e+03, 8.3963368802991192e+02
38, 14, -1.1923477247856813e+03, 1.1703929809663416e+03
38, 15, 2.5893658007948943e+02, 9.6610505388416755e+02
38, 16, 2.2206310246190958e+02, 4.6850065458411785e+02
38, 17, -4.5001944993426707e+02, 8.6708456105336381e+01
38, 18, -1.5816300780847672e+02, -7.7005979373634227e+02
38, 19, -5.5762608861077911e+02, -9.1399223993631244e+02
38, 20, -1.4554861129381484e+03, 4.3989688356479076e+02
38, 21, 9.6107616506170416e+01, 5.2575387354767975e+02
38, 22, 6.6715832130155559e+02, 1.7162578077807348e+03
38, 23, -8.3877137692123029e+01, 3.4852230523382877e+02
38, 24, -8.0564738041295698e+02, -2.5521216153172645e+01
38, 25, 1.9832259491439373e+02, 4.0095843866075910e+02
38, 26, 1.4278117585625853e+03, 3.5718096072133289e+02
38, 27, 1.1063961528259111e+02, -1.5564840753079768e+03
38, 28, -8.2044581590825260e+02, 1.1036707221357551e+02
38, 29, -3.2738598402528532e+02, 5.0291643132360787e+02
38, 30, 7.5193464672091659e+02, 5.7833529362958825e+02
38, 31, -1.9844003691505350e+02, -5.6415226765161560e+02
38, 32, 3.8020613386343962e+02, 5.0840615511500931e+02
38, 33, -2.6202212991826923e+02, -6.4528763538614726e+02
38, 34, -1.7136002136973614e+03, 4.5704065360067716e+02
38, 35, -1.2231164303194428e+03, -5.8139901094009883e+02
38, 36, -8.0174429030672241e+02, 4.1164763519353528e+01
38, 37, -5.0363560379246661e+02, -3.5268513832764893e+02
38, 38, -8.0947636502240266e+02, -7.7420672435015251e+02
39, 0, 8.9040632906554140e+02, 0.0000000000000000e+00
39, 1, -7.5127602236738085e+01, -7.8432057398771030e+02
39, 2, 2.9915072278320441e+01, 6.1284027643679519e+02
39, 3, 1.2056913879591207e+02, -1.3844431090070759e+02
39, 4, -5.2010973104836035e+02, -3.9154636115344101e+02
39, 5, -4.7562306494507220e+02, 1.2646047929370700e+03
39, 6, -2.9564181118220540e+02, 6.6527165383638874e+02
39, 7, 3.1319795546108560e+02, -6.9563606534898088e+02
39, 8, 4.5056722342577768e+02, 2.9901922401800124e+02
39, 9, 8.4896881569245238e+02, 3.1110528240936816e+02
39, 10, -1.8117500661989902e+02, -2.5289200886682531e+02
39, 11, -5.7410478358886076e+02, 1.2107147175837483e+03
39, 12, -1.9982975895726599e+02, 1.6606803091670241e+02
39, 13, 4.6563529693536555e+02, 5.6339630116336139e+01
39, 14, -5.8373565835941804e+02, -6.5341151154185991e+02
39, 15, 2.4138496137127515e+02, 9.8540359855759266e+02
39, 16, -7.6032087255831414e+02, -6.0244301241016956e+01
39, 17, 2.0565494222838333e+02, 6.4402687876598168e+02
39, 18, -1.6005877666231891e+02, -2.3328053812065264e+01
39, 19, 2.0793942255218349e+02, 7.4316075093141330e+02
39, 20, -6.6491370852074692e+02, 1.3613133686401534e+02
39, 21, 7.9060133368069967e+02, -6.5036328574205550e+02
39, 22, 5.8710992596023652e+02, -3.9088361245323216e+02
39, 23, 5.0997536088624247e+02, -3.2583756556903319e+02
39, 24, -1.9066538926649823e+03, -9.4673297968697125e+02
39, 25, -8.8276193549950710e+02, 4.5299460686783698e+02
39, 26, -6.6541674152985081e+02, 6.8065323690185124e+00
39, 27, 6.5210221285810871e+02, -5.6314114658455401e+02
39, 28, -5.9182495945137407e+02, -1.4451031690855975e+03
39, 29, 2.1143209766383904e+02, -8.6936073465519030e+02
39, 30, -1.3250452552080146e+03, -1.2316458557248552e+01
39, 31, -4.1244185530984100e+02, -9.4215238215089812e+02
39, 32, -7.1096491523660416e+02, 3.1296334626448970e+02
39, 33, -4.3338735416682539e+01, -4.8713961167856860e+02
39, 34, 8.2196392693872860e+02, 4.2308837543293532e+02
39, 35, -4.3978758331329641e+02, 2.8767025031871617e+02
39, 36, 1.3771656632350414e+01, 9.0247451417438697e+01
39, 37, -2.3583518740150919e+02, 3.8959638379218404e+02
39, 38, -3.3518734429620554e+02, 8.5680934678345704e+02
39, 39, 1.6425766132175090e+02, -8.1868247889521399e+02
40, 0, -1.1827218521553586e+03, 0.0000000000000000e+00
40, 1, -1.1160656233617958e+03, 1.2239282751181446e+02
40, 2, 5.2904281871955561e+01, -1.0294055166985354e+03
40, 3, 9.1663150313670621e+02, 3.4804208627820640e+02
40, 4, 4.5121099009699913e+02, -4.3272851724275824e+01
40, 5, 2.7795162049586850e+02, 1.2021032575988093e+03
40, 6, -9.7254603005981357e+02, -6.3659490185830452e+02
40, 7, -7.5673836884557818e+02, -7.4137127865459729e+02
40, 8, -1.8232432119992895e+03, 9.4710298502126375e+02
40, 9, -3.1370678219329466e+02, 2.9528459396182780e+02
40, 10, 5.4239376374858023e+02, 1.4063386238856899e+03
40, 11, 6.9927931954842620e+02, 5.0966954864653309e+02
40, 12, 2.3355284500055001e+02, 2.6764454788342948e+02
40, 13, 7.2897356522600546e+02, 6.2050844293974751e+02
40, 14, 4.8666531520195974e+02, 4.7602851950005402e+02
40, 15, 1.4467104235089323e+02, 3.6466432318016257e+02
40, 16, -1.4711111298743481e+02, 1.6601736739326745e+02
40, 17, -6.2844896201785832e+02, 1.7894327483022425e+02
40, 18, 1.0897685724955227e+03, 1.0708701817504232e+03
40, 19, 8.0972455814560419e+02, -4.7197679775061374e+00
40, 20, -6.3179714688195031e+02, 1.8610442129735139e+02
40, 21, -7.3371249896249753e+02, -7.5502832971997373e+02
40, 22, 6.0308364348826683e+02, -6.2773365520319362e+02
40, 23, -1.0373964706414222e+02, -2.4638837526885459e+02
40, 24, 5.3908508018095415e+02, 7.8026740827921265e+02
40, 25, -1.6130488106552343e+02, 7.9880668452029147e+02
40, 26, 5.6482559586540060e+02, 5.5557139788033214e+02
40, 27, -7.0543943692217084e+01, 2.1020734972179653e+02
40, 28, -4.8884654783826704e+02, -1.3241765092748369e+02
40, 29, 1.3497428891701352e+03, 1.3329678563725615e+03
40, 30, -6.5626370198582390e+02, 1.1314816481027237e+03
40, 31, 1.9492416922777556e+02, -1.4218381307841594e+02
40, 32, -6.0938394155359822e+02, 1.1521704189153411e+01
40, 33, 7.0683756652099714e+02, -4.9659354368806362e+01
40, 34, 6.5882689030841902e+01, 3.1813834904472378e+02
40, 35, -4.2824759586635969e+02, -3.1933474493510425e+02
40, 36, 1.7197294111158720e+02, 3.8483646478985258e+02
40, 37, 6.3111403565972046e+02, -3.1680370516361563e+01
40, 38, 6.0356678341263660e+01, 1.6022453816738562e+02
40, 39, 4.0125292842183512e+02, -7.7412430579696377e+01
40, 40, -4.9572087995516540e+02, 4.8482592296738267e+02
41, 0, 9.6176930452061242e+00, 0.0000000000000000e+00
41, 1, -6.6681007595955612e+02, 5.4546150006486653e+02
41, 2, -1.5258448520053462e+03, -6.3071278123065895e+02
41, 3, 2.3051916775405095e+02, 4.1443645569292471e+01
41, 4, -5.3553401153002869e+02, -4.6085706191781094e+02
41, 5, -6.5553964996956370e+02, 9.9141814304662876e+02
41, 6, 7.9716121466936431e+02, 8.8828290585438435e+02
41, 7, -4.7820335173068929e+02, 7.9145871741642668e+02
41, 8, -7.7660412362274405e+02, 2.2289211695714812e+02
41, 9, -1.1535782512273590e+02, -2.1121372133416378e+02
41, 10, -5.7220380732602371e+02, -2.0496288951940642e+02
41, 11, 5.4468191276183632e+01, -4.9966938956386821e+02
41, 12, -1.2038738857987755e+02, -3.9899450611554965e+02
41, 13, 1.6765642483218994e+02, 5.5762620512329227e+02
41, 14, 1.4657495478759884e+03, -6.7054649305640828e+02
41, 15, -1.7811770010439659e+01, -8.2675382388850710e+02
41, 16, 1.2153297805561660e+03, 2.7559344915468057e+02
41, 17, -1.5042653284345641e+02, -1.1063312839937282e+03
41, 18, -1.5049121550012865e+02, 4.6330224079518166e+02
41, 19, 6.6943447351652352e+01, 5.8705278504092757e+02
41, 20, 5.5008856246985295e+02, -5.2468695854645762e+02
41, 21, 6.8354290852433064e+02, 1.2682923490559642e+03
41, 22, -3.5439121753204063e+01, 1.5363938072983615e+02
41, 23, -5.4920332226278481e+02, 3.8419640583120110e+02
41, 24, -8.1996882040734533e+01, 2.7233009352212923e+02
41, 25, 4.7991555405284163e+02, 1.5770552817718976e+02
41, 26, 7.9487970030092731e+02, 5.5458954732211646e+02
41, 27, 2.4798107676793370e+02, 2.0750245854526270e+02
41, 28, 9.4171464422672534e+02, -1.2713319859399342e+03
41, 29, 1.1760336117978534e+02, 1.2414646197546358e+02
41, 30, -1.0012635619663467e+02, 5.3705444362621574e+02
41, 31, 2.3174034995423472e+02, 3.1987290922443867e+02
41, 32, -1.1256080724947722e+03, -4.4606452965482526e+02
41, 33, 2.2208574061906506e+02, 8.5071000977147298e+02
41, 34, 5.0468884534698191e+01, 1.8798874684215025e+02
41, 35, -2.7344684389471377e+02, -2.7992390367919086e+02
41, 36, -6.4059874661271715e+02, -1.8289462392999872e+02
41, 37, 1.8683712739418024e+02, -3.6960246319734392e+02
41, 38, -2.8100387044399889e+02, -1.0594685233440975e+03
41, 39, -2.8025470218106079e+01, 6.0708302330948516e+02
41, 40, 8.4998144633738229e+02, -3.0418855774485178e+02
41, 41, -5.4623267378383775e+02, -3.0085486718375887e+02
42, 0, -1.7590921623117711e+02, 0.0000000000000000e+00
42, 1, -1.1946888341088236e+03, -1.0280165402040481e+02
42, 2, -2.9292932044721664e+02, -4.4798346438242106e+01
42, 3, -6.0635513856960188e+01, -1.8790187123372985e+02
42, 4, -6.8394000218393762e+02, -5.3295326046117589e+02
42, 5, -4.7194038384842321e+02, 9.9037358865643523e+02
42, 6, 1.6554001631967958e+03, -4.3790263343908634e+02
42, 7, 2.9866171195249149e+02, -2.8553366803830625e+02
42, 8, 9.9892894959486853e+02, 1.1593549259079225e+03
42, 9, 3.7330543055886210e+01, 1.1826811255636167e+03
42, 10, -1.6264344148312620e+02, 4.6572452213165917e+02
42, 11, -2.9450614628489711e+02, 8.1329382122228390e+02
42, 12, -2.7143544166261961e+01, -2.2098689578712930e+02
42, 13, 4.6871100569950016e+01, 8.8445249128747696e+02
42, 14, 6.9486061718566032e+02, -3.2935527039151498e+02
42, 15, -3.2748389993825276e+02, -4.5666893703655717e+01
42, 16, 4.5116493127764898e+01, 2.7268984362255213e+02
42, 17, 8.0407038981608287e+02, -1.2285807577623319e+02
42, 18, 6.5299900092747225e+02, -1.3935525822073628e+03
42, 19, 1.9555931225576728e+02, 1.7808445162640891e+02
42, 20, -4.6832888821267261e+01, 3.5759939059231340e+02
42, 21, -1.1342576811944098e+03, -3.8722997505874741e+02
42, 22, 4.7043992653828485e+02, -4.4670790925502388e+01
42, 23, 1.1437426816936970e+03, 5.0274584801334322e+02
42, 24, -3.4538707214111207e+02, 8.4231215624765014e+02
42, 25, -1.6749471470622726e+02, 5.7829510783823048e+02
42, 26, -4.4411859578130145e+02, -1.8225164363910608e+02
42, 27, 4.4977960703730321e+02, -1.0349515368575758e+03
42, 28, 1.3001985795529345e+02, 6.0198573604647208e+01
42, 29, 2.6295105533173125e+02, -3.9367769465081614e+02
42, 30, 1.7531073290261611e+02, 6.2352405424241351e+02
42, 31, -1.3795566156583732e+02, 6.0553363534740254e+02
42, 32, -1.8211457044836416e+02, -6.1034049303548250e+02
42, 33, -5.0010774625008980e+02, 1.7960313781146897e+02
42, 34, -7.3434210990321418e+00, 4.6730938022884516e+02
42, 35, 7.9050317312318350e+02, -1.1586686516813415e+01
42, 36, 4.6387627277240699e+02, 1.6066922149584343e+02
42, 37, -9.9379826408701504e+01, 9.4131500361180179e+02
42, 38, 1.8079806892522396e+02, -4.1829732279805626e+02
42, 39, -5.7101079373047094e+02, 4.1124368816387334e+02
42, 40, 1.1620623656211546e+03, 1.5478802206471300e+01
42, 41, -2.0724119044397730e+02, 4.7057277469796918e+02
42, 42, 6.0055524489073764e+02, 7.4738895347983544e+01
43, 0, -5.6476496554738458e+02, 0.0000000000000000e+00
43, 1, 6.7525521202844629e+01, 4.6156276077544248e+01
43, 2, -7.8029194398832942e+02, 1.1153624399802084e+02
43, 3, 5.9322553872724006e+02, 6.5541654519826125e+00
43, 4, -5.8725635447407319e+02, -7.0143134052546429e+01
43, 5, -2.2227452642031608e+02, -3.9671262682558017e+02
43, 6, -1.1644253921081588e+02, -4.1929034729551483e+02
43, 7, 3.8305776739501096e+02, 1.1620393948981427e+02
43, 8, -3.3311199234475725e+02, -3.0237371990067811e+02
43, 9, -4.5031145426870813e+02, -8.8150238491571292e+02
43, 10, 4.4652093399287457e+02, 3.2907096792376888e+02
43, 11, 4.3792031498734235e+02, 6.4812343167475558e+02
43, 12, 1.1620748622452220e+03, -2.8264278253047678e+01
43, 13, -1.3416472118964043e+02, -2.0515224052097733e+02
43, 14, -4.7799429964930198e+02, 3.8189558238397257e+02
43, 15, -8.8789509489270938e+02, 6.0766598840341157e+02
43, 16, -5.1292379989811207e+02, 2.9757442941057684e+02
43, 17, -3.5044896530395204e+02, 5.8694137405601668e+02
43, 18, 2.5502069357005291e+02, -4.0645263246500639e+02
43, 19, -5.5743772364782821e+01, 5.3891051120382508e+02
43, 20, -1.2851013081099387e+01, -2.2034039357445715e+02
43, 21, -3.7994988369487851e+02, -7.2171779107849829e+02
43, 22, -4.0134079650079150e+02, -2.7633923002116546e+01
43, 23, 3.0401788437785308e+02, 3.3078602325667885e+02
43, 24, 1.4789102871065697e+02, 2.6426325093905859e+02
43, 25, -2.3846426046041918e+02, -5.5780294685369813e+02
43, 26, 4.9430885198200622e+02, 5.2237987558901000e+02
43, 27, 1.4166247956606105e+02, -2.6681121933304462e+02
43, 28, 7.1231183780044353e+02, -2.5344807689131926e+01
43, 29, 3.8283647000881047e+01, -2.3605105744738012e+01
43, 30, -1.0530769995982914e+03, 1.9998516678502290e+02
43, 31, 3.3594944499221833e+02, 6.0550008684210695e+01
43, 32, -1.5408548481806156e+02, 2.6878912662226242e+02
43, 33, 1.2705991082491130e+03, 4.1490269466450331e+02
43, 34, 2.3794933559310584e+02, 4.9957690069206848e+02
43, 35, 2.4696613662372556e+02, -3.1815760199834648e+02
43, 36, -1.4301455673441501e+02, 6.1730932965130296e+02
43, 37, 2.3542350682385654e+02, 1.2477669593388384e+02
43, 38, 2.9210395313728850e+02, 5.3368310081049333e+02
43, 39, 3.5981161665166360e+02, 1.6662799194149125e+02
43, 40, -4.2673343314341349e+02, -4.4536650505376076e+02
43, 41, 6.9420697829202368e+02, -3.6185937288330911e+02
43, 42, -8.7584298959907937e+02, -5.6461156392204725e+02
43, 43, 1.8626743805774959e+02, 6.0629360013383325e+02
44, 0, -7.4192602636348056e+01, 0.0000000000000000e+00
44, 1, -1.0519898486551751e+03, 2.8508481263240606e+02
44, 2, 3.5367397212689741e+02, -3.2197282481492118e+02
44, 3, 4.2724130673543959e+02, 3.8500257854773105e+02
44, 4, -5.5064006259379835e+02, -1.8596825616057919e+02
44, 5, -2.3841110830508291e+02, 5.9312520563061707e+02
44, 6, -4.3437036932608748e+02, -1.6421530573985365e+02
44, 7, -6.8861263367782271e+02, -9.5250588584575064e+02
44, 8, -7.5992384759562594e+02, -5.4942412206664699e+02
44, 9, 7.1786978487454735e+02, -1.0957953308053429e+03
44, 10, 9.6536464706353513e+02, 5.4321569533064462e+01
44, 11, 1.6260835493940976e+02, -4.8298453220145893e+02
44, 12, 1.2992321419764135e+03, -2.1979000472809201e+02
44, 13, 4.6034452867258818e+02, 1.3230905737384546e+02
44, 14, 7.1439383465542414e+02, -7.0999684086875902e+02
44, 15, 3.0982250110395017e+02, -9.9149361472098894e+02
44, 16, 1.0804739391832029e+03, -2.5032596794871222e+02
44, 17, -5.5692107962896773e+02, -5.2332029048966035e+02
44, 18, -4.1508706321125942e+02, 4.6570591342116074e+02
44, 19, -9.4936286977779434e+02, 2.4247316229213209e+02
44, 20, -6.9700728499325237e+01, 7.2326394425187186e+02
44, 21, -5.6475082827040580e+02, 6.6820368029627468e+02
44, 22, 4.1784289255417264e+01, -3.4342915592954000e+01
44, 23, -1.2428281348479004e+01, -4.1248692940093321e+02
44, 24, 9.3621981302126528e+02, -1.1802012953695464e+02
44, 25, -3.6544451954941525e+02, 3.5616753094591905e+02
44, 26, -7.8890781272770312e+02, 2.4722489202105908e+02
44, 27, 3.5912840697552997e+02, 3.1446308358672616e+02
44, 28, -7.3474042416748404e+01, -3.1009812820394490e+02
44, 29, -2.8426408957363964e+02, -2.0177025480450345e+02
44, 30, -1.6358110820056027e+02, 1.8882616987075153e+01
44, 31, -6.7298339705556009e+02, 5.4679643713276164e+02
44, 32, -8.0452256363664583e+02, -7.7265454665281732e+02
44, 33, -1.4158712759378614e+02, 4.9648865209258406e+02
44, 34, 5.0782809886847406e+02, 2.2509275814541951e+02
44, 35, 1.5276779410159224e+02, -4.8772399921539829e+02
44, 36, 4.1730158960383858e+02, -2.8432496778596453e+02
44, 37, -7.7658903051623042e+02, -2.2814360618412110e+02
44, 38, -1.0130859523157142e+02, -4.5637555215941745e+02
44, 39, -3.9998917175133670e+01, -8.8214894115493450e+01
44, 40, -9.5373939032644557e+01, 3.5036372509143644e+02
44, 41, 1.4986917082968114e+02, -1.5483740858872159e+02
44, 42, 6.7270866897398730e+02, -1.5830473964425698e+02
44, 43, -2.5571929698247391e+02, 6.8071935844576115e+02
44, 44, 5.2286739139715951e+02, -9.1409919928124714e+02
45, 0, -8.9143377993018987e+02, 0.0000000000000000e+00
45, 1, -4.6794123926027441e+02, -2.0509920284680948e+02
45, 2, 4.1449156977997745e+01, -3.2460912721554678e+01
45, 3, -2.2690932473837506e+02, -1.1120839672304703e+03
45, 4, 1.0614679878092738e+03, -2.8748371677515973e+02
45, 5, 1.7548541289966454e+02, 2.5100173715504778e+02
45, 6, 9.2468024261131768e+02, 3.5823479796947765e+02
45, 7, 5.7533697753858075e+02, 4.6217583949145319e+02
45, 8, 1.3901952215903233e+02, 3.9583423439017781e+02
45, 9, -7.0547507412464392e+02, 2.1941362338608656e+02
45, 10, -9.9858056704718524e+02, 3.7793101452195492e+02
45, 11, 1.4187215198558843e+02, 2.6828939185827596e+02
45, 12, 1.0745632217333764e+02, -1.0596046177978149e+03
45, 13, -4.1449692060616542e+02, -9.0637030833577887e+02
45, 14, -2.0807241718476860e+01, -4.5836436989369190e+02
45, 15, 2.8980336528071768e+02, 1.6429056411812712e+02
45, 16, -1.3107776815582213e+02, 3.4614653306694709e+02
45, 17, 4.1027750026203739e+02, 2.5487749011955464e+02
45, 18, -5.9425696178214639e+02, -1.3461700922185000e+03
45, 19, 9.6532926937940488e+02, -1.5534573834150723e+02
45, 20, -3.4407777604671004e+01, -4.5723215674304737e+02
45, 21, -7.4964199554655906e+01, -5.4142138797684856e+02
45, 22, -6.9646633280193805e+02, 1.3803886233789678e+03
45, 23, -1.2055332815935208e+02, -1.0979120008120697e+02
45, 24, -2.2790841814934319e+02, 1.3095962591367906e+03
45, 25, -8.4794693223691752e+01, -2.6308064515279739e+02
45, 26, -4.2600878949089088e+02, 5.9328798682918512e+02
45, 27, -6.0061196195003845e+01, -7.5987207256595877e+02
45, 28, 3.4930719203419721e+02, -5.4421861636055303e+02
45, 29, 2.3976272249108519e+02, 6.3888164000050392e+02
45, 30, 2.5625251944644856e+02, 7.9969062879691762e+01
45, 31, -1.4825691747069891e+02, 9.0490840823000951e+01
45, 32, 3.3235252014874936e+02, 2.7339064039293260e+02
45, 33, 3.9532710696832373e+02, -5.8755579101915259e+01
45, 34, -1.9868367096912243e+02, -9.0192745818020057e+01
45, 35, -7.4267198112512165e+02, 4.2213858334288670e+02
45, 36, 2.8851581555964356e+02, 8.9804960163028841e+02
45, 37, 3.6322483357127589e+02, 3.2517520760131544e+02
45, 38, -5.5556762694034353e+02, -1.4638194578027799e+02
45, 39, 8.6787864519326376e+01, 1.0935057489831152e+02
45, 40, 1.6329061914462270e+02, -6.3140138852066980e+02
45, 41, -7.0477311574988676e+02, -5.1213669279789360e+02
45, 42, -3.1899047888852408e+02, 1.2065779908326249e+01
45, 43, 6.1145621980517717e+02, -4.6481154219137738e+02
45, 44, -2.4853260151575432e+02, -4.3692416966006118e+02
45, 45, -2.3580259729852310e+02, 1.4638801907873062e+02
