0, 0, 0.0000000000000000e+00, 0.0000000000000000e+00
1, 0, 8.7940278170853190e+01, 0.0000000000000000e+00
1, 1, 5.1258631348174362e+00, 3.9794730300924101e+01
2, 0, 0.0000000000000000e+00, 0.0000000000000000e+00
2, 1, -1.4080123048780465e+01, -7.6014454433873837e+00
2, 2, 2.0552015548194191e+00, -1.0406900275753081e+01
3, 0, -1.5147497753507677e+01, 0.0000000000000000e+00
3, 1, 1.5901897741282315e+01, 3.2402066054887186e+01
3, 2, 3.5865624472701327e+00, -1.3099916911630734e+01
3, 3, 6.7934257508302061e+00, -2.1984518982094436e+01
4, 0, -6.3936747280654780e+00, 0.0000000000000000e+00
4, 1, 9.9459248528134552e+00, 4.7387177828613112e+00
4, 2, -2.1716657980747158e+01, -5.5324521357102618e-01
4, 3, 2.3409587240639173e+01, -1.9496853508353729e+00
4, 4, 5.6284230551021830e+00, -3.4466572269365461e+00
5, 0, 1.6205104119260497e+01, 0.0000000000000000e+00
5, 1, -4.4721240412851078e+00, -1.4788901899949044e+01
5, 2, 7.9984430992786812e+00, -4.2497643150115261e+00
5, 3, -4.8046929674641001e+00, -1.6667644007056882e+01
5, 4, -2.8759200499425210e+00, 1.9466013377950500e+01
5, 5, 2.4323205205327820e+00, 4.1634199520386517e-01
6, 0, -7.3121689326736341e+00, 0.0000000000000000e+00
6, 1, 5.0673336022344104e+00, 3.2167434596300408e+00
6, 2, 9.8430215901691884e+00, -3.0674029397999081e+00
6, 3, 8.7478019914125973e+00, 4.0610645895566062e+00
6, 4, -2.9404524780821619e+00, -4.3943746567888029e+00
6, 5, -8.2850767226413993e+00, 2.5997284124984530e+00
6, 6, -7.4611290299518078e+00, -2.1013453942061782e+00
7, 0, -9.4195192335858771e+00, 0.0000000000000000e+00
7, 1, 3.6981909952973426e+00, -9.3989275205439426e+00
7, 2, -8.1631801996567734e+00, 7.1311199281864228e+00
7, 3, -2.9010546516807127e+00, 1.7968895747914606e+00
7, 4, 4.6344665901972002e+00, 7.4449136556339850e+00
7, 5, -6.6054948367995836e-01, -3.1484605175644349e+00
7, 6, -5.4332506202828901e+00, -1.9798348493263478e+00
7, 7, -3.0176243676167203e+00, 4.2656366122963361e+00
8, 0, 4.3367489700275925e+00, 0.0000000000000000e+00
8, 1, 1.0175497546163568e+00, -4.5230123657183530e+00
8, 2, 1.6527313545849696e+00, -1.5279396338013118e-02
8, 3, -2.8835678887879590e+00, -2.9578259522660342e+00
8, 4, -1.9187337244116742e-01, -5.5334338061637016e+00
8, 5, -5.2115333638879351e+00, -6.6260601137911577e+00
8, 6, 4.5146662814446366e+00, 1.6908517384763071e+00
8, 7, -2.3061826228792350e+00, -2.2850002917272647e+00
8, 8, 3.8075988496526731e+00, -6.2996195356279328e-01
9, 0, -7.2987683216729771e-04, 0.0000000000000000e+00
9, 1, -4.2842030766453858e+00, 8.9298438744472080e+00
9, 2, 4.3862055146002010e+00, -2.0565347188741145e+00
9, 3, 7.3526596709834635e-01, 2.6184674101081726e+00
9, 4, 1.6857970409496454e+00, 1.0512267068429573e+00
9, 5, 1.6977404762512691e+00, -3.4033585629124747e+00
9, 6, -1.5451789840808181e+00, -6.2071489668692461e+00
9, 7, -2.1784979522344701e+00, 8.5015583682799516e+00
9, 8, 6.0492578421552103e+00, -2.9800171506340440e+00
9, 9, 1.4659588741795662e+00, 2.8149703663608800e+00
10, 0, -2.1109842771315437e+00, 0.0000000000000000e+00
10, 1, -2.4081126466707379e+00, 8.0810667155284421e-01
10, 2, 2.7242715049564650e+00, -1.0987768103321476e+00
10, 3, -6.1396940832169307e+00, -1.1444164786893831e+00
10, 4, -1.4322085950798631e+00, 4.3939006534577887e+00
10, 5, 2.7283855856869752e+00, -6.0537809121959585e-01
10, 6, -9.2249209963088008e-01, 4.8252122649431701e+00
10, 7, 1.5308859728591664e+00, 2.1965891290792356e+00
10, 8, 5.5722326855335846e-01, 3.8811099781286473e-01
10, 9, 1.1654873996019561e+00, 2.8547594976087036e+00
10, 10, -8.8752010149401284e-01, -1.2091213354730002e+00
11, 0, -4.9906445582073455e-01, 0.0000000000000000e+00
11, 1, 3.2740092815282384e+00, 6.6031178953272873e-01
11, 2, 5.5932728512426311e-01, -3.6892673163024043e+00
11, 3, -1.2929886970956437e+00, 3.1019533330232725e+00
11, 4, -3.1093249732619013e+00, -2.4014335321669500e+00
11, 5, -6.8135958065794000e-01, 2.0808185908455159e+00
11, 6, -3.1608630534598117e+00, -2.3843985541444321e+00
11, 7, 2.0430678284226049e+00, 7.7842323497501686e-01
11, 8, -3.0321813866033862e+00, -1.3840314317854401e+00
11, 9, 5.8612439919967962e-01, -2.6827596591354974e-01
11, 10, -3.2537962384076899e+00, 2.2932037903303133e+00
11, 11, -9.5485061718076458e-01, -9.5910745209574788e-01
12, 0, -2.3107962480608180e+00, 0.0000000000000000e+00
12, 1, -2.5699697080078985e+00, 1.2436462430672157e+00
12, 2, -1.3048299030581538e+00, -9.0263807569617160e-03
12, 3, -1.8576090959492442e+00, -2.3267838738549707e-01
12, 4, -2.0263267269043421e+00, 1.2203123147629691e+00
12, 5, -2.0866831847549738e+00, 1.8713159231825633e+00
12, 6, 4.5085735685655504e-01, -2.5656836690387852e-01
12, 7, -1.9360983276863277e+00, -2.5342336118977529e+00
12, 8, 1.6917085353093189e+00, 1.9345816857392606e+00
12, 9, -2.3175139881301745e+00, -1.6010879432476477e+00
12, 10, -3.1414169681805442e+00, -4.9262250712382816e-01
12, 11, 3.4552314640406623e-01, -3.9376018065738911e+00
12, 12, -9.4685402041638711e-01, -1.0090525089323590e-01
13, 0, 9.5332158267162526e-01, 0.0000000000000000e+00
13, 1, -2.3652091653327685e+00, -4.2510955992509070e+00
13, 2, 2.6077797494185089e+00, 2.3596788805591897e+00
13, 3, -2.6953390421902306e+00, -2.3170775299794633e+00
13, 4, -2.0451365398787362e+00, -3.2771134389075351e-01
13, 5, 8.4934258042972921e-01, -1.2354075507510283e+00
13, 6, 4.2758248665195948e+00, -3.8693340488637764e+00
13, 7, -8.6220424090978365e-01, 2.3872985939228653e-01
13, 8, 8.2066088631655987e-02, -4.0068586569595332e-01
13, 9, -2.0042035146885824e+00, -1.1789087173877189e+00
13, 10, 1.4479587566592855e+00, 4.7537957040516776e-01
13, 11, 4.9440612345571955e-01, -1.9331030038999955e+00
13, 12, 1.2390982399825496e+00, -5.0872358147078545e-01
13, 13, 3.0757809582123201e+00, 1.3621857726620401e+00
14, 0, -3.0501727673775307e+00, 0.0000000000000000e+00
14, 1, 1.0037086671546014e-03, -1.1351955933809328e+00
14, 2, -3.9307351789494738e-01, 5.0783703871680252e-01
14, 3, -6.1677230888738466e-01, 7.8118243548757471e-01
14, 4, 1.6925695617658871e+00, -2.2012762092265752e+00
14, 5, -3.3448840736567664e-01, -9.9363927094131910e-01
14, 6, 6.6832420446098550e-01, -1.1866785679486878e+00
14, 7, 1.1520194140844464e+00, 4.4838164438863054e-01
14, 8, 2.1425974489464674e+00, 1.4237221391057078e+00
14, 9, -1.5660309490826188e+00, -1.1734381756572301e+00
14, 10, -1.1757279327157206e+00, -1.0621310609107764e+00
14, 11, 1.8255585205629998e+00, 1.7959225807104615e+00
14, 12, 8.6227659427237602e-01, 1.1325664023772331e+00
14, 13, 2.8997236371118396e-01, 7.5993237522674217e-01
14, 14, -8.1712572190455957e-01, 1.1241657678363870e-01
15, 0, -5.8099829607471820e-01, 0.0000000000000000e+00
15, 1, -4.9655430595677985e-01, 1.8185603278022826e+00
15, 2, -1.7040140210624821e+00, 2.2764765754235450e-01
15, 3, 1.9636710948583125e-01, 1.0726527639266881e-01
15, 4, -4.1009391024367403e-01, -2.1004861394989831e+00
15, 5, 2.1058915634468134e-01, -1.4722723425348538e+00
15, 6, 1.3944117448019414e-01, 4.4984086785836652e-01
15, 7, 9.5801092845008995e-01, 9.4632524064423063e-01
15, 8, -3.6658658805962130e-01, 1.6274359135068110e+00
15, 9, 3.7497824941423827e+00, 2.3758571868607059e-01
15, 10, -1.3154351314187682e+00, -3.8381249825918817e-01
15, 11, -5.3318710699380234e-01, 4.5453776279258773e-01
15, 12, -3.1117990383063838e+00, 2.5070397126506228e-01
15, 13, -6.9360707104778396e-01, 1.1629949480534150e+00
15, 14, -2.7977858023112445e-01, 2.1452717555126100e-01
15, 15, -2.6399103659717742e+00, -6.9093590414886541e-01
16, 0, -1.9347863296209353e+00, 0.0000000000000000e+00
16, 1, 1.1900111673975500e-01, -3.5090054579461460e-02
16, 2, -3.1822195218200551e+00, -1.9937651028649723e+00
16, 3, 6.0686543236356316e-01, 5.5491394021391727e-01
16, 4, -2.2807592102390952e+00, -4.4548788085953400e-01
16, 5, -5.4348202550660274e-01, 3.4370348312858545e-01
16, 6, 2.2258706039252973e-01, 4.3485591250722266e-02
16, 7, 1.1983017826297562e+00, -5.8536500500700850e-01
16, 8, 6.8842944173252063e-01, 1.4353522526908795e+00
16, 9, -1.6068521600343382e+00, -7.2954928908885730e-01
16, 10, -1.4007851873041550e+00, -4.9111849486367509e-01
16, 11, 8.2125748022928113e-01, 2.1173094595434794e+00
16, 12, 2.6124477025711110e+00, -1.9907095915246664e-01
16, 13, -4.2074661775358180e-01, -8.2745026613762374e-01
16, 14, 1.2872178265872527e+00, -1.3439905154776799e-01
16, 15, -2.6970196707976646e+00, -2.8634192937413205e-02
16, 16, -6.9233680106985940e-02, -7.6817204834871655e-01
17, 0, -8.3508103410709056e-01, 0.0000000000000000e+00
17, 1, -1.4664231403631371e+00, -3.0622139924631875e-01
17, 2, -8.6236437216936224e-01, -1.8814453011981112e+00
17, 3, -2.2014269631665560e+00, -7.5236381195498014e-01
17, 4, -2.7391417720802780e-02, 2.8761596984903276e-01
17, 5, -3.6827397818962382e-02, -1.0863658682173998e+00
17, 6, -3.4223327672999293e-01, 8.7465114515395692e-01
17, 7, -2.6615381839319818e-01, -1.3703609670590269e+00
17, 8, 1.5068520204274138e-01, 6.8281983302871163e-02
17, 9, 9.7172015884363849e-01, -1.8885186947781327e+00
17, 10, 5.5911911360081290e-01, -3.5851588493046072e-01
17, 11, -1.2561441671588081e+00, -3.1454381930561279e+00
17, 12, 1.8411715083066678e+00, -6.2296852817727699e-01
17, 13, -1.8093204088423243e+00, -1.4494270908109501e+00
17, 14, 6.9402490119265536e-01, 1.3170493472231692e-01
17, 15, 3.6147627152400252e-01, 7.3104801904379391e-01
17, 16, 1.2322365800510959e+00, 2.6647160937977721e-01
17, 17, 1.2982159567063358e+00, 2.9306661095603126e-01
18, 0, 3.8940443283462578e-02, 0.0000000000000000e+00
18, 1, 2.1778702798480709e-02, -1.3667601633542685e+00
18, 2, 8.4159306961714719e-01, -1.5332637067642038e-01
18, 3, -9.8038147364267414e-01, 5.0650887361609076e-01
18, 4, 1.6771590471752549e+00, 6.3504563974056871e-01
18, 5, 2.0870976280950104e-01, -9.3010184284975317e-01
18, 6, 4.1754074716339190e-01, -7.0265329315110492e-01
18, 7, 2.9227759294326150e-01, -3.9707955209374757e-02
18, 8, 7.0329835342414082e-01, -8.2927292184273882e-01
18, 9, -4.1588033101554911e-01, 3.3392768880356649e+00
18, 10, 8.8459786360164694e-01, -1.3209045771956152e+00
18, 11, 8.9048025101124884e-01, 6.5772983224426063e-01
18, 12, 4.4173643026530762e-01, -2.0506462111019395e+00
18, 13, -1.3099268488246119e+00, 2.9976889269361884e-01
18, 14, -9.1286323548412018e-01, 7.9668106838970398e-01
18, 15, 1.6774022508232449e+00, 7.7699537368277705e-01
18, 16, 1.5136051042248970e+00, -5.3548699897174878e-01
18, 17, 1.8832721785567492e+00, 3.2750371615283935e-01
18, 18, -4.9143406693895209e-01, 2.7085321494966275e-01
19, 0, -3.4428931993148876e-01, 0.0000000000000000e+00
19, 1, 3.2143001714135733e-01, -7.7960856223849850e-02
19, 2, 1.4387603519225750e-01, -4.0088603581356846e-01
19, 3, 7.3324418210064479e-01, -6.7409147645847156e-03
19, 4, 1.0926618957770438e+00, 4.3348726733818410e-01
19, 5, 2.6321919679400008e-01, 5.6687357901221658e-01
19, 6, 1.0590351836590306e+00, -1.1463995188586718e+00
19, 7, 2.4279239721151757e-01, 2.5774346606413517e-01
19, 8, 3.5482516514473539e-01, 7.4318351805799443e-01
19, 9, 4.1885343219235771e-01, 1.7728117491303070e+00
19, 10, 3.2400180133279566e-01, 9.2427321730812007e-01
19, 11, -5.6587171626707555e-01, -6.1617261795663314e-01
19, 12, 1.7351131479005715e+00, 7.3855121143279112e-01
19, 13, -7.5989034896962737e-01, 8.2184820123087654e-01
19, 14, 4.2335032671121209e-01, 3.8418371861957890e-01
19, 15, 1.1322706891305017e+00, 1.2646890298358646e+00
19, 16, 6.1425713599057452e-01, -5.8661662924767000e-01
19, 17, -9.5384978758842709e-01, -8.1693242867807248e-01
19, 18, 7.7931988935470464e-01, 6.8112794301405821e-01
19, 19, 6.5184364512481441e-02, 4.7173789201882643e-01
20, 0, 4.5057169030684019e-02, 0.0000000000000000e+00
20, 1, -1.3256808629362564e+00, 8.6644005692321580e-01
20, 2, -2.2853191314586024e-01, -2.3192838580679820e-01
20, 3, -1.3574078938581056e+00, -6.3377331884718169e-02
20, 4, -6.1099115222644718e-01, -5.9428226358693004e-01
20, 5, 3.8816808599032865e-01, -4.3146432450900468e-01
20, 6, -9.0642442947997170e-02, -3.8970436410020781e-01
20, 7, -6.1372647371617606e-01, 2.1522835253401831e+00
20, 8, -2.0271247855919827e-01, 1.5766371966589565e-01
20, 9, 1.6124418930701327e+00, -3.5038731423598257e-02
20, 10, 2.6787010871374117e-01, -2.1781765512058618e-01
20, 11, 1.6458606513648659e+00, -1.3063943187476623e+00
20, 12, -1.3549366517748780e+00, -1.7639800959787422e-01
20, 13, -2.3411456460166504e+00, 1.1688513122637967e-01
20, 14, 9.6091333425854797e-01, 1.2701703831122708e+00
20, 15, 6.2827960837587599e-02, -1.1449954629035943e+00
20, 16, 7.4611524015857175e-02, 1.1719323737551404e+00
20, 17, -1.1445845882492618e+00, -8.3964184356457605e-01
20, 18, 1.8676310578749147e-01, -3.0047730016319552e-02
20, 19, -8.8032436839000960e-01, -1.9660745815924447e+00
20, 20, -4.0914558649711674e-01, -7.2205155815847688e-01
21, 0, -7.0653375534092155e-01, 0.0000000000000000e+00
21, 1, -4.3616354015825554e-01, 5.0055036114835327e-01
21, 2, 1.1276353673797896e+00, -4.2671205791600175e-01
21, 3, 3.5075055600482663e-01, -3.6372326452452497e-01
21, 4, -6.3036166180643560e-02, -3.9537788055588990e-01
21, 5, 7.7235424145791076e-01, -4.1876187370428741e-01
21, 6, -4.9925850406927763e-03, -9.4323935201390885e-01
21, 7, -2.3805454037037821e-02, -6.3689451355417881e-01
21, 8, 4.7307310100111610e-01, -2.7438363875525118e-01
21, 9, -1.4924510021507840e+00, 7.1640613687016708e-01
21, 10, -5.8414174168208000e-01, 1.4701912559235071e+00
21, 11, -1.5385387879990251e+00, -1.8549759855509165e+00
21, 12, -3.6311596123801104e-01, 7.5664512832781039e-01
21, 13, -3.7594869124913444e-01, -7.4046196470458547e-01
21, 14, -5.7190305695473231e-02, -7.1334476342066666e-01
21, 15, -1.6012771782526358e-01, 7.6339152963857382e-01
21, 16, -4.0544024640560550e-01, -1.5486343675535525e+00
21, 17, -8.9401481265037630e-01, 8.5359658184139819e-02
21, 18, 2.9813259185581342e-01, -4.3683368788998056e-01
21, 19, -1.2853615204887610e+00, -8.8205437022144029e-01
21, 20, -1.6215722637832584e+00, -1.2127341807979455e+00
21, 21, 1.1159264444901944e+00, 1.7214700800516893e+00
22, 0, -2.2214809684330956e+00, 0.0000000000000000e+00
22, 1, -6.8088629783197518e-01, -1.2675043372768551e+00
22, 2, -9.6474132527620859e-01, 4.2928783865772868e-01
22, 3, -5.8565442742449370e-01, -6.2009521969637793e-01
22, 4, 9.3712831367784322e-01, 5.5317192352123401e-01
22, 5, -1.6212103591896104e-01, 3.9495224542048163e-01
22, 6, 7.7602973048389901e-01, 1.0607351022059688e+00
22, 7, -5.5354976299296865e-02, -9.2458587100679124e-01
22, 8, 4.4853364045991739e-01, 3.1073007048040879e-01
22, 9, -7.5903760376367646e-01, -1.5436920649311119e+00
22, 10, -3.6121715532105725e-01, -8.6033658246700750e-01
22, 11, -1.7323488092666159e+00, -1.3224595036900704e+00
22, 12, -1.1016517678743631e-01, 1.0337872404240929e+00
22, 13, -1.7666767984278242e-02, 1.0289531677672514e-01
22, 14, 6.2488852810863205e-01, 2.9633082221145957e-01
22, 15, -5.2705455811552948e-02, -2.8785580037427994e-01
22, 16, -3.2751421899942745e-01, 3.6693239603162653e-01
22, 17, 1.4512194766973794e+00, 7.5735455333566648e-01
22, 18, -2.3310898217561532e-01, -7.6883075474153650e-01
22, 19, 9.0660607183177466e-01, 4.9109153554283447e-01
22, 20, -1.0807744304506350e+00, 6.7933319263624947e-01
22, 21, 1.3087898115069456e+00, 1.2015403797302056e+00
22, 22, 6.6003155708346117e-01, 8.4256265982754597e-02
23, 0, 6.1057123692890869e-01, 0.0000000000000000e+00
23, 1, -1.0586022114240423e-01, -4.6804281699554329e-01
23, 2, -2.1018268537997342e-01, -3.1109381945731407e-01
23, 3, 7.5540648002071320e-01, -6.2900371300268831e-01
23, 4, -7.4642729799826202e-01, -2.3136626536859667e-01
23, 5, -6.1932525901205560e-01, 2.3504121412554946e-01
23, 6, 3.4614644523065063e-02, -6.8666755789317402e-01
23, 7, 5.6602577619556693e-01, 1.5383296274559601e+00
23, 8, 8.5288070930932580e-01, -5.5703440550556083e-01
23, 9, 2.0820439663806289e-01, 7.9084445326362318e-01
23, 10, -4.6181746399984364e-01, -2.4942048644955466e+00
23, 11, -7.9288755939168931e-01, 8.8761895365239241e-01
23, 12, -3.0851601584115645e-01, -1.6496609846547430e+00
23, 13, -4.3814180199438624e-01, 1.1015292567284354e+00
23, 14, 5.0906213554844437e-01, -1.6738728590018264e+00
23, 15, -2.5681235395415380e-01, 1.2599330750261772e+00
23, 16, 2.2720459609688803e-01, -7.6072708753392870e-01
23, 17, 3.4914415992065639e-01, 2.3879682330868501e-01
23, 18, -2.2093081400448783e-01, 3.0194887521741043e-01
23, 19, 1.4729790011030688e+00, -2.5469914332545207e-01
23, 20, -1.1582918678063221e+00, 1.0981566626591206e+00
23, 21, 4.8758226541752947e-01, 5.0225961086979343e-01
23, 22, 7.5336401450808255e-01, 1.0862089599918043e+00
23, 23, -8.6012032712714048e-01, -5.7812668689398317e-01
24, 0, -8.6647916755284915e-01, 0.0000000000000000e+00
24, 1, 6.3799570379082393e-01, 1.2444505109755850e+00
24, 2, -4.4447173064750806e-01, -1.0438244061201414e+00
24, 3, 1.0486022329706071e+00, 7.6834123758090755e-01
24, 4, -8.9152511908373255e-01, 6.6779123330193391e-01
24, 5, 8.4135867786567142e-01, -1.2467103561452819e-01
24, 6, 9.9160542972030963e-01, -9.0794716002850062e-01
24, 7, -5.6786948261051329e-01, 3.4425291851450890e-01
24, 8, -1.6448181978314302e-01, -8.6050085041804047e-01
24, 9, -2.5983853061176898e-02, 1.4934500853956623e-01
24, 10, -3.4728993750028603e-01, 8.7915188274630918e-01
24, 11, 1.2900052564682052e-01, 5.7230008125654108e-01
24, 12, -7.5356761794716220e-01, -1.3752989037108110e-01
24, 13, 1.3298568763282261e+00, -4.1011978782278816e-02
24, 14, 6.5784699386091716e-02, 3.2952311300317616e-01
24, 15, 6.3733904879932524e-01, -5.0375759230178319e-01
24, 16, 2.4001166135239105e-01, 5.7450943933277288e-01
24, 17, -4.7106993248500095e-01, 3.0777699687275550e-01
24, 18, 6.0262210595683641e-01, -1.6335459228933322e+00
24, 19, -1.5786147340255126e+00, 8.0188005120780836e-02
24, 20, -8.6397778175533579e-01, 4.6920999961048593e-01
24, 21, 5.5622204691947552e-01, -9.4029478208354478e-01
24, 22, -3.7194358754511370e-01, -3.9840380908115014e-01
24, 23, -8.6805923299509313e-02, -4.3248557447821145e-01
24, 24, 3.4278750841114602e-01, -2.6308321148341929e-01
25, 0, 7.3599388442612601e-02, 0.0000000000000000e+00
25, 1, -6.8987178147643635e-01, -2.7354349507898434e-01
25, 2, -6.0437704737221398e-01, -6.8477995152905580e-01
25, 3, -5.4660674611791937e-01, -2.6992238949173819e-01
25, 4, -9.6704268542167560e-01, 5.6745515902595212e-01
25, 5, -1.7347809883652587e-01, 9.7159172030603314e-02
25, 6, -3.9524753727781536e-01, -4.3191042205970276e-01
25, 7, -9.2478500778920614e-01, 9.9374374316599101e-01
25, 8, -6.3386752287385351e-01, 4.2152959752515257e-01
25, 9, -4.0242523250446527e-02, 1.0493771541624386e-01
25, 10, -9.0229558182796432e-01, 2.6668303646756630e-01
25, 11, -1.1017652282465735e+00, 4.0320643077191343e-01
25, 12, -6.2704306973061952e-02, -7.1176680416737004e-01
25, 13, 4.4780427583644289e-01, 1.6342556124179541e-01
25, 14, -1.1591818888557831e-01, -2.4000366971830944e-02
25, 15, 4.3350849839910377e-01, 6.6808490883700355e-01
25, 16, -4.1797864467607437e-01, 9.0785064459254283e-01
25, 17, 3.5376038594079251e-01, -2.4289051794306626e-02
25, 18, 7.6500602144865504e-01, 5.4968800938470430e-01
25, 19, -1.1814784740284212e-01, 5.3463236494049438e-02
25, 20, -5.6066315635460073e-01, -1.2722382341245420e-01
25, 21, -5.8228972011656932e-01, 1.4205002905540156e+00
25, 22, -4.0592653680337398e-01, -1.4027913852833525e+00
25, 23, -2.9344393270590485e-01, 8.3099390647442783e-01
25, 24, -8.9145549595607187e-01, -2.1238393045475146e-02
25, 25, 3.0189130320766355e-01, -1.6922366610016226e-01
26, 0, -1.4943694209661440e+00, 0.0000000000000000e+00
26, 1, 7.6227690502973211e-01, -6.9693027795544538e-01
26, 2, 3.0787106403580822e-01, -4.7957613784433895e-01
26, 3, 1.2382925924137469e+00, -9.7491125628653919e-02
26, 4, 9.9728183701072615e-02, -9.1840385642759914e-01
26, 5, 2.4485709914304832e-01, -1.1382424229761781e+00
26, 6, -4.5945429311911545e-01, -7.8868414736633263e-01
26, 7, -2.6548022667724169e-01, 4.5922969205821129e-01
26, 8, -1.1087982786193584e+00, 1.3879942587490481e+00
26, 9, 1.8215338527126301e-01, 1.2346450124924857e-03
26, 10, -7.0247641179529396e-01, 2.9809660047286279e-01
26, 11, -4.5918154832880043e-01, 6.6199330351877972e-02
26, 12, 3.0925983164675319e-01, -8.3909419978966704e-01
26, 13, -3.8801323920937131e-01, 2.3430764201270901e-01
26, 14, -1.5011122691053913e-01, 4.0134364398550521e-01
26, 15, 1.4349908969841785e-01, -2.5920208649714555e-01
26, 16, 2.2331020232054355e-01, -4.1099320226137936e-02
26, 17, -8.6378852707109133e-01, -5.1392386302472259e-01
26, 18, -1.0488933012445667e-01, -1.0318883052448773e+00
26, 19, 2.0055907169747603e-01, 1.1837460495907135e+00
26, 20, 1.5860731177857440e-01, 1.3764653603769550e-01
26, 21, -3.4051043017005278e-01, 4.5758323126555034e-01
26, 22, 8.3800721482174856e-01, -1.2394000380605932e+00
26, 23, 5.3691547706934628e-02, 7.8081940196468680e-01
26, 24, 1.0270339827245580e+00, -3.2950177368007094e-01
26, 25, 1.4570297235361229e-01, -2.0610748546619817e-01
26, 26, -1.3471748870779809e-01, 3.3599723800435122e-01
27, 0, -9.4394200802959127e-01, 0.0000000000000000e+00
27, 1, -1.9493430140742374e-01, 2.8724211368411667e-01
27, 2, 1.9819595535406448e-01, 8.9238626004214439e-01
27, 3, 1.0130372663476517e-01, -2.4474983322043031e-01
27, 4, 4.5673438535795263e-01, 3.7997774516582644e-01
27, 5, 4.5755654548928049e-02, 6.3924663168809315e-01
27, 6, 1.0344049250188898e+00, -1.8769635520014716e-01
27, 7, -5.4232928323705965e-01, -3.2942710962877914e-01
27, 8, -4.7181358647095717e-01, 7.9426510346259183e-01
27, 9, 1.0475307768370632e+00, -9.7373155268213707e-01
27, 10, 7.7890932207374908e-01, -1.9171716424621599e-01
27, 11, -2.5212951313745147e-01, 3.0807281194037572e-01
27, 12, 5.2205657926488103e-01, -1.0710251661248296e-02
27, 13, -4.5943026050575386e-01, 6.9083280917611956e-02
27, 14, 1.3846736126895109e+00, 2.6157021080117326e-01
27, 15, 3.8372071401436914e-01, 3.2102588487476214e-01
27, 16, 4.6820309603300736e-01, -7.9816243110173324e-01
27, 17, -1.8950179102526055e-01, 1.1543857308218106e+00
27, 18, 3.0864968182169350e-01, 3.8965185005348241e-01
27, 19, 5.4146243861767385e-01, -4.5697508401772335e-02
27, 20, -9.1766313892496298e-01, 1.7061726191088900e-01
27, 21, 4.8141263938397127e-01, -2.6408071462544447e-01
27, 22, 8.1485202006294166e-02, 1.5182364760510048e-01
27, 23, 1.0066211245178203e-01, -5.3177666863687323e-01
27, 24, 5.0226661272878159e-01, 8.3091338419700966e-01
27, 25, 1.2418057826618067e-01, -3.9270868313723239e-01
27, 26, 3.0637931728566703e-01, 1.0341777486283408e+00
27, 27, -7.3997596138467792e-02, 1.6643985752575596e-01
28, 0, -4.5466126308375432e-02, 0.0000000000000000e+00
28, 1, 1.8636177091082406e-01, -1.8784219034349348e-02
28, 2, 4.6682243497669385e-01, 3.0623176290993381e-01
28, 3, -1.4643143348349374e-01, -8.2720885576912928e-01
28, 4, -5.0516227733568408e-01, 1.0746638867112239e+00
28, 5, -4.5904451200011487e-01, 1.2461143446750282e+00
28, 6, 4.3133708262458104e-01, -2.4693859771408300e-01
28, 7, -5.4226126743765868e-01, 1.3435154932674560e+00
28, 8, -4.5506815160786285e-01, -5.3337278534729327e-01
28, 9, -2.2117747816899669e-01, 6.1885086359405705e-01
28, 10, -2.1525267499560566e-01, -9.3305046549522164e-01
28, 11, -2.9250454845394858e-01, 2.7677189016354076e-01
28, 12, -3.1315634823599747e-01, -3.6919584306864645e-01
28, 13, 8.7203151835615111e-02, 6.0938136219652672e-01
28, 14, 9.2460342383214567e-01, 7.1216359369949711e-01
28, 15, -2.2404128901716786e-01, 4.8010377725345266e-01
28, 16, 1.2322862528407896e-01, 5.4034535323801713e-01
28, 17, -1.0082081067963156e+00, 9.3205901986648887e-01
28, 18, 2.6986448908571758e-01, 1.8242796510453507e-01
28, 19, 7.9281034530933581e-01, 5.0014323398829286e-01
28, 20, -2.5499916094985564e-01, -2.5887135447636389e-01
28, 21, -5.8839178180086216e-01, -1.9049336048975030e-01
28, 22, -8.3036581700747458e-02, -2.7048710271281307e-03
28, 23, -7.8157161693992894e-02, 3.0977462938676681e-01
28, 24, 4.0390732081820557e-01, -9.3315599606723976e-02
28, 25, -2.4024912582165436e-01, 1.7025054031445008e-01
28, 26, -6.8331150330371848e-01, 8.3253936548876784e-01
28, 27, -5.3074384223800897e-01, 4.3351733460262665e-01
28, 28, -1.9619768394827208e-01, -2.3353648655162296e-01
29, 0, 4.0896295999238808e-01, 0.0000000000000000e+00
29, 1, -6.0414450712502243e-01, -1.8011265959852718e-01
29, 2, 1.1206022770284449e+00, 1.6080756784463476e-01
29, 3, 1.0550523763007602e-01, -5.8618408181233517e-01
29, 4, 3.4237862396257501e-01, 9.5120317870485105e-01
29, 5, -8.0021667850479039e-02, 2.2008097086241540e-01
29, 6, 2.5488858185384811e-01, 9.1360294038137424e-01
29, 7, -3.9076797552320208e-01, 1.8239277095701800e-01
29, 8, -1.5171312787312669e-01, -6.9408328907491823e-02
29, 9, 4.8504766584140252e-01, 7.7895432831763722e-01
29, 10, 4.6419741647066032e-01, -8.6792894584074010e-01
29, 11, 1.1422813786690198e+00, 5.7223086281647162e-01
29, 12, -7.3489121220499765e-01, 9.8818693292566928e-02
29, 13, 7.4573283051405626e-01, -5.8376271875513391e-02
29, 14, -9.0971550183741567e-01, 1.6645647589464452e-01
29, 15, 6.2214221363512601e-01, -6.3927607063329450e-02
29, 16, -3.8591439473644285e-01, 3.2494857674787958e-01
29, 17, 5.3642226639765767e-01, -2.9498169790582052e-01
29, 18, -5.6415398402869055e-01, 1.3432144787466171e-01
29, 19, -2.4260371508282685e-01, -2.6490692619108802e-01
29, 20, 1.0358435428975898e-01, 4.4571612329257626e-01
29, 21, -4.5802110978130361e-02, 9.0497611134092848e-01
29, 22, 8.4193731123314153e-01, 3.8317034331930921e-01
29, 23, -2.8354755068057735e-01, 2.0590340938019769e-01
29, 24, 4.8476888727546719e-01, -6.2628996288771388e-02
29, 25, -6.9765852010565199e-01, 5.4448562584476434e-01
29, 26, -8.5668344151634684e-02, -1.5669720793648434e-01
29, 27, 1.0412641828506608e-01, -5.4696456616711853e-03
29, 28, 1.8206558076836998e-01, -7.9426008940276427e-01
29, 29, -2.8890604024696454e-02, 2.8853592496439950e-01
30, 0, -3.9821095259434680e-01, 0.0000000000000000e+00
30, 1, -3.0824336558894261e-01, 1.4322238914775223e-01
30, 2, -6.2607658536575550e-01, 2.2613014942111920e-01
30, 3, -2.8001125671664717e-01, -5.8742600632785469e-01
30, 4, -5.2844116156917065e-01, 7.4504455661167601e-01
30, 5, -2.4775462862763725e-01, -5.1601995560614178e-02
30, 6, 5.0041995094869951e-01, 5.2826608815192366e-01
30, 7, 4.0191398730835537e-01, -3.6172709391501884e-01
30, 8, -2.4634817931426978e-01, 7.2550970548683447e-01
30, 9, -5.7871994693454920e-01, 9.4763608643175656e-01
30, 10, 1.5504764845718230e-01, -5.8279543602441541e-01
30, 11, 2.0911800509987544e-01, 3.3232097480248113e-01
30, 12, -3.3281944175209333e-01, 3.4788460381293473e-01
30, 13, 1.1175466322816785e-01, -3.3279310930093220e-01
30, 14, 9.7618617591670453e-02, -1.2593162065745509e+00
30, 15, -6.6325506451226812e-02, 1.6938839640941430e-01
30, 16, -7.3868826045529623e-01, -4.6291614895906669e-01
30, 17, 5.7136845601655217e-02, 3.8883766898439176e-01
30, 18, 1.9425914534219313e-01, -6.1014198059677272e-01
30, 19, 8.3977155880113963e-01, 6.0267270245054227e-01
30, 20, 5.9090936907428104e-01, -5.6778349341382239e-01
30, 21, -5.2986521726267211e-01, 3.0247018794179759e-01
30, 22, 6.1872732610913928e-01, 9.2077304950307781e-01
30, 23, 1.0273836529501901e-01, -2.7607361002029340e-01
30, 24, -4.2095242196580773e-01, 7.9917037128093060e-02
30, 25, -6.8800646130279508e-01, -5.2605955651533476e-02
30, 26, 5.2764167553650976e-01, -2.9002378947850449e-01
30, 27, 4.1256698633544309e-02, -6.1915544690492863e-01
30, 28, 9.5784346005775456e-02, -6.7709893509463681e-01
30, 29, -6.2630530101937532e-03, -6.6321417302214480e-01
30, 30, 3.3546173184992689e-01, 5.2035485455416208e-01
31, 0, 4.7737821430664684e-01, 0.0000000000000000e+00
31, 1, 9.9586734913867547e-02, -2.2527683945976124e-01
31, 2, 9.0432963198865179e-02, 7.7068596305164816e-01
31, 3, 3.6683782830773537e-01, 8.9713638639196458e-02
31, 4, -3.5276606215706285e-01, 2.2051159825269306e-01
31, 5, -1.8583579534581385e-01, 3.1005570197680965e-01
31, 6, -3.5377270474552086e-01, -2.3491676210634704e-01
31, 7, -1.6999298293551535e-01, -2.6643223001609317e-01
31, 8, -2.7732167755892440e-01, -5.3053593940640309e-01
31, 9, -5.7905087262742905e-02, -1.0673743336782821e-01
31, 10, 2.2312458657244960e-02, -8.0335143672169063e-01
31, 11, 1.7087477230755743e-01, 1.6107479208554776e-01
31, 12, -7.3861162771208233e-01, 6.9410080797317431e-01
31, 13, 2.2638940546339947e-01, 2.7509178199424944e-01
31, 14, 3.9803077935322861e-01, 4.7819705134045942e-01
31, 15, -2.5333551098036389e-01, 4.0345716882313759e-01
31, 16, -1.2111999715246058e-01, -2.4567058028458078e-01
31, 17, -4.2655046622901061e-01, -2.6774686178555601e-01
31, 18, 1.8607779526486762e-02, 1.0524773555034823e+00
31, 19, 1.9467207438274997e-01, 4.1214199718460021e-01
31, 20, 3.9197561316576701e-01, 1.2883065201797728e-01
31, 21, 6.1243245098297450e-01, -2.4603833352105933e-01
31, 22, -3.4642772947358158e-01, -6.8975540636968913e-01
31, 23, 5.2629772789591067e-01, 2.6667411587869139e-01
31, 24, 7.0434220357268074e-01, 8.6380760918404853e-02
31, 25, 2.4519389915561038e-01, -2.8478478519094358e-01
31, 26, 1.4387305982149001e-01, -3.7556103280450159e-01
31, 27, -1.5694304035558421e-01, -3.9360195723186264e-01
31, 28, -2.9025051481617492e-01, 1.2239455175035587e+00
31, 29, -1.4692535175267457e-01, -2.6203943441148914e-01
31, 30, -2.8240141456308016e-02, 6.9215359422193978e-01
31, 31, 8.4945016399971118e-01, -9.4603106903003498e-01
32, 0, 3.5393262728514796e-01, 0.0000000000000000e+00
32, 1, 3.8385782741795588e-01, -4.8437769288033117e-01
32, 2, 8.5429323320540551e-01, 1.2922296506750652e-01
32, 3, -5.7398504092430191e-01, -8.3623474927854147e-01
32, 4, 2.7297780237156744e-01, 7.3776687918561235e-02
32, 5, 1.4824021605001092e-01, 2.3874124347176473e-01
32, 6, -4.0122316858177942e-01, -1.6251050506758791e-01
32, 7, 4.1526366973388829e-01, 1.8782349906271945e-01
32, 8, -4.1284548338654048e-01, 1.7777731007244624e-01
32, 9, -4.8101409104306969e-01, 8.5743835149581171e-02
32, 10, -4.4119672700077039e-01, -3.8274264324503071e-01
32, 11, 3.1397725946239446e-01, -6.2061445343615296e-01
32, 12, -1.2805257453982311e-02, -5.4499858716039196e-01
32, 13, -2.1019200892464202e-01, 3.4898929752228719e-01
32, 14, -2.0513059407373485e-01, -5.1109588761884206e-01
32, 15, -3.9426321073574971e-01, 5.6665543790292527e-01
32, 16, 4.2540714273780122e-01, 2.4329521171655050e-01
32, 17, 4.4970394949340201e-02, -2.7806525301726626e-01
32, 18, 3.6027680915484206e-01, 1.8672298799647999e-01
32, 19, 2.2569228555132725e-01, -7.2173737577211672e-01
32, 20, 1.1422001780769750e+00, 2.5842159609641618e-01
32, 21, -7.1092924315527939e-01, -4.1583778860375920e-01
32, 22, 9.4490420478382742e-02, 1.7323494785496701e-01
32, 23, 3.7205472966827818e-01, -3.7745730623651719e-01
32, 24, 1.5953369755687674e-02, 4.4728019947526243e-01
32, 25, 6.4592425803142317e-01, -7.6686323162478542e-01
32, 26, 1.0341641883934941e-01, -8.1294705355788366e-02
32, 27, -1.1764547176972714e-01, -4.7123504953097173e-01
32, 28, 2.9373864602303401e-01, 8.0323765149576276e-01
32, 29, 9.9755967206032170e-01, 3.1796228691868345e-01
32, 30, 6.5574642294214835e-02, -2.8564859110277563e-02
32, 31, 9.8682008222005679e-02, 3.9301817302026248e-01
32, 32, -3.1822474359897668e-01, -5.3770280830088568e-01
33, 0, 1.1046021879072676e-01, 0.0000000000000000e+00
33, 1, -5.4933751815082643e-01, -4.7903110093774809e-01
33, 2, 1.3758799153443668e-01, 5.4234289854893902e-01
33, 3, -5.3705247978454085e-01, 1.9206417536208131e-01
33, 4, -3.0025842313951301e-01, 3.4543612816190417e-01
33, 5, -1.6482438558138801e-01, -2.7741587884399127e-01
33, 6, -3.2797114791882120e-01, -9.8795904288202108e-01
33, 7, -6.0320717332421836e-02, 5.4369927163185450e-01
33, 8, -7.8925293100004146e-01, -1.4471090664421205e-02
33, 9, -3.4393771741943346e-01, -8.4525776347859960e-02
33, 10, -3.1143330934233748e-01, 1.7276065923331407e-01
33, 11, -5.0967420219248938e-02, -1.6279202526708914e-01
33, 12, 5.2831001030177671e-01, 4.0705133500393809e-01
33, 13, 5.7124327464731317e-01, -1.0852905467481208e-01
33, 14, -3.9366267211475847e-02, -3.1095689383931036e-01
33, 15, 2.5809638267264789e-01, 9.6958126297996605e-02
33, 16, -2.2689422884544080e-01, -5.8979934004305679e-03
33, 17, -1.2913226708727638e-01, -2.8968998233082155e-01
33, 18, -5.6048683399419197e-01, 1.2082644762987116e-01
33, 19, 6.6510013459107331e-01, -7.6023658513059811e-02
33, 20, 1.1900938271199446e-01, 2.3025034706952791e-01
33, 21, 3.7361668162235639e-01, -5.5059362542028989e-01
33, 22, -2.2557763912582932e-01, 2.9334673329888228e-01
33, 23, -1.1285277025018747e-01, 3.7293948310724756e-01
33, 24, -6.3271314406484058e-01, -6.4874611694485340e-01
33, 25, -9.9542835965509302e-01, 3.8570378650002368e-01
33, 26, -3.3285768877358446e-01, 3.1251490130313231e-01
33, 27, -1.2438956396590675e-01, 7.0904752142306349e-02
33, 28, 2.9826647348739332e-01, 1.8985336900887462e-01
33, 29, 2.9733358073221017e-01, -4.4776178834691660e-01
33, 30, 8.1408745524537318e-01, -7.1213173565667431e-01
33, 31, -8.1982630702711390e-02, 7.2819276157342988e-02
33, 32, 2.9151463768174657e-01, -4.6053451468447104e-01
33, 33, -4.7792495633795257e-01, 6.6029830854840321e-01
34, 0, -1.0198339392338696e+00, 0.0000000000000000e+00
34, 1, 3.3659853185878774e-01, -1.3676990909578268e-01
34, 2, 8.1804212005991084e-02, 4.6367604434255499e-01
34, 3, -1.8337144836585018e-01, -8.1672114643683058e-01
34, 4, -2.3327744413341503e-01, 4.5322319681946993e-01
34, 5, -1.6608604074017208e-01, -3.1857517904485005e-01
34, 6, -5.0415694573848278e-02, -4.3336460728600446e-01
34, 7, -1.0232797826744244e-02, 4.4921983075866900e-01
34, 8, 3.4825058279549986e-02, -7.5534542717621966e-01
34, 9, 8.8460692137842223e-01, -1.7362853068230577e-01
34, 10, 2.0432801344507434e-01, -1.8143368263260151e-01
34, 11, -1.9007696199788449e-01, -8.4800401133815673e-01
34, 12, -3.8030984951581404e-01, 2.0471716873996332e-01
34, 13, -7.4068075057148941e-01, 4.2474924420829541e-01
34, 14, -2.1238764999837539e-01, 9.5644828909757096e-01
34, 15, 1.8225461978371704e-01, 4.0685395538038310e-01
34, 16, 6.3435606036926084e-01, -1.3816164308390172e-01
34, 17, -3.1407750251130501e-01, 1.9194490077487708e-01
34, 18, -3.3842599487057562e-02, -2.5790430813775539e-01
34, 19, 1.8108573017811505e-01, 5.1625180366163304e-01
34, 20, 1.7222366766009611e-01, -2.4620835344457148e-01
34, 21, 4.5858243631692247e-01, -5.0606945738605258e-01
34, 22, -6.8621832221183476e-01, -1.5932638059407622e-01
34, 23, 4.4621469605840747e-01, 4.5778865213188802e-02
34, 24, -2.8687710625950724e-01, 3.7256521165869660e-01
34, 25, -3.5001006778546007e-02, 3.3736893744001417e-01
34, 26, 5.2809566130802554e-01, -4.4663054976926964e-01
34, 27, -5.8072185077075489e-01, 3.3709849665332609e-01
34, 28, -7.5969190418342269e-02, 2.7871371062164974e-01
34, 29, 3.4102647608429765e-01, 8.0144562698413702e-01
34, 30, -1.5511269721941923e-01, -3.4247276245322977e-02
34, 31, -1.3660364740693320e-01, 9.6958613796543969e-02
34, 32, -2.5292268677887730e-01, -1.2196728195195139e-01
34, 33, -5.0496593699031855e-01, 1.6249562547383786e-01
34, 34, -2.6030411128485642e-01, -3.6677024869619868e-01
35, 0, 1.5099052447601274e-01, 0.0000000000000000e+00
35, 1, 1.4152996487205166e-01, -9.8631014793510330e-02
35, 2, 4.0543563840635799e-01, -3.6192708674350749e-01
35, 3, -2.4517656057169512e-01, -6.4969588471293838e-01
35, 4, -4.8685803544029160e-01, 3.0102229121030993e-01
35, 5, -6.0145221379311109e-01, -3.4400858637296672e-01
35, 6, -5.8082142207325660e-02, 7.6570950183468600e-02
35, 7, -2.3886945063118448e-02, 3.3424608205481809e-01
35, 8, 4.9382629642398035e-02, 7.1865628872694209e-02
35, 9, 9.1631554500023471e-02, 1.5943862869036890e-01
35, 10, -1.3641971257550328e-01, -3.0165249071650901e-01
35, 11, 4.4283669492033867e-01, -3.0365315061062809e-01
35, 12, 2.7331758734912004e-03, -1.1038467381799139e-01
35, 13, 3.9892892156905746e-01, -1.5677573054579141e-01
35, 14, -3.1651973563589342e-01, -3.8341772301676180e-01
35, 15, 1.6046816178067336e-01, -2.2779160904255757e-01
35, 16, 4.8286858967428120e-01, 5.5645599501211951e-01
35, 17, -3.6201040010794805e-01, 4.9675584060320288e-01
35, 18, 6.2487627656323796e-01, 3.0307395101265011e-02
35, 19, 4.5394691922493369e-01, 2.0279497038985900e-01
35, 20, 4.8066123675947270e-01, -8.8013029976133761e-01
35, 21, 2.3986958117877688e-01, 4.9466993273410220e-01
35, 22, -1.4272523767019352e-01, -5.4091602494290714e-01
35, 23, -5.1864161311765056e-01, 7.8928399596502363e-01
35, 24, -3.0155811995006165e-01, 3.3287925578537991e-01
35, 25, 5.3835131109670642e-02, 1.7683011226438616e-02
35, 26, 2.5369282260565879e-01, 5.1200007918270585e-01
35, 27, 2.5815395564729071e-01, -5.9849835647379201e-01
35, 28, -3.9176026831388988e-02, -1.4816301901258089e-01
35, 29, 2.0517492362297418e-01, 4.7516426335056616e-01
35, 30, 2.9750965932747542e-01, 3.2281941660951552e-02
35, 31, -3.2350707350832508e-01, 8.0608156615509075e-02
35, 32, -1.9509503897323310e-01, -1.7619643062683310e-01
35, 33, 2.6271605008619314e-01, -1.1953199296736328e-02
35, 34, 1.9618395981517356e-01, -5.1436780765628631e-01
35, 35, 2.0951841970484075e-01, 5.2822885349393378e-01
36, 0, 4.5910065812794054e-01, 0.0000000000000000e+00
36, 1, -7.7272371896794922e-03, 5.8592205522572383e-02
36, 2, 4.4219927824770944e-01, -1.9329712868388960e-01
36, 3, 1.4252344247239634e-01, 1.8054619896754573e-01
36, 4, -7.1482530979374981e-01, -1.1041221142821148e-01
36, 5, 4.3243064642002427e-01, 6.3845421645387757e-02
36, 6, -2.9500726940713906e-01, 1.6253724178057391e-01
36, 7, -8.0794276008364951e-01, -2.5935270174505898e-01
36, 8, 9.7987490947698097e-02, 1.9765867198715331e-01
36, 9, -1.1684752593181278e+00, 2.9154533498128943e-01
36, 10, -2.4055283061310739e-01, 6.4577599164202404e-01
36, 11, -4.4274403332398293e-03, 2.2162871542074292e-01
36, 12, -7.5066705607886863e-01, -3.4555758256553881e-01
36, 13, 8.1955187947229202e-01, 6.4437319997741938e-02
36, 14, -2.9626641279803539e-01, -2.7379928414189159e-01
36, 15, 9.5314560868029186e-01, -5.2050014401361044e-01
36, 16, -6.1820444474959657e-01, 7.0659386391808007e-02
36, 17, 2.4045365948306710e-01, -1.5973113642597270e-01
36, 18, -1.3148248057733045e-01, 3.4818037911833100e-01
36, 19, 9.8613696762385517e-02, -5.1217148180746297e-01
36, 20, 5.2303074423201090e-01, 3.3506539064105656e-01
36, 21, 3.2852854379855628e-01, -2.6775822886552969e-01
36, 22, 2.4170159595159429e-01, -2.4094204226374327e-01
36, 23, 1.0509317370674717e-01, 5.3044454445997791e-01
36, 24, 7.5258833973310457e-02, 4.9974415242163617e-02
36, 25, 3.4683933492009034e-01, -2.2749488503426374e-01
36, 26, -4.0708654920867282e-01, -6.7727163648308042e-01
36, 27, -1.5445128361138033e-01, 1.1309381209098174e-01
36, 28, -2.3583143783089044e-01, 4.2702114239975542e-01
36, 29, -4.4602668340165685e-03, -8.9898971079404055e-01
36, 30, 4.4227063524607058e-01, 1.7535079894098815e-01
36, 31, -6.3260797318540063e-02, -3.0588928354813205e-01
36, 32, -2.9680371617703205e-02, 2.7797546339422941e-02
36, 33, -5.4603862105812440e-01, -2.4246467985563847e-01
36, 34, 1.2393393766218408e-01, 3.9047445602951170e-01
36, 35, -8.8836352560546006e-02, -5.6312881000666337e-03
36, 36, -5.2187022743570677e-02, -7.0534196054985554e-01
37, 0, -3.3619587166293979e-01, 0.0000000000000000e+00
37, 1, -3.5020651727340285e-01, -4.8993468893092118e-01
37, 2, 6.9405929786023823e-01, -2.5848842795202376e-01
37, 3, -6.5590059081143326e-01, -1.1797064068715463e-01
37, 4, -1.5308141294167454e-01, 4.3385916460541357e-01
37, 5, 5.4373325481636270e-01, 2.2456228201489736e-02
37, 6, 4.5261776000712128e-02, 2.6410218463269663e-01
37, 7, 9.1408697832329511e-01, 4.0452684952947987e-02
37, 8, 1.6321030216289945e-01, 4.6409327132469780e-01
37, 9, 1.9468309677594942e-01, 4.1381192086700880e-02
37, 10, 2.3725778165167319e-01, -5.2596166604336392e-01
37, 11, 5.9328745732351829e-01, -3.0291700810899375e-01
37, 12, -2.3478123613975155e-01, -9.5307855231196914e-01
37, 13, -4.8146191014662409e-01, 8.1389470982171397e-01
37, 14, -3.4192689521975406e-01, -6.5820546468398944e-01
37, 15, 3.1238197921437449e-01, -1.5301481666886829e-01
37, 16, -5.5914683620284555e-01, -1.4114387536173378e-01
37, 17, 9.2559200108277229e-02, 2.0035100494494795e-01
37, 18, -5.4361992865072462e-01, -4.6746613465097542e-01
37, 19, -3.3474651802561251e-01, -3.2485220142748228e-01
37, 20, 2.0258411786199254e-01, 4.2024096417182255e-01
37, 21, -9.3705285896877044e-02, -6.5167378045810187e-02
37, 22, 4.1285133942037833e-01, 2.0414637700141175e-01
37, 23, -5.2824124150106277e-01, 2.4068040108180899e-01
37, 24, -4.4811633158860831e-01, 3.7753636657764039e-01
37, 25, -5.5113584700334117e-02, 8.8677432646201426e-02
37, 26, 3.2834430101072987e-01, 1.3911472451790041e-01
37, 27, 3.6641369958770753e-01, -2.7603030781326199e-02
37, 28, -4.5518334711557884e-01, -4.9479091260879245e-02
37, 29, 1.0949283899517193e-01, -1.5009503025745308e-01
37, 30, -5.6355475393520371e-01, -1.3524032976497402e-01
37, 31, 3.0182246646186661e-01, -1.4178179720888995e-01
37, 32, -5.7588421369767773e-03, 3.2635480831693264e-01
37, 33, -2.7141774283641529e-01, -9.3179318250857790e-03
37, 34, 1.7712745740612323e-01, 3.8619337035356610e-02
37, 35, 4.7423899810410641e-01, 2.0090965839779396e-01
37, 36, -4.7074990548835061e-01, -2.5398263229976892e-01
37, 37, -1.4569508044846002e-01, -6.7896219406929692e-02
38, 0, -4.6831187043713252e-02, 0.0000000000000000e+00
38, 1, 6.2720357641987956e-01, -4.3108834198282608e-01
38, 2, 6.2658670087177137e-01, -2.1229264625160549e-01
38, 3, -7.4297173078424517e-01, 2.0718963904506990e-02
38, 4, 2.5488369515659270e-01, 4.0234203393645596e-01
38, 5, -7.1148222778030945e-01, -2.3985408967489918e-01
38, 6, -4.6073649701209796e-01, -8.3214011422133738e-01
38, 7, -3.2546465094001442e-01, 9.6305879900896674e-02
38, 8, -6.4148038688517339e-01, -1.9532603843458018e-01
38, 9, 4.8187024644435239e-01, 1.5154393688034862e-01
38, 10, 2.9802838884724620e-01, -1.5018771163043476e-01
38, 11, 4.4862024623776386e-01, -1.4710112643754081e-01
38, 12, 2.4758210671072943e-02, -2.7230666457238611e-01
38, 13, 9.4676253140662414e-01, -4.5551855339152125e-01
38, 14, 6.1252478108888986e-01, -5.9970062002214919e-01
38, 15, -1.5671443744352803e-01, -5.1381124997344674e-01
38, 16, -1.3332907656037796e-01, -2.3012059553050829e-01
38, 17, 2.4987220879376987e-01, -1.0043658380908815e-02
38, 18, 6.9154812017350992e-02, 3.4862982359794525e-01
38, 19, 3.2718595551745433e-01, 4.3698542208798907e-01
38, 20, 7.3637432173535700e-01, -2.3440428683643177e-01
38, 21, -5.2780389801376504e-02, -2.9343018780994951e-01
38, 22, -3.7344797702567373e-01, -8.3774912315049055e-01
38, 23, 2.8621716533077546e-02, -2.1385781193032616e-01
38, 24, 4.2425937220759552e-01, 2.9745079094225191e-02
38, 25, -1.0752295850628678e-01, -2.1747345733656614e-01
38, 26, -6.9929972674250029e-01, -2.2262876327225745e-01
38, 27, -6.1566028841390188e-02, 8.1947501951228630e-01
38, 28, 3.6756067502158374e-01, -1.0771731493233516e-01
38, 29, 2.1337100102058293e-01, -1.6778290173360344e-01
38, 30, -4.2563106325577627e-01, -3.3096345904952884e-01
38, 31, 2.1557061085302776e-01, 3.0475681756458373e-01
38, 32, -2.3745091957174569e-01, -2.5100232153067048e-01
38, 33, 1.6161710337180740e-01, 3.3017338607034674e-01
38, 34, 8.3448420981184823e-01, -1.5959131109552671e-01
38, 35, 6.6363862279829355e-01, 3.1704883909035142e-01
38, 36, 3.6258259951010352e-01, -9.2047403621458468e-02
38, 37, 2.6207213153720837e-01, 3.0102537870030410e-01
38, 38, 4.5731813973819191e-01, 3.9953307779526998e-01
39, 0, -4.0633030081643473e-01, 0.0000000000000000e+00
39, 1, 1.4081767045075710e-01, 4.8519618215166765e-01
39, 2, -1.5054745013068039e-02, -2.3763731302022351e-01
39, 3, -4.7593806859150239e-02, 5.4088864106825313e-02
39, 4, 2.5323720910989600e-01, 2.3071852771212537e-01
39, 5, 1.5722463929638020e-01, -7.9179771589021819e-01
39, 6, 2.0304881729609364e-01, -3.4262946270858413e-01
39, 7, -2.2294160203378510e-01, 3.5301821962783975e-01
39, 8, -1.2557543407741689e-01, -1.2706266390211146e-01
39, 9, -3.5508219969656873e-01, -1.4400114126890767e-01
39, 10, 1.5594849346161554e-01, 1.3870459503966190e-01
39, 11, 3.2921884521338729e-01, -6.4192670741209068e-01
39, 12, 4.3215001942103703e-02, -1.1190548296905964e-01
39, 13, -2.5338265595956805e-01, -9.6618466373135314e-02
39, 14, 2.7756189281958837e-01, 3.7200281959569304e-01
39, 15, -1.6383624867820623e-01, -4.8219330515013692e-01
39, 16, 4.4085369409063913e-01, 1.6362955903190257e-02
39, 17, -7.1213161985142548e-02, -3.1072262333186818e-01
39, 18, 1.3254368184530235e-01, -1.2648872234780550e-01
39, 19, -1.6768289225257393e-01, -3.2834749535598007e-01
39, 20, 3.4286565464559149e-01, -1.5175037562862526e-01
39, 21, -4.3085893849228285e-01, 3.8457756640506247e-01
39, 22, -3.4670055062809879e-01, 1.8897036238745307e-01
39, 23, -1.9220441301167246e-01, 1.6820957952779192e-01
39, 24, 9.5797383418406523e-01, 4.7298609139414288e-01
39, 25, 4.1987395743642181e-01, -3.0372563799949315e-01
39, 26, 3.2653953462975943e-01, -9.2515930081117775e-03
39, 27, -4.0251526703473239e-01, 3.7952170185098211e-01
39, 28, 4.5183246052730008e-01, 7.1054845954257784e-01
39, 29, -1.6349646190375888e-01, 6.0483607118478244e-01
39, 30, 7.6999924599540037e-01, -1.7508499394513177e-01
39, 31, 2.4406269837921415e-01, 6.0909238042831293e-01
39, 32, 3.0308269855086845e-01, -3.5743234170038396e-01
39, 33, 1.4083122199024745e-01, 3.5604635423122233e-01
39, 34, -4.4856529977598675e-01, -2.7121890895095130e-01
39, 35, 3.2147570931318370e-01, -6.1508396418930800e-02
39, 36, -3.4634069610655183e-02, -9.9775824521355361e-02
39, 37, 7.3922378228844288e-02, -1.3444409161358584e-01
39, 38, 3.5361524120589483e-01, -5.2430873415369716e-01
39, 39, -9.3820825614178219e-02, 2.3977178310009784e-01
40, 0, 7.4505110766065430e-01, 0.0000000000000000e+00
40, 1, 6.1956455191330206e-01, -7.5931971056532266e-02
40, 2, -6.8013713864426673e-02, 4.3521510697004517e-01
40, 3, -4.4845580828613735e-01, -1.8898845350518678e-01
40, 4, -3.3616293610991715e-01, 8.6907972177707238e-02
40, 5, -8.4467921412047564e-02, -7.6712792948058972e-01
40, 6, 3.7498670438303550e-01, 4.1130885627895142e-01
40, 7, 4.1622897617761989e-01, 3.3556262984071111e-01
40, 8, 1.0126282509703066e+00, -5.7284542344724576e-01
40, 9, 2.3466494675318617e-01, -2.8526257869302363e-01
40, 10, -2.6763322081747348e-01, -8.5549719273339830e-01
40, 11, -2.5070520352287395e-01, -3.3025074393931719e-01
40, 12, -1.2736436563261694e-01, -1.2468001340833751e-01
40, 13, -3.6808150676568280e-01, -2.8625723576467688e-01
40, 14, -2.5007111315554897e-01, -1.9245474934981943e-01
40, 15, -1.8832215234471228e-01, -2.3080353160094730e-01
40, 16, 2.2811485088205297e-01, -8.5418638020884799e-02
40, 17, 2.3534661947940694e-01, -1.4078337018725412e-01
40, 18, -4.9695018597991991e-01, -4.7943048121350307e-01
40, 19, -5.4032990408396697e-01, -1.4434116485639165e-04
40, 20, 3.8437040420038510e-01, -9.9151927696038256e-02
40, 21, 3.8555739339311540e-01, 4.8380460136719028e-01
40, 22, -2.6436996055758377e-01, 2.8746814710625246e-01
40, 23, 1.4119834475472315e-01, 2.1572341354055496e-01
40, 24, -2.2104017886550464e-01, -4.0009138700002783e-01
40, 25, 2.3184408543437396e-03, -4.7162485716598740e-01
40, 26, -2.7503680241477918e-01, -1.4561108294258007e-01
40, 27, 4.4119136646783248e-02, -1.2870463060117637e-01
40, 28, 4.4014207688282625e-01, 2.2568893093697817e-01
40, 29, -7.8210214105141052e-01, -8.6660661240902870e-01
40, 30, 5.2595532465784389e-01, -6.3526728465789239e-01
40, 31, -3.4035157411281602e-01, 2.8067533553136348e-02
40, 32, 4.3583167437326209e-01, -5.7488033216664347e-02
40, 33, -4.6735954520978418e-01, 1.6211725388939813e-01
40, 34, 8.0213507087092406e-03, -4.0762376321222571e-01
40, 35, 1.2122232349579976e-01, 2.4380710269944877e-01
40, 36, -9.6870171906263819e-02, -2.7414468930700314e-01
40, 37, -3.6911625636998485e-01, 1.4482411981664955e-01
40, 38, 9.0961417000865019e-02, -1.1650029773324974e-01
40, 39, -3.6081597749103300e-01, 8.7566486781171238e-03
40, 40, -6.5123148862149538e-02, -2.0982499220795264e-01
41, 0, 1.1320014948594159e-01, 0.0000000000000000e+00
41, 1, 2.9015069266866317e-01, -3.8045226720469710e-01
41, 2, 8.8552214224865633e-01, 1.5709189745271135e-01
41, 3, -2.5086778204970128e-01, 7.8417801676911369e-02
41, 4, 3.3966225245676190e-01, 2.3063700052824893e-01
41, 5, 5.1167827694693246e-01, -3.8801642859893204e-01
41, 6, -4.8923891468477521e-01, -3.9074586187888383e-01
41, 7, 3.6155971533430514e-01, -2.3722288600089225e-01
41, 8, 4.3256355153238790e-01, -2.1145747619768529e-01
41, 9, -4.8798456533750922e-02, 8.2654405239443118e-02
41, 10, 1.8336639417833012e-01, -5.2532467366378510e-03
41, 11, -6.8916041256152305e-02, 2.4673853636471538e-01
41, 12, -5.5776597053708299e-02, 2.2403450390928600e-01
41, 13, -1.9771075514113223e-02, -2.9332186849677178e-01
41, 14, -8.5168563342556536e-01, 4.3620041369546192e-01
41, 15, 1.6752968830678838e-01, 3.5027082349718419e-01
41, 16, -6.9668925109186275e-01, -1.4369314335520436e-01
41, 17, 9.7935313936398136e-02, 4.3087523801361438e-01
41, 18, -8.9921560442508652e-02, -8.3906377632065765e-02
41, 19, -2.3199054052767870e-02, -2.8550208943762473e-01
41, 20, -2.3587836193599820e-01, 3.6836311854982134e-01
41, 21, -2.0463611302962170e-01, -6.4155550333758871e-01
41, 22, 1.1513311955751604e-01, -1.2032043797853723e-01
41, 23, 2.1780707671481908e-01, -2.6294694550304104e-01
41, 24, 8.8604028066817664e-03, -2.7141336574304631e-01
41, 25, -2.2545539661121822e-01, -1.6831367614683196e-01
41, 26, -4.5424827126019923e-01, -1.4664943407604658e-01
41, 27, 6.5588883707541568e-02, -1.9326609162484326e-01
41, 28, -6.3903306022190831e-01, 7.3943953538133500e-01
41, 29, -1.0783559435377463e-01, -2.1990472631501912e-01
41, 30, 4.0795527598744830e-03, -1.2787767164882680e-01
41, 31, -2.1436446742008824e-01, -3.4083974162843378e-01
41, 32, 7.3123440278620166e-01, 4.8926465834080757e-01
41, 33, -3.3394091580043594e-01, -5.1971785432856499e-01
41, 34, 1.9265825280328230e-01, -1.8446863700480892e-01
41, 35, -1.4354191033319785e-01, 1.8090536910617933e-01
41, 36, 3.8148038943944329e-01, 2.4572959458701915e-02
41, 37, 7.1674352737154390e-03, 3.5908876722869087e-01
41, 38, 2.0863047041495561e-01, 3.8885911893447722e-01
41, 39, -5.8318783831696253e-02, -3.6477790666439569e-01
41, 40, -3.3468171212931241e-01, 4.0061929338885416e-01
41, 41, 3.9002482763266277e-01, 4.0454724234883099e-01
42, 0, 6.3831596163524296e-02, 0.0000000000000000e+00
42, 1, 5.8780406470158475e-01, 2.6352173919633903e-02
42, 2, 1.5386538131746091e-01, 1.7405767917474102e-01
42, 3, -1.8611324652004291e-01, 1.3477048690194898e-01
42, 4, 6.0610513352210560e-01, 3.6185074998995681e-01
42, 5, 3.2956490048859094e-01, -5.9779214270638215e-01
42, 6, -7.8527148317415807e-01, 1.9769945100484157e-01
42, 7, -1.9849255127684984e-02, 1.1440111385861607e-01
42, 8, -4.4452571156253562e-01, -6.2900622770096870e-01
42, 9, -6.2480102273979987e-02, -5.3206425655519451e-01
42, 10, 5.5020069393487137e-02, -1.8547390929307955e-01
42, 11, -4.2268438201475633e-02, -2.5301437935105364e-01
42, 12, -3.4237000006441004e-02, 1.3894991817281274e-01
42, 13, -2.5548711262794094e-02, -4.5842371072563409e-01
42, 14, -4.6781675294712549e-01, 1.3816321147171795e-02
42, 15, 3.7152962291055469e-01, 5.9029741556764090e-02
42, 16, -2.9981942501623204e-01, -1.4228644192459872e-01
42, 17, -3.5980753917884517e-01, 1.2090763846940980e-01
42, 18, -4.8060220819296401e-01, 7.8172854959575888e-01
42, 19, 3.7510473913727527e-02, -1.7355680296376824e-01
42, 20, 7.1306899999409284e-02, -1.5056605763099529e-01
42, 21, 6.7751640019501314e-01, 7.0543837337151638e-02
42, 22, -2.9665794073903351e-01, -1.1668334355321508e-01
42, 23, -7.0769246618535342e-01, -2.9699868735797608e-01
42, 24, 7.0556487554652936e-02, -4.8469441571290600e-01
42, 25, 1.1129299132151713e-01, -1.7553598418504879e-01
42, 26, 2.6579058471162342e-01, -7.0875904815918322e-02
42, 27, -1.5119490675920538e-01, 4.6770739546147261e-01
42, 28, -3.1505088004042348e-01, -1.2815788898533065e-01
42, 29, -1.3098551376989898e-01, 1.6979059383852618e-01
42, 30, -2.9206842784694698e-01, -1.6278680355135133e-01
42, 31, 2.4666934373186578e-01, -2.3969030882130343e-01
42, 32, 8.0128777387616354e-02, 5.2525325763430586e-01
42, 33, 4.9313324592728647e-01, -4.1309092599771691e-01
42, 34, -8.4563410631513375e-03, -1.7498505271557629e-01
42, 35, -6.4640650076740114e-01, -7.4482162613282277e-02
42, 36, -1.1724317332392353e-01, 6.5400727700845929e-02
42, 37, 7.2508745562451959e-02, -4.6985518461114384e-01
42, 38, -4.7408329584970377e-02, -1.8878565260089797e-02
42, 39, 2.7780277358659167e-01, -2.1751948713775790e-01
42, 40, -6.9928657295170904e-01, 2.5326488488370691e-01
42, 41, 2.9446101760744359e-01, -5.1186322120409400e-01
42, 42, -1.4674204091008125e-01, -2.1370567057992917e-01
43, 0, 3.7799838289605464e-01, 0.0000000000000000e+00
43, 1, 1.8790430827230631e-01, -1.2848906505397945e-01
43, 2, 3.4154882613762366e-01, 2.8213287136970866e-01
43, 3, -4.3526111213398455e-01, 4.2519534752850613e-02
43, 4, 4.4594057979864488e-01, 1.8352315049772355e-01
43, 5, -1.2407821442002920e-02, 7.7446216440699711e-03
43, 6, 1.2549855003545024e-02, 7.4026798310179331e-02
43, 7, -2.2562935824481173e-01, -1.9610001280284556e-01
43, 8, 1.7213787643737913e-01, 6.0438378669196990e-02
43, 9, 3.8432204356840710e-01, 5.6558181545314568e-01
43, 10, -1.1156546881125184e-01, -1.2906533636236162e-01
43, 11, -1.9899525142671085e-01, -3.2078946443622391e-01
43, 12, -4.3540459876010917e-01, 6.5695984248592576e-02
43, 13, -3.2696791638263445e-02, 1.0729796785899372e-01
43, 14, 2.7632273345149738e-01, -2.5875237982540306e-01
43, 15, 4.5482025068723420e-01, -1.5443141701531393e-01
43, 16, 1.0738290772513548e-01, -3.8702246031298448e-01
43, 17, 2.0109645296579179e-01, -8.5128170140950310e-02
43, 18, -1.0797608636612141e-01, 1.6499562093999087e-01
43, 19, 3.2925792529501348e-02, -4.5992953804800285e-01
43, 20, 7.4761181772793903e-03, -9.8753212301004867e-03
43, 21, 1.3310953170659873e-01, 1.5581059144062581e-01
43, 22, 7.0509220807516870e-02, 8.7430401440202421e-02
43, 23, -3.9542915483441177e-01, -1.1666849108040894e-01
43, 24, -1.2057786883979757e-01, -1.5152588973352235e-01
43, 25, 2.0477333882438464e-01, 4.4323398686901083e-01
43, 26, -1.7540543842216849e-01, -4.7779444754724382e-01
43, 27, -1.8691905435370770e-01, 3.7436513835635465e-01
43, 28, -5.6282863582678355e-01, -1.0028620371774938e-01
43, 29, -2.8225311764528475e-02, 3.3493678200428723e-01
43, 30, 6.5263564568720089e-01, -1.8867537798050169e-01
43, 31, 1.2747425763319664e-01, 1.4054993344828376e-02
43, 32, 2.1334992108668238e-02, -3.0186581379245858e-01
43, 33, -3.9688533281414595e-01, -3.4068187196792354e-01
43, 34, -5.4262119976322132e-01, -2.8783090331788558e-01
43, 35, 1.1783281836706794e-01, 2.3196187570577581e-01
43, 36, 8.7433661069228119e-02, -6.7417286552023059e-02
43, 37, -1.7763978455363427e-02, -1.9435043318362000e-01
43, 38, -3.0446686505624798e-01, -2.5033467069827364e-01
43, 39, -3.7558960976954681e-01, -4.5276169287676304e-03
43, 40, 2.2740916322671390e-01, 3.8963986259598687e-01
43, 41, -1.7185824954765216e-01, 1.4625685086085607e-01
43, 42, 1.7279642785186811e-01, 1.3872454522288191e-01
43, 43, -3.5264626870761728e-01, -3.6523321756940241e-01
44, 0, 2.3143938925329166e-01, 0.0000000000000000e+00
44, 1, 7.6990135579481211e-01, -1.5094804732358327e-01
44, 2, -2.8643297104228915e-01, 1.5067287054812323e-01
44, 3, 2.5409970516269142e-03, -2.6719734880605095e-01
44, 4, 4.0755393709570692e-01, 1.6300051551517653e-01
44, 5, 2.1571814858244609e-01, -4.4610470974698430e-01
44, 6, -1.8346232312251187e-02, 2.4539824831644969e-01
44, 7, 1.1390887555266982e-01, 5.4031764577067065e-01
44, 8, 3.1530250265476450e-01, 4.2077968105495445e-01
44, 9, -3.7471426785176576e-01, 6.0456442791754661e-01
44, 10, -4.6081317009164996e-01, -1.3224114078087340e-01
44, 11, 6.1043326082525495e-02, -1.1249131433012605e-01
44, 12, -6.3243732139215647e-01, 1.5380191768923612e-01
44, 13, -3.4041572162601463e-01, -2.1463888508312695e-01
44, 14, -2.5853343885612345e-01, 5.3419209430399128e-01
44, 15, -3.0107657014124506e-01, 5.9995928336755178e-01
44, 16, -3.0251045414190925e-01, 1.2413598514345234e-01
44, 17, 3.4205758903757910e-01, 2.7455873568662487e-01
44, 18, 3.7115174984304367e-01, -3.0075564414218658e-01
44, 19, 5.0739191012674578e-01, -1.2902153076737347e-01
44, 20, -1.3970136210915063e-01, -5.2258188427322272e-01
44, 21, 1.9968785431079089e-01, -2.1241738119615827e-01
44, 22, -1.0102920554409811e-02, 7.6518080207289452e-02
44, 23, -8.0159468957832006e-03, 2.1869315842538264e-01
44, 24, -2.6109933434819532e-01, 1.6533224695971638e-01
44, 25, 1.2321962060701452e-01, -2.8316173460694505e-01
44, 26, 4.2467693389662042e-01, -2.7643106813065255e-01
44, 27, -3.7262605554764722e-01, -7.0730144969359809e-02
44, 28, 6.4860571016512325e-03, 1.7335913026646832e-01
44, 29, 1.0382666466073659e-01, 3.0451392931483379e-01
44, 30, 3.7422447878639575e-01, -1.3806947727451868e-01
44, 31, 3.7190894043859518e-01, -2.8408312921412676e-01
44, 32, 3.7180087595895223e-01, 1.1683581824112510e-01
44, 33, -1.9053139584447309e-01, -1.3908984188770701e-01
44, 34, -4.0865568220232429e-01, -2.2312882842893844e-01
44, 35, 1.2977851723609901e-01, 5.1018228907435625e-01
44, 36, -1.9773433176296476e-01, 2.4459045124395895e-02
44, 37, 6.1818758296463017e-01, 5.3779814097369261e-02
44, 38, -2.3374808985145490e-01, 3.1950865920666982e-01
44, 39, 1.4494834385356864e-01, 1.4945363524949223e-01
44, 40, 3.0129567576995553e-01, -1.1267520032861361e-01
44, 41, -1.3111387279712261e-01, -7.8968805160691713e-02
44, 42, -2.0404274249463084e-01, 3.7727274310461328e-02
44, 43, 9.0100361630173237e-02, -1.0872191432723621e-01
44, 44, -2.4410911643204300e-01, 1.0058154943046613e+00
45, 0, 4.8956904964653231e-01, 0.0000000000000000e+00
45, 1, 2.3492835082323882e-01, 2.8827190219495114e-01
45, 2, -2.1779748973806323e-01, -1.4874375104118592e-01
45, 3, 4.7962968673356421e-02, 5.9495522508961141e-01
45, 4, -4.8785087700031482e-01, 1.2452352761765392e-01
45, 5, 5.7321484272940926e-02, -1.0153427034774962e-01
45, 6, -4.2921320004991298e-01, -5.8358131811742098e-02
45, 7, -2.0050715407597092e-01, 1.7544467346109704e-02
45, 8, -9.5697167370718289e-02, -1.2334453845840015e-01
45, 9, 2.6766055184846382e-01, 6.8456196240145539e-02
45, 10, 3.0718691888774630e-01, -4.7555102790331810e-01
45, 11, -1.5864140373511759e-01, -2.4916271497061199e-01
45, 12, -3.8097562189484002e-01, 5.6202094690542681e-01
45, 13, 1.4236169640717278e-02, 4.2749656990964263e-01
45, 14, -4.2457319960417170e-03, 4.4752958999096126e-01
45, 15, -2.0106541365814787e-01, -4.2949533444046595e-01
45, 16, 2.5514594886054659e-01, -3.1890671859224118e-02
45, 17, -1.9608460411257048e-01, -3.1506941938545513e-01
45, 18, 5.2898608334903152e-01, 6.7415869336062006e-01
45, 19, -4.7533274577169959e-01, 7.1716393020474403e-02
45, 20, 1.7451074796688892e-02, 1.6065432292940351e-01
45, 21, 6.7360816955307781e-02, 4.8508050739356340e-01
45, 22, 5.4682688199069895e-01, -7.8256178119777564e-01
45, 23, 1.8945479382635788e-01, -9.6389508812907976e-03
45, 24, 8.5028232709034257e-02, -6.6369869389394276e-01
45, 25, 1.9178404262364118e-01, -2.2619337752677771e-02
45, 26, 1.9285309646613960e-01, -2.7681018360647086e-01
45, 27, -9.3436776829715851e-02, 4.0518458733454904e-01
45, 28, 2.5998310528883017e-02, 4.4836875764792805e-01
45, 29, -1.7170359673387495e-01, -4.2251286936891064e-01
45, 30, -1.1342619010290544e-04, -1.5857086085219518e-01
45, 31, -1.7513337389324868e-01, -1.6904858475675999e-01
45, 32, -2.7949274057612394e-01, -2.2589816490737658e-02
45, 33, -5.2194019872037600e-01, 1.9085802852024802e-01
45, 34, 2.3495118360829895e-01, 1.2128467538934895e-01
45, 35, 3.1776334507441834e-01, -1.8393120197256183e-01
45, 36, -4.1622021177169399e-02, -7.2626779191406043e-01
45, 37, -5.3773290320544975e-01, -7.2646409349846397e-02
45, 38, 2.2847431235956633e-01, -4.4617606255707432e-02
45, 39, 2.1599909855928157e-01, -5.8815313756809991e-02
45, 40, -5.6668514658246294e-02, 1.9981561414433113e-01
45, 41, 1.8469829771853885e-01, -1.0383169668645409e-01
45, 42, 1.0809552753927254e-02, 1.9335540571991583e-01
45, 43, -3.2195158344235192e-01, -1.6332047792335436e-02
45, 44, 2.1209652149681865e-01, 2.2665726097561359e-01
45, 45, 5.4420104146861870e-01, -3.9271097577610070e-01
