0, 0, 0.0000000000000000e+00, 0.0000000000000000e+00
1, 0, 0.0000000000000000e+00, 0.0000000000000000e+00
1, 1, 0.0000000000000000e+00, 0.0000000000000000e+00
2, 0, 0.0000000000000000e+00, 0.0000000000000000e+00
2, 1, 5.1358871768527230e+01, 2.7731668605542200e+01
2, 2, 1.0317312139799674e+03, -5.6289363718790923e+02
3, 0, 2.8673793460616787e+02, 0.0000000000000000e+00
3, 1, -1.2781603791147299e+02, -6.0798650370791472e+02
3, 2, 3.0636087911466495e+02, -1.2397787401175202e+02
3, 3, -7.2132950800992899e+02, -4.3826427089267855e+02
4, 0, -1.1330250047064735e+02, 0.0000000000000000e+00
4, 1, -1.3753518790950670e+02, -1.1067307616632350e+02
4, 2, 8.7943672301070265e+01, 2.3269055712141596e+02
4, 3, -2.3451459515458095e+02, 1.0665990438627926e+01
4, 4, -2.4409792511633597e+01, 3.4128870234362478e+02
5, 0, 7.9963411733729330e+00, 0.0000000000000000e+00
5, 1, -2.4137064598316247e+00, -2.2847042218194765e+01
5, 2, 1.0182482480151089e+02, 4.3881119736345916e+01
5, 3, -8.1922708140972148e+01, 3.4500305506399307e+01
5, 4, 1.3909104151167077e+02, 4.6757712720591492e+01
5, 5, 1.2023237465439561e+02, -1.0841769086526412e+02
6, 0, -2.2072742941690816e+01, 0.0000000000000000e+00
6, 1, -6.0768643095122492e+01, 3.5462510154757666e+01
6, 2, -4.4646823050887463e+01, -3.4404639443213647e+01
6, 3, -4.4959786234978168e+01, -1.7796137875965854e+01
6, 4, -2.1862787540997161e+01, -6.4140465254598496e+01
6, 5, -2.8681090811862390e+01, -5.0591824919532336e+01
6, 6, -6.1122793100399093e+01, -1.8436065107722598e+01
7, 0, -1.0650857961833800e+01, 0.0000000000000000e+00
7, 1, -4.0524939522767227e+01, 2.1450630416351672e+01
7, 2, -5.6530764081018404e+01, 3.7418533856874223e+00
7, 3, -1.7106388517474755e+01, 6.8891473328808308e+00
7, 4, -6.9402532877335787e+01, -1.9600249932098404e+00
7, 5, 5.8880427938608575e+00, 3.9192108576237786e+01
7, 6, 2.3078902584389173e+01, 5.0780103051814564e+01
7, 7, -5.9347291951013785e+00, 3.7154995602754397e+01
8, 0, -8.7474123754116118e+00, 0.0000000000000000e+00
8, 1, 1.4777456647079341e+00, -9.9893772735644717e+00
8, 2, -4.0562317473251014e+01, -1.0735842520201947e+01
8, 3, 2.9376254977131566e+01, 3.2325636054215856e+01
8, 4, -3.3431649734680505e+01, 4.1078348262412643e+00
8, 5, 6.6033830147965801e+01, 4.3258975239128901e+01
8, 6, 1.3469156507535176e+01, 3.5749088657798197e+01
8, 7, 1.3075169094361602e+01, -3.1884492541442032e+01
8, 8, 1.5961116550427059e+00, 6.1354430134422087e+00
9, 0, 5.0307940409448832e+00, 0.0000000000000000e+00
9, 1, -3.0174882047599194e+00, -4.9018477248732317e-01
9, 2, -2.4390760751621766e+01, -4.6026997461210044e+00
9, 3, 1.6647449256426473e+01, 1.4980019611745178e+01
9, 4, -6.8733430378770581e+00, -2.9491880657766171e+01
9, 5, 3.8043316251319190e+01, 3.0585962792491504e+01
9, 6, -1.2584101777644943e+01, -3.8098156732365123e+00
9, 7, 1.3034303844747445e+01, -2.3847144365052515e+01
9, 8, -2.7294724834713339e+01, 5.5866480614616787e+00
9, 9, 1.9023303644608227e+01, 8.6607427280006988e+00
10, 0, -8.7129717986632613e+00, 0.0000000000000000e+00
10, 1, -1.1293929817663543e+01, -3.8272607565069352e+00
10, 2, -2.2538830992530530e+00, 1.6805252716004407e+01
10, 3, 9.1227988119756134e+00, -5.4305879512945614e+00
10, 4, 1.8469347255833910e+01, -2.4738376964178430e+00
10, 5, -8.1767815892501812e+00, 1.5658781947417696e+01
10, 6, -8.8327774071990675e+00, -1.9769802389556524e+01
10, 7, -5.7509376157424210e+00, 7.1222678657182463e+00
10, 8, -8.1586873118545213e+00, -1.2028639221552959e+01
10, 9, 1.9891577464268078e+01, 1.8654031064136745e+01
10, 10, 4.6288450396053902e+00, -9.8023960942335595e+00
11, 0, 3.4071537108974104e+00, 0.0000000000000000e+00
11, 1, 7.4772488574321416e+00, 2.1670180633512377e+00
11, 2, 3.3027627717463202e+00, 1.3857128498004627e+01
11, 3, 1.5967721589232541e+01, -1.0829442829041307e+01
11, 4, 2.0248012768371350e+01, 8.9921750888768006e+00
11, 5, -1.5364052873854465e+01, -1.1756568386924050e+01
11, 6, 4.8089203960925664e+00, 1.2387993893202145e+00
11, 7, -8.9558902308150259e+00, 9.5830365553085670e+00
11, 8, 1.5639888012543118e+01, -8.0660389450508134e+00
11, 9, 4.4675463284718537e+00, 5.0495218637411003e+00
11, 10, -1.8550656596287309e+00, -2.4312451036773130e+01
11, 11, 1.1140200616535716e+00, 4.3594371204191189e+00
12, 0, -1.3416049622444801e+00, 0.0000000000000000e+00
12, 1, 1.2000560716157473e+01, -1.2429904421450155e-01
12, 2, 1.5716778564715983e+00, -5.0724758416125200e+00
12, 3, 1.4652924870578063e+01, -2.8831099213139604e+00
12, 4, 1.9642681134843727e+00, -1.7785217702997966e+00
12, 5, -5.8332907658497710e+00, -1.0465425713406008e+01
12, 6, 3.6188079587314279e+00, 1.5654098953341789e+01
12, 7, -2.9000949673228131e+00, 2.3223603432633997e+00
12, 8, 1.4446744336374675e+01, 2.7468538183276596e+00
12, 9, -5.6068275952216791e+00, -3.7553909825328464e+00
12, 10, -3.1030089941247492e+00, -1.2889609594459518e+01
12, 11, -8.4136019928420822e+00, 1.7703476501534215e+01
12, 12, 5.2975869026191602e-01, 8.9946054583442170e-01
13, 0, 3.4769926030505212e+00, 0.0000000000000000e+00
13, 1, 5.4114121299755480e+00, -9.0048848843149454e-02
13, 2, -2.5414264120855514e+00, -7.6414682062171995e+00
13, 3, -6.2963914099248197e-01, -5.0890507051666423e-01
13, 4, -5.3635165544892094e-01, -5.2889294552888346e+00
13, 5, -3.8404474005467237e-01, 3.6712818463411439e+00
13, 6, -2.0391572352366421e+00, 8.8586269425453814e+00
13, 7, 6.3980611416662185e+00, -3.2175902115780000e+00
13, 8, 1.7950860087238931e+00, 2.0892919549951866e-01
13, 9, -7.9096418304929301e+00, -5.8620156191528734e+00
13, 10, 6.6679774863432162e-01, 4.9007922885939692e+00
13, 11, -6.1873019329507777e+00, 7.2346312029418529e+00
13, 12, 1.0955212205970582e+01, 3.5827239922268563e+00
13, 13, -4.5781065668839247e+00, -7.4066668173916179e+00
14, 0, -9.8617547158840191e-01, 0.0000000000000000e+00
14, 1, -4.9277216101274037e+00, -1.6615530345878131e+00
14, 2, -2.8177317055033302e+00, 3.2559488569725024e+00
14, 3, -2.5875421147247741e+00, 1.7894902039401162e+00
14, 4, -2.0326775172992879e+00, 6.9902553338993751e+00
14, 5, 3.0735690143815710e+00, 6.6267229476610039e+00
14, 6, 2.1738925133197795e-01, 9.2611792104269619e-01
14, 7, 2.5512510039914833e+00, -1.7225281509955606e+00
14, 8, -6.0377635266098713e+00, -2.9046491399412506e+00
14, 9, -8.6736460751021827e-01, -7.1615092492218997e+00
14, 10, 2.1158957957265345e-01, 1.0708473241805116e+01
14, 11, 5.4838523975358493e+00, -1.6266669575318859e+00
14, 12, 2.6519161536680533e+00, 1.6278253043197084e+00
14, 13, -5.0191813892107966e+00, -1.3754654939159391e+01
14, 14, -4.5439312331761017e-02, 4.8334366648322540e+00
15, 0, -2.5570401706024688e+00, 0.0000000000000000e+00
15, 1, -1.1565222344108153e+00, -1.9093264171334727e+00
15, 2, 2.3886077325891737e+00, 4.2358297959075015e+00
15, 3, 3.0216400968756290e+00, 1.6149198683260650e+00
15, 4, 4.0546947604448436e+00, 5.1522330266458436e+00
15, 5, 5.0858182519402977e+00, 2.9922229918989283e+00
15, 6, 3.0415584069438556e-01, -3.5890407247099017e+00
15, 7, -5.3279971995256457e+00, -2.2360125478140835e+00
15, 8, -6.2655399148849984e+00, -3.0310504723568825e+00
15, 9, 6.5782373207916356e-01, 1.9873714734170982e+00
15, 10, 1.2301142030133903e+00, 9.6494124441539986e-01
15, 11, 4.3856930029606236e+00, -3.2583424156930483e+00
15, 12, -4.5435435803064799e+00, -4.2307625932130879e+00
15, 13, -7.9823158155112939e-01, -4.2032153045011746e+00
15, 14, -1.1480593428460100e+00, 7.4102982722146749e+00
15, 15, 2.5619292842308448e+00, -5.1007082844253848e-01
16, 0, -2.4726249125231341e+00, 0.0000000000000000e+00
16, 1, 1.0617790713074331e+00, 2.5826550449888210e+00
16, 2, 2.9383503443254027e+00, 8.4576197426802935e-01
16, 3, 2.3543612312876974e+00, -2.1025359366148813e+00
16, 4, 4.1084877622055052e+00, 3.5228710247493894e-01
16, 5, 1.7215241881619263e+00, -2.8100700208642349e+00
16, 6, -7.1478017957031614e-01, -1.0509336445736741e+00
16, 7, -2.0649071829220316e+00, -1.3167504171300966e+00
16, 8, -1.2430120407164675e+00, -2.1292520360642735e+00
16, 9, 2.0132378330626501e+00, 4.5130790342196425e+00
16, 10, 2.6984947444737259e+00, -1.4781906931952880e+00
16, 11, 1.2797921990835232e-01, 9.8295825325394992e-01
16, 12, -2.4776856760677699e+00, -3.0676246524145441e+00
16, 13, 3.9398239408831026e-01, 2.9545761541296596e+00
16, 14, 5.0381195008940072e-01, 4.3970407423377198e+00
16, 15, 4.5757777216774063e+00, -1.4962276850642853e+00
16, 16, -9.5862876911870587e-01, -3.8914683626670443e-01
17, 0, 3.6704959645923801e-01, 0.0000000000000000e+00
17, 1, 1.7482415713703316e+00, 2.5836584461094723e+00
17, 2, 9.6143914499250416e-01, -2.2897419623795878e-01
17, 3, 5.9011962999907652e-01, -6.1935552724935117e-01
17, 4, -1.8085446130165184e+00, -1.6623131464025886e-02
17, 5, -2.7630029589169327e+00, -1.0374816359645731e+00
17, 6, -2.4566953004733230e+00, 1.0619655372703773e+00
17, 7, -1.2926413890068191e+00, 1.2080365921139251e+00
17, 8, 1.4410766269105939e+00, 7.9564721330031229e-01
17, 9, 5.9100896625649590e-01, 1.6522754196564411e+00
17, 10, 2.1512110365892529e+00, -9.9193718344316772e-01
17, 11, -1.1587227380422933e+00, 3.7876588907330688e-01
17, 12, -1.1383994305588625e+00, 1.2691161078737306e-01
17, 13, 2.0968194581302497e+00, 3.4454529257438375e+00
17, 14, 1.2726038793240178e+00, 1.8387736979498830e+00
17, 15, 1.3785829113436274e+00, -1.7460084283092283e+00
17, 16, -4.4753662568669030e+00, -2.2928061591310325e+00
17, 17, -4.5766353851827624e-01, -1.2150039936399351e+00
18, 0, 1.0615079055081418e+00, 0.0000000000000000e+00
18, 1, 6.1175971979394494e-01, 2.1908540506885963e+00
18, 2, 2.2673073188680859e-01, -1.2536132971943664e-01
18, 3, 1.1541379957195690e+00, 1.4937471435675742e+00
18, 4, -3.2422727367938982e+00, -5.5014267640189651e-01
18, 5, -7.3555559563340778e-01, 2.2554017355273013e+00
18, 6, -8.2683072347727382e-01, 2.4259149666795281e+00
18, 7, 6.2705618020155074e-01, 5.8473984388154865e-01
18, 8, -3.1869736878290111e-01, 1.0219652886720767e+00
18, 9, -1.7190894281813757e-01, -1.3037132726863740e+00
18, 10, -2.4131579162523220e+00, 4.3534064579735193e-01
18, 11, -1.0770314050664023e+00, 9.2439474385237019e-01
18, 12, -3.2119827918802096e-01, 6.6546597507232352e-01
18, 13, 1.2257334181183130e+00, 8.6593489842429450e-01
18, 14, 1.3916792963605713e+00, -7.7880908434804708e-01
18, 15, -1.4854134825848646e+00, -2.6825929713757493e+00
18, 16, -1.6428953009954743e+00, -6.7569372236830638e-01
18, 17, -5.3776614647288057e-01, 3.7126795565351975e+00
18, 18, -1.5142637010089606e+00, -1.2163192247443801e+00
19, 0, 2.4492476607653402e-02, 0.0000000000000000e+00
19, 1, -1.7989144460287049e-01, -1.4828275115659810e+00
19, 2, 1.3436141389422002e-01, -2.0600139218502461e-01
19, 3, 5.6442698825279303e-02, 5.9021122958320682e-01
19, 4, -5.5328165899258575e-01, -8.0143019077804789e-01
19, 5, 8.0124139788405224e-01, 1.2380942876000982e+00
19, 6, 6.6630034313381770e-01, 6.0353553254882075e-01
19, 7, 1.4083853621038698e+00, -5.8824624826159333e-01
19, 8, -1.3077495163967914e+00, 2.9074958230858494e-01
19, 9, -6.7664262963213428e-01, -1.4002953727646088e+00
19, 10, -1.8188453547484809e+00, 1.0846702670648947e-01
19, 11, -5.5277031016277886e-02, 1.2374437071111877e+00
19, 12, 1.0085136146316470e-01, -3.4910540223460157e-02
19, 13, 6.9435178471989079e-01, 6.9110446439715756e-03
19, 14, -5.1023837935869820e-01, -1.5735117077428340e+00
19, 15, -2.5877160504352288e+00, -1.6557575111872747e+00
19, 16, -6.4049308838001404e-02, 4.7994319933581114e-01
19, 17, 4.7252643339584882e-01, 1.3945513863647450e+00
19, 18, 2.0264666951277790e+00, -1.8362188304989731e+00
19, 19, 1.0684553049081600e+00, 2.3934499428661291e+00
20, 0, -7.7259507097079616e-01, 0.0000000000000000e+00
20, 1, -3.1981515173539243e-01, -1.5163999091102811e+00
20, 2, -1.5297238288136089e-01, 6.3798169379330694e-01
20, 3, -9.3366715237784748e-01, -5.3297613619666462e-01
20, 4, 9.9295401044428877e-01, -4.6246133418987090e-01
20, 5, -4.7802403090923107e-01, 1.3228448820238728e-02
20, 6, -5.0742594094744331e-01, -9.2704087936538482e-01
20, 7, -1.0646856865816461e-01, -3.5139528622890742e-01
20, 8, -7.7583658783613274e-01, -8.3292431372699749e-01
20, 9, -3.3506596241733982e-01, -4.6268857482092679e-01
20, 10, 1.0487828736315912e+00, 9.6911562066890944e-02
20, 11, 2.2618436461544028e-01, 9.9334653688947894e-02
20, 12, 1.3689680870793905e+00, 4.6068553750107832e-01
20, 13, 2.7045511096936614e-01, -8.9490387681981221e-01
20, 14, -8.3079406172668457e-01, -7.4692358545759596e-01
20, 15, -2.0940900718545749e-01, 8.6793458179445182e-01
20, 16, -1.2907021588091683e-01, 5.7247319690817600e-01
20, 17, 1.3800876205949997e+00, 1.0682694580787240e+00
20, 18, -1.1255338363137557e-01, -1.8570790691632753e+00
20, 19, -3.4905025603398110e-01, 2.7583014602055866e-01
20, 20, 1.2655651161150998e+00, -9.3103921904092585e-02
