0, 0, 0.0000000000000000e+00, 0.0000000000000000e+00
1, 0, 6.8703342320979033e+01, 0.0000000000000000e+00
1, 1, 4.0045805740761207e+00, 3.1089633047596944e+01
2, 0, 0.0000000000000000e+00, 0.0000000000000000e+00
2, 1, -9.6066855058916936e+00, -5.1864063617556004e+00
2, 2, -7.4803670322871199e+00, -1.9648064450146485e+00
3, 0, -1.2446190395657695e+01, 0.0000000000000000e+00
3, 1, 1.1847853479432207e+01, 2.6585880997984589e+01
3, 2, 3.1468386442381835e-01, -8.1476494955145498e+00
3, 3, 9.7508491304183025e+00, -1.2054428832481726e+01
4, 0, -3.7790885144374124e+00, 0.0000000000000000e+00
4, 1, 7.8716066147518875e+00, 4.0371320857545232e+00
4, 2, -1.5838711353378713e+01, -1.8671180498104860e+00
4, 3, 1.7960772024134254e+01, -1.4395692312187660e+00
4, 4, 4.1152735108523606e+00, -4.5926868369795297e+00
5, 0, 1.1503574470675446e+01, 0.0000000000000000e+00
5, 1, -3.1735234949636020e+00, -1.0414175389095835e+01
5, 2, 5.1486668929791541e+00, -3.2653941871545160e+00
5, 3, -2.9805958981843741e+00, -1.2062928233169957e+01
5, 4, -2.8012630666189580e+00, 1.3617529134556383e+01
5, 5, 1.0830456625338369e+00, 8.8286396597386751e-01
6, 0, -5.1695503913777596e+00, 0.0000000000000000e+00
6, 1, 3.8824277137397862e+00, 2.1726273036857457e+00
6, 2, 7.2520131836907513e+00, -2.0694403811014794e+00
6, 3, 6.4659138794313327e+00, 2.9895962516201902e+00
6, 4, -2.0276312642356964e+00, -2.9061259937938360e+00
6, 5, -5.8428989074052993e+00, 2.0683836962611437e+00
6, 6, -5.1226584727188014e+00, -1.4379242951458848e+00
7, 0, -6.7963494822263568e+00, 0.0000000000000000e+00
7, 1, 2.7578471359629360e+00, -6.8457375012366715e+00
7, 2, -5.7951466514794490e+00, 5.1538838662505926e+00
7, 3, -2.0654716472558015e+00, 1.2867593725867295e+00
7, 4, 3.4933419927689391e+00, 5.3924217502105742e+00
7, 5, -4.8988638602676488e-01, -2.3572926250147730e+00
7, 6, -3.9787120550364690e+00, -1.5346702244259451e+00
7, 7, -2.1722170142755903e+00, 3.0129790607827394e+00
8, 0, 3.1545880956763153e+00, 0.0000000000000000e+00
8, 1, 7.4070113656141501e-01, -3.2929297138531575e+00
8, 2, 1.1966554400397167e+00, -1.2721005609955927e-02
8, 3, -2.0940161044403558e+00, -2.1476142845739701e+00
8, 4, -1.4461687515430688e-01, -4.0261193533094071e+00
8, 5, -3.7826285083943629e+00, -4.8153916117778648e+00
8, 6, 3.2873754551090206e+00, 1.2357834873715676e+00
8, 7, -1.6762798729348436e+00, -1.6675743431966059e+00
8, 8, 2.7710640274175393e+00, -4.5751374288800495e-01
9, 0, 9.7170718050380023e-03, 0.0000000000000000e+00
9, 1, -3.1375633617435255e+00, 6.5260138124517670e+00
9, 2, 3.1562731066512990e+00, -1.5125432009012121e+00
9, 3, 5.7134172382310200e-01, 1.9444161743037955e+00
9, 4, 1.2181800085292334e+00, 7.0827239986933632e-01
9, 5, 1.3184301929639464e+00, -2.4252662823011581e+00
9, 6, -1.1550450317757983e+00, -4.5446997804158098e+00
9, 7, -1.5657522325362376e+00, 6.1653795863859688e+00
9, 8, 4.3659163763123932e+00, -2.1667747018970509e+00
9, 9, 1.1102616429091059e+00, 2.0751684417137084e+00
10, 0, -1.5746201457274949e+00, 0.0000000000000000e+00
10, 1, -1.8003012114659662e+00, 5.8137707194536681e-01
10, 2, 1.9917459797746873e+00, -7.5582649722379558e-01
10, 3, -4.4767182553273974e+00, -8.5575320068331329e-01
10, 4, -9.9545389004919094e-01, 3.2159014105156913e+00
10, 5, 1.9770649178410653e+00, -3.9730318287282640e-01
10, 6, -7.0311967899083982e-01, 3.4806199564631770e+00
10, 7, 1.1058477560121616e+00, 1.6326650523133475e+00
10, 8, 3.8438972675169769e-01, 2.4876735067404754e-01
10, 9, 9.1442349506979648e-01, 2.1499478573738315e+00
10, 10, -6.3723813687153208e-01, -9.1628367135982547e-01
11, 0, -3.5983480459085027e-01, 0.0000000000000000e+00
11, 1, 2.4252027306384436e+00, 4.9054871211372869e-01
11, 2, 4.1870327841862376e-01, -2.6845599843912948e+00
11, 3, -9.1680994456828091e-01, 2.2589696668852941e+00
11, 4, -2.2440023067509327e+00, -1.7475052870160643e+00
11, 5, -5.3460753383380988e-01, 1.5056120084650604e+00
11, 6, -2.3153499707716927e+00, -1.7517571864232220e+00
11, 7, 1.4838985463832628e+00, 5.9351089380145949e-01
11, 8, -2.1972167863953591e+00, -1.0358327566645136e+00
11, 9, 4.4094236278160925e-01, -1.8646499109176762e-01
11, 10, -2.3981578348892181e+00, 1.6347011680406034e+00
11, 11, -7.0016670902509814e-01, -6.9627248727699564e-01
12, 0, -1.7026613590868189e+00, 0.0000000000000000e+00
12, 1, -1.9121305698429629e+00, 9.1751503896222464e-01
12, 2, -9.6463045729030372e-01, 2.9790460947110020e-04
12, 3, -1.3903127996892224e+00, -1.6767573314410700e-01
12, 4, -1.4973629335281724e+00, 9.0257181876679693e-01
12, 5, -1.5311904164878556e+00, 1.3946808959647643e+00
12, 6, 3.2760112228239435e-01, -2.1071802989072896e-01
12, 7, -1.4241376090802622e+00, -1.8724988189614653e+00
12, 8, 1.2280354293090228e+00, 1.4232290387259354e+00
12, 9, -1.7017675460246944e+00, -1.1758526827361384e+00
12, 10, -2.3129325355062340e+00, -3.4569490396837610e-01
12, 11, 2.6640426073107570e-01, -2.9287507481404118e+00
12, 12, -6.9914968476198591e-01, -7.5663686199371402e-02
13, 0, 6.7470135804279185e-01, 0.0000000000000000e+00
13, 1, -1.7946142609229780e+00, -3.1411615521971581e+00
13, 2, 1.9492254966728746e+00, 1.8096960497832237e+00
13, 3, -1.9866816518671468e+00, -1.7081507507968308e+00
13, 4, -1.5069263839865981e+00, -1.9674498418779707e-01
13, 5, 6.3104045808332820e-01, -9.4463310817846102e-01
13, 6, 3.1777409377582724e+00, -2.9359272025244145e+00
13, 7, -6.9224175903155771e-01, 2.0410030135723223e-01
13, 8, 4.5223862645336399e-02, -2.9793820716965030e-01
13, 9, -1.4132937906891199e+00, -8.2092897437215817e-01
13, 10, 1.0644378994389831e+00, 3.0922121953245885e-01
13, 11, 4.1859477579623938e-01, -1.4909216552210289e+00
13, 12, 8.2163415849309285e-01, -4.0678816290288022e-01
13, 13, 2.3126267118762738e+00, 1.0704421189623123e+00
14, 0, -2.2375742045927134e+00, 0.0000000000000000e+00
14, 1, 1.0157501758832832e-01, -8.0627855815972582e-01
14, 2, -2.3329802098750529e-01, 3.0927967720289118e-01
14, 3, -4.0359120128578430e-01, 5.4161832521442876e-01
14, 4, 1.2944417454279655e+00, -1.7724320072442028e+00
14, 5, -3.1048204556030656e-01, -8.7109427367101677e-01
14, 6, 4.9024874109649119e-01, -8.9733598285592864e-01
14, 7, 8.0052645116693188e-01, 3.6714112407598776e-01
14, 8, 1.7095076017989881e+00, 1.1132819689221025e+00
14, 9, -1.1414359482802734e+00, -7.2204466268007206e-01
14, 10, -8.7460943852812145e-01, -1.0053138738203269e+00
14, 11, 1.2390760523718072e+00, 1.3626363076030428e+00
14, 12, 5.8399749799299205e-01, 8.0502256133928429e-01
14, 13, 3.1734256781585124e-01, 8.4395646128897361e-01
14, 14, -6.0391086331729804e-01, -1.5691462127225941e-02
15, 0, -3.3368308853066408e-01, 0.0000000000000000e+00
15, 1, -3.2414585688582620e-01, 1.4198346114585283e+00
15, 2, -1.3531065347864073e+00, 8.2819522456731853e-03
15, 3, 3.1082344138436246e-02, 1.8328572790000774e-02
15, 4, -4.5741798849199533e-01, -1.7515407325787804e+00
15, 5, -3.6545551255556585e-02, -1.2042463128290433e+00
15, 6, 9.1806535995277688e-02, 4.6923664623222505e-01
15, 7, 9.1163558926310717e-01, 7.8588939926878998e-01
15, 8, -3.4373066909403782e-02, 1.3206910510398786e+00
15, 9, 2.7536351986665282e+00, 1.0079052822492618e-01
15, 10, -1.0213042349917374e+00, -3.2094102353049409e-01
15, 11, -5.6116286679199279e-01, 4.6019411254403564e-01
15, 12, -2.1337524200257105e+00, 3.4597921284371358e-01
15, 13, -4.8372743245350092e-01, 1.0209331634208196e+00
15, 14, -1.6383801244280627e-01, -1.2165089999287781e-01
15, 15, -2.0531582897084113e+00, -4.9266019574528447e-01
16, 0, -1.2821332806876962e+00, 0.0000000000000000e+00
16, 1, 2.2780814806809158e-02, -1.8522509630835193e-01
16, 2, -2.5406081832403657e+00, -1.5304248770630731e+00
16, 3, 3.0482943779065308e-01, 5.4105448004971013e-01
16, 4, -1.9443484660819159e+00, -3.5202610406006096e-01
16, 5, -5.0909081230406095e-01, 4.2806716781716325e-01
16, 6, 2.0910090687097113e-01, 9.7027276092258252e-02
16, 7, 1.0157782850260146e+00, -3.5285119215779903e-01
16, 8, 5.8706505463198733e-01, 1.1955071774339543e+00
16, 9, -1.3155150406533633e+00, -8.1913638043560644e-01
16, 10, -1.2049681199530575e+00, -2.7301964165274795e-01
16, 11, 6.0103657680016653e-01, 1.5092963290167081e+00
16, 12, 2.0897501565610939e+00, 4.1501014821830884e-02
16, 13, -3.3625185964285664e-01, -7.9565191671187352e-01
16, 14, 9.2335726383834715e-01, -3.7070582856873724e-01
16, 15, -2.2817930739163410e+00, 7.1003753400375347e-02
16, 16, 7.7608374923144874e-03, -5.4557645522825893e-01
17, 0, -6.5329736576266839e-01, 0.0000000000000000e+00
17, 1, -1.2493752767171837e+00, -4.6627145488104893e-01
17, 2, -7.2855404710214600e-01, -1.3741367074609543e+00
17, 3, -1.6872675657468952e+00, -5.0064050654528192e-01
17, 4, 1.4710257228668877e-01, 2.1484290622499466e-01
17, 5, 2.2845871060943912e-01, -7.0963994123811069e-01
17, 6, -2.6393764988541735e-02, 5.5035986671417025e-01
17, 7, -7.7727466203109552e-02, -1.1281261348181331e+00
17, 8, -2.1647949228281727e-02, -2.3013151982085311e-02
17, 9, 6.6594539061063807e-01, -1.5535296504211447e+00
17, 10, 2.1552106254602021e-01, -1.7406193869479991e-01
17, 11, -8.2432903140822100e-01, -2.3678078857184319e+00
17, 12, 1.4708461872411773e+00, -4.7375920422967055e-01
17, 13, -1.5359453742178064e+00, -1.3938812366673110e+00
17, 14, 3.9690358338597553e-01, -7.2539033722307966e-02
17, 15, 1.4046568301816409e-01, 7.0379365194075250e-01
17, 16, 1.3281456248215155e+00, 4.0986771992778093e-01
17, 17, 1.0051593940715471e+00, 3.2981926847790233e-01
18, 0, -1.1059512826345252e-01, 0.0000000000000000e+00
18, 1, -6.4229038128873484e-02, -1.3013527345120033e+00
18, 2, 5.9427919122460093e-01, -9.7225455275956829e-02
18, 3, -8.7862674369986438e-01, 1.7933077115801721e-01
18, 4, 1.6696689469415020e+00, 5.4319025756173500e-01
18, 5, 2.5140933211655814e-01, -9.8603697869582940e-01
18, 6, 4.1825700768392626e-01, -8.3977994466207617e-01
18, 7, 1.3434507107110216e-01, -1.0627331267119766e-01
18, 8, 5.6339247668566672e-01, -7.4920866319867663e-01
18, 9, -2.8580206904341587e-01, 2.6474785312730917e+00
18, 10, 9.7302173950670889e-01, -1.0366936551280019e+00
18, 11, 8.0183102551244478e-01, 3.6627292980593484e-01
18, 12, 3.6976422687202026e-01, -1.6080572850360697e+00
18, 13, -1.1324024421228858e+00, 1.0851401570635244e-01
18, 14, -8.5977011067189346e-01, 6.9309260426758679e-01
18, 15, 1.4390168192294648e+00, 9.2863180152855440e-01
18, 16, 1.3382472241284913e+00, -3.0830246184002452e-01
18, 17, 1.4671654992748757e+00, -2.4495142172043094e-01
18, 18, -1.6545664624466894e-01, 3.6065795007310686e-01
19, 0, -2.5956747506467154e-01, 0.0000000000000000e+00
19, 1, 2.7041661653020016e-01, 2.0741286471401543e-01
19, 2, 8.2610887209696365e-02, -2.6029408514149749e-01
19, 3, 5.3338574234769998e-01, -1.1055314124221871e-01
19, 4, 9.0883261919124192e-01, 4.6463297500466211e-01
19, 5, 5.1799328506401232e-02, 1.9873854046826911e-01
19, 6, 6.6579143982631617e-01, -9.5765061524831308e-01
19, 7, -7.1926132672981424e-02, 2.9624469829678518e-01
19, 8, 4.9688172430850941e-01, 4.9884798048945012e-01
19, 9, 4.3146865587582783e-01, 1.5644442193668269e+00
19, 10, 5.6544278548272198e-01, 6.6567205239325644e-01
19, 11, -4.0953781569280134e-01, -6.7801845045741571e-01
19, 12, 1.2680282979821897e+00, 5.5365745005688960e-01
19, 13, -6.8741228277104605e-01, 6.0791753064169385e-01
19, 14, 4.0504105699626114e-01, 5.6617271386908952e-01
19, 15, 1.3020406124569723e+00, 1.2335121943825826e+00
19, 16, 4.6674207884779306e-01, -5.2063580728369674e-01
19, 17, -7.9150241289452028e-01, -8.5491958074077579e-01
19, 18, 2.1520659126110164e-01, 8.3325170429429751e-01
19, 19, -1.4277408128575386e-01, -7.8406455201234682e-02
20, 0, 2.1547634927140580e-01, 0.0000000000000000e+00
20, 1, -9.0649295922401285e-01, 9.9915786196855816e-01
20, 2, -1.3320744718310279e-01, -3.2215481297986392e-01
20, 3, -7.8530389149841784e-01, 7.8684210546485667e-02
20, 4, -6.8657905654924678e-01, -3.3115498470128135e-01
20, 5, 4.0017205409110401e-01, -3.2268512905121205e-01
20, 6, 5.2467806248063797e-02, -7.0129238316502418e-02
20, 7, -4.2946571303388559e-01, 1.6769296798598641e+00
20, 8, 3.2728039916843032e-02, 3.1309908902043027e-01
20, 9, 1.2732432360254431e+00, 8.3106274449730955e-02
20, 10, -4.8803352431882274e-02, -1.8417072374263646e-01
20, 11, 1.1657056299318982e+00, -9.9100390224113655e-01
20, 12, -1.3262159358793111e+00, -2.3923627397148672e-01
20, 13, -1.7977337568848717e+00, 2.9750502376552712e-01
20, 14, 9.0752951507234014e-01, 1.1168142651878936e+00
20, 15, 9.5892702947010272e-02, -1.0526254544049440e+00
20, 16, 8.5684036755316315e-02, 7.3306531088908211e-01
20, 17, -1.1730381131944048e+00, -8.7368303578049511e-01
20, 18, 1.6485680487287546e-01, 4.1546755415681469e-01
20, 19, -5.6974564870392397e-01, -1.5212016289134744e+00
20, 20, -6.0133647435380255e-01, -5.1284756944616250e-01
21, 0, -4.5848012324181719e-01, 0.0000000000000000e+00
21, 1, -4.3700661844474142e-01, 9.5860185067759396e-02
21, 2, 8.0470455876944325e-01, -7.0771935380060724e-01
21, 3, 1.6186246022417550e-01, -1.1168289799434339e-01
21, 4, -3.2032792542163735e-01, -4.0008163928461632e-01
21, 5, 8.1649156850862137e-01, -2.0913435375409628e-01
21, 6, 3.8771779715945059e-02, -5.3751285583305930e-01
21, 7, 1.4614639992947875e-01, -6.9673357591971763e-01
21, 8, 3.9202811560161699e-01, 6.0179586440689548e-04
21, 9, -1.2705223516467372e+00, 4.8240444367631419e-01
21, 10, -6.4360377790130563e-01, 1.2045915396745506e+00
21, 11, -1.3756142066469028e+00, -1.5449213406521642e+00
21, 12, -1.0672524327901212e-01, 6.3538033361091484e-01
21, 13, -2.8750806864598244e-01, -5.0102095853986395e-01
21, 14, 4.7598910931708815e-02, -8.1590825991520222e-01
21, 15, -3.4776164014925515e-01, 1.9309233467127207e-01
21, 16, -5.0654809088189812e-01, -1.2018386070271401e+00
21, 17, -8.6768649466297876e-01, -1.5791296216027573e-01
21, 18, 3.9565546753746872e-01, 3.2658622640735935e-02
21, 19, -8.6541639824282335e-01, -1.2055990756299371e+00
21, 20, -1.3328389493507224e+00, -1.1472067961587322e+00
21, 21, 1.3148537350609717e+00, 1.5951276233397507e+00
22, 0, -1.7992869930744226e+00, 0.0000000000000000e+00
22, 1, -8.2906876262693663e-01, -1.0678144975105961e+00
22, 2, -6.6765249392557724e-01, 3.8810938840599807e-01
22, 3, -7.3725133798245157e-01, -4.6769968308922433e-01
22, 4, 8.7114889481559921e-01, 1.4023987124335924e-01
22, 5, -7.0054725360991166e-02, 3.2882031397473382e-01
22, 6, 3.9608211802507665e-01, 4.1864605470691396e-01
22, 7, 1.5553958967215242e-01, -7.0440037213636730e-01
22, 8, 6.4993212001889233e-02, 7.9581793519286959e-02
22, 9, -5.8658312639704258e-01, -1.2149708450674792e+00
22, 10, -4.7049878063762607e-01, -4.5414772863460429e-01
22, 11, -1.4028983083931186e+00, -1.1425689232049105e+00
22, 12, 2.0185086212933934e-01, 7.4519468807850686e-01
22, 13, -1.4193143973142663e-01, -5.1059931335520448e-02
22, 14, 3.7243679663457696e-01, -1.6346501374461764e-01
22, 15, -3.5769576057506569e-01, -2.6044871743357234e-02
22, 16, -4.0461885965860817e-01, 2.5081292048712900e-01
22, 17, 1.3701862923099097e+00, 7.6266774410454641e-01
22, 18, -2.6798410877873796e-01, -5.5396297929387206e-01
22, 19, 1.0098491702159929e+00, 6.2742152198873136e-02
22, 20, -1.1641315341784009e+00, 5.6738165293224485e-01
22, 21, 1.1820900520797615e+00, 1.3693038715392385e+00
22, 22, 4.2304611588684998e-01, -1.8038077064032487e-01
23, 0, 5.1228010669424695e-01, 0.0000000000000000e+00
23, 1, 1.2013968681527631e-01, -3.0034336712961252e-01
23, 2, -7.4121879881827724e-04, 1.4905621613840547e-01
23, 3, 6.6809339893976560e-01, -5.9586714640230742e-01
23, 4, -2.1025222380335240e-01, -1.1806521328700159e-01
23, 5, -7.4104070590799243e-01, 3.3733340798627459e-01
23, 6, 3.4311901848571869e-01, -9.4171769061066102e-01
23, 7, 1.9605406858241614e-01, 1.4245935702675103e+00
23, 8, 4.8153470754052652e-01, -6.6626488255619021e-01
23, 9, 1.8150928640846947e-01, 6.9782647896851535e-01
23, 10, -4.3191194096470786e-01, -2.0518939554463445e+00
23, 11, -3.3641833872666993e-01, 4.2788755047789873e-01
23, 12, -1.7650385734855167e-01, -1.2842926732527802e+00
23, 13, -5.2668726893989648e-01, 7.7157986693090419e-01
23, 14, 3.2441152715511135e-01, -1.5624096688052480e+00
23, 15, -4.2796856507648640e-01, 1.5554080908515577e+00
23, 16, 5.3743920243037890e-01, -4.7381362046442288e-01
23, 17, 5.2875494297389269e-01, 8.3442749135316285e-01
23, 18, -2.8081711387535102e-01, -2.6613028954753570e-01
23, 19, 1.4821539174868552e+00, -1.2340472507561789e-01
23, 20, -1.3022891648607229e+00, 8.5359618816772864e-01
23, 21, 7.4260808960441382e-01, 9.3022009953161100e-01
23, 22, 7.2483823578349660e-01, 6.8441281512036278e-01
23, 23, -1.1218608029849593e+00, -2.5932635391244963e-01
24, 0, -4.3384717018295471e-01, 0.0000000000000000e+00
24, 1, 6.6522124559583706e-01, 1.1166525128362856e+00
24, 2, -3.2737688445048890e-01, -9.3387658720095912e-01
24, 3, 1.1119081829983317e+00, 3.3813300193781259e-01
24, 4, -6.3910932083478111e-01, 6.2347095556521170e-01
24, 5, 3.4094385135649463e-01, -2.4568941118379040e-01
24, 6, 1.0526324443382951e+00, -6.7101204803372194e-01
24, 7, -8.0534926321962863e-01, 7.2205376332573179e-01
24, 8, 3.9442019035940468e-02, -5.6222614830025452e-01
24, 9, 8.0758201594586576e-02, 4.1442399517613526e-01
24, 10, -3.7884169193483419e-01, 4.0717684067297455e-01
24, 11, 9.6945414645294020e-02, 7.2160657705049980e-01
24, 12, -8.5069317995239768e-01, -3.9378651280247268e-01
24, 13, 1.1004334895778141e+00, -5.2272560942261403e-02
24, 14, 5.3672776989228371e-02, 6.1394456652799456e-01
24, 15, 6.8717679762431316e-01, -4.1735823300343911e-01
24, 16, 7.2599664053635671e-01, 7.3796025772380580e-01
24, 17, -4.5943677173172370e-01, 2.1830846887324837e-01
24, 18, 7.9065048417742301e-01, -1.7577188695870463e+00
24, 19, -1.4774716059054582e+00, 4.2153997793493447e-01
24, 20, -7.4306694197698753e-01, 2.3035454878653627e-01
24, 21, 3.9700622164260735e-01, -2.8488621267252556e-01
24, 22, -3.8315275300278312e-01, -9.4144708628856755e-01
24, 23, -5.9585642223126278e-01, -3.4922865178938406e-01
24, 24, 5.1155163334733222e-01, -8.4156375466239219e-02
25, 0, -7.9879806227027728e-02, 0.0000000000000000e+00
25, 1, -6.1089481549056668e-01, -2.2841943646850449e-01
25, 2, -6.3603515041084979e-01, -8.8196521516147020e-01
25, 3, -3.1885726410863224e-01, -3.5095849913692639e-01
25, 4, -1.3487649347647370e+00, 5.9050654372293965e-01
25, 5, 1.4150365711772306e-01, -2.3213284402420831e-01
25, 6, -4.6060767189387580e-01, 3.2322454541655610e-03
25, 7, -6.0248592104244436e-01, 1.0240929221643167e+00
25, 8, -2.5466306530285876e-01, 4.7979519286875594e-01
25, 9, 4.5356197387224240e-02, 2.8735936707670295e-01
25, 10, -4.9275289359482466e-01, -3.4172839591706694e-02
25, 11, -1.2620716073093305e+00, 7.0344766162099059e-01
25, 12, -3.6720075384784345e-01, -7.8194786719405318e-01
25, 13, 3.3081707840180713e-01, 3.9632362760332784e-01
25, 14, -1.6358151479154173e-01, 2.3812832248741889e-01
25, 15, 7.6302743444843579e-01, 3.7826910468150465e-01
25, 16, -4.0992793483863010e-01, 9.3953311666359274e-01
25, 17, -6.5707787038191245e-02, -8.0948029369247942e-01
25, 18, 7.1817775088412428e-01, 4.7240741660312624e-01
25, 19, -7.4086818846498703e-01, -1.3134268818167205e-02
25, 20, 1.1031792232823978e-01, 1.3143736124779259e-02
25, 21, -1.1169734074853652e+00, 1.2290568162483302e+00
25, 22, 8.5131825994597676e-03, -1.4849443978051526e+00
25, 23, -7.2376799374718792e-01, 1.0561123400616172e+00
25, 24, -3.7535467755049789e-01, 8.4590661117811827e-02
25, 25, 3.6846589199594648e-01, -4.0564213168234009e-01
26, 0, -1.3467184338898222e+00, 0.0000000000000000e+00
26, 1, 3.9640300615382151e-01, -9.3985452838412076e-01
26, 2, 3.0232541964815507e-02, -3.5779378763057179e-01
26, 3, 8.0642842267701853e-01, 5.4760198295376372e-02
26, 4, -3.0649878140777842e-01, -4.9692865515947404e-01
26, 5, 4.0086657270157500e-01, -6.4864938678789819e-01
26, 6, -6.9607030524043967e-01, -5.5401013158372536e-01
26, 7, -8.0103403636433090e-02, 1.1863383387717552e-01
26, 8, -7.7380282867670602e-01, 1.1033526234183457e+00
26, 9, 8.7446028739119996e-02, -5.2844704588807234e-01
26, 10, -3.9510778548189429e-01, 2.7651460235654485e-01
26, 11, -8.3428871308676911e-01, -1.7571433000070991e-01
26, 12, 4.7562782572388640e-01, -7.1238573137233829e-01
26, 13, -2.4767872772255201e-01, 1.7356033459666470e-01
26, 14, 1.7252033257235122e-02, 2.2741583824469419e-01
26, 15, 2.0850657573019560e-01, -2.5188048514703881e-01
26, 16, -3.4460800740440645e-01, -1.5146656301216499e-01
26, 17, -9.2306915675793166e-01, -4.5594221291218107e-01
26, 18, -3.6304059055679316e-01, -2.6422905004672437e-01
26, 19, 1.4207010240227225e-01, 7.4635081170165196e-01
26, 20, 2.5059336130920573e-01, 4.8327320322787015e-01
26, 21, -5.3645689894028381e-01, -2.4041084614000807e-01
26, 22, 1.0673958198007480e+00, -8.7783670268163916e-01
26, 23, -2.3023905271886780e-01, 8.1704653303940278e-01
26, 24, 1.5512246142747359e+00, -1.8410582131234260e-01
26, 25, 3.9874039234780867e-01, -5.8780322804562668e-01
26, 26, -2.6783477743903805e-01, 7.0933997112790403e-01
27, 0, -9.7993156852996743e-01, 0.0000000000000000e+00
27, 1, -8.8925436154043136e-02, 1.7747807126505952e-01
27, 2, 1.5247255210134286e-01, 9.8982383733519297e-01
27, 3, 2.1281240659129230e-01, 1.5233103579245855e-01
27, 4, 7.3207460645950828e-01, 3.9543353050158647e-01
27, 5, 1.4131665763340057e-01, 8.0929141930726456e-01
27, 6, 1.1030224379870415e+00, -4.9910051724486704e-01
27, 7, -4.1999569454747560e-01, -3.7917078740587229e-01
27, 8, -7.4938047779154293e-01, 6.7795508446191555e-01
27, 9, 7.7177049578197543e-01, -1.1845928398469452e+00
27, 10, 2.6397360170354744e-01, -1.2124710993526294e-01
27, 11, -4.0812378095473223e-01, -4.6639812440079087e-03
27, 12, 4.7241882401566282e-01, -1.5454365250287521e-02
27, 13, -4.3383657609022258e-01, -6.6994025331954532e-02
27, 14, 1.2687116516667785e+00, 1.6709730866165620e-01
27, 15, 2.4245038570480548e-01, 3.4536812372217601e-01
27, 16, 2.5036021601515435e-01, -8.7460588229534564e-01
27, 17, 9.6280270608732899e-02, 1.3001184187602042e+00
27, 18, 2.0384996759769555e-01, 4.6787947140876623e-01
27, 19, 1.2334535996227842e+00, 1.7110866856774143e-01
27, 20, -9.8703775904134061e-01, 4.9236751462464201e-02
27, 21, 6.8872621643801080e-01, -5.2058217384223793e-01
27, 22, -1.9302830477806543e-01, 5.3375218604169428e-01
27, 23, 2.3893043997303809e-01, -6.9695025955726086e-01
27, 24, 5.6835128061609719e-01, 6.6919377369787725e-01
27, 25, -8.9255852175168515e-03, -9.5125786113332156e-01
27, 26, -7.6960129865243809e-02, 1.1591383478214712e+00
27, 27, 4.9207179020698266e-01, 9.1800783902592692e-02
28, 0, 6.8299155827165892e-03, 0.0000000000000000e+00
28, 1, 3.2714257086927789e-01, 1.0383029082097422e-01
28, 2, 7.2335449184226119e-01, 5.3153262034653581e-01
28, 3, 1.1709239868323496e-01, -9.6691860075826541e-01
28, 4, 7.5720792703621420e-02, 8.6137638713557452e-01
28, 5, -4.1436519109536502e-01, 9.2628871979105953e-01
28, 6, 8.7115001143655535e-01, -4.9736143477196249e-01
28, 7, -6.2428719173116809e-01, 1.2755904001828160e+00
28, 8, -6.4234868936242118e-01, -4.1871013187123629e-01
28, 9, -6.3741597929558136e-02, 9.7833742869939844e-01
28, 10, -2.6484491221185169e-01, -7.1222371755662439e-01
28, 11, 1.7940046737359383e-02, 5.4457765379701883e-01
28, 12, -1.3864263168571078e-01, -3.0651656718308312e-01
28, 13, -8.4225965463329056e-02, 5.1671670934869507e-01
28, 14, 8.1462383109087499e-01, 7.0394004942935218e-01
28, 15, -2.7599074583976613e-01, 5.2537369083392826e-01
28, 16, 2.9747042602768836e-01, 4.9690435238141639e-01
28, 17, -5.9911056259025397e-01, 1.1686747723579141e+00
28, 18, 5.3331236813783855e-01, -2.5147503449054875e-01
28, 19, 9.8733487795067043e-01, 4.4583845486822093e-01
28, 20, -5.0765945872243168e-01, -6.9295535698078825e-01
28, 21, -2.0439285744460434e-01, 3.0061571579450219e-02
28, 22, -4.9825416033462822e-01, 7.9299693231240143e-02
28, 23, 3.8823462040220691e-01, 3.9936270735284268e-01
28, 24, -3.1108736497686085e-02, 1.2943369610390110e-01
28, 25, -2.4548997332975769e-01, 3.0668509717625136e-03
28, 26, -9.7292076568050923e-01, 1.2487140698007482e+00
28, 27, -3.5293935170630486e-01, 3.8746783004580204e-01
28, 28, -3.1250240764187692e-01, -8.6905188003248268e-01
29, 0, 4.3839535650401812e-01, 0.0000000000000000e+00
29, 1, -3.8258533136807898e-01, 1.0736147973705656e-01
29, 2, 9.7207118576242912e-01, 1.2915440564816255e-01
29, 3, 2.1062566856585291e-01, -8.3389905370380002e-01
29, 4, 3.6873958184242550e-02, 8.0011175298045534e-01
29, 5, -2.1599211575928606e-01, -4.1802047901719930e-02
29, 6, 8.8483803973847697e-02, 7.2162767589869181e-01
29, 7, -6.2242983135020469e-01, 3.4792656188695692e-01
29, 8, -1.6874364536369169e-01, -6.7936513686469246e-02
29, 9, 4.8803965522841292e-01, 1.0174874712617115e+00
29, 10, 5.3305928472642150e-01, -7.0748005146742021e-01
29, 11, 1.2520626036771232e+00, 5.1738800374127181e-01
29, 12, -7.4508286361834675e-01, 2.0311486755302155e-01
29, 13, 7.9588144124466575e-01, -1.0141409685803654e-02
29, 14, -6.2340643732815770e-01, 3.0149077622866238e-01
29, 15, 5.3772922247886457e-01, 1.1912635743790156e-01
29, 16, -1.2100597388621370e-01, 2.8323250103460662e-01
29, 17, 3.8306522350613259e-01, -3.1951212465913326e-01
29, 18, -4.0460421726153228e-01, -9.7625048775037415e-03
29, 19, -4.2925046416640800e-01, -2.4154747945215713e-01
29, 20, -7.5442483072837740e-02, 2.2752831923673356e-01
29, 21, -2.4868262017512022e-01, 1.0151773943637212e+00
29, 22, 7.5344106901772623e-01, 2.8223616801045037e-01
29, 23, -1.3889683030084515e-01, 5.5597910002285400e-01
29, 24, 2.4187372912703631e-01, -4.3894030666972661e-01
29, 25, -4.1160791349571235e-01, 7.7487838327108272e-01
29, 26, -8.2458120767487861e-02, 2.0521492831519605e-01
29, 27, 6.6474238319463375e-01, 8.3765218628211680e-02
29, 28, 9.5387801926704235e-02, -8.9592067835497680e-01
29, 29, -2.1235105868863746e-01, 4.2110024634814391e-01
30, 0, -2.9242769743876151e-01, 0.0000000000000000e+00
30, 1, -4.2883031418910478e-01, 1.0914951287807659e-01
30, 2, -7.3618541963217277e-01, 1.1963241268808811e-01
30, 3, -2.6488583865470339e-01, -4.4743750585556114e-01
30, 4, -7.5025365248243547e-01, 8.5753482558625249e-01
30, 5, -3.1423482390549151e-01, 1.5040733937700923e-01
30, 6, 2.0457752323487244e-01, 8.8013093433107281e-01
30, 7, 2.0373759515364298e-01, -2.4432666868669753e-01
30, 8, -1.2250844696265784e-01, 6.8772390667382188e-01
30, 9, -5.4906721433135253e-01, 7.1898887674771050e-01
30, 10, 2.0781847454894795e-01, -7.6285033719391582e-01
30, 11, 3.3702042933457316e-01, 1.1003623319152311e-01
30, 12, -6.5338280059120857e-01, 4.0838690186213433e-01
30, 13, 2.1400124293311185e-01, -1.7810278317891048e-01
30, 14, -9.9825783829658343e-02, -9.3653701166146930e-01
30, 15, 1.0562350724746472e-01, 1.0911354658042999e-01
30, 16, -4.8912483991011146e-01, -2.7860273205047537e-01
30, 17, -1.2488564176592409e-01, 5.8910120942897715e-02
30, 18, 5.9367380434608319e-02, -4.6975218318786260e-01
30, 19, 3.2007642068257347e-01, 5.2574571135372072e-01
30, 20, 6.2013655027543324e-01, -2.0377719056192611e-01
30, 21, -4.5724795942208463e-01, 3.3604720531377708e-01
30, 22, 7.4353518496637272e-01, 7.1472381520974637e-01
30, 23, -1.3075469052429189e-01, -1.1064819356836475e-01
30, 24, -1.8201490178829050e-01, -2.3054860825098045e-01
30, 25, -7.7493249192281644e-01, 2.9648195320501336e-01
30, 26, 5.6165194192170809e-01, -6.5018615015822023e-01
30, 27, 4.3706958003697860e-01, -7.5262230769737204e-01
30, 28, -2.1297784559084976e-01, -9.6619033640746421e-01
30, 29, 1.8020391847582348e-02, -4.1364620488400650e-01
30, 30, 3.6940969262381640e-01, 3.9588613226093861e-01
31, 0, 5.3381788244448070e-01, 0.0000000000000000e+00
31, 1, -9.8780896758278725e-03, -2.8861500769947268e-01
31, 2, 1.8432290702870036e-01, 6.2000655021742290e-01
31, 3, 2.3544186461598429e-01, 1.4136939194826095e-01
31, 4, -3.1564184784273219e-01, 1.8035799075515183e-01
31, 5, -2.2289129529890817e-02, 4.8330053448610522e-01
31, 6, -1.9682587470461699e-01, -2.5928296797299910e-02
31, 7, 1.9555418699312899e-01, -3.9080381203636044e-01
31, 8, -2.2131453265498674e-01, -3.3545968653332547e-01
31, 9, -2.2479427190105195e-01, -1.4246850893930516e-01
31, 10, -9.4283642730954631e-02, -9.3276301169840370e-01
31, 11, -1.2951363822700945e-01, 3.8233498409479594e-01
31, 12, -6.9107381873332951e-01, 4.7877399942857035e-01
31, 13, 2.1722669711776310e-01, 4.0760525569861988e-01
31, 14, 2.8178550763887633e-01, 2.1064381429787027e-01
31, 15, -7.9702236191952380e-02, 3.3638040817879661e-01
31, 16, -2.7263910690399984e-01, -2.0201382801853646e-01
31, 17, -3.9858766157809877e-01, -1.4203562151814697e-01
31, 18, 5.6301198408028080e-02, 1.0315424533767454e+00
31, 19, 2.4186998682738170e-01, 4.5948053746671713e-01
31, 20, 8.5093256492446168e-01, 3.2811422116722255e-01
31, 21, 4.5935947995252341e-01, -1.5652714144420524e-01
31, 22, -8.3244871893106032e-02, -7.3700347898492591e-01
31, 23, 2.4421016736127399e-01, -3.5249393161029818e-02
31, 24, 5.7541033885888249e-01, 2.2647754552843191e-01
31, 25, 1.9657554492635454e-01, -2.3299759941084769e-01
31, 26, 3.5156818392180866e-01, -3.3534347958713751e-01
31, 27, -2.4907720293914981e-01, -4.8825324845659551e-01
31, 28, -7.4467079124537849e-01, 7.1600030224679623e-01
31, 29, -2.1946823000745941e-01, 7.5170699997899382e-02
31, 30, 1.0869071537287944e-02, 8.1985923559279261e-01
31, 31, 3.9186983187362623e-01, -6.3166412157085983e-01
32, 0, 4.8325464307781968e-01, 0.0000000000000000e+00
32, 1, 2.0142698966945827e-01, -6.3985154597913108e-01
32, 2, 8.5908989759552068e-01, 3.6141416781892866e-01
32, 3, -6.6860923614666357e-01, -5.9794492493734830e-01
32, 4, 4.9620610988457925e-01, 1.5467456949500541e-01
32, 5, 2.4827917839756969e-01, 9.3966946047200406e-02
32, 6, -3.0041608948635146e-01, -4.2733491799742196e-01
32, 7, 5.5817592524827053e-01, -9.2281138382945160e-02
32, 8, -6.6070273731686369e-01, 8.1445916781059335e-02
32, 9, -3.8413321628710007e-01, -7.4702761028939579e-02
32, 10, -3.7726510719172535e-01, -1.4516059436290385e-01
32, 11, 1.6228625112989636e-01, -3.6551241237233179e-01
32, 12, 8.6440738156456809e-02, -3.8638776861461094e-01
32, 13, -9.4387603447027402e-02, 2.9821468378520644e-01
32, 14, -1.3308611528184422e-01, -6.6048735490037525e-01
32, 15, -2.4257142878437660e-01, 5.5251581197385868e-01
32, 16, 7.3513217769449746e-02, 1.0045062693043932e-01
32, 17, 5.1899184254379310e-02, -2.4443462327910712e-01
32, 18, 3.9083225286662199e-01, 1.6112690817279163e-01
32, 19, 4.8784549698045665e-01, -7.0430033590213392e-01
32, 20, 1.1181463441716892e+00, 2.7170892863218998e-01
32, 21, -6.5213754321682094e-01, -6.4977063019194037e-01
32, 22, -1.0250011592832164e-01, 2.6861678212975304e-02
32, 23, 2.3124602638190694e-01, -1.0764791814866204e-01
32, 24, -2.9566557095106499e-02, 5.6752651173973612e-01
32, 25, 6.5122345162391893e-01, -7.6915109887455457e-01
32, 26, 1.2882567268599002e-01, -1.5656560725188678e-01
32, 27, -1.6357559184042558e-01, -5.2470959312529752e-01
32, 28, 1.4711957852646040e-01, 1.0140857223343436e+00
32, 29, 8.3862240727841331e-01, 5.2320909747587185e-01
32, 30, 2.8287824448099752e-01, -1.0717916615694362e-01
32, 31, 2.3251747303231585e-01, 3.8492969271134914e-01
32, 32, -1.2446723773348844e-01, -2.9232411532263125e-01
33, 0, -6.2169496625603116e-02, 0.0000000000000000e+00
33, 1, -4.9101586718633777e-01, -5.1678558364704585e-01
33, 2, 1.9457969478806320e-01, 7.3333508953483784e-01
33, 3, -6.0435034312450275e-01, -2.5293095261457843e-02
33, 4, -1.0038366645100871e-01, 3.1969116183965235e-01
33, 5, -3.5393969654064927e-01, -1.3511112285506072e-01
33, 6, -4.6483186443499858e-01, -1.1671432523663641e+00
33, 7, -1.7916874458501536e-01, 8.5162734792019279e-01
33, 8, -7.8153481227068478e-01, -2.4078307617034855e-01
33, 9, -1.4153845150726119e-01, 9.7526189185870416e-02
33, 10, -2.3458561214472609e-01, 1.2035440316733474e-01
33, 11, 2.2101092757878515e-01, -3.6317528330485183e-01
33, 12, 6.7623207717523637e-01, 2.6478037518179687e-01
33, 13, 4.4385972502635429e-01, -1.1493432618745182e-01
33, 14, 5.9154042812575913e-02, -2.6546540921235268e-01
33, 15, 1.2457560730317896e-02, 2.2346043989708997e-01
33, 16, -1.3248202504497689e-01, -8.8424536170132850e-02
33, 17, -3.5663254328785865e-02, -1.8486190235704134e-01
33, 18, -6.2437893159853064e-01, 1.5469363039237127e-01
33, 19, 8.4160109500938474e-01, -3.5418413505366231e-01
33, 20, -1.5138634179098587e-01, 9.9602384099356345e-02
33, 21, 2.2290281013215907e-01, -7.8681702800936970e-01
33, 22, -2.7249766180113871e-01, 4.0135955839681742e-01
33, 23, -1.1357073946421306e-01, 4.6656058695691949e-01
33, 24, -2.8892816666054144e-01, -2.8289028363369950e-01
33, 25, -7.0405530960821161e-01, 2.1749608409470084e-01
33, 26, -2.9581888847781013e-01, 6.3106396889530902e-02
33, 27, -1.7704766932484076e-01, 1.1493994909178559e-01
33, 28, 1.2270655747028480e-01, 4.2546671256480773e-01
33, 29, 4.6786060535182294e-01, -3.0340581468430700e-01
33, 30, 8.2845490245309106e-01, -7.8208994115184360e-01
33, 31, -3.0829448039318852e-01, 2.0257101595025223e-02
33, 32, 2.8950386543108098e-01, -9.5221827692069638e-01
33, 33, -2.8600183750579955e-01, 3.7482106293077400e-01
34, 0, -9.8741347345983443e-01, 0.0000000000000000e+00
34, 1, 3.7141377769731720e-01, -1.8933920681804886e-01
34, 2, -1.0068782615145155e-01, 4.3754052964989332e-01
34, 3, -4.3066199371437630e-03, -8.8893674372742904e-01
34, 4, -2.2491306293314159e-01, 5.0714046301821569e-01
34, 5, -3.4488192060485801e-01, -3.4101103400880317e-01
34, 6, -5.2081311688858295e-02, -2.9355760470683701e-01
34, 7, -2.8318213082971688e-01, 7.0516232110938026e-01
34, 8, 6.0217947671671046e-02, -5.3175451835081344e-01
34, 9, 7.4956455313768289e-01, 5.3568538924903875e-02
34, 10, 1.2520267626333362e-01, -3.1394597347470776e-01
34, 11, 4.0111687488326164e-02, -9.9486336667448172e-01
34, 12, -4.0440749987826896e-01, 8.3000468571711894e-02
34, 13, -6.4137118767630263e-01, 1.4097836342453218e-01
34, 14, -1.0377365353392365e-01, 8.6762306884141860e-01
34, 15, -3.4209282636363469e-02, 4.2588091130027950e-01
34, 16, 8.4955740548163405e-01, -1.1195964466494469e-01
34, 17, -3.7592252258385739e-01, 2.5791284111897922e-01
34, 18, -7.1651023941362663e-02, -3.5348689527123484e-01
34, 19, 1.5829176078812462e-01, 7.1249260973657447e-01
34, 20, -1.3220685770063367e-01, -3.3234763170354165e-01
34, 21, 4.0987698621122498e-01, -1.7688233189546898e-01
34, 22, -6.4372020231477312e-01, 6.6102225715723772e-02
34, 23, 5.5020648837995267e-01, -3.8776849469932761e-02
34, 24, -5.0147910273645735e-02, 2.6414226304189431e-01
34, 25, -2.0093683699278431e-01, 1.0453293993619073e-01
34, 26, 5.2574656634659178e-01, -5.0949170199066118e-01
34, 27, -6.2561078083718102e-01, 4.4400220613423874e-01
34, 28, 6.5990848869938556e-02, 1.9498090084533165e-01
34, 29, 4.2750758907491765e-01, 7.3345375655933109e-01
34, 30, -6.4539053801373703e-02, -3.8726669651962276e-01
34, 31, -5.4054344346156524e-01, 2.0549197263814062e-01
34, 32, -1.1504586554415219e-02, 8.0823886741733797e-02
34, 33, -9.8836729506391707e-01, 1.3056696914419119e-01
34, 34, -1.9512047238511238e-01, -1.9674159358009735e-01
35, 0, 1.6167571931376973e-01, 0.0000000000000000e+00
35, 1, 2.2631296388626704e-01, 1.7282706463337627e-01
35, 2, 2.4937697009599591e-01, -3.8128358630350817e-01
35, 3, -7.7014571910760443e-02, -6.0078078405235791e-01
35, 4, -6.6918497602719929e-01, 3.6422659787120015e-01
35, 5, -3.3946411576473290e-01, -6.1383332421694503e-01
35, 6, 2.1844740307382859e-01, 3.6626065683873166e-01
35, 7, 4.1646866055361220e-02, 8.9722906459127616e-02
35, 8, 3.3353094832602515e-01, 2.1142011702465291e-01
35, 9, 1.0425988461294222e-02, 4.4716621709202209e-02
35, 10, -1.9367774776931904e-01, -3.4848166370712519e-01
35, 11, 2.5537764267454771e-01, -1.8012077527448839e-01
35, 12, -2.5530870973921860e-01, -1.2812225733408622e-02
35, 13, 2.0966373664778687e-01, -1.0094562912146726e-01
35, 14, -3.4980257390480862e-01, -1.3824242889702820e-01
35, 15, 2.5269363934825445e-01, -4.5292777728526368e-01
35, 16, 5.5923878654184533e-01, 5.6550360973873881e-01
35, 17, -5.1695336102473410e-01, 2.4705585256540208e-01
35, 18, 6.7404245701930521e-01, -6.9371708202488946e-02
35, 19, 1.7607246508766428e-01, 2.7674713016524932e-01
35, 20, 6.0832699700100568e-01, -8.3346104160774082e-01
35, 21, 2.6826538123803856e-01, 7.5628081437851480e-01
35, 22, 3.4110874274904113e-03, -5.8339342722280874e-01
35, 23, -3.5613537753719671e-01, 7.0809360595343429e-01
35, 24, -4.6419954411587405e-01, 2.3617441537674638e-01
35, 25, -4.3475935365570761e-02, -6.4228297766752096e-02
35, 26, 2.0006508326359546e-01, 4.6127645025833952e-01
35, 27, 4.8255016506194237e-02, -4.8275210226149423e-01
35, 28, 2.1544062960633581e-01, -1.0417611240044039e-01
35, 29, -4.7151739907633994e-02, 2.5942279927544742e-01
35, 30, 3.9898572496889756e-01, -1.6206700135245800e-01
35, 31, -3.5261582970383509e-01, 9.5649353564444206e-02
35, 32, 2.0796940471199621e-01, 2.7265856755930962e-01
35, 33, 7.0805875879546121e-02, -3.6875629629392792e-01
35, 34, 3.8126837049407369e-01, 1.6978435466413755e-01
35, 35, 3.4031065644212771e-01, 4.4095764234125634e-01
36, 0, 6.5564910476669491e-01, 0.0000000000000000e+00
36, 1, -1.5568358001435501e-01, 1.6994650178117909e-03
36, 2, 5.3247850160032706e-01, -3.6052086206124578e-01
36, 3, -8.4130822955295281e-02, 2.2694657692581072e-01
36, 4, -8.1730624106532201e-01, -1.2056355334479826e-01
36, 5, 4.6990836113807033e-01, 6.7919407879928437e-02
36, 6, -4.2461687310201390e-01, 1.3391589116134323e-01
36, 7, -4.5440927091310634e-01, -4.0289116686778670e-01
36, 8, 1.9206617760567612e-01, 7.7231553111705709e-02
36, 9, -9.8458921089526341e-01, 1.1341198286300114e-01
36, 10, -6.1216831892736079e-02, 5.6173243873372358e-01
36, 11, -1.3158451714457076e-01, 2.3275311739668891e-01
36, 12, -6.5438565218472422e-01, -2.6129946269229365e-01
36, 13, 8.8715746794953021e-01, 3.6348039328488913e-01
36, 14, -4.0272076568293563e-01, -2.9829349555519946e-01
36, 15, 1.1730222852196253e+00, -5.4494779765906487e-01
36, 16, -7.2393030883113574e-01, 3.1589727558043457e-02
36, 17, 1.7895860246703166e-01, -3.2316161436643087e-01
36, 18, -1.6072850172128966e-01, 5.2629814613076831e-01
36, 19, -8.7297460795306980e-02, -5.2978391783602707e-01
36, 20, 7.1795412375735734e-01, 4.1911304647341524e-01
36, 21, 3.9664180148103667e-01, -2.6867466317363625e-01
36, 22, 2.8016113956240518e-01, -3.5857138567194852e-01
36, 23, 8.1295603085809409e-02, 5.6677289631510797e-01
36, 24, -1.6033758815734744e-01, -8.5781069037319413e-02
36, 25, 3.1053843968469214e-01, 1.7055918044958762e-02
36, 26, -3.1551521067673011e-01, -4.0233192125960959e-01
36, 27, -1.0550605114925393e-02, -1.7598556863914705e-02
36, 28, -1.9184945341491796e-01, 6.5777524810340560e-01
36, 29, -2.4616784521527146e-01, -1.0163529644898230e+00
36, 30, 1.7878515810897733e-01, 4.6493358092133796e-01
36, 31, -2.3705840373810083e-01, -5.1886729525038622e-01
36, 32, 3.1777739040039310e-01, 9.4160214250435803e-02
36, 33, -2.7021265906626035e-01, -6.7954536074410243e-01
36, 34, -5.1932000154252256e-02, 5.4266110232633624e-01
36, 35, 2.5281639325021854e-01, -3.2142939654727654e-01
36, 36, -1.6072324357875384e-01, -8.9170734152387021e-01
37, 0, -3.7268226797296095e-01, 0.0000000000000000e+00
37, 1, -4.4941878043855787e-01, -7.1227711412296602e-01
37, 2, 6.4036417354874298e-01, -2.4506193885227304e-01
37, 3, -7.2799041760528294e-01, 1.5479325398217170e-02
37, 4, 5.6463320725856248e-02, 3.4707839390851875e-01
37, 5, 5.4764776755629574e-01, 2.3973190062577032e-01
37, 6, -2.7518177819431999e-01, -8.3789143749142259e-03
37, 7, 7.4665855113913449e-01, -3.5168263739884242e-03
37, 8, -3.1886644406027487e-01, 1.7795565342441211e-01
37, 9, -2.9387361433065751e-02, -6.2084283295762877e-02
37, 10, 1.7789358907646580e-01, -3.1479017403471116e-01
37, 11, 5.9586684925090305e-01, -3.1717928734645084e-01
37, 12, -5.1097350915523254e-02, -8.9259530065463699e-01
37, 13, -2.4107484650544642e-01, 7.0890051534081922e-01
37, 14, -2.6296011549246412e-01, -8.9295936513933138e-01
37, 15, 3.2322223216528617e-01, -4.9600550149586753e-02
37, 16, -6.7792601446735723e-01, -1.2393558168715606e-01
37, 17, 1.7947410683837656e-01, 3.6058428868048231e-01
37, 18, -6.3123961451966604e-01, -1.1371852698298079e-01
37, 19, -5.1265173400134256e-02, -3.7264107224823051e-01
37, 20, 2.7001794635823478e-01, 4.9121981626291716e-01
37, 21, -7.8800631061578627e-02, -2.4533583880490084e-01
37, 22, 3.9601052090950695e-01, 2.4665721356651404e-01
37, 23, -6.3688777138430774e-01, 2.2305040220380329e-01
37, 24, -2.6936101322319328e-01, 2.6904643997992594e-01
37, 25, 8.2809834111364722e-02, 1.7586933119397175e-01
37, 26, 1.8258405617506263e-01, -4.5544934930623171e-02
37, 27, 5.3536066823811479e-01, -1.3401870165169166e-01
37, 28, -6.6263551304418222e-01, -5.1008942277168831e-02
37, 29, 2.2977844590958990e-01, -2.8644357334377174e-01
37, 30, -6.0233759418897603e-01, 4.2810574770239884e-01
37, 31, 5.0111684963442127e-01, -3.1235462298534744e-01
37, 32, -3.3854013229696861e-02, 4.2894878005310250e-01
37, 33, -6.1606761128841425e-01, -3.6298908506369609e-01
37, 34, -9.0611113134644428e-02, 8.1647138552218307e-02
37, 35, 7.4237690949543533e-01, 3.3480937269277489e-01
37, 36, -8.8603766495423963e-01, -5.2556466667286172e-01
37, 37, -2.6421301345845150e-01, 9.1913795768247208e-02
38, 0, -3.1784646431686736e-01, 0.0000000000000000e+00
38, 1, 4.4892111175368210e-01, -3.6549010309592889e-01
38, 2, 4.5620737643500259e-01, 4.9195977137821978e-02
38, 3, -7.5275544713675058e-01, -7.1127532128975879e-03
38, 4, 5.1289603431740005e-01, 4.3241658774280672e-01
38, 5, -6.5310402664037470e-01, -2.5580033414724951e-01
38, 6, -1.7558946549954069e-01, -8.6230687012654339e-01
38, 7, -3.5291661137257452e-01, 3.6362657083969019e-01
38, 8, -6.4757708233512012e-01, -2.9288725163904350e-02
38, 9, 3.1669189463021857e-01, 3.7003017091153945e-01
38, 10, 1.4266774872364607e-01, -1.1742518406869042e-01
38, 11, 4.2817178601200245e-01, -2.8647743579461388e-01
38, 12, 7.8253943090689157e-03, -3.7598050370414565e-01
38, 13, 6.5018694930720256e-01, -5.1976700497056683e-01
38, 14, 5.4740223862011184e-01, -5.2874076922337410e-01
38, 15, -2.5043764443061300e-01, -5.4075577568011068e-01
38, 16, -2.0884095435481520e-01, -1.5648687675061099e-01
38, 17, 3.1037974491602127e-01, 1.5174105204581223e-01
38, 18, 5.4548328449967876e-03, 9.2800102082447933e-02
38, 19, 4.8212297875267318e-01, 2.3891712667846216e-01
38, 20, 6.0531210898706367e-01, -2.4872355869273899e-01
38, 21, -6.3048049375765775e-02, -3.7097906790393781e-01
38, 22, -4.7685281441396465e-01, -5.4410170632531429e-01
38, 23, -4.1816341566985882e-02, -3.5331762101705200e-01
38, 24, 4.2754394265455081e-01, 1.0407461499576098e-01
38, 25, -1.2237472971501119e-01, -2.4790542892165487e-01
38, 26, -4.6569536312823062e-01, -3.8129427331767929e-01
38, 27, -7.7050523868792770e-02, 8.2500109517483033e-01
38, 28, 7.7327097048779048e-02, -3.3394362377178022e-01
38, 29, 4.0119690680009046e-01, 2.7198579262302736e-01
38, 30, -5.6370187319387022e-01, -4.5353640326037070e-01
38, 31, 7.2199513792825121e-01, 3.4197401340462341e-01
38, 32, -4.0848731254326598e-01, -1.7692684951794774e-01
38, 33, 2.7027404430161689e-01, 2.8892350663535471e-01
38, 34, 5.3233426798988948e-01, 2.0767997642092340e-01
38, 35, 7.5756238520493324e-01, 3.6894784072177178e-01
38, 36, 9.4443208843560944e-02, -4.1255198768022550e-01
38, 37, 2.4980516798789176e-01, 8.2732657260586628e-01
38, 38, 6.0192932154529932e-01, 3.6550063325980231e-01
39, 0, -1.9999391748418749e-01, 0.0000000000000000e+00
39, 1, 3.6249447307992599e-01, 5.8908306555719681e-01
39, 2, -1.1271600209281949e-02, -1.3020409110059417e-03
39, 3, -2.9860253682239546e-03, 1.6085821883531082e-03
39, 4, 1.6836930225871566e-01, 2.5677249729501023e-01
39, 5, -8.7248137535781978e-02, -9.8059426388315551e-01
39, 6, 2.8744930223971649e-01, -2.7607377970824820e-01
39, 7, -3.2993783896661050e-01, 2.7164352486822779e-01
39, 8, 1.5845856570781014e-01, -3.6691077313061427e-02
39, 9, -8.5773410075080880e-02, -7.6464880457913442e-02
39, 10, 2.7840050564112556e-01, 1.3239001888589316e-01
39, 11, 3.4706046096550142e-01, -5.6205707890151513e-01
39, 12, -1.1076093730645054e-01, -1.5448721955309300e-01
39, 13, -2.3725402331624895e-01, -2.4269731530013261e-01
39, 14, 1.6737824181186284e-01, 3.8626254098349305e-01
39, 15, -2.2837427372478561e-01, -3.2680671525606919e-01
39, 16, 4.7536632074557994e-01, -2.2573858328451379e-02
39, 17, 2.7244118344127988e-02, -1.9924131928736227e-01
39, 18, 2.2898915071925474e-01, -4.3965565191714706e-01
39, 19, -2.8285695357894258e-01, -1.3192112693174485e-01
39, 20, 2.7728957401379362e-01, -3.2134987699266127e-01
39, 21, -4.0491267465093672e-01, 4.3088610187809223e-01
39, 22, -3.8744237050750735e-01, 1.2216413420996106e-01
39, 23, 1.6907722780214907e-02, 1.3650079896493217e-01
39, 24, 7.1337717350011154e-01, 3.4550169329806379e-01
39, 25, 2.5353303902878360e-01, -4.1645335870215222e-01
39, 26, 2.2369212569180244e-01, -2.1466178248284055e-02
39, 27, -4.8689627736708346e-01, 5.2402345809984430e-01
39, 28, 7.2259309260507731e-01, 4.9032024967975479e-01
39, 29, -2.6488885756719482e-01, 8.7042303087055273e-01
39, 30, 8.3396957408306971e-01, -5.8348403781548175e-01
39, 31, 2.7382202518195065e-01, 7.9281456745938617e-01
39, 32, 9.0390105191566539e-02, -7.6655149748377660e-01
39, 33, 4.0246115093994350e-01, 5.4331212671508089e-01
39, 34, -4.2296883091390924e-01, -3.4855238884836465e-01
39, 35, 4.9062500623180771e-01, 1.6172925985068431e-01
39, 36, -9.5065497299772928e-02, -2.1035666745629128e-01
39, 37, -5.6357287548095658e-02, 5.3115087786208104e-02
39, 38, 7.2625746899743859e-01, -6.2493667511228312e-01
39, 39, -9.8090005040333550e-02, -2.5028448213639964e-01
40, 0, 8.0938903570872089e-01, 0.0000000000000000e+00
40, 1, 5.5537349568397965e-01, -8.0841324387655622e-02
40, 2, -1.2277980015155560e-01, 1.7220413364494835e-01
40, 3, -3.0538823139767690e-01, -1.6265628916940200e-01
40, 4, -4.3838171931346470e-01, 1.7849017394346778e-01
40, 5, 3.5980688855915599e-02, -8.4728111435590325e-01
40, 6, 7.2367702131979517e-02, 4.6132881562558214e-01
40, 7, 3.6692873432136419e-01, 1.7923840422379983e-01
40, 8, 9.0849095490999043e-01, -5.8879580836543433e-01
40, 9, 3.0714809251369984e-01, -4.4979268486012358e-01
40, 10, -1.8637332869056797e-01, -8.8649342855231272e-01
40, 11, -4.8176320405620698e-03, -3.7171775117784794e-01
40, 12, -1.1050814299678044e-01, -7.3536863494358715e-02
40, 13, -2.7141080098576870e-01, -1.6349589604132214e-01
40, 14, -1.9202354310904332e-01, -5.7663518159548455e-02
40, 15, -3.4157460832595332e-01, -2.5226312087160496e-01
40, 16, 4.3872669323218227e-01, -6.5783140122476852e-02
40, 17, 2.9377221354718541e-02, -1.9249071603198997e-01
40, 18, -2.7269012340844412e-01, -2.4574327939545715e-01
40, 19, -6.2962406018124017e-01, -4.5511336833864626e-03
40, 20, 3.9835316794117459e-01, -8.2223996852265849e-02
40, 21, 3.1082103143260709e-01, 5.3710936321607050e-01
40, 22, -1.2433955810509656e-01, 1.6010265645907945e-01
40, 23, 2.6030278289670322e-01, 3.1964658526841055e-01
40, 24, -7.3019521596789538e-02, -3.0575849260463706e-01
40, 25, -1.3744249791627877e-01, -4.6783733645211845e-01
40, 26, -1.8493382401375497e-01, 1.2988306267782046e-01
40, 27, 4.7478283119796585e-02, -1.3458272025126261e-01
40, 28, 6.6448545726844499e-01, 4.4571874884361273e-01
40, 29, -7.5356012003436856e-01, -9.7937032427644310e-01
40, 30, 7.3001057807524050e-01, -5.8087748654663673e-01
40, 31, -6.7640354641675660e-01, -5.6196889628567892e-02
40, 32, 5.4669710253124792e-01, -1.3325397833434771e-01
40, 33, -5.3885461554979064e-01, 3.6053442466191821e-01
40, 34, 7.8520408111817486e-02, -7.3490158187744647e-01
40, 35, -7.7699111574070057e-02, 3.2496873357435163e-01
40, 36, -8.9076865889601287e-02, -3.4252679610018905e-01
40, 37, -3.6088685418094840e-01, 3.3333670074203514e-01
40, 38, 2.8062401394342262e-01, -1.4850363915668599e-01
40, 39, -5.4427309856325912e-01, -4.6881868443908903e-02
40, 40, -6.0271161136482942e-01, -9.3206393227137418e-02
41, 0, 2.4754729881453358e-01, 0.0000000000000000e+00
41, 1, 1.4560375777868867e-01, -4.2345155954473213e-01
41, 2, 8.0441887065463402e-01, -1.1185471156885840e-01
41, 3, -3.7054055416273624e-01, 1.9607702381581832e-01
41, 4, 3.4372115251626195e-01, 1.6465363683893944e-01
41, 5, 6.2470371006896608e-01, -1.2422309393451003e-01
41, 6, -4.7684696104535501e-01, -2.0295007202416854e-01
41, 7, 4.3082719679960868e-01, 5.5093152996412709e-02
41, 8, 3.7084828209797116e-01, -2.9211789275210975e-01
41, 9, -1.8534575512579343e-01, 2.6444752494684032e-02
41, 10, -1.4606730898599096e-02, -1.5609212347887824e-01
41, 11, -1.0805441418199999e-01, 1.7145497252747782e-01
41, 12, -2.0374260564899449e-01, 1.9435202712928656e-01
41, 13, 7.6494256746574618e-02, -2.2954691755812912e-01
41, 14, -7.7494810733093122e-01, 4.5357141386389016e-01
41, 15, 3.4369788525717726e-01, 1.6037465345914137e-01
41, 16, -6.2237171058963359e-01, -1.1073821385751595e-01
41, 17, 1.0192307161801833e-01, 1.3412275342235869e-01
41, 18, -2.9764503302072487e-01, 1.4913284173007935e-01
41, 19, -2.0056755857085773e-03, -1.9211011271169215e-01
41, 20, -1.1270914489639622e-01, 4.1242983056711668e-01
41, 21, 4.8094373352933317e-02, -4.6766926993226954e-01
41, 22, 2.1980061598353351e-01, -1.4725871045499983e-01
41, 23, 7.4902166937030779e-02, -2.8757165581446692e-01
41, 24, -3.9132472340964425e-02, -3.8467304472754105e-01
41, 25, -1.4015833813857440e-01, -2.4645277213671007e-01
41, 26, -4.0404418082711546e-01, 8.0239854474307593e-02
41, 27, 3.1482640492618497e-01, -2.6431090273161367e-01
41, 28, -6.9321278674604081e-01, 6.7369378183048401e-01
41, 29, -1.4618613194264191e-01, -3.7990149777911308e-01
41, 30, -6.2118606584614627e-02, 1.0776421038291428e-01
41, 31, -2.9204412263686402e-01, -4.9870942193352918e-01
41, 32, 7.5927829868744579e-01, 7.2514604826056794e-01
41, 33, -5.5317824100608592e-01, -5.0380578989828273e-01
41, 34, 4.4541787469225380e-01, -2.5939827000160470e-01
41, 35, -4.9861775008580067e-01, 1.8681700637324763e-01
41, 36, 3.5837092967018391e-01, -7.7056137815988357e-02
41, 37, 1.4734720742242635e-01, 5.0235883668668246e-01
41, 38, 2.4501744053147353e-01, 7.7899977778551843e-02
41, 39, -1.4384430157825928e-01, -3.4654655162235737e-01
41, 40, -1.1079751170253793e-01, 6.3693455617831329e-01
41, 41, 4.4326462693037499e-01, 6.4764537430500069e-01
42, 0, 1.6188119649624605e-02, 0.0000000000000000e+00
42, 1, 4.0425996130728342e-01, -1.1429441353476927e-02
42, 2, 1.1770113877443540e-01, 3.0513740408810575e-01
42, 3, -3.9141125379519159e-01, 1.4431003368712364e-01
42, 4, 7.4570153323054900e-01, 3.7039055434471463e-01
42, 5, 3.4542123454767809e-01, -5.4593469512226833e-01
42, 6, -5.0443796841213606e-01, 1.1430950351863173e-01
42, 7, 1.4138159068434686e-01, 4.6859681333620062e-02
42, 8, -2.4843682378543924e-01, -5.0406114355408438e-01
42, 9, -9.6779552857253523e-02, -3.0514008181074415e-01
42, 10, 7.3412943117024121e-03, -7.4291075080128721e-02
42, 11, -2.5738014848607493e-01, 5.4695820300633136e-03
42, 12, -8.1599255492525391e-02, 1.3242617332577006e-01
42, 13, -2.0605234493701045e-02, -3.4365221511145450e-01
42, 14, -4.7535549984835224e-01, -1.7131077766606362e-01
42, 15, 5.1216811872166956e-01, 8.5194669442035090e-02
42, 16, -5.4484320046403623e-01, -1.0776067927870984e-01
42, 17, -2.0377918083551538e-01, 1.5690269655931763e-01
42, 18, -5.2486808380412753e-01, 6.5483027716539877e-01
42, 19, 1.8892009496006046e-01, -2.2418887485998359e-01
42, 20, 1.0791417049558999e-01, -7.2595081018557633e-02
42, 21, 6.1165907130580532e-01, -9.7834365167895454e-02
42, 22, -2.8355010065325198e-01, -2.4938888867773978e-01
42, 23, -6.6352888152041600e-01, -2.6481134696473596e-01
42, 24, -7.2697768050039691e-02, -4.1905585439814919e-01
42, 25, 1.1177312593508235e-01, 1.2226449740380230e-02
42, 26, 2.4046612445643645e-01, -2.4457956091292032e-01
42, 27, -1.8471697873411019e-02, 2.7103768820679769e-01
42, 28, -5.2294228899850070e-01, -2.0833867829194636e-01
42, 29, -9.2048439281470940e-02, 8.7614051933747411e-02
42, 30, -4.5192032390591086e-01, 6.3690777325227876e-02
42, 31, 3.8773837690731799e-01, -9.3803596069221618e-02
42, 32, 4.3551587193686708e-02, 6.3564412404373916e-01
42, 33, 6.4053098011026188e-01, -6.8020057784496657e-01
42, 34, -2.0538120629640638e-02, -5.3331894061944052e-02
42, 35, -7.5862335177176465e-01, -1.4903227425074045e-01
42, 36, 5.4753173773831820e-02, 2.2118246867492530e-01
42, 37, 7.8670142988005981e-02, -3.3133166999263092e-01
42, 38, 1.8074168994356182e-02, -2.8705741178292099e-01
42, 39, 1.8722425618828401e-01, -1.6811685184866396e-01
42, 40, -6.3649947095390380e-01, 4.9240503336813257e-01
42, 41, 4.3732090095173320e-01, -6.9398506153567430e-01
42, 42, 8.0511976880137004e-02, -3.6279876299555358e-01
43, 0, 3.6701751831666679e-01, 0.0000000000000000e+00
43, 1, 3.6704209245698904e-01, -2.0204530979054086e-01
43, 2, 1.8852479099730057e-01, 5.5648219039442481e-01
43, 3, -4.5287927033296876e-01, 7.8430425519557090e-02
43, 4, 4.7486967900160104e-01, 2.8634947393289889e-01
43, 5, -1.3968666638188459e-01, -1.9661878288684476e-01
43, 6, -3.9594830166002876e-02, -9.1738783799041546e-02
43, 7, -1.9472162760413325e-01, -2.8410703303562496e-01
43, 8, 1.2689600926742384e-01, -5.3723526636815122e-02
43, 9, 4.3882968270454714e-01, 5.2982115889381887e-01
43, 10, 3.9996082879260819e-02, -5.3106527212495536e-02
43, 11, -1.1869004402397332e-01, -2.2198262870974642e-01
43, 12, -1.5162219516724607e-01, 1.0083254262609750e-01
43, 13, -1.2875224342909874e-01, 8.0414703813482466e-02
43, 14, 2.3376786890212659e-01, -2.5372926694468584e-01
43, 15, 3.3117436015663143e-01, 4.9841422748747699e-02
43, 16, -8.2565241688540847e-02, -5.2454613281826634e-01
43, 17, 1.6875706556370096e-01, 1.6102939232559743e-01
43, 18, -5.5178116705320246e-02, 7.5432025824180682e-02
43, 19, 2.8497803441463160e-02, -5.2515540570690367e-01
43, 20, 6.3679518085339986e-03, -1.3419703516619574e-01
43, 21, 3.3268321475981022e-02, -1.0786155676513343e-01
43, 22, -8.8425932693855791e-02, 1.3948164409048502e-01
43, 23, -5.3595080117645955e-01, -3.0343438989550664e-02
43, 24, -1.3417591038886359e-01, -1.2705195849475157e-01
43, 25, 2.3459475157280918e-01, 4.8570963813703394e-01
43, 26, -4.7216332438558273e-02, -5.6541076551584180e-01
43, 27, -2.5442826423302212e-01, 5.1853847344787718e-01
43, 28, -6.1464455963260156e-01, -1.9022535434868532e-01
43, 29, -2.9465935159213176e-02, 5.7793907658647237e-01
43, 30, 5.9234535866769011e-01, -2.2661137492502742e-01
43, 31, 4.0278572180247763e-01, 5.6870772338133618e-02
43, 32, -4.4059836562382243e-02, -3.8968309868436773e-01
43, 33, -2.6196024002391072e-02, -3.8066553504228168e-01
43, 34, -8.3045014637911385e-01, -2.4261576412504188e-01
43, 35, 3.3862483686233225e-01, 2.4028440008574029e-01
43, 36, 7.8331621775799096e-02, 2.0834748742777409e-01
43, 37, 9.3467070389986084e-02, -2.7647888791618508e-01
43, 38, -3.8191074566195965e-01, -1.5843723491485570e-01
43, 39, -4.7140359847458657e-01, 8.0337051450423802e-02
43, 40, 1.7470956623198436e-01, 4.5082531182214014e-01
43, 41, 6.4989900512052223e-02, 6.6033962677841673e-02
43, 42, -1.5960944690929346e-01, -5.4710274293996664e-02
43, 43, -5.2294190983807609e-01, -3.2250254051861466e-01
44, 0, 3.4865122492056622e-01, 0.0000000000000000e+00
44, 1, 7.7265684947108959e-01, -1.1358413251913108e-01
44, 2, -3.0558882079703681e-01, 9.5390172386766239e-02
44, 3, 2.0965163101162465e-01, -2.5858251743302840e-01
44, 4, 4.1201291561877401e-01, 1.8125691519230283e-01
44, 5, 2.4358290096065632e-01, -4.5560158246181359e-01
44, 6, -2.3932551418378922e-01, 3.2854518017157697e-01
44, 7, -1.4195251688320654e-01, 4.3924808575189916e-01
44, 8, 1.5819053649052967e-01, 4.3456009651486993e-01
44, 9, -2.7707003477331438e-01, 4.7703712476696813e-01
44, 10, -3.0104095687686960e-01, -1.9347844048549201e-01
44, 11, 1.7955543326797796e-01, -4.1903706981793709e-01
44, 12, -4.2550322074443953e-01, 1.4971918989335870e-01
44, 13, -3.4394113018285649e-01, -2.9280814594411825e-01
44, 14, -8.5812865227620772e-02, 5.4568262372148857e-01
44, 15, -3.5099108147610780e-01, 5.1954167103841886e-01
44, 16, 1.7183123121591537e-02, 8.5773565055633591e-02
44, 17, 3.0023032146392553e-01, 2.0429891275422601e-01
44, 18, 4.1674233991487947e-01, -2.7550413471068957e-01
44, 19, 3.8608326323467057e-01, -9.7662339657804104e-02
44, 20, -2.6550091532030012e-01, -5.2002357255240861e-01
44, 21, 6.0047999078988556e-02, -3.1442869541461693e-02
44, 22, 3.3145089824454937e-03, 1.1055179168749761e-01
44, 23, -1.9287125873013372e-02, 1.6482162075935461e-01
44, 24, 1.6587677283056768e-02, 2.1780072023560015e-01
44, 25, 2.8898964824051132e-02, -2.9895765640188193e-01
44, 26, 3.2587996469763003e-01, -3.4016409863654518e-01
44, 27, -4.4609737064687227e-01, 3.3750843753185544e-02
44, 28, -2.4558135995100303e-02, 1.3877246565309637e-01
44, 29, 3.5729547723293703e-02, 4.0865429711805962e-01
44, 30, 5.4277745347582174e-01, -2.2019715569460696e-01
44, 31, 2.9399443545126747e-01, -2.0882688320746040e-01
44, 32, 2.3056650135897189e-01, -1.7750226644670541e-01
44, 33, -3.8447408789656790e-01, 7.7575859321562524e-03
44, 34, -4.3442790185116759e-01, -2.6229290267024330e-01
44, 35, 2.8896461203123280e-01, 6.1268852784061401e-01
44, 36, -1.2770258706131954e-01, -9.6096664126425868e-02
44, 37, 6.5314476981746805e-01, -2.0393038317090606e-02
44, 38, -4.3687194220051773e-01, 3.1113152541247902e-01
44, 39, 2.2146668912747752e-01, 2.0576424958559847e-01
44, 40, 4.5446905277644289e-01, -1.8640380406483470e-02
44, 41, -1.4566399178101003e-01, -2.0558573987597883e-01
44, 42, -1.5369891551254566e-02, -1.3468807039056008e-02
44, 43, 2.6661112086639849e-02, 1.4677057005642347e-01
44, 44, -1.5395240082199421e-01, 1.2307155965277392e+00
45, 0, 3.7943116694221068e-01, 0.0000000000000000e+00
45, 1, 1.6421382578803229e-01, 3.6562655529775395e-01
45, 2, -3.2671537506453419e-01, -2.5015070728403571e-01
45, 3, -2.4892637472887447e-02, 4.4832113098065307e-01
45, 4, -3.0109891551095341e-01, 6.9498192271724601e-02
45, 5, 1.6887157542458453e-01, -4.9289315182041854e-02
45, 6, -2.6900066028550451e-01, 6.6816032672111003e-02
45, 7, -6.1910215463603369e-02, 2.3331958033971756e-01
45, 8, -8.9834526450653956e-02, -1.9449398018444808e-02
45, 9, 1.1046036169199480e-01, 2.0605054755678065e-01
45, 10, 4.2762548539813316e-02, -5.8555688378414605e-01
45, 11, -1.8831463168535700e-01, -2.7555078956064954e-01
45, 12, -5.5595445242680952e-01, 4.1946582499087881e-01
45, 13, -1.6175489455625669e-01, 2.7442220695327973e-01
45, 14, -1.5980665772611244e-02, 5.0538447346242721e-01
45, 15, -1.8976368019496387e-01, -6.0757171029748713e-01
45, 16, 3.4604665976592686e-01, 1.0338406524505894e-01
45, 17, -1.2829905697189004e-01, -3.8595793899257763e-01
45, 18, 5.7404206775059374e-01, 4.6974441756851731e-01
45, 19, -3.2401145197331627e-01, 4.4572056243874454e-02
45, 20, 1.2354783226267294e-02, 5.1272789428162713e-02
45, 21, 7.3413129652754816e-02, 5.2795879956204994e-01
45, 22, 5.5686498609698198e-01, -6.2631624863214375e-01
45, 23, 2.4662491371328443e-01, -6.4096042007665471e-02
45, 24, 3.3400923055707521e-02, -4.6943167082049353e-01
45, 25, 2.6621696734392497e-01, -1.5282975185216230e-01
45, 26, 1.1618277995860757e-01, -1.7484635681044408e-01
45, 27, -1.7477806249438527e-01, 3.0420775753714641e-01
45, 28, 1.9652698132052615e-01, 4.6853734020041671e-01
45, 29, -1.6548527788083492e-01, -3.8546917182353146e-01
45, 30, 1.1376855500269978e-01, -2.1572940767794632e-01
45, 31, -3.4346193566616656e-01, -2.2765486028862311e-01
45, 32, -2.9512811964784380e-01, 8.5770754173892849e-02
45, 33, -6.5133488127831385e-01, 2.7632836336484862e-01
45, 34, 2.8398129244881348e-01, 1.5209529630394109e-01
45, 35, 1.7331852078215998e-01, -1.0376510414582463e-01
45, 36, 6.2335900761703200e-02, -7.5158902113489445e-01
45, 37, -6.9063677536907242e-01, 2.9472532490488201e-02
45, 38, 1.1502102788106083e-01, -1.3579807173828806e-01
45, 39, 3.8088884420981639e-01, -4.4580298234505343e-02
45, 40, -1.7192612715325004e-02, 3.5884052727898075e-02
45, 41, -2.0698912485141219e-02, -3.9227631844767852e-01
45, 42, -1.2471606705517813e-01, 3.1177826164059547e-01
45, 43, -2.3830364539509225e-01, -2.3257026555381655e-01
45, 44, 2.2559677748278936e-01, 1.6489893720471405e-01
45, 45, 7.5754801432014807e-01, -5.5723979484284092e-01
