0, 0, 0.0000000000000000e+00, 0.0000000000000000e+00
1, 0, 0.0000000000000000e+00, 0.0000000000000000e+00
1, 1, 0.0000000000000000e+00, 0.0000000000000000e+00
2, 0, 0.0000000000000000e+00, 0.0000000000000000e+00
2, 1, 4.7470874390101841e+01, 2.5633763741973002e+01
2, 2, 1.2877002030417191e+03, -7.1343370831984680e+02
3, 0, 3.2064014290369971e+02, 0.0000000000000000e+00
3, 1, -1.3554307635707579e+02, -6.7964204360917540e+02
3, 2, 3.5854098070247483e+02, -1.5449610325516562e+02
3, 3, -8.3188875682149035e+02, -5.2651388669969049e+02
4, 0, -1.3159584053925147e+02, 0.0000000000000000e+00
4, 1, -1.4843174952853786e+02, -1.2152652110132080e+02
4, 2, 8.5102911279342592e+01, 2.6151997443356311e+02
4, 3, -2.4897469839238113e+02, 1.0758419296002135e+01
4, 4, -2.3876327160447499e+01, 3.8188991311062324e+02
5, 0, 1.7169203670271038e+01, 0.0000000000000000e+00
5, 1, -4.9664540033073212e+00, -3.2819524772551873e+01
5, 2, 1.1643160649476224e+02, 4.6210286932276588e+01
5, 3, -9.2834482494538932e+01, 2.9465345558318575e+01
5, 4, 1.5193258462335854e+02, 6.1602273105804599e+01
5, 5, 1.3386687475041643e+02, -1.1936781185594899e+02
6, 0, -2.6946299895749902e+01, 0.0000000000000000e+00
6, 1, -6.3922970441935398e+01, 3.9817820892333721e+01
6, 2, -4.4471681638882451e+01, -3.8608286008111811e+01
6, 3, -4.5257590691176574e+01, -1.7670261333053215e+01
6, 4, -2.4937760261035454e+01, -7.1437987755602094e+01
6, 5, -3.4518361666962917e+01, -5.3877299719451194e+01
6, 6, -6.9410245910790209e+01, -2.0875025608635063e+01
7, 0, -1.4381818896671032e+01, 0.0000000000000000e+00
7, 1, -4.2295752328271469e+01, 2.0049475032259391e+01
7, 2, -6.3187460133571577e+01, 6.2536419257926141e+00
7, 3, -1.9256121735169994e+01, 7.9524243439695699e+00
7, 4, -7.2969124841115516e+01, 2.3770249656740106e-01
7, 5, 6.1066085257714926e+00, 4.1039212429799136e+01
7, 6, 2.3041817226625739e+01, 5.3833127835717946e+01
7, 7, -7.3125496218167934e+00, 4.1184563555076735e+01
8, 0, -8.2521909424596895e+00, 0.0000000000000000e+00
8, 1, 1.8128495537525278e+00, -1.1691039616246568e+01
8, 2, -4.2682150685702169e+01, -1.1405231137439438e+01
8, 3, 3.0507935756812394e+01, 3.3622441137623177e+01
8, 4, -3.5550665500161017e+01, 3.0385818556292139e+00
8, 5, 6.8881647114455546e+01, 4.4356063939845271e+01
8, 6, 1.5384604013554934e+01, 3.8370469038122252e+01
8, 7, 1.3334165369929455e+01, -3.4408389716310580e+01
8, 8, 2.6061286348567165e+00, 6.3651730490426752e+00
9, 0, 5.3036888784281437e+00, 0.0000000000000000e+00
9, 1, -3.9611080741561890e+00, 1.1087188267183752e+00
9, 2, -2.4916054407968911e+01, -5.2268468581780310e+00
9, 3, 1.7684768900089274e+01, 1.6269646344360108e+01
9, 4, -6.9395012799690257e+00, -3.0901087523857683e+01
9, 5, 4.0417017260187514e+01, 3.1626386484025300e+01
9, 6, -1.3548327408259976e+01, -5.1464715438804154e+00
9, 7, 1.3345138658574490e+01, -2.3593814314315232e+01
9, 8, -2.7674893642984973e+01, 5.3473877907473950e+00
9, 9, 2.0322572587172523e+01, 9.6431837220824459e+00
10, 0, -9.4307587832943653e+00, 0.0000000000000000e+00
10, 1, -1.2178530435319800e+01, -3.9003271116850122e+00
10, 2, -1.9830775969541805e+00, 1.7467999630867865e+01
10, 3, 8.7088358865982087e+00, -5.8540556040692344e+00
10, 4, 1.9166366634851631e+01, -1.9806624587651711e+00
10, 5, -8.1930368638730329e+00, 1.6334722501691907e+01
10, 6, -9.3904895237077728e+00, -2.0056371253681611e+01
10, 7, -5.8165363890956652e+00, 7.7747541040367061e+00
10, 8, -8.4771206915110238e+00, -1.2558615090168628e+01
10, 9, 2.1020258491975223e+01, 1.9958406108053257e+01
10, 10, 4.7297541644541701e+00, -1.0447204516755443e+01
11, 0, 3.5041649582203322e+00, 0.0000000000000000e+00
11, 1, 8.1636851551951111e+00, 2.3346850689233811e+00
11, 2, 3.5098528750003095e+00, 1.4071819408524567e+01
11, 3, 1.6535721050341834e+01, -1.0973515540034333e+01
11, 4, 2.0808979451849087e+01, 9.1306912557931668e+00
11, 5, -1.6119260572410859e+01, -1.2052427538182533e+01
11, 6, 4.6796115196672377e+00, 1.0353166057471745e+00
11, 7, -9.1316368742188043e+00, 1.0092388612002958e+01
11, 8, 1.6004855286875021e+01, -8.5737512273495238e+00
11, 9, 4.7291962945033239e+00, 5.2443813626281326e+00
11, 10, -2.2899797820550609e+00, -2.5142117751111670e+01
11, 11, 1.0599378160014099e+00, 4.4488206447681584e+00
12, 0, -1.5941442990209911e+00, 0.0000000000000000e+00
12, 1, 1.2275741007111117e+01, -2.3263335197920232e-02
12, 2, 1.5250672813398083e+00, -5.2822876821625853e+00
12, 3, 1.5098218914197032e+01, -3.0217870330709786e+00
12, 4, 1.8722492564873656e+00, -1.7476498792582444e+00
12, 5, -6.2518061726346303e+00, -1.0736979085906256e+01
12, 6, 3.8064277079966042e+00, 1.6277317826780877e+01
12, 7, -3.1848767173318069e+00, 2.2017436396478307e+00
12, 8, 1.5186512793621796e+01, 3.0251908999381873e+00
12, 9, -6.0357140667448750e+00, -4.0468236270104425e+00
12, 10, -3.4990395406576660e+00, -1.3462852605846363e+01
12, 11, -8.7308401798160133e+00, 1.8096937468516586e+01
12, 12, 4.7076665574811888e-01, 9.2791481709878842e-01
13, 0, 3.6771273952410359e+00, 0.0000000000000000e+00
13, 1, 5.4603830635850841e+00, -3.8348709181292651e-01
13, 2, -2.4623262897933924e+00, -7.7774757466387632e+00
13, 3, -8.3793791690135033e-01, -6.8671344770886433e-01
13, 4, -6.9667931316620335e-01, -5.5168069466058238e+00
13, 5, -3.4104061234984501e-01, 3.7296880077660117e+00
13, 6, -1.8267727906771829e+00, 8.9389694258529477e+00
13, 7, 6.5878829828378329e+00, -3.3263427881024032e+00
13, 8, 1.8704397855397719e+00, 1.8972001300563207e-01
13, 9, -8.3537019357113067e+00, -6.1702176094570014e+00
13, 10, 7.9146498277247124e-01, 5.1236583343800470e+00
13, 11, -6.3940187881077390e+00, 7.3839230633299335e+00
13, 12, 1.1465439672350632e+01, 3.6872510996742345e+00
13, 13, -4.5462320764581046e+00, -7.6015824074104579e+00
14, 0, -1.1912637295149309e+00, 0.0000000000000000e+00
14, 1, -5.1104592876895429e+00, -1.7859017731539972e+00
14, 2, -2.9439703319599397e+00, 3.4047831749841855e+00
14, 3, -2.7176000888623895e+00, 1.8990273632432153e+00
14, 4, -2.0145737119678966e+00, 7.1279487645982815e+00
14, 5, 3.1691038676298047e+00, 6.8176468717788206e+00
14, 6, 2.6237471927532857e-01, 8.9491429867204175e-01
14, 7, 2.7095323900945241e+00, -1.7616543265167492e+00
14, 8, -6.1433661072169032e+00, -2.9337434222774235e+00
14, 9, -9.8605445822045801e-01, -7.4919907799865380e+00
14, 10, 1.5448559650848848e-01, 1.1047025292358434e+01
14, 11, 5.7881277533380722e+00, -1.5877925305783660e+00
14, 12, 2.7979249115674989e+00, 1.7507776684010867e+00
14, 13, -5.1893477352526114e+00, -1.4222899572902449e+01
14, 14, -9.2266833725071828e-02, 5.0189427381629228e+00
15, 0, -2.6748628805872574e+00, 0.0000000000000000e+00
15, 1, -1.2204062005660408e+00, -1.8952322306394525e+00
15, 2, 2.3968536355732777e+00, 4.3977085194186847e+00
15, 3, 3.1386563072960674e+00, 1.6775643305386823e+00
15, 4, 4.1811916891599248e+00, 5.2413973508470537e+00
15, 5, 5.2773374042272927e+00, 3.0325687358602282e+00
15, 6, 3.2135792172510830e-01, -3.6970748513590457e+00
15, 7, -5.4752242057257643e+00, -2.2731346905934564e+00
15, 8, -6.5063400849156272e+00, -3.0657539417077606e+00
15, 9, 8.5129059693292253e-01, 2.0692483850182977e+00
15, 10, 1.2145172695920190e+00, 9.8207457787667141e-01
15, 11, 4.5184551668140429e+00, -3.3543309634651259e+00
15, 12, -4.8471339837819762e+00, -4.3707825009401216e+00
15, 13, -8.5822539450998414e-01, -4.3009071651252428e+00
15, 14, -1.2018168518790966e+00, 7.6851681954256819e+00
15, 15, 2.5339647093157542e+00, -5.5963290059988369e-01
16, 0, -2.6314886104498063e+00, 0.0000000000000000e+00
16, 1, 1.1032303405632322e+00, 2.6712764065720913e+00
16, 2, 2.9210158824585735e+00, 8.0024317462990757e-01
16, 3, 2.4591720047887051e+00, -2.1548900004727569e+00
16, 4, 4.1658013037861581e+00, 3.4780361051451530e-01
16, 5, 1.7610394110172152e+00, -2.8950061736851667e+00
16, 6, -7.3130233389297405e-01, -1.0858971627892804e+00
16, 7, -2.0917572295882838e+00, -1.3846179415417865e+00
16, 8, -1.2604125736554679e+00, -2.1494289763856602e+00
16, 9, 2.0229255962031001e+00, 4.6428132839914795e+00
16, 10, 2.7397953821260068e+00, -1.5481363762266545e+00
16, 11, 1.6331819936503369e-01, 1.0968078615942924e+00
16, 12, -2.4657339651866059e+00, -3.1819403230345320e+00
16, 13, 3.9188129579240311e-01, 3.0263541838672317e+00
16, 14, 5.6976100347028935e-01, 4.5451136600430182e+00
16, 15, 4.6337117932220382e+00, -1.5494105042108517e+00
16, 16, -9.9461640593587763e-01, -4.3158477356264197e-01
17, 0, 3.5325847914033165e-01, 0.0000000000000000e+00
17, 1, 1.7617260392172294e+00, 2.6622609361411831e+00
17, 2, 9.6709207077346659e-01, -2.9611648992077128e-01
17, 3, 5.4086868736976101e-01, -6.6423409757030272e-01
17, 4, -1.8711878827413460e+00, -8.1226585054004763e-03
17, 5, -2.8585479057365237e+00, -1.1071741730283713e+00
17, 6, -2.5514060386429001e+00, 1.1258192338720061e+00
17, 7, -1.3451894748487176e+00, 1.2060964997448713e+00
17, 8, 1.4950546010566057e+00, 8.2497929420111171e-01
17, 9, 6.4183536380453721e-01, 1.6491733389604559e+00
17, 10, 2.2423247222941463e+00, -1.0371253614205571e+00
17, 11, -1.2379098377709929e+00, 2.9253116176739441e-01
17, 12, -1.1192362372030755e+00, 1.1160516144532187e-01
17, 13, 2.1114000043627037e+00, 3.5174497760954986e+00
17, 14, 1.3379579424635546e+00, 1.9057385164570999e+00
17, 15, 1.4370721937421511e+00, -1.7826024410414161e+00
17, 16, -4.5893926616781178e+00, -2.3627264556835268e+00
17, 17, -4.3236548271175934e-01, -1.2472681938031027e+00
18, 0, 1.0983579415861890e+00, 0.0000000000000000e+00
18, 1, 6.3297914033859171e-01, 2.2282909611270210e+00
18, 2, 2.5683846804823052e-01, -1.3368217353051623e-01
18, 3, 1.1669113256673564e+00, 1.5576566848734203e+00
18, 4, -3.3068968332567206e+00, -5.5175535599308234e-01
18, 5, -7.5480055173807781e-01, 2.3066688963216131e+00
18, 6, -8.4358205242301254e-01, 2.4890042360960094e+00
18, 7, 6.5601018279683587e-01, 6.0340689084554633e-01
18, 8, -3.1068065017004637e-01, 1.0343121483544722e+00
18, 9, -1.8880663415815693e-01, -1.2585830848336230e+00
18, 10, -2.4709614364854851e+00, 4.1477752552685698e-01
18, 11, -1.0896025859591472e+00, 9.7313218664639201e-01
18, 12, -3.2024598166969015e-01, 6.3319241694970407e-01
18, 13, 1.2321278208273858e+00, 9.0314759039103143e-01
18, 14, 1.4142680777703682e+00, -7.8382261048356150e-01
18, 15, -1.4907619510298806e+00, -2.7523575957089679e+00
18, 16, -1.6579276486938801e+00, -7.1277884856070217e-01
18, 17, -5.0565107563130773e-01, 3.8466697278790005e+00
18, 18, -1.5784630989654778e+00, -1.2501247875027570e+00
19, 0, 1.7470516815417572e-02, 0.0000000000000000e+00
19, 1, -1.7859825590366610e-01, -1.5342989395774007e+00
19, 2, 1.4214185468384621e-01, -2.2203738228004011e-01
19, 3, 7.5037389222549086e-02, 6.0983802212149396e-01
19, 4, -5.4693385928226257e-01, -8.1841463292705197e-01
19, 5, 8.3409026414968279e-01, 1.2925009985823468e+00
19, 6, 7.1275522745082365e-01, 5.9764781601084560e-01
19, 7, 1.4611167447460063e+00, -6.0208942822050437e-01
19, 8, -1.3434946500175087e+00, 3.1742325219045298e-01
19, 9, -6.8977829359777032e-01, -1.4068408069719824e+00
19, 10, -1.8724215087419351e+00, 1.3315684181825702e-01
19, 11, -7.0019963747261202e-02, 1.2648791990082828e+00
19, 12, 1.4375662038484233e-01, -1.9256571278518486e-02
19, 13, 7.0031224125704017e-01, 2.5864101736056633e-02
19, 14, -5.1769473083924533e-01, -1.6174948211271498e+00
19, 15, -2.6486480412157478e+00, -1.6824393812074590e+00
19, 16, -5.2203276488661653e-02, 4.8266508331160557e-01
19, 17, 4.6663429739243850e-01, 1.4226789429565023e+00
19, 18, 2.1121343906502754e+00, -1.8822420196830878e+00
19, 19, 1.1057484118582350e+00, 2.4844101008017727e+00
20, 0, -7.9756547934279542e-01, 0.0000000000000000e+00
20, 1, -3.5649460956674245e-01, -1.5501647628482580e+00
20, 2, -1.6256951037521186e-01, 6.5478568732162412e-01
20, 3, -9.9150963437929129e-01, -5.5205301944029916e-01
20, 4, 1.0142084774732636e+00, -4.8958197474211085e-01
20, 5, -4.8641375685107863e-01, 5.2163164900993209e-03
20, 6, -5.2618211441861706e-01, -9.6569891035842814e-01
20, 7, -1.2205765268025778e-01, -3.2097876459706653e-01
20, 8, -8.0577065805006165e-01, -8.5770692690365025e-01
20, 9, -3.1468152529365617e-01, -4.7885811568306436e-01
20, 10, 1.0891273405610920e+00, 9.5886247048001930e-02
20, 11, 2.6600476778051863e-01, 7.7059126631609770e-02
20, 12, 1.3882270571126771e+00, 4.7264482426933419e-01
20, 13, 2.3362922660917254e-01, -9.2255959086940642e-01
20, 14, -8.3976524471135705e-01, -7.4702814014592855e-01
20, 15, -2.1518530505262567e-01, 8.7454140020276538e-01
20, 16, -1.3192723293615558e-01, 6.1459455321788070e-01
20, 17, 1.4038406549215838e+00, 1.0875636601651060e+00
20, 18, -1.1266002254689753e-01, -1.9198112633847753e+00
20, 19, -3.7798098666474927e-01, 2.4653386302760022e-01
20, 20, 1.2998972437141258e+00, -1.1036847841472563e-01
