0, 0, 0.0000000000000000e+00, 0.0000000000000000e+00
1, 0, 5.6350784677630884e+05, 0.0000000000000000e+00
1, 1, 3.2845746659559496e+04, 2.5499854277638692e+05
2, 0, 0.0000000000000000e+00, 0.0000000000000000e+00
2, 1, -3.1786938778578013e+05, -1.7161800183072721e+05
2, 2, -2.1706017415674170e+06, 1.0468667927054171e+06
3, 0, -9.1108332559917180e+05, 0.0000000000000000e+00
3, 1, 5.2266236786146328e+05, 1.9354379799784559e+06
3, 2, -7.2161820996412716e+05, 1.4365913739050605e+05
3, 3, 1.8931403276435172e+06, 8.1764721943775401e+05
4, 0, 2.3995713975155132e+05, 0.0000000000000000e+00
4, 1, 4.9888155785394635e+05, 3.6316863175590843e+05
4, 2, -4.9904835691182181e+05, -6.5323832002757571e+05
4, 3, 9.2628344672554580e+05, -5.2504347712513620e+04
4, 4, 1.3383530146523035e+05, -9.8900480955341202e+05
5, 0, 1.5450250879900361e+05, 0.0000000000000000e+00
5, 1, -4.1971579082241144e+04, -9.0923535691395926e+04
5, 2, -2.3895378074175632e+05, -1.8858891992951668e+05
5, 3, 2.1038485246586206e+05, -2.9650630946616264e+05
5, 4, -4.7992713432628085e+05, 6.5945103270535648e+04
5, 5, -3.6014830594772438e+05, 3.5378612892818887e+05
6, 0, 9.0866564509503660e+03, 0.0000000000000000e+00
6, 1, 2.9585707592490263e+05, -1.0629372657381653e+05
6, 2, 2.8314656020983221e+05, 1.0369668629307102e+05
6, 3, 2.7261803191600996e+05, 1.1434122893756218e+05
6, 4, 5.5241035860624368e+04, 2.0755401266114265e+05
6, 5, 2.4880000318272621e+04, 2.2890909319421623e+05
6, 6, 1.6260457420562734e+05, 5.0647974667714050e+04
7, 0, -4.4068353492150491e+04, 0.0000000000000000e+00
7, 1, 2.4862700755321086e+05, -2.0995440113982969e+05
7, 2, 2.0655635740539239e+05, 5.5722841294796686e+04
7, 3, 5.7968138413685854e+04, -1.6726899176626102e+04
7, 4, 4.0790660099766328e+05, 8.8530061336054714e+04
7, 5, -3.7421519951102629e+04, -2.3594236375114726e+05
7, 6, -1.7662453798127105e+05, -2.8359758474161651e+05
7, 7, -1.0647982739510480e+03, -1.4733789628214928e+05
8, 0, 1.0640129138651839e+05, 0.0000000000000000e+00
8, 1, 2.8986211479620397e+02, 2.2622424636447511e+04
8, 2, 3.0077277520132513e+05, 7.4882589806026459e+04
8, 3, -2.3542870424727417e+05, -2.5681942088897742e+05
8, 4, 2.3168019711277410e+05, -8.6459833542860564e+04
8, 5, -5.1595458396822540e+05, -3.7152344911911344e+05
8, 6, -4.7032696429555042e+04, -2.3223550895517066e+05
8, 7, -1.1546081906940471e+05, 1.9902201529775176e+05
8, 8, 2.8579313864430733e+04, -4.9460144238307606e+04
9, 0, -4.8425133511543318e+04, 0.0000000000000000e+00
9, 1, -1.5748964780594717e+04, 9.8076275067638009e+04
9, 2, 2.8059857166200742e+05, 2.2797021851068377e+04
9, 3, -1.5253185989709303e+05, -1.1679587762402308e+05
9, 4, 8.3775074432590962e+04, 2.9482678327469685e+05
9, 5, -3.4838817737678572e+05, -3.2994725466898544e+05
9, 6, 1.0495790386288860e+05, -2.8227202022302416e+04
9, 7, -1.4822058706551293e+05, 3.1839136552399327e+05
9, 8, 3.2593365412564809e+05, -8.4922282237382256e+04
9, 9, -1.6775846369979915e+05, -5.3923348851096627e+04
10, 0, 9.3892052950404934e+04, 0.0000000000000000e+00
10, 1, 1.2517588859231300e+05, 5.9597453517076356e+04
10, 2, 5.8877285531461734e+04, -2.3578041152419639e+05
10, 3, -1.8662282878890546e+05, 6.0332559445740677e+04
10, 4, -2.6150373477447857e+05, 7.9470202697235945e+04
10, 5, 1.3792415878591494e+05, -2.1526957240331810e+05
10, 6, 1.0806031940288161e+05, 3.1473651834660192e+05
10, 7, 9.2901228250015323e+04, -7.1768829888641543e+04
10, 8, 1.1471925905338964e+05, 1.6455048610010222e+05
10, 9, -2.5299951028301351e+05, -2.1862555516331457e+05
10, 10, -7.1129416097893452e+04, 1.1796213880780102e+05
11, 0, -6.8282775883790513e+04, 0.0000000000000000e+00
11, 1, -1.0269161611956949e+05, -3.2876003017051509e+04
11, 2, -5.4931840803924497e+04, -2.9562316696260031e+05
11, 3, -3.0872019878424890e+05, 2.3339283998428239e+05
11, 4, -4.0733922528072941e+05, -1.9191572962316978e+05
11, 5, 2.7626610832968692e+05, 2.3948583924295919e+05
11, 6, -1.2288983379453613e+05, -4.8604530697952461e+04
11, 7, 1.8737784788718476e+05, -1.6850086813729012e+05
11, 8, -3.2144057515809988e+05, 1.3396038474790426e+05
11, 9, -7.6144509565911765e+04, -9.6109851807180239e+04
11, 10, -8.7572427388175856e+02, 4.7355986144728767e+05
11, 11, -3.0871107027674567e+04, -9.0827458632201087e+04
12, 0, 8.4151166659102164e+03, 0.0000000000000000e+00
12, 1, -3.3314049421451590e+05, 1.6954630649456529e+04
12, 2, -5.4374034014477635e+04, 1.2866044847386148e+05
12, 3, -3.9256426679972355e+05, 7.0603579800099338e+04
12, 4, -7.2345285798735902e+04, 5.8686795114014269e+04
12, 5, 1.2491958749533513e+05, 2.8642015348912822e+05
12, 6, -8.6857769171622334e+04, -4.0021321927342808e+05
12, 7, 5.2133715679594592e+04, -8.7070856303888286e+04
12, 8, -3.4794759144292865e+05, -4.8260644378317695e+04
12, 9, 1.1660972650425223e+05, 7.7561946956341213e+04
12, 10, 4.3910398348916817e+04, 3.2172597922709846e+05
12, 11, 2.1740622687761203e+05, -4.9307943496495736e+05
12, 12, -2.3953704993995187e+04, -2.3951698969645087e+04
13, 0, -1.0927034092735536e+05, 0.0000000000000000e+00
13, 1, -2.1421635978232761e+05, -4.5654227924669991e+04
13, 2, 1.1777792052922020e+05, 2.9125041334125155e+05
13, 3, -9.1523028528878640e+03, -8.9870091904032670e+03
13, 4, -4.9184938370563468e+03, 1.7908944734267500e+05
13, 5, 2.3020618101844204e+04, -1.4109580550659369e+05
13, 6, 1.1954882493742388e+05, -3.5064837127016945e+05
13, 7, -2.3108472991306192e+05, 1.1397716729187703e+05
13, 8, -6.1118271370866802e+04, -1.1819657620043869e+04
13, 9, 2.5046045587073092e+05, 1.8913747980010288e+05
13, 10, -6.4419471834821088e+03, -1.6397676059452587e+05
13, 11, 2.1957908425872994e+05, -2.7229168420802586e+05
13, 12, -3.6452898726792261e+05, -1.2969786536809975e+05
13, 13, 1.9355880474160856e+05, 2.7168989416062541e+05
14, 0, 9.5754902986983798e+03, 0.0000000000000000e+00
14, 1, 2.2934770038685724e+05, 6.3810786957405740e+04
14, 2, 1.2645633128667195e+05, -1.4548433253564153e+05
14, 3, 1.1307955304951998e+05, -7.3980511474282044e+04
14, 4, 1.1475552321258587e+05, -3.5153838490346022e+05
14, 5, -1.4702668427555298e+05, -3.2023924561761011e+05
14, 6, -2.1589657727454869e+03, -5.7232253295143288e+04
14, 7, -1.0501691974161193e+05, 8.5505581200061875e+04
14, 8, 3.0651075796550635e+05, 1.5213561131819719e+05
14, 9, 2.1718997021010349e+04, 3.1932289822949970e+05
14, 10, -2.3847765871679585e+04, -5.1101915095219080e+05
14, 11, -2.3347953141216381e+05, 9.7090539357527799e+04
14, 12, -1.1315208451603024e+05, -6.2272409274474427e+04
14, 13, 2.3704522934344778e+05, 6.4918965046378551e+05
14, 14, -7.6154776649484629e+03, -2.2360909399847919e+05
15, 0, 1.5094865559898957e+05, 0.0000000000000000e+00
15, 1, 6.5375793292069364e+04, 1.4062162319114193e+05
15, 2, -1.6884486831211785e+05, -2.5915673982438404e+05
15, 3, -1.8444915782894575e+05, -9.8550411272228725e+04
15, 4, -2.5585611277590849e+05, -3.4468215941971214e+05
15, 5, -3.1193817718634487e+05, -2.0330575720233482e+05
15, 6, -1.7083618270932260e+04, 2.2754885414897016e+05
15, 7, 3.4139649230496434e+05, 1.5001869924920888e+05
15, 8, 3.8296862320346537e+05, 2.0762977864375050e+05
15, 9, 5.7782097979217942e+03, -1.1997099874627564e+05
15, 10, -9.2379534557519626e+04, -6.4435456412336804e+04
15, 11, -2.7785292324725661e+05, 2.0715403151547851e+05
15, 12, 2.4245090891643643e+05, 2.6477056317686226e+05
15, 13, 4.0774574913819604e+04, 2.7437094898820040e+05
15, 14, 6.7538432522395771e+04, -4.5565376902013249e+05
15, 15, -1.9116107797014312e+05, 2.2985513426726433e+04
16, 0, 1.7552640951710060e+05, 0.0000000000000000e+00
16, 1, -8.4561926489094069e+04, -2.0987649626160855e+05
16, 2, -2.7934362452113390e+05, -9.4317819172788106e+04
16, 3, -1.8307789566223312e+05, 1.7765445736606064e+05
16, 4, -3.6259188309842913e+05, -3.4316947992674985e+04
16, 5, -1.4661123096712108e+05, 2.3230092746315274e+05
16, 6, 6.0833667835763779e+04, 8.5779927538889868e+04
16, 7, 1.8290829380308723e+05, 9.9217160217708966e+04
16, 8, 1.0968045034735193e+05, 1.9118585677940689e+05
16, 9, -1.8399222869604654e+05, -3.7537596313260810e+05
16, 10, -2.3689867102807289e+05, 1.1352467456646735e+05
16, 11, 2.2346434640956795e+02, -5.2375544721272847e+04
16, 12, 2.3463420153291873e+05, 2.4617929944619373e+05
16, 13, -3.7378585692273526e+04, -2.5026309544650756e+05
16, 14, -2.4237442931256890e+04, -3.5828417072331253e+05
16, 15, -4.0585695792825066e+05, 1.2095718947229584e+05
16, 16, 7.6840043486426293e+04, 2.1639464409225155e+04
17, 0, -4.9726438448194189e+04, 0.0000000000000000e+00
17, 1, -2.0307315656091474e+05, -2.7508539958869282e+05
17, 2, -1.1243130637579500e+05, -1.2900369660529104e+03
17, 3, -9.1497867303134321e+04, 5.4837483744145866e+04
17, 4, 1.8930673860554316e+05, 5.6116354335441911e+03
17, 5, 2.8928077089505875e+05, 9.4197278330970381e+04
17, 6, 2.5304856424340158e+05, -9.9612507106479738e+04
17, 7, 1.3198904264248395e+05, -1.4512598518367062e+05
17, 8, -1.4910949580859268e+05, -8.2526921399396408e+04
17, 9, -4.8914375083740895e+04, -1.9868540359601428e+05
17, 10, -2.1809324987221512e+05, 9.9209811166529340e+04
17, 11, 1.0462930073129541e+05, -8.2028010609911376e+04
17, 12, 1.4415472843499563e+05, -2.1688658414971211e+04
17, 13, -2.4424278212854301e+05, -3.8084338319030078e+05
17, 14, -1.2413297673086356e+05, -1.9107413216054888e+05
17, 15, -1.3972032583425700e+05, 1.9294863400616057e+05
17, 16, 4.8593676152909931e+05, 2.4404701084287284e+05
17, 17, 6.5458640235848099e+04, 1.3136779904167377e+05
18, 0, -1.4153577309161721e+05, 0.0000000000000000e+00
18, 1, -8.1578048539845171e+04, -3.1238382759713870e+05
18, 2, -1.8561009422443014e+04, 1.4632073003034320e+04
18, 3, -1.6820979673684400e+05, -1.9284199370871962e+05
18, 4, 4.5746168263999757e+05, 8.2529550603803626e+04
18, 5, 1.0137592642241507e+05, -3.1490801899284846e+05
18, 6, 1.1651764052635526e+05, -3.3454551842173736e+05
18, 7, -7.9837110169053369e+04, -7.8822603872583961e+04
18, 8, 5.2506847713369600e+04, -1.4840241148752911e+05
18, 9, 1.7185320412900615e+04, 2.2126660984121260e+05
18, 10, 3.3538614683383226e+05, -7.6768957582414281e+04
18, 11, 1.5663013357786229e+05, -1.1451723164250802e+05
18, 12, 4.9178407934988209e+04, -1.1779091842849203e+05
18, 13, -1.8240802243674253e+05, -1.1170572861614886e+05
18, 14, -1.9905872489410857e+05, 1.1539989259646127e+05
18, 15, 2.2231228779078834e+05, 3.6994262185482308e+05
18, 16, 2.4109699329245414e+05, 8.2941012309175334e+04
18, 17, 9.8354422255461905e+04, -4.9234952044324961e+05
18, 18, 1.9579922522712179e+05, 1.6659569007943355e+05
19, 0, -9.1465744032541897e+03, 0.0000000000000000e+00
19, 1, 3.5021949511852181e+04, 2.4894660201497807e+05
19, 2, -2.0564280777518441e+04, 2.8902223228333682e+04
19, 3, 1.1632445277623774e+03, -9.9638736810304632e+04
19, 4, 1.0923097173208273e+05, 1.4147847242324561e+05
19, 5, -1.3129650020731805e+05, -2.0054892075557593e+05
19, 6, -9.6944337573010489e+04, -1.1848929644087113e+05
19, 7, -2.3399036909004513e+05, 1.0296412768099215e+05
19, 8, 2.2572442581270862e+05, -3.8208366120588857e+04
19, 9, 1.2021955642918257e+05, 2.6199077577209173e+05
19, 10, 3.1147289935786033e+05, -4.8277309415611744e+03
19, 11, 1.0785679187369205e+03, -2.1767468533515796e+05
19, 12, 8.2695812194417667e+03, 1.6647502671447022e+04
19, 13, -1.2817472409533327e+05, 1.0807724502309095e+04
19, 14, 9.2220597181302132e+04, 2.7097356961997494e+05
19, 15, 4.5292022946109594e+05, 2.9767236888394767e+05
19, 16, 1.9751017982970596e+04, -8.9489826378952901e+04
19, 17, -9.3589093695550182e+04, -2.4709608627327776e+05
19, 18, -3.3041473180297902e+05, 3.1960585355781729e+05
19, 19, -1.7924787932849897e+05, -3.9678841158047307e+05
20, 0, 1.6289287068501659e+05, 0.0000000000000000e+00
20, 1, 4.7081971001400103e+04, 3.3149129593039979e+05
20, 2, 2.8658464668609322e+04, -1.3745842386375266e+05
20, 3, 1.7548361368424774e+05, 1.1094222771754018e+05
20, 4, -2.1772433927008728e+05, 8.8101610169822408e+04
20, 5, 1.0623916507235607e+05, -9.3079060038513780e+03
20, 6, 1.0516513673037037e+05, 1.8873925986569372e+05
20, 7, 1.3064524457035470e+04, 1.0635383606108160e+05
20, 8, 1.5982327898064585e+05, 1.7726373065239601e+05
20, 9, 9.4754516504023311e+04, 9.6613863605447754e+04
20, 10, -2.1614375755628696e+05, -2.3643977822946847e+04
20, 11, -2.2577488608329091e+04, -4.0629091184196383e+04
20, 12, -3.0793085244883946e+05, -9.9393557393573719e+04
20, 13, -9.2218528754601284e+04, 1.8965949351067972e+05
20, 14, 1.8897421770502380e+05, 1.7604593803448672e+05
20, 15, 4.4917603264167083e+04, -1.9955830135082794e+05
20, 16, 2.8228351960880267e+04, -1.0245611119891686e+05
20, 17, -3.0708163824218023e+05, -2.3699805089817001e+05
20, 18, 2.6458038280861074e+04, 3.8944992681660486e+05
20, 19, 5.9960836606482451e+04, -8.7670085606192457e+04
20, 20, -2.7190557706722640e+05, 8.6189618310200531e+03
21, 0, 4.3797930764894831e+04, 0.0000000000000000e+00
21, 1, -1.0439107137356330e+05, -2.2645973596895032e+05
21, 2, -7.6201764070583886e+03, -3.4128698574102181e+05
21, 3, -7.7861326657251571e+04, 1.2868333508432213e+05
21, 4, -2.3460199640524475e+05, -9.7992151301697333e+04
21, 5, 2.2125511030725256e+05, 7.9398506605078786e+04
21, 6, 3.6169679952297513e+04, 1.2212185025328363e+05
21, 7, 1.3940911422278616e+05, -2.0246045222658882e+05
21, 8, 4.3266109629492945e+04, 1.6950385406143774e+05
21, 9, -1.6530599301021354e+05, -2.9456923712658157e+04
21, 10, -1.8959985733216646e+05, 1.2273836173364084e+05
21, 11, -2.2662523330726061e+05, -1.7625178614441172e+05
21, 12, 1.3254105539321681e+05, 7.6337361622744109e+04
21, 13, -1.3867905607511335e+04, 2.8381995168083165e+04
21, 14, 7.5852398829190031e+04, -2.5710056483186793e+05
21, 15, -1.9822112491724055e+05, -3.0534564686644438e+05
21, 16, -1.8267241947763111e+05, -7.2076177083012488e+04
21, 17, -1.9002450514712959e+05, -1.8736343692310495e+05
21, 18, 1.5410647483022854e+05, 2.9691828505279380e+05
21, 19, 5.2939775246491117e+04, -4.8582607356174581e+05
21, 20, -1.3897365306465339e+05, -2.3232119144242132e+05
21, 21, 4.3504410957371240e+05, 3.0133180830831121e+05
22, 0, -1.6629139789111185e+05, 0.0000000000000000e+00
22, 1, -2.8037964263393288e+05, -1.2893046257223914e+05
22, 2, 2.1783189598998419e+04, 6.5530106544651098e+04
22, 3, -2.6111496587740301e+05, -1.7867263603132102e+04
22, 4, 1.6281366534767181e+05, -2.1297493390870857e+05
22, 5, 3.8488685829941744e+04, 3.6943989760813529e+04
22, 6, -1.3402878853043923e+05, -2.8464625597332162e+05
22, 7, 1.6145621567210744e+05, -3.2460756617627947e+04
22, 8, -2.1295227701263892e+05, -1.1896733972174104e+05
22, 9, -3.3513570480136266e+04, -8.6346700009193446e+04
22, 10, -1.7409100321383128e+05, 1.3616315006579409e+05
22, 11, -1.2949800666886667e+05, -1.5803903272318299e+05
22, 12, 2.3231651994847562e+05, 1.2519856489049853e+03
22, 13, -1.0679620798917986e+05, -1.0337282353923030e+05
22, 14, -6.3712755473677520e+04, -3.1127323993453383e+05
22, 15, -2.6428368890537729e+05, 1.4961365961296874e+05
22, 16, -1.3968173153221581e+05, -1.0866820915216173e+04
22, 17, 2.6960250990142958e+05, 1.8003978197593769e+05
22, 18, -8.2886201730439396e+04, -7.3225661638168094e+02
22, 19, 2.9558921465721820e+05, -2.4011455783813240e+05
22, 20, -3.1954820147891884e+05, 6.5031016337532637e+04
22, 21, 1.9882839559414412e+05, 4.1731459973940643e+05
22, 22, -4.2780088565493999e+04, -1.9916891808163800e+05
23, 0, 5.9976594007927066e+04, 0.0000000000000000e+00
23, 1, 1.5806683492148088e+05, 2.8480371552310295e+04
23, 2, 1.2092988448217795e+05, 3.0004571183059207e+05
23, 3, 1.0185213555860452e+05, -1.1670815848535551e+05
23, 4, 2.6207498451725760e+05, 3.8589733778170215e+04
23, 5, -2.3934547811242836e+05, 1.3606293831289530e+05
23, 6, 2.5661387830419143e+05, -3.6219720659010543e+05
23, 7, -1.6921374321385927e+05, 2.5906910870601857e+05
23, 8, -1.0491398885300159e+05, -2.1507653722964172e+05
23, 9, 2.5952067108729621e+04, 1.0533321124961280e+05
23, 10, -8.1191810747571231e+04, -2.1212238326878211e+05
23, 11, 1.8722113266946789e+05, -1.6825081083192670e+05
23, 12, 3.6083490858727397e+04, -8.1584577089624494e+04
23, 13, -1.7129044515603548e+05, -1.4843342328661020e+04
23, 14, -3.2793574512020103e+04, -2.9180765884160605e+05
23, 15, -1.9654639490861923e+05, 5.2550253926709574e+05
23, 16, 3.0192255597028579e+05, 5.7855699523890959e+04
23, 17, 2.2441580517836256e+05, 5.3465664644825994e+05
23, 18, -9.8657220803701173e+04, -3.8914510208942072e+05
23, 19, 3.4326086287939042e+05, 4.7775986073780208e+04
23, 20, -3.8020288158861065e+05, 5.3229558577210286e+04
23, 21, 3.1678282541746402e+05, 4.5955219786558120e+05
23, 22, 1.4878168235148373e+05, -7.6260629504599434e+04
23, 23, -4.0714120656769600e+05, 1.2519935231880403e+05
24, 0, 1.4680367467322544e+05, 0.0000000000000000e+00
24, 1, 1.6534578093186417e+05, 1.7945969886670247e+05
24, 2, -7.5938514465088811e+03, -1.4835076378236516e+05
24, 3, 2.8643627740428288e+05, -1.6700905824476670e+05
24, 4, -1.3565119661707649e+03, 1.1548404280712084e+05
24, 5, -2.0606872872579974e+05, -1.2380406280521573e+05
24, 6, 2.7178597982547531e+05, -1.7300415852570382e+04
24, 7, -3.1580639910760924e+05, 3.7636456187859538e+05
24, 8, 1.2418507939604339e+05, 4.1901994813311903e+04
24, 9, 7.8554025397119869e+04, 2.4328867993338092e+05
24, 10, -1.0323653306143268e+05, -1.7505936147143203e+05
24, 11, 3.7300053116185741e+03, 2.4707799693543880e+05
24, 12, -2.4667450983319583e+05, -2.3364863971191039e+05
24, 13, 1.1834683822333225e+05, -1.8149681831376402e+04
24, 14, 5.2510078035661209e+03, 2.9920008211662160e+05
24, 15, 1.8307941694148356e+05, -4.5231859060762545e+04
24, 16, 4.3841832737280440e+05, 2.5876130994183413e+05
24, 17, -9.6988323060728828e+04, -1.3728438671711883e+03
24, 18, 2.8453427225974412e+05, -4.6642671361012454e+05
24, 19, -2.7586501566380303e+05, 2.8801584879298368e+05
24, 20, -9.9140521319293417e+04, -8.3117570754444954e+04
24, 21, -5.2471126053219632e+02, 3.0633525549149862e+05
24, 22, -9.2707065507888561e+04, -5.1924432977610419e+05
24, 23, -4.2212308514761226e+05, -3.1650869696821697e+04
24, 24, 2.1072868911660489e+05, 8.2190973720257782e+04
25, 0, -1.0306013169582648e+05, 0.0000000000000000e+00
25, 1, -9.2855610590291704e+04, -2.6064461519275850e+04
25, 2, -1.5988743980675557e+05, -3.0678920766599872e+05
25, 3, 5.5063488954308705e+04, -1.2350674369551451e+05
25, 4, -5.1366281301430904e+05, 1.4492314112611630e+05
25, 5, 2.0648866793775995e+05, -2.3471012189176289e+05
25, 6, -1.3934054453102284e+05, 2.4224350260826678e+05
25, 7, 4.4078696130598924e+04, 2.4599079115765361e+05
25, 8, 1.5349037167378369e+05, 1.3969611594273779e+05
25, 9, 5.7659129611294331e+04, 1.6554884717816475e+05
25, 10, 1.1705543070639235e+05, -1.7463247906461847e+05
25, 11, -3.7137075492453092e+05, 3.2404489169012575e+05
25, 12, -2.5116977932663780e+05, -2.1391780177722627e+05
25, 13, 9.0897426835611623e+03, 2.1794641805706217e+05
25, 14, -6.3057084312540486e+04, 1.9877351005875791e+05
25, 15, 3.5362637063948764e+05, -7.6218898675545002e+04
25, 16, -8.7254968473671644e+04, 2.2781014191454105e+05
25, 17, -2.4752279104652445e+05, -6.1693540855635842e+05
25, 18, 1.3470441468283779e+05, 6.2809917550914673e+04
25, 19, -5.1140575146027881e+05, -3.9902936003953597e+04
25, 20, 3.9710349362553540e+05, 8.0850162404182338e+04
25, 21, -5.4669756274056598e+05, 1.6874935554787304e+05
25, 22, 2.3193423672949095e+05, -3.7786163958132063e+05
25, 23, -4.0079244796514092e+05, 3.6125943352801399e+05
25, 24, 2.0246756693188206e+05, 7.7666618821241631e+04
25, 25, 1.1939743089826402e+05, -2.2198543134670379e+05
26, 0, -2.1931724857685599e+05, 0.0000000000000000e+00
26, 1, -1.1163154069271247e+05, -3.4211683140555973e+05
26, 2, -1.4498447949033906e+05, -1.3154710263768224e+04
26, 3, -5.6353075141530455e+04, 9.5398471467105206e+04
26, 4, -2.9026563787333155e+05, 1.1962191388009489e+05
26, 5, 1.7455289881741931e+05, 1.2304758835199910e+05
26, 6, -2.8436277169365145e+05, 4.8261092671766819e+03
26, 7, 8.3457314274114877e+04, -1.5969554978858455e+05
26, 8, 1.0685748542803252e+04, 9.0243256326310773e+04
26, 9, -3.2274091319612933e+04, -4.0717164400857361e+05
26, 10, 7.9949087671774061e+04, 4.9804285173946017e+04
26, 11, -3.9083346703643852e+05, -1.7134011695962312e+05
26, 12, 1.9686771623176217e+05, -8.9453800409616524e+04
26, 13, 2.1513257639378091e+04, 5.4671695334716478e+03
26, 14, 9.5301045661614393e+04, -4.4384643056423563e+04
26, 15, 8.1972383380266692e+04, -5.2109424581586289e+04
26, 16, -3.8711340884655959e+05, -9.4053249511380403e+04
26, 17, -2.3802312257084899e+05, -6.9883584436264107e+04
26, 18, -2.2194329331620177e+05, 3.6063635638131353e+05
26, 19, -3.1368499077155138e+02, -7.2758850647416271e+04
26, 20, 1.0609068350226851e+05, 2.9652913209219673e+05
26, 21, -2.2658191705753328e+05, -4.3498351041763701e+05
26, 22, 3.6313196272348973e+05, 2.0289116738995508e+03
26, 23, -2.0644708757818260e+05, 2.0180699470877190e+05
26, 24, 6.3201106095621770e+05, 3.8441032100241944e+04
26, 25, 2.2710146965649561e+05, -3.3952529465476848e+05
26, 26, -1.3240819760501315e+05, 3.6203493704540236e+05
27, 0, -2.3720931532371443e+05, 0.0000000000000000e+00
27, 1, 3.7390212761884839e+04, -1.9732610957841636e+04
27, 2, 9.2374019394553980e+03, 2.7253808751859242e+05
27, 3, 1.0742149119874644e+05, 2.4794646752804582e+05
27, 4, 3.1116648663682555e+05, 9.6224450992309459e+04
27, 5, 8.2932143578530580e+04, 2.7155849756982230e+05
27, 6, 2.8215976516420551e+05, -2.7882838558159606e+05
27, 7, -2.7393832553922886e+04, -1.1109631667462309e+05
27, 8, -3.1621351331521466e+05, 8.7977041097662950e+04
27, 9, 2.2860460425197394e+04, -3.7698164560138696e+05
27, 10, -2.1895829344935803e+05, 1.1045249838503172e+04
27, 11, -1.7481720731764287e+05, -1.6965051962027652e+05
27, 12, 7.8240089366201166e+04, -5.9927944412651486e+03
27, 13, -8.2628074628608010e+04, -8.8257362221990901e+04
27, 14, 2.1946971501558344e+05, -1.3795592141289311e+04
27, 15, -2.2278282396431263e+04, 8.9887803819499764e+04
27, 16, -6.1804737407293185e+04, -2.3560996347414044e+05
27, 17, 1.7548089139140875e+05, 3.6754457157931861e+05
27, 18, -1.1194492086168815e+04, 1.4617051380716078e+05
27, 19, 6.4724571703856986e+05, 1.5492393694488282e+05
27, 20, -2.5678852951816501e+05, -5.4499365034848830e+04
27, 21, 2.6485465543084987e+05, -2.5400191029905641e+05
27, 22, -1.9090916898062968e+05, 3.2455389960525150e+05
27, 23, 1.2765425924119435e+05, -2.4396255882956952e+05
27, 24, 1.6195502231515723e+05, 6.1546853305130389e+04
27, 25, -7.3748821401343972e+04, -5.1257721096122894e+05
27, 26, -2.2378532013703219e+05, 3.2501012143246911e+05
27, 27, 4.1457038846685452e+05, -1.9837914023658490e+04
28, 0, 2.9378116249245024e+04, 0.0000000000000000e+00
28, 1, 1.4766688174123448e+05, 8.8386484916343557e+04
28, 2, 2.9734081724328111e+05, 2.3809466447830398e+05
28, 3, 1.6640261792163161e+05, -2.8920350836989761e+05
28, 4, 3.2628832438734709e+05, 7.7698883728189277e+04
28, 5, -6.8235720703760511e+04, 3.5358356971535803e+04
28, 6, 4.2781326702946163e+05, -2.4388844736382898e+05
28, 7, -1.8236669272133574e+05, 2.4714697997464560e+05
28, 8, -2.4245359161401534e+05, -3.1916748683204132e+04
28, 9, 6.9716677714879799e+04, 4.0882737932764034e+05
28, 10, -8.5248013067882406e+04, -4.0552466164328303e+04
28, 11, 1.6937620757994518e+05, 2.6363699386473268e+05
28, 12, 6.2177965661265356e+04, -3.4690760912442507e+04
28, 13, -1.1003826322725606e+05, 6.5405574843877010e+04
28, 14, 1.2235214564035283e+05, 1.5197822255505860e+05
28, 15, -8.8979552818701733e+04, 1.4081399546562901e+05
28, 16, 1.5890266014185123e+05, 8.7229066232465208e+04
28, 17, 8.4874741037340107e+04, 3.8564494809939509e+05
28, 18, 2.5881305423247867e+05, -2.8702232781036606e+05
28, 19, 3.2294130925609951e+05, 7.0098546309597630e+04
28, 20, -2.4736786906072439e+05, -3.8518049607159401e+05
28, 21, 1.5917810114214430e+05, 1.2417934676218790e+05
28, 22, -3.3188220064622845e+05, 6.1302531152886731e+04
28, 23, 3.3470801515468769e+05, 1.3643518686493381e+05
28, 24, -2.3866749020294013e+05, 1.4742097337416775e+05
28, 25, -5.7320399656659283e+04, -8.8386978311062208e+04
28, 26, -3.7039664511170884e+05, 4.9908448915200593e+05
28, 27, 1.6331496855675716e+04, 6.1531296862007708e+04
28, 28, -1.3137521702206082e+05, -5.3160897899641038e+05
29, 0, 1.1293612198815170e+05, 0.0000000000000000e+00
29, 1, 3.1740785471534655e+04, 1.7535979064827700e+05
29, 2, 1.3774754615531451e+05, 1.2020696611256160e+04
29, 3, 1.0220671158327998e+05, -3.1586565543736343e+05
29, 4, -1.5280840304113145e+05, 9.8183508899588545e+04
29, 5, -1.1965746187994142e+05, -1.4730376302356645e+05
29, 6, -6.8032549554710466e+04, 5.9195862141139201e+04
29, 7, -2.6041053291058270e+05, 1.6455746527533274e+05
29, 8, -4.6475269813570740e+04, -1.4321946233356146e+04
29, 9, 1.1003436022712344e+05, 3.5182581781803345e+05
29, 10, 1.5475297311377423e+05, -7.2666422407254315e+04
29, 11, 3.3610259831544722e+05, 8.6077133944928093e+04
29, 12, -1.7095160955072768e+05, 1.0010318981164129e+05
29, 13, 2.0329820736397756e+05, 2.3166349301965347e+04
29, 14, 1.2346471058872587e+04, 1.3816456266442890e+05
29, 15, 7.5013932746521634e+04, 1.2294420198839666e+05
29, 16, 1.1271717279778054e+05, 4.0958411982774596e+04
29, 17, 4.3088280440734961e+03, -8.3933207314011917e+04
29, 18, -5.8318554596292597e+03, -7.8102709719914536e+04
29, 19, -1.9375682698194089e+05, -4.1368768676682972e+04
29, 20, -1.1111396682037640e+05, -6.4422532492245424e+04
29, 21, -1.6218434330493055e+05, 2.8368072409045650e+05
29, 22, 1.2079990193874082e+05, 9.5286731002464221e+03
29, 23, 4.5364680585851922e+04, 3.0804797680740000e+05
29, 24, -7.4255472999677324e+04, -2.9586466534292296e+05
29, 25, 5.9278469272405375e+04, 2.9362051076482411e+05
29, 26, -1.6632945762245959e+04, 2.3633517215076761e+05
29, 27, 4.4317464558147389e+05, 6.5642584566666847e+04
29, 28, -2.4481621034919066e+04, -2.5267717831614322e+05
29, 29, -1.4387584768667747e+05, 1.6344380522290425e+05
30, 0, -9.8835898883431873e+03, 0.0000000000000000e+00
30, 1, -1.5833807248168153e+05, 6.5121168002714567e+03
30, 2, -2.2126580335736001e+05, -2.8940527260862818e+04
30, 3, -5.1052653315900199e+04, -2.6531733114850533e+04
30, 4, -2.8267415759307070e+05, 2.4951157951597159e+05
30, 5, -1.0460918269106542e+05, 1.3886138577928228e+05
30, 6, -1.0882261530902461e+05, 3.7942582695229282e+05
30, 7, -5.8055387467561697e+04, 6.8810034387445448e+03
30, 8, 3.7348168335424882e+04, 1.3332258133468177e+05
30, 9, -1.0671109728794539e+05, 4.0703992403639772e+04
30, 10, 7.3776404752934599e+04, -2.6369155316654459e+05
30, 11, 1.4172464650076671e+05, -9.1484091995925861e+04
30, 12, -3.1263803156547737e+05, 1.2244164518408549e+05
30, 13, 1.0096462197076666e+05, 4.1072321713633028e+04
30, 14, -1.2522409103566411e+05, -4.0003647083828859e+04
30, 15, 1.1321282853395847e+05, -7.1659290747165651e+03
30, 16, 2.1358984759954707e+04, 3.4163420183818693e+04
30, 17, -1.2275465788318482e+05, -1.5902015097828372e+05
30, 18, -5.7164711328475139e+04, -3.1287954260344763e+04
30, 19, -1.9990916276011406e+05, 7.6857634111910476e+04
30, 20, 1.5324455125888399e+05, 1.4456303351635928e+05
30, 21, -6.3863602404827427e+04, 9.2296812336506875e+04
30, 22, 2.3057006004463928e+05, 5.1544678973619069e+04
30, 23, -1.5091379538107474e+05, 6.1683379160299985e+04
30, 24, 8.4155057011040597e+04, -2.1327847706976649e+05
30, 25, -2.1779312843112220e+05, 2.4810026026341543e+05
30, 26, 1.4272565569658001e+05, -3.3258620916923688e+05
30, 27, 3.0376185530352546e+05, -2.3710973425636557e+05
30, 28, -2.0847981153252037e+05, -3.6582620044574625e+05
30, 29, 1.6679108333098586e+04, 3.8157279228188898e+04
30, 30, 9.9914344774905723e+04, 2.3157185661129242e+04
31, 0, 1.4817994291533274e+05, 0.0000000000000000e+00
31, 1, -5.8768692830788095e+04, -9.7076868380831409e+04
31, 2, 8.9612727795132087e+04, 6.0366083852266886e+04
31, 3, -1.5407690406360503e+04, 5.8211572514223124e+04
31, 4, -5.1188164794999415e+04, 1.9461221951740110e+04
31, 5, 7.9544024565899585e+04, 1.9727664177837595e+05
31, 6, 3.7220622886172692e+04, 1.0221490089682970e+05
31, 7, 2.3249667135643528e+05, -1.5139908429068816e+05
31, 8, -2.0400092272415157e+04, 2.6015787761026950e+04
31, 9, -1.3635844847054713e+05, -5.0227480829934502e+04
31, 10, -8.1271998675909446e+04, -2.7483314819904568e+05
31, 11, -1.8410190883670104e+05, 1.9957852973921123e+05
31, 12, -1.2950933523843909e+05, -4.5284619573905729e+03
31, 13, 4.3695756343570567e+04, 1.5935231505741685e+05
31, 14, 2.7537890744335746e+03, -9.1296210847353737e+04
31, 15, 7.1956085659311910e+04, 4.0333724715139630e+04
31, 16, -1.3908289265181476e+05, -2.2479120097466926e+04
31, 17, -7.4415101324597577e+04, 3.3294978972933219e+04
31, 18, 3.2030555459413285e+04, 2.1916386303576204e+05
31, 19, 7.8314540868285039e+04, 1.2690341256392629e+05
31, 20, 4.2688293807287113e+05, 1.7613352246747221e+05
31, 21, 2.3312991069055788e+04, 1.1357582916746131e+04
31, 22, 1.1744135308271488e+05, -1.8873031287602155e+05
31, 23, -9.1323271785431833e+04, -1.6387899411408365e+05
31, 24, 6.1661503478524915e+04, 1.2288865634969124e+05
31, 25, 1.8702729438804668e+04, -2.5185508588311281e+04
31, 26, 1.8570927975610591e+05, -5.3982142236536754e+04
31, 27, -1.0314237025229793e+05, -1.5776732811765841e+05
31, 28, -4.0084756537578005e+05, -1.0285063999948450e+05
31, 29, -8.6417186589358287e+04, 1.9101393810442340e+05
31, 30, 2.2633094644570181e+04, 2.4877974006382946e+05
31, 31, -1.4908917307462665e+05, 2.1621037669729689e+04
32, 0, 1.7420426213530608e+05, 0.0000000000000000e+00
32, 1, -4.8395583180115034e+04, -2.2258800202743133e+05
32, 2, 1.9443090689130666e+05, 1.9964784120071284e+05
32, 3, -1.9785842543292113e+05, -1.1611001383530289e+04
32, 4, 2.2517974984919114e+05, 7.5984896232625746e+04
32, 5, 1.0670257494842031e+05, -5.3128278631321162e+04
32, 6, -1.5517320710751355e+04, -2.3108735286695661e+05
32, 7, 1.9790479859584456e+05, -1.6403885928614705e+05
32, 8, -2.7454904613485711e+05, -3.1122834803479647e+04
32, 9, -3.6235285534010080e+04, -9.8844177811797417e+04
32, 10, -5.1570987487846767e+04, 8.9207228094159393e+04
32, 11, -4.1402881428646782e+04, 4.8937189880776714e+04
32, 12, 7.0131634767707234e+04, -5.1325153507174327e+03
32, 13, 3.8201294381821586e+04, 4.0642697490136859e+04
32, 14, 7.1479185262762512e+03, -2.2408508010202588e+05
32, 15, 2.3462497512574562e+04, 1.1622725007148948e+05
32, 16, -1.6374702930073894e+05, -5.0691375379494777e+04
32, 17, 1.5145191398578303e+04, -3.7402790296402614e+04
32, 18, 1.0298141989462936e+05, 2.2900384463441420e+04
32, 19, 2.4324154657252628e+05, -1.4845717915553131e+05
32, 20, 2.3754862911413066e+05, 6.7520234419668093e+04
32, 21, -1.1562656203085840e+05, -2.6497663237577642e+05
32, 22, -1.2376686238354875e+05, -6.8942530018884951e+04
32, 23, -2.0421021950557806e+04, 1.1409077008296738e+05
32, 24, -2.9913864605809875e+04, 1.8838903581579117e+05
32, 25, 1.4823771452883474e+05, -1.7304835952560697e+05
32, 26, 4.1797679914634224e+04, -7.3526382588834938e+04
32, 27, -6.0069972412019117e+04, -1.4463296838880700e+05
32, 28, -4.2195170700950483e+04, 3.3456791657836980e+05
32, 29, 1.0602315473628639e+05, 2.2200714939647232e+05
32, 30, 1.7447529899779559e+05, -6.4202201466965183e+04
32, 31, 1.2048468809042004e+05, 8.1876194923491581e+04
32, 32, 7.1392662778955433e+04, 6.0313590638897978e+04
33, 0, -1.0152469574553400e+05, 0.0000000000000000e+00
33, 1, -8.0411282908096327e+04, -1.3493598196342372e+05
33, 2, 7.2511779303097457e+04, 2.6120734255200281e+05
33, 3, -1.6954464596946078e+05, -1.1595891066162265e+05
33, 4, 7.8931772402650240e+04, 5.8558625809444013e+04
33, 5, -1.7525683997287392e+05, 4.1939165666006025e+04
33, 6, -1.7358539982560091e+05, -3.5240421955294872e+05
33, 7, -1.0044657539876990e+05, 3.4704514201412629e+05
33, 8, -1.7117537028544495e+05, -1.6878020789336698e+05
33, 9, 7.0992626862619858e+04, 1.1422693691440739e+05
33, 10, -1.3561175235580964e+04, 3.7148195881134779e+02
33, 11, 1.8752276025369269e+05, -1.8304357126557699e+05
33, 12, 2.2655940077171277e+05, -1.2871469603565267e+04
33, 13, 3.4802938469236229e+04, -2.8999587157111273e+04
33, 14, 6.3244215745348709e+04, -3.6390256583162147e+04
33, 15, -1.2185215985684814e+05, 1.1425346881534620e+05
33, 16, 1.8226334443721225e+04, -6.1686226827005601e+04
33, 17, 3.9438601490419111e+04, 1.1776638114367877e+04
33, 18, -1.7230359745962269e+05, 5.1841932482602046e+04
33, 19, 2.7810959532335325e+05, -2.2049528064418421e+05
33, 20, -1.7112130310236063e+05, -4.3979452644127312e+04
33, 21, -2.6537679181477404e+04, -2.9614062259204662e+05
33, 22, -8.4857573686559597e+04, 1.4472721458780425e+05
33, 23, -2.5808219805353972e+04, 1.5203186677578653e+05
33, 24, 1.0971460352270950e+05, 1.2226659296160759e+05
33, 25, -9.8837973995483044e+03, -3.6625773353512719e+04
33, 26, -4.7479617946149039e+04, -1.1241783866025096e+05
33, 27, -6.6385006255103872e+04, 4.8095184150065012e+04
33, 28, -6.1592706806184324e+04, 2.1487567805002048e+05
33, 29, 1.9134704769085505e+05, 5.2759772477973165e+03
33, 30, 1.9289389953622359e+05, -2.1071459073291466e+05
33, 31, -1.8390510646780240e+05, -2.2133008028341559e+04
33, 32, 6.3838898466110499e+04, -4.6282319926388946e+05
33, 33, 3.3311813857996109e+04, -6.0884766882566182e+04
34, 0, -2.0551194401898657e+05, 0.0000000000000000e+00
34, 1, 1.0094585688646999e+05, -6.8972846703419971e+04
34, 2, -1.1440010552273467e+05, 8.5146785809826848e+04
34, 3, 8.9090001908200356e+04, -2.3601450655729912e+05
34, 4, -4.6318819300343166e+04, 1.4104316267656937e+05
34, 5, -1.6739810649945447e+05, -8.7890046735327822e+04
34, 6, -1.2537484928098131e+04, 4.3672675684508868e+03
34, 7, -2.0089037332226877e+05, 2.8713271357445593e+05
34, 8, 2.6298545728532656e+04, -7.0047940333607548e+03
34, 9, 1.0046858078846382e+05, 1.2629860383326627e+05
34, 10, -1.1668554800130107e+04, -1.3717100330629438e+05
34, 11, 1.2478015473419185e+05, -2.9735111145376484e+05
34, 12, -1.0296749942200420e+05, -4.2569624896741974e+04
34, 13, -9.4134687844853208e+04, -1.1104745553349183e+05
34, 14, 3.1313267137201208e+04, 1.5023389505604631e+05
34, 15, -1.1655159383190449e+05, 1.0524117293820703e+05
34, 16, 2.9908027688912768e+05, -1.1973317079557621e+04
34, 17, -1.1555286550082796e+05, 9.1116160981262787e+04
34, 18, -3.5111098026439613e+04, -1.2748052749082744e+05
34, 19, 2.4095590480107632e+04, 2.5875352714380409e+05
34, 20, -1.8280747711428214e+05, -1.1798235945492497e+05
34, 21, 6.7581169972660617e+04, 1.2582310818550410e+05
34, 22, -1.2323468350525772e+05, 1.2822481352177711e+05
34, 23, 1.7590180828475975e+05, -5.1236803554236503e+04
34, 24, 1.0779326242690149e+05, 4.8087809017583713e+03
34, 25, -1.2859386862352901e+05, -9.3617937068705098e+04
34, 26, 1.1692476314541974e+05, -1.4606952407399245e+05
34, 27, -1.6311625532095740e+05, 1.5350807214101948e+05
34, 28, 8.6220766378686385e+04, 1.6895098775309016e+03
34, 29, 1.3953146262902583e+05, 1.3057122701551343e+05
34, 30, 3.1054039661166098e+04, -2.6454224524505774e+05
34, 31, -3.2458455429499771e+05, 1.0074760680179228e+05
34, 32, 1.1883248242756796e+05, 1.2014686171925662e+05
34, 33, -4.6514960040362261e+05, 1.3273234125785601e+04
34, 34, -1.1049838512557628e+04, 4.1315915887892195e+04
35, 0, 4.1747764552809225e+04, 0.0000000000000000e+00
35, 1, 9.3246480797002558e+04, 1.7425487270762352e+05
35, 2, -2.1617134872585091e+04, -9.5542167110714523e+04
35, 3, 6.6479255817193727e+04, -1.1095568159336738e+05
35, 4, -2.4163922717255433e+05, 1.1355777056076562e+05
35, 5, 5.4128624968939781e+04, -2.7278754360341572e+05
35, 6, 1.8706003259192064e+05, 2.2691872343097985e+05
35, 7, 4.2050458636950127e+04, -1.0168238011175205e+05
35, 8, 2.1678322127912199e+05, 1.1719505135392107e+05
35, 9, -3.8132193586877678e+04, -4.7115343601042077e+04
35, 10, -7.2173475789193908e+04, -1.0184787197885165e+05
35, 11, -3.5918402573085208e+04, 2.1004376417938598e+04
35, 12, -1.8614781806943077e+05, 4.5753511789336830e+04
35, 13, -4.7116875568300013e+04, 5.0909023057586201e+03
35, 14, -9.5392604017797261e+04, 9.1077312578070851e+04
35, 15, 1.0289940763347381e+05, -2.1426263165680366e+05
35, 16, 1.6405197217431880e+05, 1.3190303247006808e+05
35, 17, -1.9369463949833845e+05, -6.8820119923941922e+04
35, 18, 1.7635298844618010e+05, -6.5317514735676916e+04
35, 19, -9.8855716293879756e+04, 9.9208784689320804e+04
35, 20, 2.0068101471556936e+05, -1.6449185720303311e+05
35, 21, 7.4588276545635512e+04, 3.0078254642120347e+05
35, 22, 7.3617231069322850e+04, -1.5259784281396362e+05
35, 23, 7.8143263908383233e+02, 1.1904118622737817e+05
35, 24, -1.8564829435350807e+05, 4.9965042576494889e+03
35, 25, -5.8303427331311075e+04, -5.5301615430517631e+04
35, 26, 1.8335929189638631e+04, 7.8627544896186126e+04
35, 27, -9.3763838761924591e+04, -5.1051723299346646e+04
35, 28, 1.7545913505833392e+05, -1.5406591590109001e+03
35, 29, -1.3640659981178277e+05, -4.9105889791008492e+04
35, 30, 1.4046650187965992e+05, -1.3339209537826051e+05
35, 31, -9.3945579617978714e+04, 2.9045256534474967e+04
35, 32, 2.4777713429380202e+05, 2.8517641211604839e+05
35, 33, -7.9716354160541741e+04, -2.6093687867138456e+05
35, 34, 1.7815392894075895e+05, 3.7929699836454610e+05
35, 35, 1.4186266209861601e+05, 5.5831330742866063e+04
36, 0, 2.4523073728854579e+05, 0.0000000000000000e+00
36, 1, -1.0827505527971353e+05, -2.7726618999566093e+04
36, 2, 1.6489812792830693e+05, -1.6406950125620584e+05
36, 3, -1.3099510097782138e+05, 7.4195456102311859e+04
36, 4, -2.3527196411256559e+05, -3.2252080616117044e+04
36, 5, 1.2467392503336324e+05, 1.7356516503804491e+04
36, 6, -1.5996429945185114e+05, 1.6111009188952707e+04
36, 7, 7.2024983951124173e+04, -1.6193848893334545e+05
36, 8, 8.9873395320830954e+04, -4.2055435573050796e+04
36, 9, -1.3156949169182376e+05, -6.2394456097836279e+04
36, 10, 7.4780008533578235e+04, 8.5374448932747822e+04
36, 11, -9.2554013528765499e+04, 5.8077442717748374e+04
36, 12, -1.0025890954044322e+05, -1.7398069727004578e+04
36, 13, 2.3382014134857472e+05, 2.2986964849502186e+05
36, 14, -1.4357683861548064e+05, -7.9489556212167416e+04
36, 15, 3.7363614781387133e+05, -1.3518785498714502e+05
36, 16, -2.1578085968868886e+05, -1.2167820318971266e+04
36, 17, 1.0043734838122211e+04, -1.5375549292411751e+05
36, 18, -5.0760310903625148e+04, 2.0690270973821575e+05
36, 19, -1.1157941671298593e+05, -1.2838494393487841e+05
36, 20, 2.5850302945078115e+05, 1.3620890833832492e+05
36, 21, 1.2325932196608745e+05, -6.1148697130936867e+04
36, 22, 8.2293534152772962e+04, -1.3912464979615653e+05
36, 23, 6.6070550511053007e+03, 1.4598854970631350e+05
36, 24, -1.5262915121938492e+05, -8.6455074251745929e+04
36, 25, 5.2217102453005122e+04, 1.2468493874428938e+05
36, 26, -2.6032427196611257e+04, 4.4956737781248550e+04
36, 27, 6.8717447949137204e+04, -6.8550394359214668e+04
36, 28, -2.1609047376888313e+04, 2.6261197078519332e+05
36, 29, -1.7503844071138266e+05, -2.8759162389792380e+05
36, 30, -8.9798344481775464e+04, 2.4811448245255405e+05
36, 31, -1.3942641490068781e+05, -2.2244836593954352e+05
36, 32, 2.4346651289733659e+05, 5.4061199548677665e+04
36, 33, 7.5241493847240155e+04, -3.6947540297658386e+05
36, 34, -9.8626743892972168e+04, 1.9778674699637681e+05
36, 35, 2.2592302949072764e+05, -2.2864858660224080e+05
36, 36, -8.9936187033813389e+04, -2.9352687490294431e+05
37, 0, -1.0229559372455058e+05, 0.0000000000000000e+00
37, 1, -1.5039691959190404e+05, -2.7024297031741019e+05
37, 2, 1.1877402163237322e+05, -4.8941596653477871e+04
37, 3, -2.0022283692742643e+05, 6.8858174737695226e+04
37, 4, 1.1540693163202335e+05, 3.6130385062392226e+04
37, 5, 1.2598180570571651e+05, 1.6071073432769487e+05
37, 6, -2.1926369587901770e+05, -1.3533424661297476e+05
37, 7, 8.7158020899445444e+04, -2.2328912132851343e+04
37, 8, -3.0831308631564368e+05, -9.9809472473015456e+04
37, 9, -1.1638646684184529e+05, -6.4732488397917390e+04
37, 10, 1.1229146729086442e+04, 3.2099317138868995e+04
37, 11, 1.3625160044254735e+05, -7.8838556204543900e+04
37, 12, 7.8375741809586092e+04, -1.7259059201497759e+05
37, 13, 6.3105972184125465e+04, 1.0917878713225324e+05
37, 14, -2.0900691746158773e+04, -3.1725295719256380e+05
37, 15, 7.8531740375390873e+04, 3.9406183320866308e+04
37, 16, -2.1174531400772443e+05, -1.9649495261200140e+04
37, 17, 8.3221192048848650e+04, 1.6015469815279511e+05
37, 18, -1.8590987458551320e+05, 1.4747096345629229e+05
37, 19, 1.2720930158691414e+05, -1.0782116933061584e+05
37, 20, 9.4193078559768852e+04, 1.4604046356132545e+05
37, 21, -1.0552674274601908e+04, -1.4380857266671665e+05
37, 22, 8.1465661929828988e+04, 7.6695928106353531e+04
37, 23, -1.9748642159863381e+05, 4.1896583597038967e+04
37, 24, 2.6516450476708800e+04, 7.8217849940219385e+03
37, 25, 8.6301999905425197e+04, 8.2540206486806768e+04
37, 26, -3.0017075756115475e+04, -1.0074705527422881e+05
37, 27, 2.0401592502031301e+05, -8.2473338545391976e+04
37, 28, -2.5170522357117062e+05, -1.2304811986819514e+04
37, 29, 1.1095908946641821e+05, -1.3166222386902239e+05
37, 30, -1.5544659673804246e+05, 3.7285851306746958e+05
37, 31, 2.1111964653121890e+05, -1.5429203958827385e+05
37, 32, -2.1427752254253228e+04, 1.4741566755967666e+05
37, 33, -3.0834243378872320e+05, -2.5542748676959780e+05
37, 34, -1.5164078364523553e+05, 3.9567492375103910e+04
37, 35, 2.9948821673622896e+05, 1.4141986490651386e+05
37, 36, -4.0409371657526307e+05, -2.5205790206226043e+05
37, 37, -1.1789429785146605e+05, 9.9082456734897714e+04
38, 0, -2.0373191974322079e+05, 0.0000000000000000e+00
38, 1, 1.5455510442874816e+04, -5.1190523889685079e+04
38, 2, 2.0946223669551953e+04, 1.3808053883785204e+05
38, 3, -1.7574773885659117e+05, -1.5122980078419880e+04
38, 4, 2.4172976372393413e+05, 1.1282552330244392e+05
38, 5, -1.2003028916774594e+05, -6.5847816787602933e+04
38, 6, 9.8499035248689543e+04, -2.1052620587563314e+05
38, 7, -9.3493138083891245e+04, 2.1233850142624948e+05
38, 8, -1.5006554288416711e+05, 7.3927408668611140e+04
38, 9, -8.2226594813928750e+03, 1.9009296853411436e+05
38, 10, -4.2990112827790676e+04, -1.0774646701845761e+04
38, 11, 8.7341562525942965e+04, -1.3271931634607160e+05
38, 12, -6.4401341779080085e+03, -1.3572423647141457e+05
38, 13, 3.7663290519716102e+03, -1.4925364520584597e+05
38, 14, 9.2745419464789418e+04, -8.5673244158338232e+04
38, 15, -1.0237610569475371e+05, -1.3591731537838557e+05
38, 16, -8.4088529786554995e+04, 1.8740710079545534e+02
38, 17, 9.9872701570641715e+04, 1.1298713820957459e+05
38, 18, -2.9675554094842704e+04, -1.0307766664555063e+05
38, 19, 1.8471497802843340e+05, -4.1852405899953395e+04
38, 20, 7.3898842126244650e+04, -6.3450624674671824e+04
38, 21, -1.9305369357973672e+04, -1.2190919254088186e+05
38, 22, -1.5850832246041353e+05, 1.8911413609231837e+04
38, 23, -4.3684006533363310e+04, -1.4794357678152720e+05
38, 24, 9.8716988297978576e+04, 5.9715495468272806e+04
38, 25, -3.5007050728675269e+04, -7.1084545856761833e+04
38, 26, 7.5826433001106780e+03, -1.6361974547373966e+05
38, 27, -2.5018058866733496e+04, 1.9009309969118368e+05
38, 28, -1.2328937429335006e+05, -1.8565176764879416e+05
38, 29, 1.8229296668538518e+05, 2.7521293776446651e+05
38, 30, -1.9506136576567867e+05, -1.6251426813097464e+05
38, 31, 4.0978844257407996e+05, 9.5746602522591944e+04
38, 32, -1.7580084963251781e+05, -4.2414445272433368e+03
38, 33, 1.1412983628767426e+05, 4.5613968517933434e+04
38, 34, -2.5710983483135511e+04, 2.2542067695995129e+05
38, 35, 2.1767432345170144e+05, 1.0899944023263827e+05
38, 36, -1.0867850568267627e+05, -2.4926369528479406e+05
38, 37, 5.0793569011895619e+04, 4.4336252541082597e+05
38, 38, 2.0691945143148047e+05, 6.6512341140039440e+04
39, 0, 5.3677368349848388e+04, 0.0000000000000000e+00
39, 1, 1.8917510435995704e+05, 1.8413886354774918e+05
39, 2, -7.4799720806719722e+02, 1.1336121458603113e+05
39, 3, 2.0772526965502646e+04, -2.4872296584247142e+04
39, 4, -2.4643100094705078e+03, 7.1015923473994655e+04
39, 5, -1.3744411638594791e+05, -3.1414950470136170e+05
39, 6, 1.0606316819592132e+05, -3.0874645287853324e+04
39, 7, -1.2660764851306850e+05, 2.2738825015952960e+04
39, 8, 1.7268969137823218e+05, 3.5104008905329531e+04
39, 9, 1.0997837277421811e+05, 1.5062659205408156e+04
39, 10, 1.2230173531329240e+05, 2.7118220131842390e+04
39, 11, 8.7631713341101102e+04, -8.9611309192240820e+04
39, 12, -9.9278202428770775e+04, -5.5666485120982237e+04
39, 13, -4.6283766878329021e+04, -1.2553203606294301e+05
39, 14, -1.4864834125426583e+04, 9.4838333925801329e+04
39, 15, -8.3055203671534386e+04, 2.9005275689169503e+02
39, 16, 1.2487384077733617e+05, -2.3867137375075727e+04
39, 17, 5.3555339573306715e+04, 8.2313160748293740e+03
39, 18, 9.8540107173358061e+04, -2.5074962845846009e+05
39, 19, -1.1981670404043782e+05, 6.4416683218399041e+04
39, 20, 3.1622679675331670e+04, -1.5475854368915100e+05
39, 21, -7.9750585526246738e+04, 1.2041526103466017e+05
39, 22, -1.0784277503623436e+05, -4.3024695748410595e+03
39, 23, 1.0441684153601648e+05, 1.5842029980436178e+04
39, 24, 4.4857975292202376e+04, 1.7386832495013598e+04
39, 25, -2.2248023840786642e+04, -1.4907001009822130e+05
39, 26, 1.4901350137986592e+03, -1.0763647058229839e+04
39, 27, -1.5148264779126228e+05, 1.8885237938486441e+05
39, 28, 2.9480150149814028e+05, 5.7706126322364435e+03
39, 29, -1.0909619282513220e+05, 3.2598521526750654e+05
39, 30, 2.2072108243001869e+05, -3.2930879979274550e+05
39, 31, 7.6681334895844120e+04, 2.6893781338213966e+05
39, 32, -8.1699085673565554e+04, -3.7135313097254909e+05
39, 33, 2.1749263702428993e+05, 2.1381180449678449e+05
39, 34, -8.4031531917909189e+04, -1.1658221877577878e+05
39, 35, 1.9309851420470234e+05, 1.4419664059668517e+05
39, 36, -5.0715988930633008e+04, -1.0109406080087600e+05
39, 37, -7.5490508439173995e+04, 1.0229874420102188e+05
39, 38, 3.4463280119733233e+05, -1.9073810270654960e+05
39, 39, -2.4395481121855337e+04, -2.9268498034940753e+05
40, 0, 2.1549389567931229e+05, 0.0000000000000000e+00
40, 1, 9.6240967794904835e+04, -2.0800705162607272e+04
40, 2, -5.4134917689767448e+04, -8.6000128374585838e+04
40, 3, -1.5679867658601652e+03, -2.4597741510108495e+04
40, 4, -1.4881892806905037e+05, 8.4400259373240871e+04
40, 5, 6.5610931907424412e+04, -2.3168316921445777e+05
40, 6, -1.2767270217724884e+05, 1.2918633679312472e+05
40, 7, 6.0302182390024391e+04, -3.3557139026279190e+04
40, 8, 1.5784634366897299e+05, -1.4206114923410732e+05
40, 9, 1.0468054207321932e+05, -1.8111636110814643e+05
40, 10, -3.8406466677019562e+03, -2.1721445878888879e+05
40, 11, 1.1606609502726678e+05, -1.0464673687130006e+05
40, 12, -1.7204215300834032e+04, 7.5765940811520450e+03
40, 13, -1.5916978143357876e+04, 2.1159356096549986e+04
40, 14, -1.6191713146200666e+04, 5.1060120364537586e+04
40, 15, -1.5102923079112323e+05, -6.7833799195769854e+04
40, 16, 2.0054737514835352e+05, -5.6662268228451867e+03
40, 17, -9.1436381108515066e+04, -6.8596995720521765e+04
40, 18, 4.4587637549883206e+04, 5.5233435414922351e+04
40, 19, -1.8633347954825568e+05, -3.1391744369849412e+03
40, 20, 9.7633014144664092e+04, -1.0710918756761501e+04
40, 21, 3.5368711473145282e+04, 1.4805723030952009e+05
40, 22, 3.8330086553473251e+04, -2.4128149259373960e+04
40, 23, 1.1619788940125094e+05, 1.2251604937163449e+05
40, 24, 5.3857203901687884e+04, -2.4874786159952888e+04
40, 25, -9.7983714787135745e+04, -1.0503320935537304e+05
40, 26, 7.0184788772083994e+02, 1.6093474112131522e+05
40, 27, 1.2443053736406218e+04, -3.3535000002491848e+04
40, 28, 2.5864604665288675e+05, 2.0663181831845501e+05
40, 29, -1.5848687284983281e+05, -2.7738683579833625e+05
40, 30, 2.6394237072292762e+05, -1.0673553650051000e+05
40, 31, -3.1459725849183335e+05, -5.2985727612932009e+04
40, 32, 1.7767459681408535e+05, -6.6533365398024180e+04
40, 33, -1.5712353078212979e+05, 1.7688014403609606e+05
40, 34, 5.1524408040226408e+04, -3.2377528571099567e+05
40, 35, -1.1253055843390156e+05, 1.1288549241742397e+05
40, 36, -1.6628558894045083e+04, -1.1080566338350487e+05
40, 37, -7.8492821412081888e+04, 1.6594954695932294e+05
40, 38, 1.5445976673339427e+05, -4.9162832317634093e+04
40, 39, -2.1171122986038381e+05, -3.7218153710611383e+04
40, 40, -3.9380138540285127e+05, 3.4284026716933004e+04
41, 0, 1.2009436955136227e+05, 0.0000000000000000e+00
41, 1, -3.4902479602631509e+04, -1.1724261560838703e+05
41, 2, 1.4587484475100116e+05, -1.5256995781873286e+05
41, 3, -1.4132474149487494e+05, 1.0043299743838486e+05
41, 4, 8.0606673702990651e+04, 6.5464339273477344e+03
41, 5, 1.9637413372755903e+05, 9.6090233401210033e+04
41, 6, -1.0331813927024302e+05, 4.2190358244856376e+04
41, 7, 1.3133165847224020e+05, 1.5060718278606306e+05
41, 8, 5.5766920459039131e+04, -1.0495421941921694e+05
41, 9, -1.0689274801777376e+05, -2.0480831288387533e+04
41, 10, -9.6801655059335666e+04, -1.0694215998209128e+05
41, 11, -4.3213823718595297e+04, 3.7131461453708471e+03
41, 12, -1.1649492938338302e+05, 3.0482145539656354e+04
41, 13, 6.2956583247453367e+04, -2.2445454410622420e+04
41, 14, -1.4118883645502437e+05, 1.1203976553668994e+05
41, 15, 1.6184937998117117e+05, -5.2928989300156245e+04
41, 16, -1.0740082219646916e+05, -9.7949937964950204e+03
41, 17, 2.5216498874707868e+04, -1.0938293444552040e+05
41, 18, -1.6620253790184436e+05, 1.4415342653974408e+05
41, 19, 9.5456332123068059e+03, 1.0660289208631366e+02
41, 20, 3.2341453588137272e+04, 1.1522323042973672e+05
41, 21, 1.3031765815207853e+05, -2.4980046413195778e+04
41, 22, 9.9731177719808053e+04, -4.6429818369547706e+04
41, 23, -5.0313553610472023e+04, -7.7460511204945578e+04
41, 24, -3.1614988395343204e+04, -1.4153275150829324e+05
41, 25, 8.1789131506513040e+03, -9.3309526140275586e+04
41, 26, -6.8800807447378320e+04, 1.2547804266674901e+05
41, 27, 1.8973362689338028e+05, -9.4048902215790120e+04
41, 28, -1.8427898559859244e+05, 1.2319685989219006e+05
41, 29, -5.1571679513894851e+04, -1.6250365373526106e+05
41, 30, -4.5471581551601834e+04, 1.3591125033979403e+05
41, 31, -1.0353019580662987e+05, -1.8869907370523975e+05
41, 32, 1.8706584109836363e+05, 2.7736602265749266e+05
41, 33, -2.3013898174998298e+05, -1.0782827289598572e+05
41, 34, 2.2129356655220038e+05, -9.4758134367727151e+04
41, 35, -2.8177365345622675e+05, 4.5560094093589847e+04
41, 36, 7.1135123236102896e+04, -6.5617303690802277e+04
41, 37, 9.9908254740648757e+04, 1.8264248873570299e+05
41, 38, 7.3270902826018733e+04, -1.2896099189070315e+05
41, 39, -7.3305549048752189e+04, -7.0730900664156638e+04
41, 40, 8.0323852319730082e+04, 2.5737594459254429e+05
41, 41, 1.2661282475312658e+05, 2.6303005466586683e+05
42, 0, -1.8564233108087690e+04, 0.0000000000000000e+00
42, 1, 6.9430666360105970e+03, -2.0290479365944811e+04
42, 2, 1.0099686654463767e+04, 1.3132114083094394e+05
42, 3, -1.8582610804541555e+05, 3.7578253509606526e+04
42, 4, 2.3640766594853855e+05, 8.8993387833381348e+04
42, 5, 8.6684623127860104e+04, -1.0103539473319176e+05
42, 6, 1.5562142577598759e+04, -1.2762494301502898e+04
42, 7, 1.0784060913138697e+05, -2.0830244548046372e+04
42, 8, 3.4682618796584298e+04, -5.7248454148246165e+04
42, 9, -3.8248915362509899e+04, 3.6089234754223478e+04
42, 10, -2.0610974737763379e+04, 3.4942823881518198e+04
42, 11, -1.5965677126630789e+05, 1.2212834146698705e+05
42, 12, -4.0873700813609714e+04, 2.7339486389432710e+04
42, 13, -2.4169570040261015e+03, -2.5194029458372635e+04
42, 14, -1.1261340536641827e+05, -1.2588342764212983e+05
42, 15, 1.8330199174925609e+05, 3.1786437343038335e+04
42, 16, -2.3961350848296913e+05, -8.5846676612555184e+03
42, 17, 2.6197746641694161e+04, 5.2839326681801649e+04
42, 18, -1.4115038462489640e+05, 9.0934718382671126e+04
42, 19, 1.1415746399332321e+05, -7.5125268417603875e+04
42, 20, 4.1883360653551121e+04, 1.9801392416458009e+04
42, 21, 1.0957164111485347e+05, -1.0118933936756759e+05
42, 22, -5.8941651003993866e+04, -1.1928782893072010e+05
42, 23, -1.3161961224700444e+05, -4.5719322377862882e+04
42, 24, -8.3672261620379199e+04, -6.5473925037052883e+04
42, 25, 2.5875049377138519e+04, 9.0607918648633786e+04
42, 26, 4.3341643015016751e+04, -1.3735582349386794e+05
42, 27, 5.7825451798612841e+04, -2.9767609307335166e+04
42, 28, -2.1722356227585350e+05, -8.5305518390375408e+04
42, 29, -2.9160736026273116e+03, -1.8321348022587204e+04
42, 30, -1.7846051523934092e+05, 1.2052244232292182e+05
42, 31, 1.5494825964388004e+05, 4.6693290262464601e+04
42, 32, -7.1098072110705543e+03, 1.9749368425294201e+05
42, 33, 2.1592043251093209e+05, -2.8100419685882423e+05
42, 34, -1.0362962961471134e+04, 4.4648860831872931e+04
42, 35, -2.2656974401453685e+05, -6.9062407784130482e+04
42, 36, 9.2994676519581873e+04, 1.2360577861964464e+05
42, 37, 2.0935022218284212e+04, -1.1259620070279780e+04
42, 38, 3.4768941231333753e+04, -1.9128276318838971e+05
42, 39, 6.0898147644788696e+02, -1.5478877156534258e+04
42, 40, -1.1670791039129419e+05, 2.2482828690802155e+05
42, 41, 1.6716426896114688e+05, -2.4442527572627497e+05
42, 42, 1.2474577619403384e+05, -1.5297716941161134e+05
43, 0, 7.9333789172077246e+04, 0.0000000000000000e+00
43, 1, 1.6739425939805113e+05, -8.0541621647864798e+04
43, 2, -2.7510589090655216e+04, 2.5506629224704613e+05
43, 3, -1.1232915119638463e+05, 3.4672587190057333e+04
43, 4, 1.2262602586877228e+05, 1.1348951895347954e+05
43, 5, -9.1080185898719079e+04, -1.3987771291938482e+05
43, 6, -3.3258603406100316e+04, -9.7876846648639388e+04
43, 7, -3.0473821914701846e+04, -1.0611005644596566e+05
43, 8, 8.2339316559560793e+03, -6.5232141158703991e+04
43, 9, 1.2618315873914493e+05, 1.0530418358542607e+05
43, 10, 7.9396533521584584e+04, 2.2965552704283728e+04
43, 11, 9.8934040336613289e+03, -5.2963118320487010e+03
43, 12, 9.6560429422831192e+04, 3.9466779933981561e+04
43, 13, -7.4103762183709274e+04, 6.0454377644530623e+03
43, 14, 3.4060602248855983e+04, -5.6035130176525687e+04
43, 15, 1.8907697288791343e+04, 1.0607472431392314e+05
43, 16, -1.0696712108606435e+05, -1.8434872843082785e+05
43, 17, 2.3838492504083777e+04, 1.5104887197122793e+05
43, 18, 1.1761946190481540e+04, -2.4131500123906917e+04
43, 19, 4.5040767016616746e+03, -1.5100362290557733e+05
43, 20, 9.5147132104745970e+02, -8.8447870099296531e+04
43, 21, -3.8589949745016223e+04, -1.4693146093824648e+05
43, 22, -9.3951278036785690e+04, 5.6190823268611523e+04
43, 23, -1.8836051010017947e+05, 3.3002611825467655e+04
43, 24, -3.7160546882684903e+04, -1.7888621071468689e+04
43, 25, 6.7772390648109285e+04, 1.3139356553692769e+05
43, 26, 4.8511224945823516e+04, -1.7063327065531278e+05
43, 27, -8.9789776554105149e+04, 1.8604671367141520e+05
43, 28, -1.6537658833030303e+05, -8.5410711243349942e+04
43, 29, -7.3522204269093327e+03, 2.4548310546244954e+05
43, 30, 1.0832463346608073e+05, -6.9694419593899394e+04
43, 31, 2.2015937278649898e+05, 3.2911585035482574e+04
43, 32, -4.0422522462908179e+04, -1.3030629270752351e+05
43, 33, 1.6566192893931933e+05, -1.0607762929977328e+05
43, 34, -3.2432630831030663e+05, -3.4863628475743513e+04
43, 35, 1.8015031280680076e+05, 5.9123732452302254e+04
43, 36, 1.3801798929216149e+04, 1.7564555189735757e+05
43, 37, 7.3016318256039260e+04, -1.0163276629424625e+05
43, 38, -1.2371401565731227e+05, 6.1199646581178531e+03
43, 39, -1.5280699122054860e+05, 5.7784434118258330e+04
43, 40, 1.5777681587598992e+04, 1.3203521303535232e+05
43, 41, 1.2464659537276995e+05, -2.1966983206752706e+04
43, 42, -1.9066878811887529e+05, -1.0217492788035193e+05
43, 43, -1.9915830522288475e+05, -5.4389508172749032e+04
44, 0, 1.3413346712505782e+05, 0.0000000000000000e+00
44, 1, 1.7937722618599591e+05, -9.0455848043870283e+03
44, 2, -7.9230843383352258e+04, -3.3674003788313494e+03
44, 3, 1.4332554318914103e+05, -5.5657197094731047e+04
44, 4, 9.7022702925895297e+04, 5.0157217778173246e+04
44, 5, 6.8931757038089665e+04, -1.0938154742056274e+05
44, 6, -1.5652719078449797e+05, 1.1387388162844371e+05
44, 7, -1.5008026510017592e+05, 5.4897646097753153e+04
44, 8, -3.5597182292082820e+04, 1.0649580557595532e+05
44, 9, -1.9083370982862270e+04, 5.1473288316310158e+04
44, 10, 3.8874017163195604e+03, -7.2688805347093934e+04
44, 11, 9.5749799757029279e+04, -2.3720163425038231e+05
44, 12, -3.1717296125687426e+03, 3.2640717032932091e+04
44, 13, -8.0902546141151208e+04, -1.0335262337824085e+05
44, 14, 5.9441010672588600e+04, 1.3106152740580910e+05
44, 15, -1.0380523732035756e+05, 8.2879511211831952e+04
44, 16, 1.5059658631381684e+05, 2.1766854328086665e+03
44, 17, 5.0024153956778100e+04, 1.4868675885140030e+04
44, 18, 1.1697898379722395e+05, -5.1927147132241495e+04
44, 19, 3.3358889697849700e+04, -8.1295009241932530e+03
44, 20, -1.1890457797859848e+05, -1.1870273127541403e+05
44, 21, -5.0207038261114576e+04, 7.5760293578020879e+04
44, 22, 6.9183051655324361e+03, 4.1094889591455780e+04
44, 23, -9.6158910467229925e+03, 1.3285245713783223e+04
44, 24, 1.3119195303544193e+05, 7.4273549391327280e+04
44, 25, -3.6600739727472028e+04, -7.6161107444080699e+04
44, 26, 2.9806335652500595e+04, -1.0764760665181557e+05
44, 27, -1.3653412187565226e+05, 5.5703106484947122e+04
44, 28, -1.9900359257619242e+04, 1.6125871258113950e+04
44, 29, -2.2998061959268576e+04, 1.4196985518518178e+05
44, 30, 2.0243247731484057e+05, -8.8429919659463951e+04
44, 31, 3.2034331985288460e+04, -1.3620731068894322e+04
44, 32, -1.1630370929535391e+04, -1.7592352130848746e+05
44, 33, -1.7758591875292789e+05, 6.9143559885778959e+04
44, 34, -1.1196567539985997e+05, -7.8427517499095295e+04
44, 35, 1.3962702360192331e+05, 1.8825442163049660e+05
44, 36, 2.6837441120751391e+03, -7.7448180715019145e+04
44, 37, 1.6659734408923893e+05, -3.8722265577460013e+04
44, 38, -1.9387587624851184e+05, 6.7879853904012562e+04
44, 39, 8.6149711202043094e+04, 7.3261189398958435e+04
44, 40, 1.7502132814038789e+05, 3.8834449321092361e+04
44, 41, -4.0252335270890624e+04, -1.0546780617957057e+05
44, 42, 8.2996484176313315e+04, -2.6587211850645064e+04
44, 43, -2.2952075172807497e+04, 1.5102171680730092e+05
44, 44, 5.8634457640990149e+03, 3.8686144772639795e+05
45, 0, 3.7627506943847053e+04, 0.0000000000000000e+00
45, 1, 5.8168562378128299e+03, 1.1959387798037285e+05
45, 2, -1.2494063936462460e+05, -1.0384263094788956e+05
45, 3, -3.8839812968022408e+04, 3.6965487748104191e+04
45, 4, 1.5264059510058796e+04, -8.9370663340071114e+03
45, 5, 8.9673680904592999e+04, 1.2342593494985977e+04
45, 6, 1.0625201555471882e+04, 7.2286280724383018e+04
45, 7, 4.8646431228147012e+04, 1.5189826616882670e+05
45, 8, -1.8089388193014718e+04, 4.2694175472078234e+04
45, 9, -4.5880400086562047e+04, 1.1009092087343511e+05
45, 10, -1.1021785857721118e+05, -1.8522803907075673e+05
45, 11, -5.6978292601581896e+04, -7.5638091092334987e+04
45, 12, -2.0789917612080884e+05, 3.2152400198927528e+04
45, 13, -1.1729747824671085e+05, -6.1307916839111349e+03
45, 14, -9.0213553648285670e+03, 1.4302203330973390e+05
45, 15, -3.8703036528229022e+04, -2.2122977947815863e+05
45, 16, 1.2122319874321469e+05, 8.5321094106890116e+04
45, 17, 1.1492950876453433e+03, -1.2135371065132055e+05
45, 18, 1.5306917152297474e+05, 1.5671760302261275e+04
45, 19, -6.1207001975332314e+03, -2.0321077180333486e+03
45, 20, 5.3936517579550377e+02, -3.7834671965320260e+04
45, 21, 1.9707518636421970e+04, 1.4143471703647921e+05
45, 22, 1.3319680092299823e+05, -7.3717643940712471e+04
45, 23, 8.2936692469872578e+04, -3.9539702254522927e+04
45, 24, -1.5732343933511635e+04, -2.0208189826631569e+04
45, 25, 9.5302936880424357e+04, -9.4443103128654926e+04
45, 26, -7.9834770492355565e+03, 5.9197881367990703e+03
45, 27, -7.7317876532567854e+04, 2.4411407708050137e+04
45, 28, 1.2284904052692289e+05, 1.1739387194388251e+05
45, 29, -3.5403426483414041e+04, -7.2220193606231158e+04
45, 30, 7.8003793315737188e+04, -7.5794469627748767e+04
45, 31, -1.5579226830623767e+05, -7.9206818424898695e+04
45, 32, -7.5276865841073886e+04, 6.9028494472471008e+04
45, 33, -2.0922898876041977e+05, 1.0265167003598067e+05
45, 34, 8.7869115669825071e+04, 4.9128084057743072e+04
45, 35, -2.5566725477729065e+04, 1.2439714770980336e+04
45, 36, 6.1615370722647989e+04, -1.8511999640831814e+05
45, 37, -2.2898525358776943e+05, 5.3188594055630354e+04
45, 38, -2.4957919041320965e+04, -7.2782121230298202e+04
45, 39, 1.6287617091566575e+05, -3.8329464488009589e+03
45, 40, 1.3957597173254198e+04, -6.6165031625479605e+04
45, 41, -9.8068739720128404e+04, -2.2162281907349615e+05
45, 42, -9.0362804619769217e+04, 1.2580707919511653e+05
45, 43, -1.7057763421491356e+04, -1.5193550464774447e+05
45, 44, 5.8245160842241778e+04, 1.0042843118177247e+04
45, 45, 2.7189399924699042e+05, -2.0344991264821784e+05
