0, 0, 0.0000000000000000e+00, 0.0000000000000000e+00
1, 0, 0.0000000000000000e+00, 0.0000000000000000e+00
1, 1, 0.0000000000000000e+00, 0.0000000000000000e+00
2, 0, 0.0000000000000000e+00, 0.0000000000000000e+00
2, 1, -7.2529936105689097e-01, -3.8687429257821637e-01
2, 2, 1.0791975209033351e+03, -6.2443831409094037e+02
3, 0, 2.5956024702849999e+02, 0.0000000000000000e+00
3, 1, -9.5805567035844490e+01, -5.4974263213102176e+02
3, 2, 3.2031378651267931e+02, -1.5495351326336794e+02
3, 3, -7.2104733170650604e+02, -4.9487238419622702e+02
4, 0, -1.2013376553968109e+02, 0.0000000000000000e+00
4, 1, -1.2960793710586663e+02, -1.0728451341871407e+02
4, 2, 6.8807881462411643e+01, 2.3418553032925976e+02
4, 3, -2.1508898109817747e+02, 8.9718449930970827e+00
4, 4, -1.9464176709914323e+01, 3.4106755255609175e+02
5, 0, 7.9358597248821710e+00, 0.0000000000000000e+00
5, 1, -2.3970071120897245e+00, -2.2791224499549806e+01
5, 2, 1.0179105811080015e+02, 4.3895142058961255e+01
5, 3, -8.1901594249762610e+01, 3.4560804531915402e+01
5, 4, 1.3909615560215664e+02, 4.6683574887841168e+01
5, 5, 1.2021853607027809e+02, -1.0841490049052112e+02
6, 0, -1.7748110287834063e+01, 0.0000000000000000e+00
6, 1, -6.3178309716361248e+01, 3.3361197227637845e+01
6, 2, -4.9894143030651115e+01, -3.2396338118629728e+01
6, 3, -4.9582470962464583e+01, -1.9965914487933922e+01
6, 4, -2.0023446223056858e+01, -6.1148688920123135e+01
6, 5, -2.3752703842412558e+01, -5.1678165632593497e+01
6, 6, -5.6412024441934577e+01, -1.7099897346894878e+01
7, 0, -2.7194139950954437e+00, 0.0000000000000000e+00
7, 1, -4.2978822138601572e+01, 2.8891112685406110e+01
7, 2, -4.8958811109538033e+01, -2.1989028468229677e+00
7, 3, -1.4459498837522808e+01, 5.3044092633535529e+00
7, 4, -7.2202782301163808e+01, -8.0755776483122794e+00
7, 5, 6.3462776157137979e+00, 4.1211962294527495e+01
7, 6, 2.7222361946499703e+01, 5.1664365389857991e+01
7, 7, -3.3565768106130687e+00, 3.3085868566991948e+01
8, 0, -1.2376877810834468e+01, 0.0000000000000000e+00
8, 1, 5.5325104217263732e-01, -5.8093565148924355e+00
8, 2, -4.1176737501527001e+01, -1.0500725278717189e+01
8, 3, 3.1303030178282864e+01, 3.4256747257473656e+01
8, 4, -3.2572719289973435e+01, 8.8844672635083484e+00
8, 5, 6.9248891947620208e+01, 4.8187081886227070e+01
8, 6, 9.2246114300278386e+00, 3.3525359714032234e+01
8, 7, 1.4831290891716169e+01, -2.9218571181174045e+01
8, 8, -1.7820552282852944e+00, 6.5622070723676940e+00
9, 0, 4.9065314496902408e+00, 0.0000000000000000e+00
9, 1, 5.9772225598970685e-01, -7.8573288299675657e+00
9, 2, -2.7409981940616483e+01, -2.7890110847273482e+00
9, 3, 1.5626656767807663e+01, 1.2444401408207922e+01
9, 4, -8.0958284128250249e+00, -2.9628580784642281e+01
9, 5, 3.5696117007462874e+01, 3.2639226970841406e+01
9, 6, -1.0994878942883645e+01, 1.4141157928946839e+00
9, 7, 1.4511023220660373e+01, -3.0280641896810547e+01
9, 8, -3.1616157075437417e+01, 7.9105677934987346e+00
9, 9, 1.7339722719379338e+01, 6.1195876015237047e+00
10, 0, -6.9293521193908081e+00, 0.0000000000000000e+00
10, 1, -9.2226404572379899e+00, -4.3164163311408217e+00
10, 2, -4.1907801966872951e+00, 1.7156728313685367e+01
10, 3, 1.3378683656803968e+01, -4.4445292157359990e+00
10, 4, 1.9020356604130892e+01, -5.6292007813070128e+00
10, 5, -9.9565787867738820e+00, 1.5679419834380687e+01
10, 6, -7.9174922956859017e+00, -2.2773893940998484e+01
10, 7, -6.7181350879023558e+00, 5.3188727656592265e+00
10, 8, -8.3467652958482006e+00, -1.1988081260597637e+01
10, 9, 1.8499134707539227e+01, 1.6056226397760000e+01
10, 10, 5.1545682948200557e+00, -8.6507009881991586e+00
11, 0, 3.6299252759812748e+00, 0.0000000000000000e+00
11, 1, 5.1999731770667790e+00, 1.6897071809769673e+00
11, 2, 2.8583224499128219e+00, 1.5813807887157143e+01
11, 3, 1.6349594080652139e+01, -1.2497101484664238e+01
11, 4, 2.1662740247815453e+01, 1.0266584532319641e+01
11, 5, -1.4512477373828011e+01, -1.2752390526817997e+01
11, 6, 6.6785362094260741e+00, 2.7144790475212486e+00
11, 7, -1.0004411019852887e+01, 8.8281210925780975e+00
11, 8, 1.7131808290898849e+01, -6.9692033351442335e+00
11, 9, 3.9742839112899273e+00, 5.0812626009462578e+00
11, 10, 2.5564628853642812e-01, -2.5099330332341673e+01
11, 11, 1.6880667589987430e+00, 4.8474165677110790e+00
12, 0, -5.8571161905306202e-02, 0.0000000000000000e+00
12, 1, 1.3076424018916871e+01, -7.9279303112510691e-01
12, 2, 2.2355586859124723e+00, -4.9356168252861572e+00
12, 3, 1.5275008878417989e+01, -2.6824165364388217e+00
12, 4, 3.0076345725545011e+00, -2.3913702926942006e+00
12, 5, -4.5544350017449107e+00, -1.1203870069501622e+01
12, 6, 3.2811274541829567e+00, 1.5385365873773690e+01
12, 7, -1.7788947841134721e+00, 3.6307441429505718e+00
12, 8, 1.3157107135753570e+01, 1.6304600839870389e+00
12, 9, -4.2091861174669045e+00, -2.7928848676503342e+00
12, 10, -1.3255026946532791e+00, -1.2288148335475748e+01
12, 11, -8.3813104645835423e+00, 1.9369648845816865e+01
12, 12, 1.0273969953133120e+00, 9.3055872793573302e-01
13, 0, 2.9579144040329304e+00, 0.0000000000000000e+00
13, 1, 6.3710466083578527e+00, 1.8642498248091797e+00
13, 2, -3.6795552199632384e+00, -8.5464239582696777e+00
13, 3, 6.2283882111912447e-01, 5.6704439399207041e-01
13, 4, 4.1535844125339194e-01, -5.0147813531911911e+00
13, 5, -7.6510184432424611e-01, 4.1527719979363598e+00
13, 6, -3.9550309015291747e+00, 1.0428391000994262e+01
13, 7, 6.6444158350931044e+00, -3.2519922058385133e+00
13, 8, 1.7154300934915681e+00, 3.8804784713253826e-01
13, 9, -6.8043402301226141e+00, -5.1835807640393465e+00
13, 10, -1.3725489266368296e-02, 4.5679065181049552e+00
13, 11, -6.2696835127098787e+00, 7.9532061801475216e+00
13, 12, 1.0130057215231867e+01, 3.7325759416293778e+00
13, 13, -5.8835335225061787e+00, -7.8590422631884227e+00
14, 0, 2.2548253635940219e-01, 0.0000000000000000e+00
14, 1, -4.8306051217840764e+00, -1.1849894063930568e+00
14, 2, -2.6083442981431855e+00, 2.9930353849344922e+00
14, 3, -2.2952781738684704e+00, 1.4487591354300693e+00
14, 4, -2.6539870841316588e+00, 7.7122906101855246e+00
14, 5, 3.1434828479272841e+00, 6.8839532729290793e+00
14, 6, -4.8123356021187669e-02, 1.3715990732539947e+00
14, 7, 2.0505067073821159e+00, -1.8636906788632652e+00
14, 8, -6.7557122421876254e+00, -3.4036267227936206e+00
14, 9, -2.3812652161368919e-01, -6.5611666637337871e+00
14, 10, 6.6692968017095455e-01, 1.0911704348867330e+01
14, 11, 4.6618291950194468e+00, -2.2964055575457949e+00
14, 12, 2.2624243511406172e+00, 1.1529566790786365e+00
14, 13, -5.0331969708339379e+00, -1.3779496059135344e+01
14, 14, 2.7482906324215545e-01, 4.6938561545722575e+00
15, 0, -2.3232868579091592e+00, 0.0000000000000000e+00
15, 1, -9.7276456274355194e-01, -2.4866261443166295e+00
15, 2, 2.9202089498085462e+00, 4.0938825010520281e+00
15, 3, 2.9090411646999161e+00, 1.5539679344278952e+00
15, 4, 4.1284446841686719e+00, 5.7731413826728151e+00
15, 5, 4.9363292855698013e+00, 3.4370700689560887e+00
15, 6, 2.5287448238368748e-01, -3.6833091112947844e+00
15, 7, -5.5648130641828208e+00, -2.5170751927263697e+00
15, 8, -6.0456091082793098e+00, -3.5270861758497634e+00
15, 9, -6.0408829807632491e-01, 1.8771191795492459e+00
15, 10, 1.6500484037881487e+00, 1.0780311873397288e+00
15, 11, 4.4953769440496281e+00, -3.3593281472990304e+00
15, 12, -3.4340816950938291e+00, -4.2485668549517008e+00
15, 13, -5.5427735111901488e-01, -4.5259691123334749e+00
15, 14, -1.0367926815032700e+00, 7.2232987152521888e+00
15, 15, 3.4032315961594040e+00, -2.7149537800776768e-01
16, 0, -1.8912587029598753e+00, 0.0000000000000000e+00
16, 1, 1.0160061831868701e+00, 2.5642714270633187e+00
16, 2, 3.8174227193830403e+00, 1.4074865002977650e+00
16, 3, 2.1546280015162376e+00, -2.2383214004027541e+00
16, 4, 4.7164894724035218e+00, 4.7600115368211449e-01
16, 5, 1.8582301836954676e+00, -2.8775729079290002e+00
16, 6, -7.7066214272852473e-01, -1.0518181156104207e+00
16, 7, -2.3853801803159502e+00, -1.1345987392217587e+00
16, 8, -1.4265007376766654e+00, -2.5169104542935967e+00
16, 9, 2.4512929462026807e+00, 4.6723430362873861e+00
16, 10, 3.0699856915811630e+00, -1.3212548585909785e+00
16, 11, -1.0864682312664453e-01, 3.6571595250571609e-01
16, 12, -3.1986409163171468e+00, -2.9768354971987572e+00
16, 13, 5.1015123397444295e-01, 3.1590384256733186e+00
16, 14, 1.2959207031664455e-01, 4.3871247845239809e+00
16, 15, 5.2978563066155839e+00, -1.4715537940893166e+00
16, 16, -9.2824545008143589e-01, -1.6484970703723434e-01
17, 0, 5.7102864253822083e-01, 0.0000000000000000e+00
17, 1, 2.0994610900379818e+00, 2.6429844882980151e+00
17, 2, 1.1684030903753200e+00, 2.3726357291414002e-01
17, 3, 1.1302307179911544e+00, -4.2957910813822620e-01
17, 4, -1.7903520521496179e+00, -8.7570598574749622e-02
17, 5, -2.7364493794218308e+00, -7.6255195193551173e-01
17, 6, -2.3566295780264350e+00, 8.3918305742746757e-01
17, 7, -1.2187244094588896e+00, 1.5389378062794332e+00
17, 8, 1.3947471832319573e+00, 7.7375222871188887e-01
17, 9, 3.4722196356291413e-01, 2.1083754687356588e+00
17, 10, 1.9994959104202834e+00, -8.9710288317460163e-01
17, 11, -8.4108515686103558e-01, 1.1534202425621285e+00
17, 12, -1.5860493599056746e+00, 2.8000761745110236e-01
17, 13, 2.5305459218007647e+00, 3.7817513169788604e+00
17, 14, 1.0931124597466695e+00, 1.7946206071902542e+00
17, 15, 1.2805745760631282e+00, -1.9155754007802366e+00
17, 16, -4.7515033673869045e+00, -2.3441499464625752e+00
17, 17, -7.7548270459028923e-01, -1.2797270009693202e+00
18, 0, 1.0514114192543988e+00, 0.0000000000000000e+00
18, 1, 6.0608306337664564e-01, 2.4800449556169473e+00
18, 2, 4.6055480519547942e-02, -9.2305963110124220e-02
18, 3, 1.3622652072768271e+00, 1.3827658539676870e+00
18, 4, -3.5962253340531785e+00, -6.8528409465329809e-01
18, 5, -7.7905360622248132e-01, 2.4509374932412751e+00
18, 6, -9.1491729710897507e-01, 2.5724410165641034e+00
18, 7, 5.6340330181625387e-01, 5.9228056841276400e-01
18, 8, -4.6884349344459181e-01, 1.1979378116493826e+00
18, 9, -8.2527816293521378e-02, -2.0169566719617076e+00
18, 10, -2.5986843554191559e+00, 7.1760831204996012e-01
18, 11, -1.2660258308576118e+00, 7.8195706150159716e-01
18, 12, -4.1530395622423272e-01, 1.1036912552557885e+00
18, 13, 1.5043432335118787e+00, 8.0028239107928800e-01
18, 14, 1.5849490807813429e+00, -9.4820099847006201e-01
18, 15, -1.8423211443784728e+00, -2.8446217423839766e+00
18, 16, -1.9644512910553977e+00, -5.5985595547298628e-01
18, 17, -9.4034467490919438e-01, 3.6363813734137596e+00
18, 18, -1.4064780962956660e+00, -1.2723362857022993e+00
19, 0, 8.8874650204467359e-02, 0.0000000000000000e+00
19, 1, -2.4045161036883062e-01, -1.4725396348686792e+00
19, 2, 1.0787342216348612e-01, -1.3171171711322677e-01
19, 3, -8.0361017167126680e-02, 5.9317191444725714e-01
19, 4, -7.5898061865840294e-01, -8.8471393263403342e-01
19, 5, 7.5438322867767305e-01, 1.1357743614156135e+00
19, 6, 4.7039861164450980e-01, 8.1941729436742250e-01
19, 7, 1.3670931494784819e+00, -6.3808731970736510e-01
19, 8, -1.3777992251612561e+00, 1.5276472817825820e-01
19, 9, -7.5683309352312567e-01, -1.7354848537119627e+00
19, 10, -1.8846108434121018e+00, -6.3870000138845473e-02
19, 11, 5.0265685817012185e-02, 1.3561091603786757e+00
19, 12, -2.2296856174688373e-01, -1.7296894485983305e-01
19, 13, 8.3829733359445102e-01, -1.4658626401604205e-01
19, 14, -5.9078911581071825e-01, -1.6498116145347721e+00
19, 15, -2.8066787928140937e+00, -1.8967686179844949e+00
19, 16, -1.7897419078190499e-01, 5.9090394646491262e-01
19, 17, 6.5206316026348621e-01, 1.5511707167229312e+00
19, 18, 1.8867356271957016e+00, -1.9687438250977312e+00
19, 19, 1.0593594244200757e+00, 2.3122316635480229e+00
20, 0, -7.8555546043505364e-01, 0.0000000000000000e+00
20, 1, -1.0507847146644722e-01, -1.6692170332273966e+00
20, 2, -1.1666135297988672e-01, 6.8056486656060422e-01
20, 3, -7.1817211951042248e-01, -5.2645134629718071e-01
20, 4, 1.1001647756783708e+00, -3.6850421255779103e-01
20, 5, -5.4503166543256953e-01, 8.3965809930401106e-02
20, 6, -4.9625250825385847e-01, -8.6993581564157807e-01
20, 7, -6.7552493771686484e-03, -7.0631868798392927e-01
20, 8, -7.4825416504923425e-01, -8.6475726630584138e-01
20, 9, -6.0148545232105555e-01, -4.6029558677977850e-01
20, 10, 1.0125050012742263e+00, 1.3327425046811550e-01
20, 11, -4.1650597859987482e-02, 3.1394273723485189e-01
20, 12, 1.6006991589805175e+00, 4.9289568445236220e-01
20, 13, 6.5571514256399621e-01, -9.2050824275617460e-01
20, 14, -9.9412415677730703e-01, -9.6028086738655138e-01
20, 15, -2.2120890713195482e-01, 1.0616720430824498e+00
20, 16, -1.4221879596607587e-01, 3.8473498742904899e-01
20, 17, 1.5774590299316311e+00, 1.2134604868060752e+00
20, 18, -1.4394468688355433e-01, -1.8655801930913536e+00
20, 19, -2.0744111758350736e-01, 5.9972028104440556e-01
20, 20, 1.3416986931569430e+00, 2.4441571871941625e-02
21, 0, -1.1290261645271399e-01, 0.0000000000000000e+00
21, 1, 4.4461347864436773e-01, 8.4475275234234748e-01
21, 2, -6.3529376811474247e-02, 1.3708600104417736e+00
21, 3, 2.7565338565190889e-01, -4.7345783721136986e-01
21, 4, 9.2327063225584327e-01, 4.1619665790272348e-01
21, 5, -9.2976054823739795e-01, -2.7603855643748859e-01
21, 6, -1.4112709119123978e-01, -3.9980720597248909e-01
21, 7, -5.4356968755557533e-01, 8.4499892211534078e-01
21, 8, -2.0847272988263132e-01, -6.4059383814173143e-01
21, 9, 7.7043029010211372e-01, 5.5965647614838909e-02
21, 10, 7.9030538902224623e-01, -6.0201049700807618e-01
21, 11, 1.0142020555851226e+00, 8.4327459341081035e-01
21, 12, -4.8860427064549677e-01, -3.6136315982432321e-01
21, 13, 8.5390464004142144e-02, -4.9767790842844162e-02
21, 14, -2.9209374576572156e-01, 1.0651471957233389e+00
21, 15, 7.8894131709514537e-01, 1.1316929673709273e+00
21, 16, 7.4840328479883123e-01, 4.1025130171735130e-01
21, 17, 8.1761932037749929e-01, 7.2613050002238300e-01
21, 18, -6.2773484558254622e-01, -1.1257481343096796e+00
21, 19, -1.0075975585017211e-01, 1.9741697132332685e+00
21, 20, 6.7807473365873638e-01, 1.0095206240645649e+00
21, 21, -1.7948086507208536e+00, -1.3216898830820418e+00
22, 0, 7.0334099681448548e-01, 0.0000000000000000e+00
22, 1, 9.5539040878371062e-01, 5.1110946871823582e-01
22, 2, 2.3104406996991567e-03, -2.4361109906781162e-01
22, 3, 8.8610243522205057e-01, 1.0425632868870689e-01
22, 4, -5.9553011016843649e-01, 6.4520749433264712e-01
22, 5, -1.1192701668327866e-01, -1.4884290532738390e-01
22, 6, 3.7385726950303688e-01, 8.3816281544232640e-01
22, 7, -5.1650820685887799e-01, 1.7421873699931284e-01
22, 8, 6.5300423968936250e-01, 3.6028144829222558e-01
22, 9, 1.6516306965766084e-01, 3.9455537791771211e-01
22, 10, 5.8858370234114465e-01, -3.7439956661734991e-01
22, 11, 5.4790050869522133e-01, 6.0911328534468612e-01
22, 12, -7.4089952090971500e-01, -8.1788254394536464e-02
22, 13, 3.4573003909797650e-01, 3.2562271717361896e-01
22, 14, 1.5846616884663806e-01, 9.8152132983175822e-01
22, 15, 8.5623816475490366e-01, -4.6083147755608955e-01
22, 16, 4.7508431256104489e-01, 7.4469612050101636e-03
22, 17, -9.7857231644703646e-01, -6.3756095945596869e-01
22, 18, 2.8482728738320595e-01, 6.0184919397772457e-02
22, 19, -1.0214152456382684e+00, 7.3739764808968711e-01
22, 20, 1.1117784333204388e+00, -2.6080743764355935e-01
22, 21, -7.3962460728424850e-01, -1.4361427813893031e+00
22, 22, 8.8318445582456134e-02, 6.3595220915697792e-01
23, 0, -2.0264989402023109e-01, 0.0000000000000000e+00
23, 1, -4.1680815982048403e-01, -4.4400081064525004e-02
23, 2, -3.1004717068446885e-01, -7.8366199598361186e-01
23, 3, -3.2489335797159241e-01, 3.5610438019719132e-01
23, 4, -6.5202997509235194e-01, -8.7704267176693468e-02
23, 5, 6.8444240694251723e-01, -3.8108873434439167e-01
23, 6, -6.9078642346272667e-01, 1.0186222436080206e+00
23, 7, 4.1524630144657992e-01, -8.0019584550065348e-01
23, 8, 2.2313408835702209e-01, 6.1507658592393832e-01
23, 9, -8.3858598211070182e-02, -3.3665527812846441e-01
23, 10, 2.4939241854666036e-01, 7.3961354158451531e-01
23, 11, -4.4804220974115821e-01, 3.9067276721535932e-01
23, 12, -7.5705320285463201e-02, 3.3166983255529681e-01
23, 13, 4.8948161307608468e-01, -3.5501322543184555e-02
23, 14, 5.3166268662786703e-02, 8.9729207097648289e-01
23, 15, 5.4483673774585428e-01, -1.4959217958659496e+00
23, 16, -8.2550540776182224e-01, -1.0319193620035982e-01
23, 17, -6.2591573333838535e-01, -1.4506551358410795e+00
23, 18, 2.7977534708352908e-01, 1.0233147579366819e+00
23, 19, -1.0215889201089450e+00, -1.1075279568308471e-01
23, 20, 1.0991754421127851e+00, -2.1789026383242177e-01
23, 21, -8.8317554198438275e-01, -1.2671873697545446e+00
23, 22, -4.5065185661825097e-01, 1.3031077023279658e-01
23, 23, 1.1510543206302541e+00, -2.9634119589163993e-01
24, 0, -2.7654081690098331e-01, 0.0000000000000000e+00
24, 1, -4.1192916932630436e-01, -4.8145093394327237e-01
24, 2, 4.4761390365735322e-02, 3.9893219937100605e-01
24, 3, -7.1007943699971721e-01, 3.2813465520046892e-01
24, 4, 5.8547529927323538e-02, -3.0153806222691371e-01
24, 5, 4.1151840557664671e-01, 2.8646055812118876e-01
24, 6, -6.7355174422561026e-01, 9.5461696953857630e-02
24, 7, 7.4627202716551222e-01, -8.6867770955673007e-01
24, 8, -2.6931968454835920e-01, -4.0764564639064554e-02
24, 9, -1.7521872703686031e-01, -5.5697302630790702e-01
24, 10, 2.5401729301156567e-01, 3.3935950132053688e-01
24, 11, -1.6426525307495114e-02, -5.9183055171866772e-01
24, 12, 6.0220541645006320e-01, 5.3453650187856039e-01
24, 13, -3.4919352327087005e-01, 4.3410306351320774e-02
24, 14, -1.5915585606953313e-02, -6.9405278390929825e-01
24, 15, -4.5180919438800660e-01, 1.3318012368084231e-01
24, 16, -1.0018808330643334e+00, -6.1826884975412988e-01
24, 17, 2.4765650077090193e-01, -1.6067408867882972e-02
24, 18, -6.7803729852892625e-01, 1.1516735038870634e+00
24, 19, 7.1927317945954772e-01, -6.5335540613799759e-01
24, 20, 2.7695832444147583e-01, 1.5790287272419354e-01
24, 21, -3.3441373316399528e-02, -6.3107403270148743e-01
24, 22, 2.3184857631114691e-01, 1.1936907586918464e+00
24, 23, 9.5566152251282610e-01, 9.8171019162880471e-02
24, 24, -4.9571693817948725e-01, -1.6864753152825143e-01
25, 0, 1.9206306321069427e-01, 0.0000000000000000e+00
25, 1, 2.1596059490906491e-01, 6.5154192572762379e-02
25, 2, 3.3874598337876749e-01, 6.2302913743999355e-01
25, 3, -7.3827223220434474e-02, 2.5049152173558720e-01
25, 4, 1.0329623882846537e+00, -3.0815662482871009e-01
25, 5, -3.8333622108431831e-01, 4.4140478308431907e-01
25, 6, 2.8775355959722693e-01, -4.3675162759349728e-01
25, 7, -3.1448490560021691e-02, -5.2479522577359039e-01
25, 8, -2.5629266843337861e-01, -2.8992216512529628e-01
25, 9, -1.0750668324078866e-01, -3.2118202052924849e-01
25, 10, -1.7168203802097615e-01, 3.1738833952535184e-01
25, 11, 7.6966545461671054e-01, -6.3990644291831911e-01
25, 12, 4.8181864203713187e-01, 4.4772139920591186e-01
25, 13, -4.2721703055608316e-02, -4.2427312316279364e-01
25, 14, 1.2664747708314042e-01, -3.7712866539456913e-01
25, 15, -6.9795313601110365e-01, 1.0721579659294334e-01
25, 16, 1.8986584803284234e-01, -4.8530231710632521e-01
25, 17, 4.5123922832105873e-01, 1.1761040453886500e+00
25, 18, -2.9991017858210012e-01, -1.5079400604392393e-01
25, 19, 9.8048843867679136e-01, 7.2946273622133212e-02
25, 20, -7.2431834382871141e-01, -1.4672910379257220e-01
25, 21, 1.0740294889031188e+00, -4.0193659495555656e-01
25, 22, -4.1859606796697835e-01, 7.9910868746101238e-01
25, 23, 7.7981460834325866e-01, -7.3504545010431976e-01
25, 24, -3.3493309487202189e-01, -1.4668207238507786e-01
25, 25, -2.4448114303246626e-01, 4.3229298423577567e-01
26, 0, 4.3329851175186374e-01, 0.0000000000000000e+00
26, 1, 1.4160850313615089e-01, 5.9120439213351128e-01
26, 2, 2.1927693471382659e-01, 4.6201784597099060e-02
26, 3, 2.7246095808445836e-02, -1.4972924515156172e-01
26, 4, 4.6578241211315308e-01, -1.4648004626861844e-01
26, 5, -2.9590150075712485e-01, -1.4064299007758785e-01
26, 6, 4.8518989137178942e-01, 3.3050543976845967e-02
26, 7, -1.2164730679783434e-01, 2.3529987283716650e-01
26, 8, 4.0136234620143763e-02, -2.1836397532300042e-01
26, 9, 4.2922459940058909e-02, 6.6056603141501613e-01
26, 10, -9.3303899710211108e-02, -9.6258330959307345e-02
26, 11, 6.5792289750180144e-01, 2.7456543871178063e-01
26, 12, -3.3544523120757996e-01, 1.8863128270330332e-01
26, 13, -1.4792577877416641e-02, -2.1015558717279170e-02
26, 14, -1.4684365077143097e-01, 5.1210094435597972e-02
26, 15, -1.4043715616490371e-01, 9.7982318696202414e-02
26, 16, 6.1651072313371402e-01, 1.5473037129299982e-01
26, 17, 4.3096284315823197e-01, 1.4002393988668166e-01
26, 18, 3.6553660012658312e-01, -5.3164006989433288e-01
26, 19, -9.8868757684354054e-03, 5.6691604312288868e-02
26, 20, -1.8035186789570881e-01, -4.8824897558077340e-01
26, 21, 3.8527593751828348e-01, 6.8203589965862077e-01
26, 22, -6.3261374928164904e-01, 6.0951467287935601e-02
26, 23, 3.3217431558880034e-01, -3.6790206546180010e-01
26, 24, -1.0786642046951003e+00, -4.5290540755533251e-02
26, 25, -3.7602120940601891e-01, 5.6155824015062383e-01
26, 26, 2.2181333845106965e-01, -6.0481254053647338e-01
27, 0, 3.7494333565007709e-01, 0.0000000000000000e+00
27, 1, -4.2796830098797554e-02, 1.3840954638595269e-02
27, 2, -2.2258442775468339e-02, -4.2167170810171989e-01
27, 3, -1.5432413859663868e-01, -3.3350532549575918e-01
27, 4, -4.5477405541563437e-01, -1.5195736066003873e-01
27, 5, -1.1760283332004731e-01, -4.0830110954731408e-01
27, 6, -4.4180037584000675e-01, 3.9700171785963645e-01
27, 7, 6.3853417604166754e-02, 1.7025962155713842e-01
27, 8, 4.6251421551939076e-01, -1.6012866454964511e-01
27, 9, -8.1506567802906327e-02, 5.7090420400849373e-01
27, 10, 2.6782027410615189e-01, -6.2801075004678547e-03
27, 11, 2.5528572458478865e-01, 2.2152230483057977e-01
27, 12, -1.3366428104321387e-01, 8.8493344561987892e-03
27, 13, 1.3680133850931112e-01, 1.1956782812392264e-01
27, 14, -3.7115686793568475e-01, 6.7949604675025879e-03
27, 15, 1.2808004042367080e-02, -1.4034118708552323e-01
27, 16, 6.3817292247000709e-02, 3.6580248156746353e-01
27, 17, -2.3526170061752252e-01, -5.6633775399849218e-01
27, 18, 9.4140222537807822e-04, -2.2193571241336976e-01
27, 19, -9.2657864398459400e-01, -2.1346969467728469e-01
27, 20, 4.0094899053954458e-01, 6.7764332235151131e-02
27, 21, -3.9148358626283991e-01, 3.6606908941422428e-01
27, 22, 2.6185971039723577e-01, -4.5894511328433146e-01
27, 23, -1.8245551553444100e-01, 3.6479296806242090e-01
27, 24, -2.4924766100482121e-01, -1.2507905024841531e-01
27, 25, 9.6760100853441652e-02, 7.3207894019368991e-01
27, 26, 2.9695238093980675e-01, -5.0143263126790316e-01
27, 27, -5.7352693706899305e-01, 1.9717511733141797e-02
28, 0, -3.3322186113898172e-02, 0.0000000000000000e+00
28, 1, -1.8553532830451180e-01, -1.0538459564735611e-01
28, 2, -3.7757464280114172e-01, -2.9940278274597337e-01
28, 3, -1.9357411755942425e-01, 3.8347052207897803e-01
28, 4, -3.7008480945381694e-01, -1.4009725878526455e-01
28, 5, 1.0195321329685879e-01, -9.6679081440788434e-02
28, 6, -5.3280164707514066e-01, 3.0378567103696519e-01
28, 7, 2.4270737305247131e-01, -3.5539150126308405e-01
28, 8, 3.1111323509867772e-01, 6.1546408146073553e-02
28, 9, -7.4149577378089235e-02, -5.1814403319425550e-01
28, 10, 1.1179188467480553e-01, 8.9304849604502357e-02
28, 11, -1.9079428846878815e-01, -3.2881216430590943e-01
28, 12, -6.1091180962040775e-02, 5.7739433325569425e-02
28, 13, 1.2842490953170038e-01, -1.0509082983240423e-01
28, 14, -1.8722458097037145e-01, -2.1358296152158321e-01
28, 15, 1.1665776769615518e-01, -1.9007612750909944e-01
28, 16, -1.9629009020456112e-01, -1.2831063015841068e-01
28, 17, -5.8134639078848666e-02, -5.0391051933087316e-01
28, 18, -3.2271551358423045e-01, 3.3694024757895569e-01
28, 19, -4.2251245859738890e-01, -1.0597890494411091e-01
28, 20, 3.0831695629658873e-01, 4.7407528598637522e-01
28, 21, -1.6567242819863412e-01, -1.4092412064842064e-01
28, 22, 4.0238715290988253e-01, -7.3540938586802718e-02
28, 23, -3.9877216191890297e-01, -1.7740705879854224e-01
28, 24, 2.6920686913981196e-01, -1.7307658833775530e-01
28, 25, 7.9322329155993312e-02, 9.8797865186335446e-02
28, 26, 4.7477067549199758e-01, -6.3588661397327018e-01
28, 27, 3.4589873176218144e-03, -9.2787270294944629e-02
28, 28, 1.6638770817956045e-01, 6.4891584484138187e-01
29, 0, -1.3416294174169371e-01, 0.0000000000000000e+00
29, 1, -8.9756475551029252e-03, -1.7575119285378824e-01
29, 2, -1.8848145829095886e-01, -1.8965887004337899e-02
29, 3, -1.1084463645280693e-01, 3.5295406567443466e-01
29, 4, 1.4574068324504508e-01, -1.4043716022953756e-01
29, 5, 1.2803228368851874e-01, 1.4488425355565074e-01
29, 6, 6.0792250254067912e-02, -9.8260208441854041e-02
29, 7, 2.8729156942637851e-01, -1.7896533489005856e-01
29, 8, 5.4547936769687951e-02, 1.7714860323462398e-02
29, 9, -1.3417558097185503e-01, -3.9817234252599426e-01
29, 10, -1.7999609127204841e-01, 1.1048873621001593e-01
29, 11, -3.9628549183004280e-01, -1.1266512833919703e-01
29, 12, 2.0771119450830094e-01, -1.0838293512801406e-01
29, 13, -2.4189060109416546e-01, -2.1836333462936251e-02
29, 14, 2.3466926543142613e-02, -1.5079368152985007e-01
29, 15, -1.0311742902729154e-01, -1.2570975602898124e-01
29, 16, -1.0217524223751932e-01, -5.5713977139438750e-02
29, 17, -2.5927989468183574e-02, 9.9350960776183703e-02
29, 18, 2.8624937151044853e-02, 7.6115397294461734e-02
29, 19, 2.1183387333526515e-01, 5.3743129407590864e-02
29, 20, 1.1178314538386715e-01, 4.9401525455413237e-02
29, 21, 1.7103205675726812e-01, -3.3211381321132277e-01
29, 22, -1.5966645020216919e-01, -2.5250525183418245e-02
29, 23, -3.5998478541276871e-02, -3.2960402606732431e-01
29, 24, 5.8099585052891173e-02, 3.1116902402168523e-01
29, 25, -3.3968536212433037e-02, -3.2808031756015904e-01
29, 26, 2.0775524386240092e-02, -2.4030053317319550e-01
29, 27, -4.6651111260439865e-01, -6.8264390271155884e-02
29, 28, 1.8266517990140417e-02, 2.9534509660133906e-01
29, 29, 1.5125565696985122e-01, -1.8204443019899735e-01
30, 0, 2.3647170958518454e-02, 0.0000000000000000e+00
30, 1, 1.5553641922921796e-01, -1.1198314333078704e-02
30, 2, 2.2453487510837708e-01, 1.8039252087481167e-02
30, 3, 5.6792677340535891e-02, 4.5768018354149745e-02
30, 4, 2.7686875583481996e-01, -2.5463406836686803e-01
30, 5, 1.0438048358328912e-01, -1.2456384728975271e-01
30, 6, 8.0699934691384631e-02, -3.6497454725059969e-01
30, 7, 3.8088999465946530e-02, 7.0377011531832165e-03
30, 8, -2.4952517033764228e-02, -1.4810167617783043e-01
30, 9, 1.1846755999124567e-01, -7.1923235946870626e-02
30, 10, -7.2891169940446005e-02, 2.6158034441478162e-01
30, 11, -1.3676067372111878e-01, 7.1092308388052541e-02
30, 12, 2.9696207013775422e-01, -1.2430336132779016e-01
30, 13, -9.6059306562886138e-02, -2.5164691295835553e-02
30, 14, 1.1045181045725722e-01, 8.2748973643863799e-02
30, 15, -1.0066404914428438e-01, 2.9596903101117636e-04
30, 16, 7.7171032326292799e-03, -1.4086815128846866e-02
30, 17, 1.0969179849186560e-01, 1.3051906095782403e-01
30, 18, 4.4915368595986216e-02, 5.0935022761570942e-02
30, 19, 1.5117161169295731e-01, -9.2160839905399736e-02
30, 20, -1.6129413495781014e-01, -1.1077129235130290e-01
30, 21, 7.7649262222659568e-02, -9.5179975790421284e-02
30, 22, -2.3273800374622466e-01, -8.0807885318503997e-02
30, 23, 1.3365924954972330e-01, -4.6021418940430478e-02
30, 24, -6.1157868808319471e-02, 1.9129444283564362e-01
30, 25, 2.2365006370997542e-01, -2.2401131272696723e-01
30, 26, -1.4938754821057143e-01, 3.1355495819558232e-01
30, 27, -2.7815486015685237e-01, 2.3870946406901333e-01
30, 28, 1.8634067694137546e-01, 3.5806334782774329e-01
30, 29, -1.4959393518234493e-02, -1.0357112839020327e-02
30, 30, -1.0333072457625121e-01, -4.0227934670774193e-02
31, 0, -1.3458378052009237e-01, 0.0000000000000000e+00
31, 1, 4.3575331248827225e-02, 8.5202443743730857e-02
31, 2, -7.4664533718700993e-02, -7.4374309433373129e-02
31, 3, -1.3435394130830586e-04, -4.9551954919288377e-02
31, 4, 5.2864222858240523e-02, -2.3029216118061982e-02
31, 5, -5.7248057067567922e-02, -1.6813376587112050e-01
31, 6, -1.7736459143727096e-02, -7.3696115084539923e-02
31, 7, -1.7998810838967705e-01, 1.2999970178728879e-01
31, 8, 2.5706532285417312e-02, -2.7878415030642978e-03
31, 9, 1.1090889962165082e-01, 4.3750515369239344e-02
31, 10, 6.4175924854893096e-02, 2.4683242722170212e-01
31, 11, 1.4129285461564306e-01, -1.6491891570704681e-01
31, 12, 1.2852872779618971e-01, -1.9928310025301363e-02
31, 13, -4.2590966087638037e-02, -1.3664775484337388e-01
31, 14, -1.5702772726533507e-02, 5.6719621086336547e-02
31, 15, -4.8895789862442182e-02, -4.5911612429690274e-02
31, 16, 1.1523008727884773e-01, 2.6293869095557067e-02
31, 17, 7.3924577535047095e-02, -1.7518339147270939e-02
31, 18, -2.6222282286100455e-02, -2.1080628839657509e-01
31, 19, -6.9173926492751087e-02, -1.1537170152462331e-01
31, 20, -3.5435836581339375e-01, -1.4509352469146719e-01
31, 21, -3.9401957479453895e-02, -7.2773039228917619e-04
31, 22, -8.2078550721576896e-02, 1.7418637385351360e-01
31, 23, 5.5109496359242088e-02, 1.2188575987195777e-01
31, 24, -7.3158678952877254e-02, -1.0111310889924278e-01
31, 25, -2.3260524158147989e-02, 2.9783049785048449e-02
31, 26, -1.5325443594274007e-01, 5.5869777157259833e-02
31, 27, 8.7730395272579670e-02, 1.3940170298093732e-01
31, 28, 3.3010634377069836e-01, 4.0652686183384468e-02
31, 29, 7.4027855141720597e-02, -1.4372264153070319e-01
31, 30, -1.7124866653814859e-02, -2.2224464661596322e-01
31, 31, 9.0299500008281075e-02, 1.4818441317024617e-02
32, 0, -1.3376722578682063e-01, 0.0000000000000000e+00
32, 1, 2.2045643917262658e-02, 1.7192759801675914e-01
32, 2, -1.6369646957696563e-01, -1.4463965439975571e-01
32, 3, 1.5732258623058498e-01, 3.4391695501126453e-02
32, 4, -1.6712541059233621e-01, -5.5820117126135105e-02
32, 5, -7.9785365534816161e-02, 2.9927639634168043e-02
32, 6, 2.3505122781342185e-02, 1.6782236422791863e-01
32, 7, -1.5237942751667910e-01, 1.0962521334599201e-01
32, 8, 2.0627518777872894e-01, 1.6342962765461211e-02
32, 9, 4.0595754033964482e-02, 6.6916365624039104e-02
32, 10, 5.0146644177736996e-02, -5.0819466893832418e-02
32, 11, 1.9312214186707317e-02, -1.5004864653686528e-02
32, 12, -4.8984061619261936e-02, 2.0699588184381362e-02
32, 13, -2.0311312827277953e-02, -3.9560484992943512e-02
32, 14, 1.3972714526723738e-03, 1.7381941319308225e-01
32, 15, -4.1619890874795215e-03, -9.9609529660125248e-02
32, 16, 1.0197161573905529e-01, 2.8068850019512023e-02
32, 17, -1.2074778113480176e-02, 3.5055574108081626e-02
32, 18, -8.3812203914840122e-02, -2.1979706007282079e-02
32, 19, -1.7836184823613169e-01, 1.2716701472792330e-01
32, 20, -2.0308493182119897e-01, -5.5647947260203182e-02
32, 21, 1.0370942732231829e-01, 1.9962826451530388e-01
32, 22, 8.4192294160155792e-02, 4.3117345761435388e-02
32, 23, 2.7164557291340513e-03, -6.8507723721004651e-02
32, 24, 2.0564704088580285e-02, -1.4668228785849452e-01
32, 25, -1.2463577853128112e-01, 1.4589837039384829e-01
32, 26, -3.2675250522015198e-02, 5.4324558905779238e-02
32, 27, 4.5988358276522923e-02, 1.1662098249076737e-01
32, 28, 2.0504598389902547e-02, -2.6077799614960606e-01
32, 29, -1.0593255347900146e-01, -1.6630155453138223e-01
32, 30, -1.2491824612805219e-01, 4.6105582861099767e-02
32, 31, -8.7936875747227236e-02, -6.9976686194677562e-02
32, 32, -4.0297349608018590e-02, -2.5615158856408707e-02
33, 0, 6.0078981885490941e-02, 0.0000000000000000e+00
33, 1, 6.6068664913642411e-02, 9.8015814889600067e-02
33, 2, -4.9193484422804981e-02, -1.7856429260503348e-01
33, 3, 1.2127308851869487e-01, 6.6707944868357114e-02
33, 4, -4.0486853059083228e-02, -4.6528633036219791e-02
33, 5, 1.1402982780432581e-01, -1.8090635655641847e-02
33, 6, 1.1772328366921453e-01, 2.4834560523785981e-01
33, 7, 6.4363864021860062e-02, -2.3211037979024160e-01
33, 8, 1.2960972573500598e-01, 1.0562862813389068e-01
33, 9, -3.4270218369777325e-02, -6.8749631844739312e-02
33, 10, 1.7492682328405583e-02, -5.2459486679245510e-03
33, 11, -1.1541238236574415e-01, 1.1882467255111666e-01
33, 12, -1.5655930338935592e-01, -3.7912953794305010e-03
33, 13, -3.8274664594317984e-02, 2.1226861232031227e-02
33, 14, -3.8280472246446415e-02, 3.1709289356613032e-02
33, 15, 6.8464894905990573e-02, -7.4033749561022530e-02
33, 16, -4.7757113391816118e-03, 3.8623102201265733e-02
33, 17, -2.0835856031449544e-02, 1.0673360997656145e-03
33, 18, 1.2367305540219400e-01, -3.5822496733090375e-02
33, 19, -1.9266329270903176e-01, 1.3965162000156522e-01
33, 20, 1.0321366510129470e-01, 2.0731423896965744e-02
33, 21, 5.6979352005238210e-03, 2.0057931899801307e-01
33, 22, 5.9443099776848342e-02, -9.8729650660504639e-02
33, 23, 1.9363028632626653e-02, -1.0559316574467673e-01
33, 24, -5.0025718094590083e-02, -5.7384602837385612e-02
33, 25, 3.5053390339823236e-02, 1.1635487702437053e-02
33, 26, 3.9257479019491559e-02, 6.1004540730772772e-02
33, 27, 4.4991294988620034e-02, -3.2037993465309597e-02
33, 28, 2.9736418283660838e-02, -1.3945257156455682e-01
33, 29, -1.2790569330505611e-01, 9.7075441996738038e-03
33, 30, -1.4386872492012726e-01, 1.5201792617057394e-01
33, 31, 1.1701621114521801e-01, 1.1682956881074166e-02
33, 32, -4.8255000252181199e-02, 3.0186640120106067e-01
33, 33, -6.8930176656892758e-03, 1.8787134491959220e-02
34, 0, 1.4131650375730184e-01, 0.0000000000000000e+00
34, 1, -6.4989262080494228e-02, 4.1895340506346725e-02
34, 2, 6.1178993887008974e-02, -5.9657283359152949e-02
34, 3, -4.4421958161276684e-02, 1.5274764803833418e-01
34, 4, 3.1942481279191803e-02, -9.0344265271526836e-02
34, 5, 9.7215367467380479e-02, 5.7270692220106223e-02
34, 6, 8.3034766756888041e-03, 9.2475564020723031e-03
34, 7, 1.1157523925402796e-01, -1.7117481063211187e-01
34, 8, -1.5507812905793979e-02, 2.4216503451949305e-02
34, 9, -7.9478471349583801e-02, -6.5299025810524075e-02
34, 10, 9.6377976124565473e-04, 8.0881770474388437e-02
34, 11, -6.4014926730338720e-02, 1.8757231238082497e-01
34, 12, 6.7286125636895261e-02, 1.8073492739171852e-02
34, 13, 7.2094469526975041e-02, 5.0088655228632831e-02
34, 14, -1.1630600480024525e-02, -1.0898419470311754e-01
34, 15, 5.9666633769421766e-02, -6.9260441996125258e-02
34, 16, -1.8277843574417496e-01, 1.0353230529789445e-02
34, 17, 7.2475698709549771e-02, -5.5648887727531057e-02
34, 18, 2.0363801204352834e-02, 7.7571697824313862e-02
34, 19, -1.8224975462854554e-02, -1.5725647921425506e-01
34, 20, 9.6644587110421704e-02, 7.1994524478688843e-02
34, 21, -4.9788233846830843e-02, -5.6085517970745041e-02
34, 22, 8.6750553321714705e-02, -6.6751254629143095e-02
34, 23, -1.0946839490697617e-01, 2.7154370985300304e-02
34, 24, -5.1997559626992540e-02, -1.2694524951666168e-02
34, 25, 7.2187459512877500e-02, 4.2784616733340899e-02
34, 26, -7.8997631194278287e-02, 9.2951542578831592e-02
34, 27, 1.0600602537083403e-01, -9.4123885561952336e-02
34, 28, -4.5723822819950272e-02, -8.4396517093395518e-03
34, 29, -8.6486143069992361e-02, -9.3917416987047503e-02
34, 30, -1.3028952443180666e-02, 1.4748695469607578e-01
34, 31, 1.8350799825421127e-01, -5.8427772022203124e-02
34, 32, -5.9027774121088269e-02, -6.3281600813480179e-02
34, 33, 2.7130272236394526e-01, -1.1728552819892969e-02
34, 34, 1.3129947406299330e-02, -1.3016059005639007e-02
35, 0, -2.4413179144791165e-02, 0.0000000000000000e+00
35, 1, -4.9632383226687081e-02, -8.3666997557055436e-02
35, 2, 5.4290242691024809e-04, 5.6280648425468913e-02
35, 3, -2.6727375589704269e-02, 7.1098455697489779e-02
35, 4, 1.3162188583284667e-01, -6.3662172527132160e-02
35, 5, -1.1709771835571217e-02, 1.4344497803795536e-01
35, 6, -9.1010981951560627e-02, -1.1408168895105607e-01
35, 7, -2.0188026273712422e-02, 4.1900134747691151e-02
35, 8, -1.0839154991984644e-01, -5.9727448767202311e-02
35, 9, 1.6556508898442381e-02, 1.9300612428805552e-02
35, 10, 3.9088134622824407e-02, 5.7889722101123531e-02
35, 11, 6.6764012422342381e-03, -2.7862293134525290e-03
35, 12, 9.1944695754486785e-02, -1.9854602464748135e-02
35, 13, 1.3310225586922693e-02, 1.4054990701003831e-03
35, 14, 5.5070798515791858e-02, -3.5427949250441668e-02
35, 15, -5.4877597768143868e-02, 1.1160873966792881e-01
35, 16, -9.3170620170074742e-02, -7.9120243617979702e-02
35, 17, 1.0479960677089666e-01, 2.1590902300669082e-02
35, 18, -1.0280352279576058e-01, 3.1528342030706612e-02
35, 19, 3.7508448142742526e-02, -5.4112175973406521e-02
35, 20, -1.1122117620388042e-01, 1.0332604587309521e-01
35, 21, -4.2869698910365475e-02, -1.6105191726133475e-01
35, 22, -3.2818630333881736e-02, 8.8960959488025959e-02
35, 23, 1.2588194541009370e-02, -7.8587097663520900e-02
35, 24, 9.9310001483937552e-02, -1.0797161314677261e-02
35, 25, 2.7472695736050469e-02, 2.6893286561988927e-02
35, 26, -1.5409907634055368e-02, -5.1673992614379216e-02
35, 27, 3.9889529207795787e-02, 4.0207094664778030e-02
35, 28, -8.5749605365702627e-02, 4.4680295683048807e-03
35, 29, 6.2293228122673433e-02, 1.2386276691718517e-02
35, 30, -7.6875314963441119e-02, 6.5128285783814771e-02
35, 31, 5.4530329623444687e-02, -1.6373614119350868e-02
35, 32, -1.1759596549875483e-01, -1.3655524123974649e-01
35, 33, 3.2831715846475366e-02, 1.2928040771446897e-01
35, 34, -9.2969464328041679e-02, -1.7461937695357257e-01
35, 35, -7.5364229450869083e-02, -4.0811781834166144e-02
36, 0, -1.1922635607733817e-01, 0.0000000000000000e+00
36, 1, 4.8101150558224344e-02, 1.0907136805145982e-02
36, 2, -8.3278570685113421e-02, 7.7116111816644212e-02
36, 3, 5.4658159549112635e-02, -3.7042046912207444e-02
36, 4, 1.2077330599258702e-01, 1.6845340744463561e-02
36, 5, -6.5248364496657774e-02, -9.1684317416951752e-03
36, 6, 7.7667533295274011e-02, -1.0915237188716714e-02
36, 7, -1.3064328913010181e-02, 7.7711064290496373e-02
36, 8, -4.2058521665864004e-02, 1.4010715831122164e-02
36, 9, 8.5439152478966857e-02, 2.0826355506989996e-02
36, 10, -2.7495417247296892e-02, -5.2822668982879725e-02
36, 11, 4.1066372740674421e-02, -3.0865022198738622e-02
36, 12, 6.1852752000244454e-02, 1.5746526851621121e-02
36, 13, -1.2256931865927691e-01, -1.0323793830013440e-01
36, 14, 7.0443962020713596e-02, 4.1556561314725890e-02
36, 15, -1.8756092766195245e-01, 7.1952411510123992e-02
36, 16, 1.0989695118834347e-01, 3.7400161222121194e-03
36, 17, -1.0044229330647907e-02, 7.1769668860198615e-02
36, 18, 2.5527482013808448e-02, -9.9680044796250658e-02
36, 19, 4.7087458264190460e-02, 6.8747591949280595e-02
36, 20, -1.2658913128805913e-01, -6.8086445035374310e-02
36, 21, -6.2202904488033145e-02, 3.3298453694827743e-02
36, 22, -4.2050168975624788e-02, 6.7185242335764783e-02
36, 23, -5.3713102649126472e-03, -7.6964224109161788e-02
36, 24, 6.5799391838007565e-02, 3.7100302238414470e-02
36, 25, -3.1186852462251363e-02, -4.9886787545782331e-02
36, 26, 2.1000698272777844e-02, -4.1269468486823668e-03
36, 27, -2.6817087440841596e-02, 2.7706165638111138e-02
36, 28, 1.5055266782250797e-02, -1.2617210266640283e-01
36, 29, 7.7573740044619949e-02, 1.4821764217227140e-01
36, 30, 2.9445324626244745e-02, -1.1389551433974969e-01
36, 31, 6.3181469091001780e-02, 1.0557560926957393e-01
36, 32, -1.0706420225415519e-01, -2.4574098003398253e-02
36, 33, -2.0586388824462745e-02, 1.6917113518087901e-01
36, 34, 4.0765177928868447e-02, -9.6630253765001339e-02
36, 35, -9.7922215472473220e-02, 1.0132820510674879e-01
36, 36, 4.1019842678297266e-02, 1.4633539903551765e-01
37, 0, 4.7973515101690546e-02, 0.0000000000000000e+00
37, 1, 6.7403717247327979e-02, 1.1809034613150379e-01
37, 2, -6.2294838774234459e-02, 2.5071896947871666e-02
37, 3, 9.3852067017695037e-02, -2.4818233527311200e-02
37, 4, -4.2564682984391949e-02, -2.3785187454773270e-02
37, 5, -6.1897232991256088e-02, -6.4389268810186015e-02
37, 6, 8.6200926429093036e-02, 4.8077925928756010e-02
37, 7, -5.4500473034786057e-02, 8.0001908208287113e-03
37, 8, 1.1904806424906865e-01, 2.9610792349090975e-02
37, 9, 4.2050997308616229e-02, 2.4840528328827275e-02
37, 10, -9.6157706080595047e-03, -1.3447475891539690e-03
37, 11, -6.7056521675449940e-02, 3.7924055387990534e-02
37, 12, -2.6066659658324526e-02, 8.9316645273584239e-02
37, 13, -1.4639687984825372e-02, -6.1081198991660784e-02
37, 14, 1.5733722296696229e-02, 1.4043558144557577e-01
37, 15, -3.8007542899233186e-02, -1.2346737577943207e-02
37, 16, 9.6333116650562114e-02, 1.0877244001549250e-02
37, 17, -3.5099831920041180e-02, -6.8030254560486045e-02
37, 18, 8.5723350671404436e-02, -4.8488713372473333e-02
37, 19, -4.3313607147309668e-02, 4.9924322686238670e-02
37, 20, -4.1851098881413619e-02, -6.7191945095367481e-02
37, 21, 6.2302824672986080e-03, 5.8595891663590909e-02
37, 22, -4.1355306883352747e-02, -3.4927804461563003e-02
37, 23, 8.9992543622211221e-02, -2.1884050930697306e-02
37, 24, -8.1490400406343533e-04, -1.1306369758178600e-02
37, 25, -3.3118861237786540e-02, -3.4744785918582335e-02
37, 26, 4.8070594453963819e-03, 3.7038843346129419e-02
37, 27, -8.9075543805769652e-02, 3.3392279149401682e-02
37, 28, 1.0996492576415490e-01, 5.9668208807137461e-03
37, 29, -4.6496592575485746e-02, 5.5610034950829508e-02
37, 30, 7.4043335625468679e-02, -1.4531981958768780e-01
37, 31, -9.0497854297345096e-02, 6.4427615030143909e-02
37, 32, 8.6451192748832097e-03, -6.5700494785670041e-02
37, 33, 1.2849546196034445e-01, 1.0176528007541036e-01
37, 34, 5.6449937599594407e-02, -1.6571234300543108e-02
37, 35, -1.2937807910061061e-01, -6.0593044964876094e-02
37, 36, 1.7089553386503786e-01, 1.0573711156808185e-01
37, 37, 5.0040114537320157e-02, -3.7923112414660683e-02
38, 0, 7.3957845209834713e-02, 0.0000000000000000e+00
38, 1, -1.8254343109516943e-02, 2.7084177532090768e-02
38, 2, -2.0209462562356041e-02, -4.5177912426688366e-02
38, 3, 7.8042959500180503e-02, 4.9993476505884029e-03
38, 4, -9.1792579974934785e-02, -4.8588606422805269e-02
38, 5, 5.7437908671967318e-02, 2.8459656293037844e-02
38, 6, -2.5956780223497088e-02, 9.2313784469558083e-02
38, 7, 4.0102150667340714e-02, -7.8045097296521079e-02
38, 8, 6.6781998060808645e-02, -2.2532279276453057e-02
38, 9, -6.8226926337854529e-03, -7.1193177632719179e-02
38, 10, 9.3635736079044421e-03, 6.9060219501007542e-03
38, 11, -4.0394529348930570e-02, 5.0542956342195369e-02
38, 12, 1.8059135889004975e-03, 5.4158173279127392e-02
38, 13, -2.0544127943587356e-02, 6.2720903149599508e-02
38, 14, -4.5653992351452316e-02, 4.2859647216645869e-02
38, 15, 3.9864205909523207e-02, 5.9123572125392536e-02
38, 16, 3.2836647905468724e-02, 4.5982533194181621e-03
38, 17, -4.0855757000993184e-02, -4.0285909993645300e-02
38, 18, 9.2323616125802536e-03, 2.9870381489189246e-02
38, 19, -7.2826872155630107e-02, 6.1386876750365096e-03
38, 20, -4.1411119536598609e-02, 2.7490121902988805e-02
38, 21, 7.9882376234746474e-03, 4.9635733340200987e-02
38, 22, 6.4373485369399241e-02, 1.0207327495481713e-02
38, 23, 1.5074122505739609e-02, 5.7352059387293042e-02
38, 24, -4.3977086042314643e-02, -2.2002405428602823e-02
38, 25, 1.4724855541290351e-02, 2.9882525830102549e-02
38, 26, 1.1460160690592733e-02, 6.3147516784191185e-02
38, 27, 1.0213527841923638e-02, -8.4734704645427025e-02
38, 28, 3.6729553096821591e-02, 6.8713119253854912e-02
38, 29, -6.9651473687587340e-02, -9.5222406120099565e-02
38, 30, 7.8530407699853408e-02, 6.4947715709396142e-02
38, 31, -1.5122026345869788e-01, -4.0489865636529343e-02
38, 32, 6.7813180225881231e-02, 6.6087067730598529e-03
38, 33, -4.4175612345860454e-02, -2.3039863270482082e-02
38, 34, -7.7044739189117140e-03, -7.7545163062856248e-02
38, 35, -9.1459189648430944e-02, -4.5488295043807345e-02
38, 36, 3.1594596148936983e-02, 9.1191098566045542e-02
38, 37, -2.3515331182326897e-02, -1.6498420206582914e-01
38, 38, -8.3422231256878976e-02, -3.1935086883533824e-02
39, 0, -9.6832668225085711e-03, 0.0000000000000000e+00
39, 1, -6.3951109872174811e-02, -6.8849799050499108e-02
39, 2, 5.2777295780225540e-04, -3.2215867980387558e-02
39, 3, -5.8265262357106076e-03, 7.0314360874216431e-03
39, 4, -4.0036097627158297e-03, -2.7379616873875239e-02
39, 5, 4.1542012052917812e-02, 1.1677891652514627e-01
39, 6, -3.8208061636049007e-02, 1.6498408253558292e-02
39, 7, 4.5240397976083341e-02, -1.4059902487748015e-02
39, 8, -5.3559510674259361e-02, -8.9621403476846453e-03
39, 9, -2.8893044660496012e-02, -2.1488065829590695e-03
39, 10, -4.2575225450690632e-02, -1.1414731004490265e-02
39, 11, -3.4629861470965050e-02, 4.1200703714863812e-02
39, 12, 3.1340493752293544e-02, 2.0154420484047954e-02
39, 13, 1.9797700512778876e-02, 4.2496623241462861e-02
39, 14, -4.4785976961159504e-04, -3.7775627649364159e-02
39, 15, 3.0011367868235078e-02, 9.0494063900793918e-03
39, 16, -4.8810808822710210e-02, 7.4211871887509741e-03
39, 17, -1.5998239368689954e-02, 3.2255002470558888e-03
39, 18, -3.4434138944944376e-02, 8.3625704601377901e-02
39, 19, 4.1992738556167891e-02, -1.4640846742633780e-02
39, 20, -1.6745203362543162e-02, 5.3009599712920033e-02
39, 21, 3.4004171009156134e-02, -4.6299397616220518e-02
39, 22, 4.1508472032457021e-02, -2.1895307803607017e-03
39, 23, -3.0179949803625414e-02, -8.3214240399518795e-03
39, 24, -3.2696314255832290e-02, -1.4601025867137518e-02
39, 25, -7.5469342091441516e-04, 5.4048629998611493e-02
39, 26, -6.6745641267983592e-03, 3.6621785106233044e-03
39, 27, 5.6703426158283117e-02, -6.8372880856789886e-02
39, 28, -1.0406493930026943e-01, -1.5342761487109093e-02
39, 29, 3.8440579146543835e-02, -1.1706777477509683e-01
39, 30, -8.6100598648405691e-02, 1.0999545450247748e-01
39, 31, -2.9467888996156051e-02, -9.8668687231038305e-02
39, 32, 2.0718337829743971e-02, 1.2707286872613743e-01
39, 33, -7.3124479099365675e-02, -7.6013035656591441e-02
39, 34, 3.5726678918641223e-02, 4.2908220678170281e-02
39, 35, -6.8647693356918837e-02, -4.5544382785349953e-02
39, 36, 1.7085545766764861e-02, 3.4640115243374230e-02
39, 37, 2.3052492066612387e-02, -3.0589071655263325e-02
39, 38, -1.1834477047500552e-01, 7.1729193943158756e-02
39, 39, 9.6816460722446013e-03, 9.0265096117462029e-02
40, 0, -7.6514763788183851e-02, 0.0000000000000000e+00
40, 1, -3.9266407531780637e-02, 7.4569632230113104e-03
40, 2, 1.7105157358772327e-02, 1.7524393567930542e-02
40, 3, 8.4258038482675768e-03, 1.0580070040946493e-02
40, 4, 4.9672607114661552e-02, -2.6328391834901224e-02
40, 5, -1.7766834814879510e-02, 8.1660985409270886e-02
40, 6, 3.0831611562032998e-02, -4.5242074507959244e-02
40, 7, -2.5101126952739188e-02, 3.8941257611886347e-03
40, 8, -6.4338771310852055e-02, 5.1892027285529975e-02
40, 9, -3.4908265830090476e-02, 5.8252906690765396e-02
40, 10, 5.8814643044570233e-03, 7.8981733817161212e-02
40, 11, -2.9630701231000943e-02, 3.6596108241758185e-02
40, 12, 7.3143561239406452e-03, -1.0389146656622147e-05
40, 13, 1.1211903451504832e-02, -1.1291751497082593e-03
40, 14, 9.1965121145570483e-03, -1.1575848856338188e-02
40, 15, 4.7695769970102983e-02, 2.4019363968311627e-02
40, 16, -6.2943923778220778e-02, 3.1811122607926430e-03
40, 17, 2.2670800096596611e-02, 2.2644568016180540e-02
40, 18, -4.2667896621294901e-03, -7.7041866706838921e-03
40, 19, 6.4315389932800573e-02, 9.2440535843348374e-04
40, 20, -3.5497736135732552e-02, 4.9064501114487102e-03
40, 21, -1.7234449741910018e-02, -5.2071301046386187e-02
40, 22, -6.5602421212743942e-03, 1.9794751614302698e-03
40, 23, -3.6630290413468755e-02, -3.9809358941824267e-02
40, 24, -1.1889506150957380e-02, 1.4410980504817400e-02
40, 25, 2.8732457329891801e-02, 3.9220648195392588e-02
40, 26, 4.6790278961265450e-03, -4.4673362280364726e-02
40, 27, -4.4376264321058512e-03, 1.2133816319024385e-02
40, 28, -8.3770996306641907e-02, -6.4687576617209169e-02
40, 29, 6.0432323831664178e-02, 9.6849116439924388e-02
40, 30, -8.6850492863399922e-02, 4.2627122413179785e-02
40, 31, 9.8429027816634068e-02, 1.5061119647069774e-02
40, 32, -5.9916575660159344e-02, 2.0559098163551465e-02
40, 33, 5.4441593987248176e-02, -5.4821635890395459e-02
40, 34, -1.5272993614051546e-02, 1.0231909362478567e-01
40, 35, 3.0892305511298693e-02, -3.7480090254580878e-02
40, 36, 6.6036806212932588e-03, 3.7408181357288718e-02
40, 37, 2.9606137962584218e-02, -5.1304629791951925e-02
40, 38, -4.6973876485451704e-02, 1.6506273835990563e-02
40, 39, 6.8579273822395842e-02, 1.0773850677974952e-02
40, 40, 1.1679936665884402e-01, -6.3409002092892804e-03
41, 0, -3.3942210071791032e-02, 0.0000000000000000e+00
41, 1, 4.4819937161478078e-03, 3.7633816911467034e-02
41, 2, -5.3691660970411795e-02, 3.8107280997221896e-02
41, 3, 4.1902860107370155e-02, -2.8114583366532872e-02
41, 4, -2.7175165018487654e-02, -5.5901522909684231e-03
41, 5, -6.0942375105969560e-02, -1.9183919004562212e-02
41, 6, 3.5729577035851355e-02, -4.7512449824285638e-03
41, 7, -4.1079750299134604e-02, -3.6248269158745468e-02
41, 8, -2.2092697158751617e-02, 3.1538043233424837e-02
41, 9, 2.9345347648319118e-02, 4.0896929474945887e-03
41, 10, 2.2783582776398970e-02, 2.8633010240772073e-02
41, 11, 1.2683070364444726e-02, -5.1021534008194348e-03
41, 12, 3.2024671183194200e-02, -1.1869173130712314e-02
41, 13, -1.6475240102187552e-02, 1.0878411796471213e-02
41, 14, 5.1877084948060925e-02, -3.7173894098808190e-02
41, 15, -4.5992855022543244e-02, 8.2920219395654915e-03
41, 16, 4.0275770177884307e-02, 5.0086611373204226e-03
41, 17, -8.3626466607226949e-03, 2.2017976456718616e-02
41, 18, 4.5861755020042291e-02, -3.7080079966234927e-02
41, 19, -2.1614333954393982e-03, 4.7284260668653509e-03
41, 20, -4.7026492496794817e-03, -3.6893370676005600e-02
41, 21, -3.1375440907897657e-02, 1.7357036503769758e-02
41, 22, -2.8538981199542655e-02, 1.4397970338513109e-02
41, 23, 9.8009371696774067e-03, 2.5057188296899884e-02
41, 24, 8.2911880123031079e-03, 4.2300702451956683e-02
41, 25, 1.5732631849378863e-03, 2.7710950602852603e-02
41, 26, 2.5933060077972095e-02, -3.1049771522657907e-02
41, 27, -5.1737361519276139e-02, 2.8324051813852558e-02
41, 28, 5.9835799972935692e-02, -4.5204401830348385e-02
41, 29, 1.5562443403138521e-02, 4.7040141204015722e-02
41, 30, 1.2069508261091674e-02, -3.4147415278950301e-02
41, 31, 3.1206371141863497e-02, 5.6047294448975007e-02
41, 32, -6.2115888778142676e-02, -8.2187651693315406e-02
41, 33, 6.6993677041750369e-02, 3.7441265801375627e-02
41, 34, -6.2278643821749080e-02, 2.8366784839255081e-02
41, 35, 7.7603911430039002e-02, -1.5175252881917232e-02
41, 36, -2.5343727186435010e-02, 1.7105445212507838e-02
41, 37, -2.6787381712656759e-02, -5.4734698851148039e-02
41, 38, -2.3033887486451413e-02, 2.7943889609379303e-02
41, 39, 2.0538723601963488e-02, 2.4957542564554142e-02
41, 40, -1.5864119606718310e-02, -7.5374848930715277e-02
41, 41, -4.0294448192897007e-02, -7.6949514838620836e-02
42, 0, 3.5166331848586682e-03, 0.0000000000000000e+00
42, 1, -1.0888666349802914e-02, 4.5231302850815914e-03
42, 2, -4.8648716029098798e-03, -3.4667498992096583e-02
42, 3, 4.8114280071256468e-02, -1.1250057720338819e-02
42, 4, -6.6991371447021691e-02, -2.7310628861587007e-02
42, 5, -2.6243721925231177e-02, 3.3932543457175217e-02
42, 6, 8.5049588171845145e-03, 1.0202636925931222e-05
42, 7, -2.5921099237480868e-02, 3.2763607968319917e-03
42, 8, -1.4790693906414250e-03, 2.3770094839544741e-02
42, 9, 1.0281767413918279e-02, -4.5114586529339251e-04
42, 10, 4.1524045609465350e-03, -5.5968155060026788e-03
42, 11, 3.9497368726291913e-02, -2.5747231724999049e-02
42, 12, 1.0478198791674718e-02, -8.8249346424447671e-03
42, 13, 9.8778044743906730e-04, 1.3303186034493559e-02
42, 14, 3.4714583361225945e-02, 3.0404359125344099e-02
42, 15, -5.0402274720121917e-02, -8.6557955162402216e-03
42, 16, 6.2977462636172959e-02, 4.3151263385616725e-03
42, 17, -7.4109565915161935e-04, -1.4745278674546791e-02
42, 18, 4.1856187088533281e-02, -3.4354409405741075e-02
42, 19, -2.8355391237738257e-02, 2.0990256450827499e-02
42, 20, -1.1303979856270760e-02, -2.4600748738544571e-03
42, 21, -3.7256722908172460e-02, 2.3509779308319902e-02
42, 22, 1.8980332805489948e-02, 3.0842474896203374e-02
42, 23, 4.3092086070527766e-02, 1.5769391540252357e-02
42, 24, 1.9248627809281944e-02, 2.3512262781614397e-02
42, 25, -8.0358546217922187e-03, -1.9292649116855191e-02
42, 26, -1.4702589362766413e-02, 3.4520498553918408e-02
42, 27, -1.1699420902653201e-02, -7.9304892087933565e-05
42, 28, 5.7769594338511726e-02, 2.2756014175088241e-02
42, 29, 2.7593930669634228e-03, 1.7991748320008022e-03
42, 30, 4.7980949306493374e-02, -2.6768766835422619e-02
42, 31, -4.1551147900329460e-02, -7.6065180142791955e-03
42, 32, 4.7532432110329939e-04, -5.6260290579443796e-02
42, 33, -6.0239803166692904e-02, 7.4818395338777891e-02
42, 34, 2.6530972425920585e-03, -8.1219294895902537e-03
42, 35, 6.5229101194424752e-02, 1.7964862124056680e-02
42, 36, -2.0785565778401804e-02, -3.1090166836300673e-02
42, 37, -6.2271972401300099e-03, 1.0092616567185336e-02
42, 38, -7.7154010622760248e-03, 4.6824176829950638e-02
42, 39, -4.4960582776994943e-03, 7.1695948801832419e-03
42, 40, 3.9333317302425189e-02, -5.8652390377493986e-02
42, 41, -4.5270632909167247e-02, 6.7466628371264839e-02
42, 42, -2.8047193158663761e-02, 4.0555770117995431e-02
43, 0, -2.3193300481776112e-02, 0.0000000000000000e+00
43, 1, -3.9962365424255131e-02, 1.9788455202068858e-02
43, 2, 1.0848049015279894e-03, -6.0830866174903894e-02
43, 3, 3.1368092117842444e-02, -8.3304349704840623e-03
43, 4, -3.3813344533254110e-02, -2.7919890163993544e-02
43, 5, 2.0421263148710039e-02, 3.0967703601441746e-02
43, 6, 7.2055166660010741e-03, 2.0659048815395181e-02
43, 7, 1.0093153977023164e-02, 2.6465281008270530e-02
43, 8, -4.3638163184948793e-03, 1.3605233746160184e-02
43, 9, -3.3696624596661076e-02, -3.1725658601701172e-02
43, 10, -1.5999967687254663e-02, -3.2030143349203923e-03
43, 11, 7.3119655259476155e-04, 5.8994816476924342e-03
43, 12, -1.5046390578727260e-02, -9.7369348400851118e-03
43, 13, 1.6947684425042176e-02, -2.9229570348787734e-03
43, 14, -1.1636458576914128e-02, 1.6260670892469707e-02
43, 15, -1.0897196405446544e-02, -2.1296966444355636e-02
43, 16, 2.2187902767802015e-02, 4.6661139668871879e-02
43, 17, -8.2575723060005941e-03, -3.2310778966222940e-02
43, 18, -1.0239739381511237e-03, 2.9331357947220867e-03
43, 19, -1.4855623920841869e-03, 4.0324970353534953e-02
43, 20, -3.2148511526748299e-04, 1.9799062781337876e-02
43, 21, 6.6153169083403018e-03, 3.0355289540491555e-02
43, 22, 1.9838547642883158e-02, -1.3773094131585119e-02
43, 23, 4.7676345017662242e-02, -5.6158170187596522e-03
43, 24, 1.0032436853516638e-02, 6.2057036603437596e-03
43, 25, -1.8074094739656599e-02, -3.5721701685204027e-02
43, 26, -8.1972143611255543e-03, 4.4949807221764324e-02
43, 27, 2.2703650389772408e-02, -4.6852103881437110e-02
43, 28, 4.5033597656367760e-02, 2.0455200234519161e-02
43, 29, 2.0492383946672022e-03, -5.9478791151184193e-02
43, 30, -3.3678413345715079e-02, 1.8264190395198242e-02
43, 31, -5.0797468810103295e-02, -7.5200789846566526e-03
43, 32, 8.6680518218592816e-03, 3.3398904761024154e-02
43, 33, -3.0968257850575553e-02, 2.8586584802252596e-02
43, 34, 8.0055747268088104e-02, 1.1984317419762167e-02
43, 35, -4.1765261279632308e-02, -1.6552572784333499e-02
43, 36, -4.3540309656670455e-03, -3.8037054472513140e-02
43, 37, -1.5963172663705984e-02, 2.5444641613067673e-02
43, 38, 3.1972351049186748e-02, 2.3254889300066469e-03
43, 39, 3.9484052330774365e-02, -1.2773414449607797e-02
43, 40, -6.8537799905559471e-03, -3.5075276347721770e-02
43, 41, -2.5167199627474927e-02, 2.7280353079629522e-03
43, 42, 3.9823939603872177e-02, 2.0661640712158369e-02
43, 43, 4.9445841551722811e-02, 1.7462595818696313e-02
44, 0, -3.0499428040411843e-02, 0.0000000000000000e+00
44, 1, -4.7170715204893507e-02, 3.9333817868618184e-03
44, 2, 2.0091639094481750e-02, -1.4040600851924767e-03
44, 3, -2.9195788394580556e-02, 1.5028705731645303e-02
44, 4, -2.5390937393692317e-02, -1.2464938467532426e-02
44, 5, -1.7015711466229825e-02, 2.8439960655735577e-02
44, 6, 3.2100903517939913e-02, -2.6571026651322133e-02
44, 7, 2.8955426752847860e-02, -1.8661166326526701e-02
44, 8, 2.8706076181760388e-03, -2.7501688329886122e-02
44, 9, 9.0783065786872591e-03, -1.8855282262054716e-02
44, 10, 5.5985658929938592e-03, 1.6622643681327556e-02
44, 11, -2.0327354176907737e-02, 4.9820052094068222e-02
44, 12, 9.4144782932649024e-03, -8.7735426148046192e-03
44, 13, 2.1180265484890416e-02, 2.4003905924509666e-02
44, 14, -8.5089377469210921e-03, -3.4072290681336742e-02
44, 15, 2.5294509881349424e-02, -2.5181238315276869e-02
44, 16, -2.6445388217828242e-02, -2.1640902753505640e-03
44, 17, -1.4920612348512812e-02, -6.8320744785016867e-03
44, 18, -2.8946437572217383e-02, 1.4735110028562854e-02
44, 19, -1.3822422520328538e-02, 3.4429724131079449e-03
44, 20, 2.6128997673755868e-02, 3.1396826259455703e-02
44, 21, 7.4461568719898300e-03, -1.2468636876905595e-02
44, 22, -1.2674924199545733e-03, -9.4220091460682671e-03
44, 23, 2.0675648694804573e-03, -5.7353010888642553e-03
44, 24, -2.3071576705753272e-02, -1.7403901045275491e-02
44, 25, 5.7381464043087475e-03, 1.9421722565664080e-02
44, 26, -1.1952732542049222e-02, 2.5734539590651556e-02
44, 27, 3.2945505544760598e-02, -1.0352454579167357e-02
44, 28, 3.9589297891862007e-03, -5.6846589029457559e-03
44, 29, 3.2394855351594205e-03, -3.3107022036591514e-02
44, 30, -4.6375136998282995e-02, 1.9906094161639260e-02
44, 31, -1.1674369856571897e-02, 6.7102337399425668e-03
44, 32, -2.7889909284616841e-03, 3.4172828825415280e-02
44, 33, 3.8772907803483268e-02, -1.2139153037600953e-02
44, 34, 2.8446463127993614e-02, 1.9050442517398229e-02
44, 35, -3.0207533149344639e-02, -4.5375661598810124e-02
44, 36, 2.1956933754960200e-03, 1.5418217590412585e-02
44, 37, -4.2466947958043608e-02, 7.1326148245745794e-03
44, 38, 4.2686438854628098e-02, -1.8240819784193341e-02
44, 39, -1.9537550361823423e-02, -1.6977761906066726e-02
44, 40, -3.9786945570665963e-02, -6.3388152719983694e-03
44, 41, 1.0007593086947215e-02, 2.2553097434743756e-02
44, 42, -1.4057009021219386e-02, 4.8862349259902920e-03
44, 43, 3.4204536241556564e-03, -2.9218892202642531e-02
44, 44, 2.1917790112565057e-03, -9.2655898107638426e-02
45, 0, -1.3426509888627666e-02, 0.0000000000000000e+00
45, 1, -4.1578513404303043e-03, -2.6097584226462769e-02
45, 2, 2.6174328626968731e-02, 2.1332396501488580e-02
45, 3, 6.6242669494024492e-03, -1.4680903409200217e-02
45, 4, 3.5291597274308348e-03, 4.0328895628701476e-05
45, 5, -1.7491640236431731e-02, -9.7674215731962440e-04
45, 6, 3.6285112001114839e-03, -1.2732816961640865e-02
45, 7, -6.4605533130357023e-03, -2.8588893413468777e-02
45, 8, 4.6286012872410257e-03, -6.3582153983130964e-03
45, 9, 5.0660594101399510e-03, -2.1449143540572996e-02
45, 10, 1.6561064566652753e-02, 4.0800313947275985e-02
45, 11, 1.2712217552584712e-02, 1.7379637060568866e-02
45, 12, 4.3796392429637260e-02, -1.3351660241507295e-02
45, 13, 2.1713355157463480e-02, -4.4451738862574825e-03
45, 14, 1.7398076141915823e-03, -3.2554031401412352e-02
45, 15, 9.8549389558346256e-03, 4.6919650086722595e-02
45, 16, -2.5968635881995793e-02, -1.5512502910283575e-02
45, 17, 2.3493598578006088e-03, 2.6776540918800176e-02
45, 18, -3.5494934202452685e-02, -1.1740989946990724e-02
45, 19, 7.3580231625810164e-03, -5.5834292819567470e-04
45, 20, -3.2888393409233091e-04, 4.9630937527555090e-03
45, 21, -4.5601908807871685e-03, -3.2748681292987740e-02
45, 22, -3.2018031970018984e-02, 2.3995628630440174e-02
45, 23, -1.7961569922719040e-02, 7.5081192588225673e-03
45, 24, 1.8254375785312759e-03, 1.2451172478189450e-02
45, 25, -2.0300810857076638e-02, 1.7928340773322567e-02
45, 26, -1.0311603393576407e-03, 2.5142457492800512e-03
45, 27, 1.5657035872336744e-02, -9.8556752579514705e-03
45, 28, -2.3275926849176242e-02, -2.7780212539033362e-02
45, 29, 8.8549751101050355e-03, 1.9008179896686215e-02
45, 30, -1.4561867090040596e-02, 1.6224285540366586e-02
45, 31, 3.1376483268410346e-02, 1.6998375960191325e-02
45, 32, 1.7708780944339662e-02, -1.2592280525907001e-02
45, 33, 4.5887872789500461e-02, -2.1660715056639170e-02
45, 34, -1.9477350908997847e-02, -1.0758115844602697e-02
45, 35, 6.1835877989547053e-04, 8.2518777803297638e-05
45, 36, -1.0959387862250369e-02, 4.4058427255172811e-02
45, 37, 4.9782877963829270e-02, -8.9804400459819397e-03
45, 38, 1.6722065292643744e-03, 1.4171865473812542e-02
45, 39, -3.3233397657433994e-02, 1.4846616877757725e-03
45, 40, -1.8649131813501174e-03, 9.7403277745576541e-03
45, 41, 1.5894436008771645e-02, 4.2734766687538582e-02
45, 42, 1.6729442335846959e-02, -2.6016497247055126e-02
45, 43, 7.3944201913502972e-03, 2.8579992682460816e-02
45, 44, -1.3647703004596884e-02, -4.8386954813110523e-03
45, 45, -5.7878539000791637e-02, 4.3119159936592232e-02
