0, 0, 0.0000000000000000e+00, 0.0000000000000000e+00
1, 0, 0.0000000000000000e+00, 0.0000000000000000e+00
1, 1, 0.0000000000000000e+00, 0.0000000000000000e+00
2, 0, 0.0000000000000000e+00, 0.0000000000000000e+00
2, 1, 5.1358871768527230e+01, 2.7731668605542200e+01
2, 2, 1.0317312139799674e+03, -5.6289363718790923e+02
3, 0, 2.8673793460616787e+02, 0.0000000000000000e+00
3, 1, -1.2781603791147299e+02, -6.0798650370791472e+02
3, 2, 3.0636087911466495e+02, -1.2397787401175202e+02
3, 3, -7.2132950800992899e+02, -4.3826427089267855e+02
4, 0, -1.1330250047064735e+02, 0.0000000000000000e+00
4, 1, -1.3753518790950670e+02, -1.1067307616632350e+02
4, 2, 8.7943672301070265e+01, 2.3269055712141596e+02
4, 3, -2.3451459515458095e+02, 1.0665990438627926e+01
4, 4, -2.4409792511633597e+01, 3.4128870234362478e+02
5, 0, 7.9963411733729330e+00, 0.0000000000000000e+00
5, 1, -2.4137064598316247e+00, -2.2847042218194765e+01
5, 2, 1.0182482480151089e+02, 4.3881119736345916e+01
5, 3, -8.1922708140972148e+01, 3.4500305506399307e+01
5, 4, 1.3909104151167077e+02, 4.6757712720591492e+01
5, 5, 1.2023237465439561e+02, -1.0841769086526412e+02
6, 0, -2.2072742941690816e+01, 0.0000000000000000e+00
6, 1, -6.0768643095122492e+01, 3.5462510154757666e+01
6, 2, -4.4646823050887463e+01, -3.4404639443213647e+01
6, 3, -4.4959786234978168e+01, -1.7796137875965854e+01
6, 4, -2.1862787540997161e+01, -6.4140465254598496e+01
6, 5, -2.8681090811862390e+01, -5.0591824919532336e+01
6, 6, -6.1122793100399093e+01, -1.8436065107722598e+01
7, 0, -1.0650857961833800e+01, 0.0000000000000000e+00
7, 1, -4.0524939522767227e+01, 2.1450630416351672e+01
7, 2, -5.6530764081018404e+01, 3.7418533856874223e+00
7, 3, -1.7106388517474755e+01, 6.8891473328808308e+00
7, 4, -6.9402532877335787e+01, -1.9600249932098404e+00
7, 5, 5.8880427938608575e+00, 3.9192108576237786e+01
7, 6, 2.3078902584389173e+01, 5.0780103051814564e+01
7, 7, -5.9347291951013785e+00, 3.7154995602754397e+01
8, 0, -8.7474123754116118e+00, 0.0000000000000000e+00
8, 1, 1.4777456647079341e+00, -9.9893772735644717e+00
8, 2, -4.0562317473251014e+01, -1.0735842520201947e+01
8, 3, 2.9376254977131566e+01, 3.2325636054215856e+01
8, 4, -3.3431649734680505e+01, 4.1078348262412643e+00
8, 5, 6.6033830147965801e+01, 4.3258975239128901e+01
8, 6, 1.3469156507535176e+01, 3.5749088657798197e+01
8, 7, 1.3075169094361602e+01, -3.1884492541442032e+01
8, 8, 1.5961116550427059e+00, 6.1354430134422087e+00
9, 0, 5.0307940409448832e+00, 0.0000000000000000e+00
9, 1, -3.0174882047599194e+00, -4.9018477248732317e-01
9, 2, -2.4390760751621766e+01, -4.6026997461210044e+00
9, 3, 1.6647449256426473e+01, 1.4980019611745178e+01
9, 4, -6.8733430378770581e+00, -2.9491880657766171e+01
9, 5, 3.8043316251319190e+01, 3.0585962792491504e+01
9, 6, -1.2584101777644943e+01, -3.8098156732365123e+00
9, 7, 1.3034303844747445e+01, -2.3847144365052515e+01
9, 8, -2.7294724834713339e+01, 5.5866480614616787e+00
9, 9, 1.9023303644608227e+01, 8.6607427280006988e+00
10, 0, -8.7129717986632613e+00, 0.0000000000000000e+00
10, 1, -1.1293929817663543e+01, -3.8272607565069352e+00
10, 2, -2.2538830992530530e+00, 1.6805252716004407e+01
10, 3, 9.1227988119756134e+00, -5.4305879512945614e+00
10, 4, 1.8469347255833910e+01, -2.4738376964178430e+00
10, 5, -8.1767815892501812e+00, 1.5658781947417696e+01
10, 6, -8.8327774071990675e+00, -1.9769802389556524e+01
10, 7, -5.7509376157424210e+00, 7.1222678657182463e+00
10, 8, -8.1586873118545213e+00, -1.2028639221552959e+01
10, 9, 1.9891577464268078e+01, 1.8654031064136745e+01
10, 10, 4.6288450396053902e+00, -9.8023960942335595e+00
11, 0, 3.4071537108974104e+00, 0.0000000000000000e+00
11, 1, 7.4772488574321416e+00, 2.1670180633512377e+00
11, 2, 3.3027627717463202e+00, 1.3857128498004627e+01
11, 3, 1.5967721589232541e+01, -1.0829442829041307e+01
11, 4, 2.0248012768371350e+01, 8.9921750888768006e+00
11, 5, -1.5364052873854465e+01, -1.1756568386924050e+01
11, 6, 4.8089203960925664e+00, 1.2387993893202145e+00
11, 7, -8.9558902308150259e+00, 9.5830365553085670e+00
11, 8, 1.5639888012543118e+01, -8.0660389450508134e+00
11, 9, 4.4675463284718537e+00, 5.0495218637411003e+00
11, 10, -1.8550656596287309e+00, -2.4312451036773130e+01
11, 11, 1.1140200616535716e+00, 4.3594371204191189e+00
12, 0, -1.3416049622444801e+00, 0.0000000000000000e+00
12, 1, 1.2000560716157473e+01, -1.2429904421450155e-01
12, 2, 1.5716778564715983e+00, -5.0724758416125200e+00
12, 3, 1.4652924870578063e+01, -2.8831099213139604e+00
12, 4, 1.9642681134843727e+00, -1.7785217702997966e+00
12, 5, -5.8332907658497710e+00, -1.0465425713406008e+01
12, 6, 3.6188079587314279e+00, 1.5654098953341789e+01
12, 7, -2.9000949673228131e+00, 2.3223603432633997e+00
12, 8, 1.4446744336374675e+01, 2.7468538183276596e+00
12, 9, -5.6068275952216791e+00, -3.7553909825328464e+00
12, 10, -3.1030089941247492e+00, -1.2889609594459518e+01
12, 11, -8.4136019928420822e+00, 1.7703476501534215e+01
12, 12, 5.2975869026191602e-01, 8.9946054583442170e-01
13, 0, 3.4769926030505212e+00, 0.0000000000000000e+00
13, 1, 5.4114121299755480e+00, -9.0048848843149454e-02
13, 2, -2.5414264120855514e+00, -7.6414682062171995e+00
13, 3, -6.2963914099248197e-01, -5.0890507051666423e-01
13, 4, -5.3635165544892094e-01, -5.2889294552888346e+00
13, 5, -3.8404474005467237e-01, 3.6712818463411439e+00
13, 6, -2.0391572352366421e+00, 8.8586269425453814e+00
13, 7, 6.3980611416662185e+00, -3.2175902115780000e+00
13, 8, 1.7950860087238931e+00, 2.0892919549951866e-01
13, 9, -7.9096418304929301e+00, -5.8620156191528734e+00
13, 10, 6.6679774863432162e-01, 4.9007922885939692e+00
13, 11, -6.1873019329507777e+00, 7.2346312029418529e+00
13, 12, 1.0955212205970582e+01, 3.5827239922268563e+00
13, 13, -4.5781065668839247e+00, -7.4066668173916179e+00
14, 0, -9.8617547158840191e-01, 0.0000000000000000e+00
14, 1, -4.9277216101274037e+00, -1.6615530345878131e+00
14, 2, -2.8177317055033302e+00, 3.2559488569725024e+00
14, 3, -2.5875421147247741e+00, 1.7894902039401162e+00
14, 4, -2.0326775172992879e+00, 6.9902553338993751e+00
14, 5, 3.0735690143815710e+00, 6.6267229476610039e+00
14, 6, 2.1738925133197795e-01, 9.2611792104269619e-01
14, 7, 2.5512510039914833e+00, -1.7225281509955606e+00
14, 8, -6.0377635266098713e+00, -2.9046491399412506e+00
14, 9, -8.6736460751021827e-01, -7.1615092492218997e+00
14, 10, 2.1158957957265345e-01, 1.0708473241805116e+01
14, 11, 5.4838523975358493e+00, -1.6266669575318859e+00
14, 12, 2.6519161536680533e+00, 1.6278253043197084e+00
14, 13, -5.0191813892107966e+00, -1.3754654939159391e+01
14, 14, -4.5439312331761017e-02, 4.8334366648322540e+00
15, 0, -2.5570401706024688e+00, 0.0000000000000000e+00
15, 1, -1.1565222344108153e+00, -1.9093264171334727e+00
15, 2, 2.3886077325891737e+00, 4.2358297959075015e+00
15, 3, 3.0216400968756290e+00, 1.6149198683260650e+00
15, 4, 4.0546947604448436e+00, 5.1522330266458436e+00
15, 5, 5.0858182519402977e+00, 2.9922229918989283e+00
15, 6, 3.0415584069438556e-01, -3.5890407247099017e+00
15, 7, -5.3279971995256457e+00, -2.2360125478140835e+00
15, 8, -6.2655399148849984e+00, -3.0310504723568825e+00
15, 9, 6.5782373207916356e-01, 1.9873714734170982e+00
15, 10, 1.2301142030133903e+00, 9.6494124441539986e-01
15, 11, 4.3856930029606236e+00, -3.2583424156930483e+00
15, 12, -4.5435435803064799e+00, -4.2307625932130879e+00
15, 13, -7.9823158155112939e-01, -4.2032153045011746e+00
15, 14, -1.1480593428460100e+00, 7.4102982722146749e+00
15, 15, 2.5619292842308448e+00, -5.1007082844253848e-01
16, 0, -2.4726249125231341e+00, 0.0000000000000000e+00
16, 1, 1.0617790713074331e+00, 2.5826550449888210e+00
16, 2, 2.9383503443254027e+00, 8.4576197426802935e-01
16, 3, 2.3543612312876974e+00, -2.1025359366148813e+00
16, 4, 4.1084877622055052e+00, 3.5228710247493894e-01
16, 5, 1.7215241881619263e+00, -2.8100700208642349e+00
16, 6, -7.1478017957031614e-01, -1.0509336445736741e+00
16, 7, -2.0649071829220316e+00, -1.3167504171300966e+00
16, 8, -1.2430120407164675e+00, -2.1292520360642735e+00
16, 9, 2.0132378330626501e+00, 4.5130790342196425e+00
16, 10, 2.6984947444737259e+00, -1.4781906931952880e+00
16, 11, 1.2797921990835232e-01, 9.8295825325394992e-01
16, 12, -2.4776856760677699e+00, -3.0676246524145441e+00
16, 13, 3.9398239408831026e-01, 2.9545761541296596e+00
16, 14, 5.0381195008940072e-01, 4.3970407423377198e+00
16, 15, 4.5757777216774063e+00, -1.4962276850642853e+00
16, 16, -9.5862876911870587e-01, -3.8914683626670443e-01
17, 0, 3.6704959645923801e-01, 0.0000000000000000e+00
17, 1, 1.7482415713703316e+00, 2.5836584461094723e+00
17, 2, 9.6143914499250416e-01, -2.2897419623795878e-01
17, 3, 5.9011962999907652e-01, -6.1935552724935117e-01
17, 4, -1.8085446130165184e+00, -1.6623131464025886e-02
17, 5, -2.7630029589169327e+00, -1.0374816359645731e+00
17, 6, -2.4566953004733230e+00, 1.0619655372703773e+00
17, 7, -1.2926413890068191e+00, 1.2080365921139251e+00
17, 8, 1.4410766269105939e+00, 7.9564721330031229e-01
17, 9, 5.9100896625649590e-01, 1.6522754196564411e+00
17, 10, 2.1512110365892529e+00, -9.9193718344316772e-01
17, 11, -1.1587227380422933e+00, 3.7876588907330688e-01
17, 12, -1.1383994305588625e+00, 1.2691161078737306e-01
17, 13, 2.0968194581302497e+00, 3.4454529257438375e+00
17, 14, 1.2726038793240178e+00, 1.8387736979498830e+00
17, 15, 1.3785829113436274e+00, -1.7460084283092283e+00
17, 16, -4.4753662568669030e+00, -2.2928061591310325e+00
17, 17, -4.5766353851827624e-01, -1.2150039936399351e+00
18, 0, 1.0615079055081418e+00, 0.0000000000000000e+00
18, 1, 6.1175971979394494e-01, 2.1908540506885963e+00
18, 2, 2.2673073188680859e-01, -1.2536132971943664e-01
18, 3, 1.1541379957195690e+00, 1.4937471435675742e+00
18, 4, -3.2422727367938982e+00, -5.5014267640189651e-01
18, 5, -7.3555559563340778e-01, 2.2554017355273013e+00
18, 6, -8.2683072347727382e-01, 2.4259149666795281e+00
18, 7, 6.2705618020155074e-01, 5.8473984388154865e-01
18, 8, -3.1869736878290111e-01, 1.0219652886720767e+00
18, 9, -1.7190894281813757e-01, -1.3037132726863740e+00
18, 10, -2.4131579162523220e+00, 4.3534064579735193e-01
18, 11, -1.0770314050664023e+00, 9.2439474385237019e-01
18, 12, -3.2119827918802096e-01, 6.6546597507232352e-01
18, 13, 1.2257334181183130e+00, 8.6593489842429450e-01
18, 14, 1.3916792963605713e+00, -7.7880908434804708e-01
18, 15, -1.4854134825848646e+00, -2.6825929713757493e+00
18, 16, -1.6428953009954743e+00, -6.7569372236830638e-01
18, 17, -5.3776614647288057e-01, 3.7126795565351975e+00
18, 18, -1.5142637010089606e+00, -1.2163192247443801e+00
19, 0, 2.4492476607653402e-02, 0.0000000000000000e+00
19, 1, -1.7989144460287049e-01, -1.4828275115659810e+00
19, 2, 1.3436141389422002e-01, -2.0600139218502461e-01
19, 3, 5.6442698825279303e-02, 5.9021122958320682e-01
19, 4, -5.5328165899258575e-01, -8.0143019077804789e-01
19, 5, 8.0124139788405224e-01, 1.2380942876000982e+00
19, 6, 6.6630034313381770e-01, 6.0353553254882075e-01
19, 7, 1.4083853621038698e+00, -5.8824624826159333e-01
19, 8, -1.3077495163967914e+00, 2.9074958230858494e-01
19, 9, -6.7664262963213428e-01, -1.4002953727646088e+00
19, 10, -1.8188453547484809e+00, 1.0846702670648947e-01
19, 11, -5.5277031016277886e-02, 1.2374437071111877e+00
19, 12, 1.0085136146316470e-01, -3.4910540223460157e-02
19, 13, 6.9435178471989079e-01, 6.9110446439715756e-03
19, 14, -5.1023837935869820e-01, -1.5735117077428340e+00
19, 15, -2.5877160504352288e+00, -1.6557575111872747e+00
19, 16, -6.4049308838001404e-02, 4.7994319933581114e-01
19, 17, 4.7252643339584882e-01, 1.3945513863647450e+00
19, 18, 2.0264666951277790e+00, -1.8362188304989731e+00
19, 19, 1.0684553049081600e+00, 2.3934499428661291e+00
20, 0, -7.7259507097079616e-01, 0.0000000000000000e+00
20, 1, -3.1981515173539243e-01, -1.5163999091102811e+00
20, 2, -1.5297238288136089e-01, 6.3798169379330694e-01
20, 3, -9.3366715237784748e-01, -5.3297613619666462e-01
20, 4, 9.9295401044428877e-01, -4.6246133418987090e-01
20, 5, -4.7802403090923107e-01, 1.3228448820238728e-02
20, 6, -5.0742594094744331e-01, -9.2704087936538482e-01
20, 7, -1.0646856865816461e-01, -3.5139528622890742e-01
20, 8, -7.7583658783613274e-01, -8.3292431372699749e-01
20, 9, -3.3506596241733982e-01, -4.6268857482092679e-01
20, 10, 1.0487828736315912e+00, 9.6911562066890944e-02
20, 11, 2.2618436461544028e-01, 9.9334653688947894e-02
20, 12, 1.3689680870793905e+00, 4.6068553750107832e-01
20, 13, 2.7045511096936614e-01, -8.9490387681981221e-01
20, 14, -8.3079406172668457e-01, -7.4692358545759596e-01
20, 15, -2.0940900718545749e-01, 8.6793458179445182e-01
20, 16, -1.2907021588091683e-01, 5.7247319690817600e-01
20, 17, 1.3800876205949997e+00, 1.0682694580787240e+00
20, 18, -1.1255338363137557e-01, -1.8570790691632753e+00
20, 19, -3.4905025603398110e-01, 2.7583014602055866e-01
20, 20, 1.2655651161150998e+00, -9.3103921904092585e-02
21, 0, -2.1239642689175312e-01, 0.0000000000000000e+00
21, 1, 3.7742136326833475e-01, 9.0665766433443473e-01
21, 2, 9.7998922973195096e-02, 1.2946212247790774e+00
21, 3, 3.2258148958459254e-01, -5.2001620505546930e-01
21, 4, 9.0391968405613887e-01, 3.5514000475205154e-01
21, 5, -8.0917885634261644e-01, -3.3266162956471779e-01
21, 6, -1.4025533422198544e-01, -5.2983857337922247e-01
21, 7, -5.4086457556354162e-01, 7.4468675218311620e-01
21, 8, -1.3866686617355073e-01, -6.7253557968915312e-01
21, 9, 5.4894155093394303e-01, 1.5750634818941284e-01
21, 10, 6.9813022991064766e-01, -3.8558633460187097e-01
21, 11, 7.8340493471645345e-01, 5.6926763549346682e-01
21, 12, -5.3490605208311159e-01, -2.4940048994639535e-01
21, 13, 3.0817055065987725e-02, -1.5480871686004799e-01
21, 14, -2.9697187133240283e-01, 9.5146167367522538e-01
21, 15, 7.5725133820177226e-01, 1.2278623063870433e+00
21, 16, 6.8218350133721584e-01, 1.8479210953512892e-01
21, 17, 6.8094573815975834e-01, 7.3015506821225451e-01
21, 18, -5.7817269045273001e-01, -1.1754128248621472e+00
21, 19, -2.8293814639102055e-01, 1.8262227424587127e+00
21, 20, 4.3920807359515734e-01, 8.2523998132941112e-01
21, 21, -1.6155213390918099e+00, -1.0613536925664337e+00
22, 0, 4.1341864078014134e-01, 0.0000000000000000e+00
22, 1, 8.5542058092350359e-01, 3.4404052446149536e-01
22, 2, -1.1904502131716320e-01, -1.8596831397938751e-01
22, 3, 7.9914882146931177e-01, 2.4711024406744511e-02
22, 4, -4.6873993472630388e-01, 7.0508369629878265e-01
22, 5, -1.3063391980791617e-01, -9.6940925267754802e-02
22, 6, 4.6583320901234959e-01, 9.5897026073905556e-01
22, 7, -5.1571399717520716e-01, 5.5331813548424875e-02
22, 8, 6.9960461619421088e-01, 3.9394760212502872e-01
22, 9, 6.7230592079301030e-02, 1.9450458159224177e-01
22, 10, 5.3432137087387233e-01, -4.7696934772589872e-01
22, 11, 3.2182276352628680e-01, 4.3366194469855701e-01
22, 12, -7.4362872191466656e-01, 4.9443414596204743e-02
22, 13, 3.3831723104679190e-01, 3.3367307076175445e-01
22, 14, 2.3466948194070941e-01, 1.0040488076092968e+00
22, 15, 8.3675380859587234e-01, -4.9011132765981058e-01
22, 16, 4.2676447501456433e-01, 5.3478624288832877e-02
22, 17, -7.8138138309323002e-01, -5.3274708983768626e-01
22, 18, 2.5123605843091024e-01, -3.7402848557023013e-02
22, 19, -8.9206873041358692e-01, 7.8808271547200004e-01
22, 20, 9.5917262451744556e-01, -1.7146206759403521e-01
22, 21, -5.6393267035874028e-01, -1.2634797616972495e+00
22, 22, 1.6999442675266652e-01, 6.3699902395540697e-01
23, 0, -1.3085590743384773e-01, 0.0000000000000000e+00
23, 1, -4.2086526827419690e-01, -9.5726556616619760e-02
23, 2, -3.2771025893742567e-01, -8.0377611792154346e-01
23, 3, -2.3469189603659421e-01, 2.7940766320631832e-01
23, 4, -7.2309408407243581e-01, -1.1185555575734232e-01
23, 5, 6.0272840256997728e-01, -3.4782469370720098e-01
23, 6, -6.7410490275953361e-01, 9.2320060684509353e-01
23, 7, 4.7060547332718861e-01, -6.1393454050432783e-01
23, 8, 3.1402214156031516e-01, 5.4159101736267456e-01
23, 9, -5.9102962254365551e-02, -2.4228684433099162e-01
23, 10, 1.9330524815904693e-01, 4.4797039409010747e-01
23, 11, -5.2807015648330324e-01, 4.8232105874867387e-01
23, 12, -1.0867563621790091e-01, 1.4170196516158762e-01
23, 13, 4.3157513258781821e-01, 8.7893560956689584e-02
23, 14, 1.0890049653721051e-01, 6.9412550101984671e-01
23, 15, 5.0610686034917585e-01, -1.3277639405192463e+00
23, 16, -7.8486382298044244e-01, -1.8603870911857201e-01
23, 17, -5.7539270596473646e-01, -1.3971158234532139e+00
23, 18, 2.4996444319155797e-01, 1.0379606989777159e+00
23, 19, -8.3849895711028932e-01, -1.3707600296385081e-01
23, 20, 9.4970847495402355e-01, -9.1485061630860454e-02
23, 21, -8.1245121052267089e-01, -1.1876983522808247e+00
23, 22, -3.5834322952833497e-01, 2.4892026941246784e-01
23, 23, 1.0338474008347882e+00, -3.5525619634875394e-01
24, 0, -3.5641857261201160e-01, 0.0000000000000000e+00
24, 1, -3.3963821577029396e-01, -3.4749344472650651e-01
24, 2, -2.9856997798243662e-04, 2.8667817874811541e-01
24, 3, -5.9053958051009836e-01, 3.9715013761672657e-01
24, 4, -3.1150277298714890e-02, -2.2870898160210645e-01
24, 5, 4.8594977690372276e-01, 2.6782491582956147e-01
24, 6, -5.6046418963996403e-01, 3.3270837789660529e-03
24, 7, 6.7361593800983033e-01, -8.1551869668772592e-01
24, 8, -2.7973572446907641e-01, -1.2521131756009971e-01
24, 9, -1.7395955304289801e-01, -5.2996799392521843e-01
24, 10, 2.1401395374743468e-01, 4.1911875922057640e-01
24, 11, -3.2734123301735906e-03, -5.2211627673121830e-01
24, 12, 5.1428699561638558e-01, 5.0919442745354659e-01
24, 13, -2.0966148670535742e-01, 3.8392599458780048e-02
24, 14, -9.0430182591540835e-03, -6.4617767682398575e-01
24, 15, -3.7871026359080839e-01, 8.0304787094093472e-02
24, 16, -9.5614359241950853e-01, -5.4775664590450490e-01
24, 17, 1.9551667555101215e-01, 1.4807800395215467e-02
24, 18, -6.0342853114438111e-01, 9.6445460982252462e-01
24, 19, 5.4696864013880941e-01, -6.3109882687818475e-01
24, 20, 1.8521078865280594e-01, 2.0097925979258618e-01
24, 21, 2.2453469758537063e-02, -7.1051051331924919e-01
24, 22, 1.8988558215666107e-01, 1.1280458244531539e+00
24, 23, 9.2613017856098245e-01, 5.3130466356402790e-02
24, 24, -4.5086855028006834e-01, -1.9104628806299856e-01
25, 0, 1.9378177295266166e-01, 0.0000000000000000e+00
25, 1, 1.4939980644693132e-01, 3.9274323453919228e-02
25, 2, 2.7669191008242489e-01, 5.4673395157218585e-01
25, 3, -1.2043644768867540e-01, 2.2029509844175912e-01
25, 4, 9.2138721361685916e-01, -2.5014108343108826e-01
25, 5, -3.8912306109164108e-01, 4.3897296105977246e-01
25, 6, 2.4551471197045363e-01, -4.6411185231956609e-01
25, 7, -1.1264353574923415e-01, -4.2356851482102220e-01
25, 8, -3.0607183565710389e-01, -2.4529915599079483e-01
25, 9, -1.0838410947518383e-01, -3.0384260899561139e-01
25, 10, -2.4737443685430915e-01, 3.3308794079225712e-01
25, 11, 6.5273545245634101e-01, -5.8815037004791915e-01
25, 12, 4.6420371552199891e-01, 3.7342043658580176e-01
25, 13, -1.9549717807039353e-03, -3.9916920340456169e-01
25, 14, 1.1320234896899758e-01, -3.6981966931023519e-01
25, 15, -6.4205833131500056e-01, 1.6375857109922612e-01
25, 16, 1.4806126809163531e-01, -3.9267821073328352e-01
25, 17, 4.7130895905750536e-01, 1.1445220113427474e+00
25, 18, -2.2458814786545589e-01, -9.8291090972448952e-02
25, 19, 9.4548059630890380e-01, 7.5860493330454692e-02
25, 20, -7.5589688850068870e-01, -1.5433596566091623e-01
25, 21, 9.9553497499625954e-01, -2.6595222758526449e-01
25, 22, -4.4410712146428483e-01, 6.5475605507603096e-01
25, 23, 7.3428813073296073e-01, -6.4298552930791153e-01
25, 24, -4.0557960763964651e-01, -1.4489452933309857e-01
25, 25, -2.1160107701067832e-01, 4.0647438865549174e-01
26, 0, 3.0228085998319149e-01, 0.0000000000000000e+00
26, 1, 1.9829500623605834e-01, 5.1921486709376696e-01
26, 2, 2.3763701463897891e-01, 6.7531127000426683e-03
26, 3, 1.2500494499039383e-01, -1.5329681912209053e-01
26, 4, 4.6068565306375941e-01, -2.1545204009586189e-01
26, 5, -2.6814163459617968e-01, -2.2726910042731208e-01
26, 6, 4.3506044795970406e-01, -3.0623464597595025e-02
26, 7, -1.3936609850016918e-01, 2.6525407975789861e-01
26, 8, -4.9204955392716757e-02, -1.0182304217560342e-01
26, 9, 5.6214105253516555e-02, 6.4218340051691558e-01
26, 10, -1.4658398474229692e-01, -6.9848099081972578e-02
26, 11, 6.0298254906293280e-01, 2.7215079157320571e-01
26, 12, -3.0145502307069960e-01, 1.1659381518418148e-01
26, 13, -4.5249857744423694e-02, -1.7855989049462700e-03
26, 14, -1.5467852008788779e-01, 8.1709104683249378e-02
26, 15, -1.2509101746753193e-01, 7.4618382313124731e-02
26, 16, 6.1702943232742924e-01, 1.4713148446830859e-01
26, 17, 3.5018085822723599e-01, 9.5217600190345544e-02
26, 18, 3.4696465649154085e-01, -5.9886537929685635e-01
26, 19, 6.3466273035081983e-03, 1.4928681147366832e-01
26, 20, -1.6268698144367399e-01, -4.6363763845456163e-01
26, 21, 3.4740523787310940e-01, 6.9936063764599998e-01
26, 22, -5.4824132864505570e-01, -3.9363023282691020e-02
26, 23, 3.2715278186453234e-01, -2.9548554689425577e-01
26, 24, -9.6677313049240088e-01, -7.0239276300611247e-02
26, 25, -3.5390871673552327e-01, 5.2944901203474271e-01
26, 26, 2.0488919528175686e-01, -5.6115887581221002e-01
27, 0, 2.9574295787505345e-01, 0.0000000000000000e+00
27, 1, -5.5451717894138539e-02, 3.4003501283517104e-02
27, 2, -7.3672202495798974e-03, -3.4472827674933076e-01
27, 3, -1.4231255998316622e-01, -3.4078216168930264e-01
27, 4, -4.0803780161018277e-01, -1.2004416792272220e-01
27, 5, -1.1070312972700214e-01, -3.4991350064934862e-01
27, 6, -3.5405789112630304e-01, 3.7132762031191086e-01
27, 7, 2.3015422418095243e-02, 1.4140635254409073e-01
27, 8, 4.1445887266164316e-01, -9.8269137819896574e-02
27, 9, -3.9139291653706235e-03, 4.8353648360900947e-01
27, 10, 3.1540590242778799e-01, -1.9828469156242992e-02
27, 11, 2.2935560444520950e-01, 2.3678502398741696e-01
27, 12, -9.2130431260249390e-02, 7.8092549133290980e-03
27, 13, 9.9659778650407940e-02, 1.2083892782536992e-01
27, 14, -2.6048280403384749e-01, 2.5334318390580590e-02
27, 15, 3.9917627046893639e-02, -1.1301104886715527e-01
27, 16, 9.5412161915858662e-02, 2.9733249740842255e-01
27, 17, -2.4160269546926857e-01, -4.6616188137849401e-01
27, 18, 2.3035453047454441e-02, -1.8717501721902022e-01
27, 19, -8.5924613059159305e-01, -2.1017406274633751e-01
27, 20, 3.2283168528260192e-01, 7.7907695156025913e-02
27, 21, -3.4492669859943337e-01, 3.3587218035841176e-01
27, 22, 2.5963967163817242e-01, -4.3393549849049323e-01
27, 23, -1.6962397782148986e-01, 3.1544774479760096e-01
27, 24, -2.0557437304412338e-01, -6.1671598200029820e-02
27, 25, 1.0268247379671563e-01, 6.8139576840535798e-01
27, 26, 3.0977180593083703e-01, -4.1187081295657141e-01
27, 27, -5.6117638214956478e-01, 3.1040442329129170e-02
28, 0, -3.5153592833156583e-02, 0.0000000000000000e+00
28, 1, -1.6725051068223501e-01, -1.0307574032487028e-01
28, 2, -3.3468946424820767e-01, -2.6954002090348167e-01
28, 3, -1.9658643368738227e-01, 3.1703382774858296e-01
28, 4, -3.9043808810290725e-01, -6.5767846133835822e-02
28, 5, 6.8794276199342447e-02, -1.2691866057811509e-02
28, 6, -4.8702219104127392e-01, 2.7761865390935880e-01
28, 7, 1.9944612297637127e-01, -2.5643593075262100e-01
28, 8, 2.7121355103798889e-01, 2.4922750100072635e-02
28, 9, -8.6001593843555157e-02, -4.6070349816237804e-01
28, 10, 9.4102272521513070e-02, 2.5851956750013987e-02
28, 11, -2.0336564162709597e-01, -2.9987447179705806e-01
28, 12, -7.9340664671316161e-02, 3.1882368645869470e-02
28, 13, 1.2977890751130849e-01, -6.2084579992463217e-02
28, 14, -1.2104272124275961e-01, -1.6028596791262956e-01
28, 15, 9.8235813143483411e-02, -1.5260391489539826e-01
28, 16, -1.8173665994908744e-01, -8.9001216653009835e-02
28, 17, -1.2152471885088757e-01, -4.2664930049123423e-01
28, 18, -2.9442943570359825e-01, 3.3748827345910870e-01
28, 19, -3.5699857153741177e-01, -7.0021935274650046e-02
28, 20, 2.8147597242327776e-01, 4.4143714962237629e-01
28, 21, -1.9825883002317191e-01, -1.4855344883308569e-01
28, 22, 3.8354235834259676e-01, -7.1255566632112757e-02
28, 23, -3.9049421576651955e-01, -1.5139664585032631e-01
28, 24, 2.8637383311694448e-01, -1.7333266221810611e-01
28, 25, 6.1099284745228848e-02, 1.0652492236220598e-01
28, 26, 4.1460413498075510e-01, -5.6065872200449340e-01
28, 27, -3.1050719666968957e-02, -6.1589268957206109e-02
28, 28, 1.4810616393306056e-01, 6.1206938241474895e-01
29, 0, -1.0528797357513603e-01, 0.0000000000000000e+00
29, 1, -4.4167171024431899e-02, -1.8000688461859432e-01
29, 2, -1.1581534575643755e-01, -8.8293984601099627e-03
29, 3, -1.0064873016443779e-01, 3.0577802809383486e-01
29, 4, 1.6061653377898588e-01, -7.9460288387065328e-02
29, 5, 1.1871517005055117e-01, 1.5260163679426694e-01
29, 6, 7.3585649635317704e-02, -4.1013319506570299e-02
29, 7, 2.5396897806696656e-01, -1.6179517068927862e-01
29, 8, 4.3664048005648007e-02, 1.2996393062510391e-02
29, 9, -1.0082748257155578e-01, -3.3803500196331659e-01
29, 10, -1.4622277168774081e-01, 5.5486220495036570e-02
29, 11, -3.1485778474676829e-01, -7.4966946650059763e-02
29, 12, 1.5702643910873398e-01, -9.8668795548929100e-02
29, 13, -1.8933703223869811e-01, -2.4481246768398371e-02
29, 14, -3.0856635870460558e-02, -1.3557536440503015e-01
29, 15, -6.2829188918827300e-02, -1.2493844817122744e-01
29, 16, -1.2118002597692976e-01, -3.4604349461694703e-02
29, 17, 6.5400284604890842e-03, 7.8430709677342975e-02
29, 18, -5.5704737184760940e-03, 8.1269108669571433e-02
29, 19, 1.8993992745818883e-01, 3.6234087736193951e-02
29, 20, 1.1384485359162606e-01, 7.3823218436625926e-02
29, 21, 1.6217727404949608e-01, -2.6694831202264874e-01
29, 22, -1.0441999199192842e-01, -1.8159019100691086e-03
29, 23, -5.1369928234922438e-02, -3.0562426662468978e-01
29, 24, 8.4503621888221372e-02, 2.9627593067850333e-01
29, 25, -7.3756830780203425e-02, -2.8425174416138016e-01
29, 26, 1.4990928848393778e-02, -2.4085402424981484e-01
29, 27, -4.4358159918708273e-01, -6.6126360237546741e-02
29, 28, 2.8311185319263098e-02, 2.3801286499583435e-01
29, 29, 1.4410756867137670e-01, -1.5852365150076539e-01
30, 0, 1.4342924052640916e-03, 0.0000000000000000e+00
30, 1, 1.3305707727662824e-01, -3.1054062242104096e-03
30, 2, 1.8239589320968388e-01, 2.9441305789562871e-02
30, 3, 3.9626376459433087e-02, 1.2581222838727146e-02
30, 4, 2.3793729777937622e-01, -2.0497176042926554e-01
30, 5, 8.7107063648649202e-02, -1.2252713902931317e-01
30, 6, 1.0436189076772390e-01, -3.2265936652584165e-01
30, 7, 5.8122416964232232e-02, -1.2583827020722773e-02
30, 8, -3.7169888559174386e-02, -1.0358710458184582e-01
30, 9, 8.2946722789936561e-02, -1.8459819845631734e-02
30, 10, -6.1789786898523755e-02, 2.2032999876936649e-01
30, 11, -1.2030709935907173e-01, 8.6131858340760703e-02
30, 12, 2.6772152031719398e-01, -1.0090625439508644e-01
30, 13, -8.6381630142960242e-02, -4.1998240421896191e-02
30, 14, 1.1142022529380108e-01, 1.2195395990207775e-02
30, 15, -1.0033538883579309e-01, 9.3459584512180019e-03
30, 16, -3.2096028038289440e-02, -3.8307887856878775e-02
30, 17, 1.0852392081924819e-01, 1.4629334185217724e-01
30, 18, 5.3577451163905859e-02, 1.6334052980553584e-02
30, 19, 1.9027312104435065e-01, -5.6371768203067857e-02
30, 20, -1.2347191122170557e-01, -1.3687874961439811e-01
30, 21, 4.6313870709941210e-02, -7.5333886989457699e-02
30, 22, -1.9067625356142809e-01, -2.8439338925427871e-02
30, 23, 1.3400779012612851e-01, -5.9017549058347482e-02
30, 24, -8.1321325070067327e-02, 1.8820254342664744e-01
30, 25, 1.7823223484845424e-01, -2.1819843773625480e-01
30, 26, -1.1540835385591069e-01, 2.8596473313517035e-01
30, 27, -2.6523567675508891e-01, 1.9639484164597637e-01
30, 28, 1.8428837210743013e-01, 3.0805255398047404e-01
30, 29, -1.4718324867648968e-02, -4.5436712107003917e-02
30, 30, -8.1405864080077203e-02, -1.0842449806545590e-02
31, 0, -1.0576862006012783e-01, 0.0000000000000000e+00
31, 1, 4.6654520570445689e-02, 7.0716808385362775e-02
31, 2, -6.7193850389013307e-02, -3.3702230270249961e-02
31, 3, 1.7781957283195152e-02, -4.3144009986539944e-02
31, 4, 3.3477235165533512e-02, -1.1320398150811999e-02
31, 5, -6.3978852736443700e-02, -1.4611522746146410e-01
31, 6, -3.4283585950171676e-02, -8.2150221560937486e-02
31, 7, -1.8092280524942883e-01, 1.1167153642125609e-01
31, 8, 1.1114412020257510e-02, -2.8577116075311798e-02
31, 9, 1.0354325102360584e-01, 3.6748783067154067e-02
31, 10, 6.2639221717250074e-02, 1.9750840027566960e-01
31, 11, 1.4385403106440423e-01, -1.5030590557394474e-01
31, 12, 8.7206652295282905e-02, 1.4776554463060913e-02
31, 13, -2.9794689709437574e-02, -1.1762474670709511e-01
31, 14, 4.3735969810736360e-03, 7.7746544186449468e-02
31, 15, -5.9264029476175317e-02, -2.4334141264920749e-02
31, 16, 1.0460115336609033e-01, 1.3223075822760727e-02
31, 17, 5.0073276358485991e-02, -2.9874189950586955e-02
31, 18, -2.4240732658624441e-02, -1.5079292305345124e-01
31, 19, -5.6838458933347227e-02, -9.0527858104747505e-02
31, 20, -3.2071970722285298e-01, -1.3286609434426880e-01
31, 21, -7.8876708434189573e-03, -1.2710743769723249e-02
31, 22, -9.5634154087371415e-02, 1.3338136716132684e-01
31, 23, 7.8550816272244722e-02, 1.2991847450799199e-01
31, 24, -3.5775570086724245e-02, -9.2757986860860703e-02
31, 25, -1.0337130556536608e-02, 1.4659731337127311e-02
31, 26, -1.3995861384347785e-01, 3.5246839162811627e-02
31, 27, 7.6477704683259512e-02, 1.1447975687702906e-01
31, 28, 3.0242680413718848e-01, 9.8748155428791326e-02
31, 29, 6.3824990809138102e-02, -1.5063549386119052e-01
31, 30, -1.7802931342009942e-02, -1.7935598361911489e-01
31, 31, 1.2807870924457565e-01, -3.1977790237653791e-02
32, 0, -1.1216261414011429e-01, 0.0000000000000000e+00
32, 1, 3.8245384320193275e-02, 1.4284248128153340e-01
32, 2, -1.1843689352633319e-01, -1.3260631265510475e-01
32, 3, 1.2486510601427726e-01, -4.4657628876282850e-03
32, 4, -1.4769503638607420e-01, -5.0107832008574681e-02
32, 5, -6.9708489418450106e-02, 3.9301411596748180e-02
32, 6, 4.5583469208693508e-03, 1.5329834752186886e-01
32, 7, -1.2722871466355137e-01, 1.1327501295730505e-01
32, 8, 1.7890042228456482e-01, 2.3580225132968723e-02
32, 9, 1.7343789406188997e-02, 6.7852521195666260e-02
32, 10, 2.8260745701037551e-02, -6.5724304561095445e-02
32, 11, 3.2507439528466631e-02, -4.2089344302257942e-02
32, 12, -4.7436715353685918e-02, -4.5507641401684833e-03
32, 13, -2.8825395484741036e-02, -2.2253184777856271e-02
32, 14, -7.8299778234639118e-03, 1.4345846475612814e-01
32, 15, -2.1600561802787237e-02, -6.9976884789277577e-02
32, 16, 1.1656962917934283e-01, 3.7726559177035338e-02
32, 17, -9.5426744126740608e-03, 2.1112628559764195e-02
32, 18, -6.4085682591027551e-02, -1.2684428450162676e-02
32, 19, -1.6055833871631636e-01, 8.9411698741439602e-02
32, 20, -1.4325512114559863e-01, -4.1691779490117854e-02
32, 21, 6.7452130353277448e-02, 1.7240739820604811e-01
32, 22, 8.4771769228269275e-02, 4.8993070601765755e-02
32, 23, 1.9225134813823961e-02, -8.2410986551132229e-02
32, 24, 2.0387769158180882e-02, -1.2034735412654403e-01
32, 25, -9.0377895435554009e-02, 1.0531596774784602e-01
32, 26, -2.6639935920574925e-02, 4.8341025924123732e-02
32, 27, 3.8741112322803813e-02, 9.0516343001392024e-02
32, 28, 3.2743813759183345e-02, -2.1359916961112774e-01
32, 29, -5.6770242076637736e-02, -1.4489658189704438e-01
32, 30, -1.1658255553384428e-01, 4.2834060772752348e-02
32, 31, -7.9721912801119871e-02, -4.9385707475476381e-02
32, 32, -5.2774339993058278e-02, -4.8535401930718855e-02
33, 0, 6.1870743335844920e-02, 0.0000000000000000e+00
33, 1, 4.0529778720073226e-02, 7.3904132486128954e-02
33, 2, -4.1309136176262279e-02, -1.4818525004710706e-01
33, 3, 9.3722053004671346e-02, 7.1544090059639118e-02
33, 4, -5.0954968502303292e-02, -3.0242084519595841e-02
33, 5, 1.0207361884358251e-01, -2.8642710184776165e-02
33, 6, 9.8908254119823485e-02, 1.9651198547046222e-01
33, 7, 5.8956780489006044e-02, -1.9923534565782705e-01
33, 8, 9.1336250520117818e-02, 1.0022114790472347e-01
33, 9, -4.6812903158601357e-02, -6.9082681187022210e-02
33, 10, 3.9238727563669926e-03, 2.0778835446976628e-03
33, 11, -1.1224257666756340e-01, 1.0673328321565748e-01
33, 12, -1.2775861549111814e-01, 1.3074274961308408e-02
33, 13, -1.3104158719306886e-02, 1.5808773407386033e-02
33, 14, -3.8150208633372311e-02, 1.7512093903751552e-02
33, 15, 7.5928883910722167e-02, -6.6683495354351877e-02
33, 16, -1.3862770793004827e-02, 3.6620979631227256e-02
33, 17, -2.5181849329644002e-02, -1.0861213934471941e-02
33, 18, 9.5051620960040953e-02, -2.9234907234294727e-02
33, 19, -1.5660753131515573e-01, 1.3016932738042963e-01
33, 20, 1.0339015220056000e-01, 2.9228931394101459e-02
33, 21, 2.0759910144354372e-02, 1.6885858518264851e-01
33, 22, 4.7483253958596240e-02, -8.2200171512436485e-02
33, 23, 1.3852573760921033e-02, -8.5486859526927972e-02
33, 24, -7.3692745527508943e-02, -8.1373745113332341e-02
33, 25, -7.3657258686072730e-03, 2.6922538609879955e-02
33, 26, 2.3818143677934406e-02, 7.1040186922630755e-02
33, 27, 3.7839716679696760e-02, -2.7670123528914001e-02
33, 28, 4.0612797886832586e-02, -1.2531130422327161e-01
33, 29, -1.0988301647476451e-01, -9.0971560756513900e-03
33, 30, -1.0392695463052605e-01, 1.1588586074231604e-01
33, 31, 1.0832115775150249e-01, 1.4136753118161233e-02
33, 32, -3.4101040576001745e-02, 2.6922273602084074e-01
33, 33, -2.6178108108341449e-02, 4.5009104274092951e-02
34, 0, 9.6079749528652419e-02, 0.0000000000000000e+00
34, 1, -4.9180956997729862e-02, 3.4730941513950425e-02
34, 2, 6.1338214865093624e-02, -3.9309782117568026e-02
34, 3, -4.9214762446944192e-02, 1.1462689264186650e-01
34, 4, 2.1613290960319029e-02, -6.8922940519586959e-02
34, 5, 8.6298228166370450e-02, 4.2511646249077550e-02
34, 6, 6.0041560614202179e-03, -7.5445816967130708e-03
34, 7, 1.0585099957605537e-01, -1.4603728194186583e-01
34, 8, -1.3452002930431606e-02, -5.4392902517615659e-03
34, 9, -4.2302041047728001e-02, -6.8725417370151351e-02
34, 10, 8.6264241344474642e-03, 7.0167066585042820e-02
34, 11, -6.8123310255942524e-02, 1.4660519303899233e-01
34, 12, 4.9718817529258899e-02, 2.4932225247263518e-02
34, 13, 4.0701271492075183e-02, 6.3716888707690808e-02
34, 14, -1.9086972389204933e-02, -6.7685713812073042e-02
34, 15, 6.3687939876012165e-02, -5.0597236220170795e-02
34, 16, -1.5010104551011413e-01, 4.6454194590853874e-03
34, 17, 5.7158872901787817e-02, -4.5744860356628586e-02
34, 18, 1.8112727872514046e-02, 6.4130326039620697e-02
34, 19, -1.0521137990544657e-02, -1.3025591741266135e-01
34, 20, 9.8518286178795211e-02, 5.9261243274158625e-02
34, 21, -3.0105073776289393e-02, -7.2494835210663661e-02
34, 22, 5.6710875867590667e-02, -6.9568583768678999e-02
34, 23, -8.7396511333183796e-02, 2.7582318169620559e-02
34, 24, -6.0332912938133240e-02, 1.9687289060028746e-03
34, 25, 6.7413241860006065e-02, 5.3465675410162145e-02
34, 26, -5.5294432560791133e-02, 7.1654198903940841e-02
34, 27, 7.9025195691500710e-02, -7.6902807067601942e-02
34, 28, -4.6402337968444479e-02, 2.4792640631954455e-03
34, 29, -6.9482290920650100e-02, -5.9187628253329058e-02
34, 30, -1.8257589474040672e-02, 1.3913855940720563e-01
34, 31, 1.6957458437577802e-01, -5.1974373527000475e-02
34, 32, -6.5745764867284812e-02, -6.4855471439161080e-02
34, 33, 2.3927154094045891e-01, -5.0368843428831231e-03
34, 34, 2.6811755381244574e-03, -2.6230592240324820e-02
35, 0, -1.7937405298010353e-02, 0.0000000000000000e+00
35, 1, -4.2222612648053465e-02, -8.2907846391058193e-02
35, 2, 1.4620954323303894e-02, 4.0870200995549118e-02
35, 3, -3.3918480218326982e-02, 4.4934266981792571e-02
35, 4, 1.0809149573712619e-01, -5.0000911535823714e-02
35, 5, -3.2048001586468450e-02, 1.2429219571185382e-01
35, 6, -8.8473289815388267e-02, -1.0570384704849889e-01
35, 7, -2.0007920722273087e-02, 5.1430053250630173e-02
35, 8, -1.0124459609093005e-01, -5.4235701178542414e-02
35, 9, 1.8915150077026068e-02, 2.3880843207365367e-02
35, 10, 3.2384272269101469e-02, 4.4495656068022131e-02
35, 11, 2.1748445281572430e-02, -1.3210874228085858e-02
35, 12, 8.7434628121113453e-02, -2.2700482237655133e-02
35, 13, 2.6522440538005697e-02, -4.1191779664625497e-03
35, 14, 4.1300685001488445e-02, -4.6992732719132499e-02
35, 15, -4.6546248278100846e-02, 9.8093740105584595e-02
35, 16, -7.1704900079556030e-02, -5.5798121918132763e-02
35, 17, 8.6956133052846496e-02, 3.7791801835873634e-02
35, 18, -7.5914831969348520e-02, 3.1003613373073780e-02
35, 19, 5.1422762163396016e-02, -4.4346599442603850e-02
35, 20, -8.8928167829134791e-02, 6.7530809574008213e-02
35, 21, -3.2377376441341948e-02, -1.3577571165540661e-01
35, 22, -3.6140331091001052e-02, 6.5686595070017159e-02
35, 23, -6.0860178101817593e-03, -4.7191513830843440e-02
35, 24, 8.3844636347875423e-02, 1.3246094715907517e-03
35, 25, 2.7969636723738086e-02, 2.6161503374430156e-02
35, 26, -5.8120250966584427e-03, -3.1273184373411513e-02
35, 27, 4.6872880235763192e-02, 1.7371314692182623e-02
35, 28, -8.2817685136585800e-02, -9.1039866352780451e-04
35, 29, 6.6311305596178857e-02, 2.8297022160695188e-02
35, 30, -6.2674464206554148e-02, 6.2989360476023354e-02
35, 31, 4.0544194253076815e-02, -1.2749137647897962e-02
35, 32, -1.1849345919947951e-01, -1.3584564881291475e-01
35, 33, 4.0327282385189338e-02, 1.2238939405207643e-01
35, 34, -8.1487675161246526e-02, -1.8376839579725290e-01
35, 35, -6.4300308309327814e-02, -2.0390415323952346e-02
36, 0, -9.8227789123051884e-02, 0.0000000000000000e+00
36, 1, 4.5336516585583707e-02, 1.2220545737573679e-02
36, 2, -6.4703877994133810e-02, 6.6866926914060515e-02
36, 3, 5.6381657923628301e-02, -2.9299129459500153e-02
36, 4, 9.1471299440903264e-02, 1.2413988158415261e-02
36, 5, -4.7930931535376586e-02, -6.6359578171110000e-03
36, 6, 6.4119136277503652e-02, -5.1180710124256882e-03
36, 7, -3.8359360675818868e-02, 6.5306819897471030e-02
36, 8, -3.6707768074801056e-02, 1.9633291309406942e-02
36, 9, 4.3398909109874657e-02, 2.9111217191801146e-02
36, 10, -3.3791817290274029e-02, -2.9295361931158545e-02
36, 11, 3.8775829399362235e-02, -2.2124266366946581e-02
36, 12, 3.4480434784307026e-02, 3.8118367355400992e-03
36, 13, -8.9806005711140516e-02, -9.5765651290106169e-02
36, 14, 5.7232944191264706e-02, 3.0579048575753148e-02
36, 15, -1.4710235424351725e-01, 5.1452520708816910e-02
36, 16, 8.4270615071291285e-02, 5.8163432353560834e-03
36, 17, -1.7873169415041396e-03, 6.2879430800469385e-02
36, 18, 1.9964476959259903e-02, -8.3270454654259363e-02
36, 19, 4.7795115405517133e-02, 4.8683143558311721e-02
36, 20, -1.0314982212249482e-01, -5.3751214594698636e-02
36, 21, -4.8385626839169103e-02, 2.2947165906581361e-02
36, 22, -3.2078898144316949e-02, 5.5923576904504751e-02
36, 23, -1.7111921336486577e-03, -5.5882414868104392e-02
36, 24, 6.4777279137417820e-02, 3.6766450498491816e-02
36, 25, -1.8403264819088903e-02, -5.4592031186397605e-02
36, 26, 6.8127722390081101e-03, -2.5687920789437040e-02
36, 27, -3.0380479284420808e-02, 2.9893250002941171e-02
36, 28, 6.6848487124738214e-03, -1.0584168154718408e-01
36, 29, 7.3372438720380892e-02, 1.1155843603511266e-01
36, 30, 4.2125718259690165e-02, -1.0229943941780145e-01
36, 31, 5.7842367963811661e-02, 9.0217441115724106e-02
36, 32, -1.0241800431424326e-01, -2.2394828857171416e-02
36, 33, -3.7066728659212830e-02, 1.5252562324093760e-01
36, 34, 4.2617695806593060e-02, -7.9020283200780667e-02
36, 35, -9.5656324794991768e-02, 9.5846653566824397e-02
36, 36, 3.7196081405739607e-02, 1.1600116361176496e-01
37, 0, 3.5345926244976476e-02, 0.0000000000000000e+00
37, 1, 5.3299509511672089e-02, 9.7061460468022318e-02
37, 2, -3.8229193996525038e-02, 1.6007096409490044e-02
37, 3, 6.9202220454264857e-02, -2.6978268219406833e-02
37, 4, -4.4802743763425655e-02, -9.5679756916000700e-03
37, 5, -4.2329997669849670e-02, -6.0209866307891158e-02
37, 6, 8.2848953433495381e-02, 5.3321606329933949e-02
37, 7, -2.4307339424619247e-02, 8.7686885392175666e-03
37, 8, 1.1741771282092975e-01, 4.1817107026101856e-02
37, 9, 4.5555969521419076e-02, 2.4718502722269633e-02
37, 10, -2.0259257384749440e-03, -1.6934642465337137e-02
37, 11, -4.5732258687128172e-02, 2.6835435783628406e-02
37, 12, -3.1637263492202791e-02, 5.6064078260854029e-02
37, 13, -2.8179502668436683e-02, -3.3513008971195080e-02
37, 14, 4.6932512870403740e-03, 1.1317725376947112e-01
37, 15, -2.6632503168097933e-02, -1.6230367832331977e-02
37, 16, 7.4429338137280324e-02, 6.0809065430429965e-03
37, 17, -3.0429681163574390e-02, -5.8354605143626573e-02
37, 18, 6.4860434823433608e-02, -5.9766204205433146e-02
37, 19, -5.0920847651306875e-02, 3.7528187381256219e-02
37, 20, -3.3536295547330085e-02, -5.1013647824471070e-02
37, 21, 3.1000361479454450e-03, 5.3460413417085580e-02
37, 22, -2.6805747349791756e-02, -2.6943950953977953e-02
37, 23, 6.9354840940144533e-02, -1.3523384764862187e-02
37, 24, -1.4115441991269021e-02, 5.5316683591222389e-04
37, 25, -3.2954434267779484e-02, -3.0209592686799246e-02
37, 26, 1.4323107623375592e-02, 3.9162255785776187e-02
37, 27, -7.3307085433136937e-02, 3.0749632158126858e-02
37, 28, 9.0413956862513148e-02, 4.1680015024086105e-03
37, 29, -4.0700777711709712e-02, 4.8108194932121234e-02
37, 30, 5.3223579437058771e-02, -1.4142412112705718e-01
37, 31, -7.6575384407197092e-02, 5.6692589290083376e-02
37, 32, 8.0022681062219825e-03, -5.2399458007532720e-02
37, 33, 1.1340673107182145e-01, 9.5939310784083132e-02
37, 34, 5.8647036619835224e-02, -1.4517642652835784e-02
37, 35, -1.0820117987902457e-01, -5.1306252747033473e-02
37, 36, 1.4755891204665142e-01, 9.2408439003153819e-02
37, 37, 4.2972990679314725e-02, -3.7877415177540300e-02
38, 0, 6.8468017817600091e-02, 0.0000000000000000e+00
38, 1, 1.1541132336935836e-04, 1.3633610804345275e-02
38, 2, -1.7458453052473233e-03, -4.8482216880427323e-02
38, 3, 5.3081950132651684e-02, 5.2883566465756916e-03
38, 4, -7.9541001797220123e-02, -3.4712589174113156e-02
38, 5, 3.4516083779691301e-02, 2.0216256849072356e-02
38, 6, -3.7217791398080728e-02, 6.4078835734502293e-02
38, 7, 2.8832242477524819e-02, -7.0956058521655915e-02
38, 8, 4.5264755331466892e-02, -2.6652332401827260e-02
38, 9, 6.8819384777883963e-03, -6.2966209863627540e-02
38, 10, 1.7069086363026995e-02, 2.3634701778890111e-03
38, 11, -2.5704347922507940e-02, 4.3610238219990355e-02
38, 12, 2.3877161229855486e-03, 4.3560026407027622e-02
38, 13, 6.7872668662375263e-03, 4.6573522669614488e-02
38, 14, -2.6135570650754621e-02, 2.3854170442631321e-02
38, 15, 3.3271594685432837e-02, 4.1569211760930327e-02
38, 16, 2.7289009666742935e-02, -2.0225098122821465e-03
38, 17, -3.1632267893749205e-02, -3.8278117909389363e-02
38, 18, 1.0619872375885454e-02, 3.7811054054350167e-02
38, 19, -5.9652957383099128e-02, 1.7867540230821516e-02
38, 20, -1.8710525234135938e-02, 1.9452340770979331e-02
38, 21, 6.0763674815408793e-03, 3.8710342143146018e-02
38, 22, 5.0400564219245471e-02, -1.3524837749555044e-02
38, 23, 1.5010012218690267e-02, 4.8188095078558583e-02
38, 24, -2.9756938999235760e-02, -1.9932161844865001e-02
38, 25, 1.0917888841300277e-02, 2.2176948729400493e-02
38, 26, -8.5167101216380436e-03, 5.3412377766337379e-02
38, 27, 7.9326083852190362e-03, -5.7279736961600582e-02
38, 28, 4.4804310481078177e-02, 6.1838091311245597e-02
38, 29, -5.9803232421167987e-02, -9.4457617450168563e-02
38, 30, 6.2312182139766990e-02, 5.2116376115313778e-02
38, 31, -1.3668393085711067e-01, -2.9770271242405114e-02
38, 32, 5.7403719453157497e-02, -7.0322130735579573e-04
38, 33, -3.7202923779270841e-02, -1.2607741598508852e-02
38, 34, 1.5795474072400423e-02, -7.7556789922498731e-02
38, 35, -6.7929645696976376e-02, -3.4145427548104575e-02
38, 36, 3.9823072993341375e-02, 8.3473995576104049e-02
38, 37, -1.4938370926617262e-02, -1.4730531942723274e-01
38, 38, -6.6050753453048075e-02, -1.9081435856328311e-02
39, 0, -1.9554356444326126e-02, 0.0000000000000000e+00
39, 1, -5.6563487059251169e-02, -5.2323726742262149e-02
39, 2, 1.0979607125110954e-04, -3.6423982026556653e-02
39, 3, -6.7061957554658130e-03, 8.0070030866232662e-03
39, 4, 2.7399636488685646e-03, -1.9837068907203419e-02
39, 5, 4.3134070762184347e-02, 8.9549200032009377e-02
39, 6, -3.0738393399841798e-02, 6.7212815308187075e-03
39, 7, 3.6845082900250528e-02, -4.1595204020928971e-03
39, 8, -5.3630011045585069e-02, -1.1699183572027590e-02
39, 9, -3.6315055226148224e-02, -5.7226708292770802e-03
39, 10, -3.6058552155720194e-02, -7.1776154808319810e-03
39, 11, -2.4128788826632944e-02, 2.2276497992265692e-02
39, 12, 3.0603984589413939e-02, 1.6090912066274984e-02
39, 13, 1.2119572359529138e-02, 3.7509229624036029e-02
39, 14, 6.7112465067075263e-03, -2.5989709577186101e-02
39, 15, 2.4032441992746564e-02, -3.8751916097893926e-03
39, 16, -3.4605226188971473e-02, 7.4043140161895900e-03
39, 17, -1.6885407823745570e-02, -4.9494605795658434e-03
39, 18, -2.8998707278396839e-02, 7.5446790585721513e-02
39, 19, 3.5208846377439290e-02, -2.2215782349506066e-02
39, 20, -6.9474622918824884e-03, 4.5985863743811466e-02
39, 21, 2.0928052979590855e-02, -3.3687992783154305e-02
39, 22, 3.0152771579511208e-02, 2.7956183896897290e-03
39, 23, -3.3340527091301517e-02, -3.5083998007503499e-03
39, 24, -6.1516153973645623e-03, -1.5858503990019805e-03
39, 25, 1.0079593625674076e-02, 4.3058239313287214e-02
39, 26, 2.1101243986437973e-03, 3.2086048117446640e-03
39, 27, 4.3017906671713797e-02, -5.4590510248019593e-02
39, 28, -8.6320851827025272e-02, 3.8209425160696392e-03
39, 29, 3.1973613538166044e-02, -9.4625525301101493e-02
39, 30, -6.1239065253315093e-02, 9.9013637957146960e-02
39, 31, -2.1459354766324067e-02, -7.7201401562615443e-02
39, 32, 2.7285851398626274e-02, 1.1039868928503861e-01
39, 33, -6.5195879971090720e-02, -6.2383659480420413e-02
39, 34, 2.2094032345536668e-02, 3.3409733917583367e-02
39, 35, -5.6340777321805549e-02, -4.4440873100779550e-02
39, 36, 1.5188600272277475e-02, 3.0034604166862558e-02
39, 37, 2.3593542276466626e-02, -3.2241228130736981e-02
39, 38, -1.0228306811186123e-01, 5.4028321907971473e-02
39, 39, 6.7000802674381668e-03, 9.1106958070352212e-02
40, 0, -5.4001469458665262e-02, 0.0000000000000000e+00
40, 1, -2.2034491631677387e-02, 5.1833711438145713e-03
40, 2, 1.4431184090951826e-02, 2.6870983552049244e-02
40, 3, -2.8244323983351236e-03, 5.4091946155813333e-03
40, 4, 3.8588431579412663e-02, -2.2638188056307910e-02
40, 5, -1.8702480821328107e-02, 5.8304560888877477e-02
40, 6, 3.7922811918772836e-02, -3.2629969515621429e-02
40, 7, -1.3602738473813991e-02, 1.1688659405700052e-02
40, 8, -3.6164751670526851e-02, 3.5006487140524914e-02
40, 9, -2.7156477541864531e-02, 4.7862542500660424e-02
40, 10, -8.8470432214045151e-04, 5.3673762018657006e-02
40, 11, -3.3820302560676460e-02, 2.6453004061097133e-02
40, 12, 3.8183045852303909e-03, -2.9943206429548933e-03
40, 13, 1.7152995017113851e-03, -7.9125050355010329e-03
40, 14, 2.6480474071868144e-03, -1.5475003461638531e-02
40, 15, 4.0271450601725295e-02, 1.7025797996345945e-02
40, 16, -5.3634724696640435e-02, 9.4187176879175264e-04
40, 17, 2.6918305106288436e-02, 1.7889947953562722e-02
40, 18, -1.5901802218373527e-02, -1.8709640422759122e-02
40, 19, 4.7448588979238676e-02, 8.6442852024903416e-04
40, 20, -2.4126284308224704e-02, 2.2329710555533660e-03
40, 21, -6.9512701311311483e-03, -3.7306241892282946e-02
40, 22, -1.2487562629442317e-02, 8.7398010689289703e-03
40, 23, -3.1010597006093262e-02, -3.2211318216896018e-02
40, 24, -1.6453755206725568e-02, 3.9525264338579552e-03
40, 25, 2.7031145034527009e-02, 2.5532882801722390e-02
40, 26, -2.1908447828339521e-03, -4.5427475330617528e-02
40, 27, -3.1101776313066476e-03, 8.3110018147251920e-03
40, 28, -6.8112883653894660e-02, -5.5329835247173512e-02
40, 29, 3.8015449801383668e-02, 7.0182730348474567e-02
40, 30, -6.8949906791526114e-02, 2.4813830677844231e-02
40, 31, 8.4263434190204142e-02, 1.4812101388892236e-02
40, 32, -4.5820193767493501e-02, 1.7925899706557398e-02
40, 33, 3.9925264855672445e-02, -4.7588902165554822e-02
40, 34, -1.4147131654551223e-02, 8.6305297699067141e-02
40, 35, 3.1905230755606036e-02, -2.9352207720335331e-02
40, 36, 3.8810467385979532e-03, 2.8558480157569850e-02
40, 37, 1.8960071569041215e-02, -4.4700898864298087e-02
40, 38, -4.1924299388720276e-02, 1.2708255831378036e-02
40, 39, 5.5748933578604963e-02, 1.0324711865029635e-02
40, 40, 1.0809890761703120e-01, -1.0975944907524411e-02
