0, 0, 0.0000000000000000e+00, 0.0000000000000000e+00
1, 0, 5.1067898614103027e+05, 0.0000000000000000e+00
1, 1, 2.9766457910225814e+04, 2.3109242939110083e+05
2, 0, 0.0000000000000000e+00, 0.0000000000000000e+00
2, 1, -3.0665933895385882e+05, -1.6556908454062420e+05
2, 2, -2.8755912736256579e+06, 1.4618126015400891e+06
3, 0, -1.0975301163208736e+06, 0.0000000000000000e+00
3, 1, 5.8935580119383940e+05, 2.3302620274198605e+06
3, 2, -9.5629795420610881e+05, 2.5952942759931501e+05
3, 3, 2.4183552031475613e+06, 1.1836078935835836e+06
4, 0, 3.5035676819480676e+05, 0.0000000000000000e+00
4, 1, 6.1516859875241772e+05, 4.6001141634245019e+05
4, 2, -5.5803336647410470e+05, -8.6626979320242442e+05
4, 3, 1.1181104339767010e+06, -6.0342998504947689e+04
4, 4, 1.5060695961119691e+05, -1.2988216163364931e+06
5, 0, 1.3707853961839562e+05, 0.0000000000000000e+00
5, 1, -3.6913882945735604e+04, -5.6298606362048478e+04
5, 2, -3.6541193400117691e+05, -2.3938329060896704e+05
5, 3, 3.1134189720621379e+05, -3.3003143125919020e+05
5, 4, -6.4602773692882189e+05, 2.7867840559617616e+02
5, 5, -5.0609405568983592e+05, 4.8413511175230792e+05
6, 0, 4.6749713341036520e+04, 0.0000000000000000e+00
6, 1, 3.9651674768124049e+05, -1.6577785276830531e+05
6, 2, 3.5636529148703907e+05, 1.6139993998828297e+05
6, 3, 3.4649003619387676e+05, 1.4350951786879860e+05
6, 4, 9.2028393911255960e+04, 3.1497074694040144e+05
6, 5, 7.3672691994342400e+04, 3.1290619213208958e+05
6, 6, 2.6536130499279342e+05, 8.1623876006564606e+04
7, 0, -1.9802037048425118e+04, 0.0000000000000000e+00
7, 1, 3.4587029956174467e+05, -2.6235191870290978e+05
7, 2, 3.4055150882362580e+05, 4.7672569816717500e+04
7, 3, 9.8461952820141392e+04, -3.2956601858871007e+04
7, 4, 5.7423317192183586e+05, 9.4136299617750643e+04
7, 5, -5.1565729611044822e+04, -3.2993420459525631e+05
7, 6, -2.3241794745776051e+05, -4.0511922866605542e+05
7, 7, 1.2733809530578059e+04, -2.3554322313052102e+05
8, 0, 1.3783148601935752e+05, 0.0000000000000000e+00
8, 1, -4.5470139632912651e+03, 5.5955415359717357e+04
8, 2, 4.4153067566542129e+05, 1.1201542996579074e+05
8, 3, -3.3782475069484668e+05, -3.6943790023546724e+05
8, 4, 3.4727369909668760e+05, -1.0216426949287255e+05
8, 5, -7.4578381937034044e+05, -5.2295299663992377e+05
8, 6, -9.2405045379581425e+04, -3.5544046602414292e+05
8, 7, -1.6131287223483887e+05, 3.0869822467450530e+05
8, 8, 2.4086688739587247e+04, -7.0853783033854110e+04
9, 0, -7.3387632652115281e+04, 0.0000000000000000e+00
9, 1, -2.1683780001204286e+03, 1.0340967862208802e+05
9, 2, 4.0304792395408603e+05, 4.4966991513869012e+04
9, 3, -2.3489584695742704e+05, -1.9027443599087957e+05
9, 4, 1.1842755520195230e+05, 4.4150386734104820e+05
9, 5, -5.3660347618720040e+05, -4.8281722616529197e+05
9, 6, 1.6689686789189884e+05, -1.1339904513235204e+04
9, 7, -2.1360316688567851e+05, 4.3948036177531222e+05
9, 8, 4.6333246393391956e+05, -1.1361079092717280e+05
9, 9, -2.6167379606409423e+05, -9.5982490559801634e+04
10, 0, 1.5390975518065610e+05, 0.0000000000000000e+00
10, 1, 2.0306825439427033e+05, 8.6469566773835817e+04
10, 2, 7.5361457101689652e+04, -3.5305601150875393e+05
10, 3, -2.5191137247950339e+05, 9.7790384874737618e+04
10, 4, -3.9045808335894585e+05, 9.7974571044382115e+04
10, 5, 1.9562900863616756e+05, -3.2442184942012606e+05
10, 6, 1.6926020041897977e+05, 4.5373584904778370e+05
10, 7, 1.3337275066362554e+05, -1.2069118513961992e+05
10, 8, 1.7166170077890033e+05, 2.4837566821777463e+05
10, 9, -3.9109012060949497e+05, -3.4760844162717002e+05
10, 10, -1.0360330830755799e+05, 1.8582590085270369e+05
11, 0, -1.0068926085308935e+05, 0.0000000000000000e+00
11, 1, -1.7302234267541891e+05, -5.3310913464028519e+04
11, 2, -8.6157382250377908e+04, -4.2772175025186827e+05
11, 3, -4.6040554883844522e+05, 3.3666824540407106e+05
11, 4, -5.9995015885620913e+05, -2.7763854420572013e+05
11, 5, 4.2186978704159590e+05, 3.5137084918653476e+05
11, 6, -1.6907180286294169e+05, -6.0784276789248914e+04
11, 7, 2.7269189837461791e+05, -2.5925468344398000e+05
11, 8, -4.7032999632804870e+05, 2.1021645012167830e+05
11, 9, -1.1841307625289701e+05, -1.4405242904636438e+05
11, 10, 1.6132797761518741e+04, 7.0457445824955055e+05
11, 11, -4.1609616076096419e+04, -1.3234919314636322e+05
12, 0, 2.5251141366719748e+04, 0.0000000000000000e+00
12, 1, -4.8359560708873591e+05, 1.8505577593734339e+04
12, 2, -7.4072780903740640e+04, 1.9226249318418713e+05
12, 3, -5.7628079087928042e+05, 1.0675530152626586e+05
12, 4, -9.6962177539847340e+04, 8.0979601205431361e+04
12, 5, 1.9807391120041066e+05, 4.1763101549953775e+05
12, 6, -1.3223548213207489e+05, -5.9649289052850287e+05
12, 7, 8.8508809819899805e+04, -1.1617463868114694e+05
12, 8, -5.2910056627814902e+05, -8.2714292414340394e+04
12, 9, 1.8692591790379904e+05, 1.2465925092393089e+05
12, 10, 8.2837121027680143e+04, 4.8334726658713177e+05
12, 11, 3.2289931140612246e+05, -7.1503304980883654e+05
12, 12, -3.0590380289668527e+04, -3.5229102000704523e+04
13, 0, -1.6546017772785120e+05, 0.0000000000000000e+00
13, 1, -3.0068248465151532e+05, -4.3117562231416494e+04
13, 2, 1.5800300418866993e+05, 4.1360025729797361e+05
13, 3, 1.6684603919210786e+03, -2.0568300066534721e+02
13, 4, 4.2348734936831461e+03, 2.6427383992054447e+05
13, 5, 2.8982692830150154e+04, -1.9985177512355533e+05
13, 6, 1.5126542754305189e+05, -4.9219639848088584e+05
13, 7, -3.3381093005549780e+05, 1.6568812117907521e+05
13, 8, -9.0022768835319264e+04, -1.5078868409732537e+04
13, 9, 3.7824190859213565e+05, 2.8376080968077527e+05
13, 10, -1.7541430015189908e+04, -2.4295368870797925e+05
13, 11, 3.1900821295264771e+05, -3.8820454309064086e+05
13, 12, -5.4111885398907959e+05, -1.8721485189736882e+05
13, 13, 2.6643496293459646e+05, 3.9051694397046056e+05
14, 0, 3.1084977818792890e+04, 0.0000000000000000e+00
14, 1, 3.2833434457549104e+05, 9.7820232608205464e+04
14, 2, 1.8327742563259040e+05, -2.1117219496834226e+05
14, 3, 1.6540127064724005e+05, -1.1036270210971903e+05
14, 4, 1.5464459548073329e+05, -4.9073098676445312e+05
14, 5, -2.0858164070362612e+05, -4.5280209389102680e+05
14, 6, -6.8981918352598404e+03, -7.5174802686224284e+04
14, 7, -1.5690783462542875e+05, 1.1985761253303710e+05
14, 8, 4.2660256443117332e+05, 2.0969048111922725e+05
14, 9, 4.0014960419234587e+04, 4.6383580158745742e+05
14, 10, -2.7443096865486383e+04, -7.2553732048425172e+05
14, 11, -3.4465528084755293e+05, 1.2876616110682044e+05
14, 12, -1.6690371633309682e+05, -9.5602873399484335e+04
14, 13, 3.3770810591986019e+05, 9.2506734766307136e+05
14, 14, -6.2474486363359720e+03, -3.2076494961795205e+05
15, 0, 2.1403722819766376e+05, 0.0000000000000000e+00
15, 1, 9.4119880382151896e+04, 1.8570815533210314e+05
15, 2, -2.2576153560642019e+05, -3.6300583211429091e+05
15, 3, -2.5856066411936912e+05, -1.3816149067217606e+05
15, 4, -3.5470076772212802e+05, -4.6886505182595627e+05
15, 5, -4.3656998313079233e+05, -2.7520000908896839e+05
15, 6, -2.4651020320930715e+04, 3.1496394024228054e+05
15, 7, 4.7090535927804641e+05, 2.0388153694513795e+05
15, 8, 5.3660655336517165e+05, 2.8033483852395514e+05
15, 9, -1.3682916459375323e+04, -1.6881239644041285e+05
15, 10, -1.2129821023116454e+05, -8.7701773230699313e+04
15, 11, -3.8468617423471512e+05, 2.8647317999233678e+05
15, 12, 3.5641760054142459e+05, 3.6806638903562905e+05
15, 13, 6.0928631362149026e+04, 3.7617402938840160e+05
15, 14, 9.5880907140839874e+04, -6.3716586617466039e+05
15, 15, -2.5147879407645561e+05, 3.6086284346357505e+04
16, 0, 2.5010133362686730e+05, 0.0000000000000000e+00
16, 1, -1.1568512838118293e+05, -2.8516961512553704e+05
16, 2, -3.6103217150494776e+05, -1.1646751163026798e+05
16, 3, -2.5252348345860688e+05, 2.3828477276934611e+05
16, 4, -4.7955413897972583e+05, -4.4029919896302607e+04
16, 5, -1.9614167821153859e+05, 3.1383754317074461e+05
16, 6, 8.1402685512628013e+04, 1.1638125346594946e+05
16, 7, 2.4162721785863533e+05, 1.3836786399235745e+05
16, 8, 1.4506910364803308e+05, 2.5148194139274058e+05
16, 9, -2.4068720535800472e+05, -5.0610230202827795e+05
16, 10, -3.1384360499774257e+05, 1.5726548154406116e+05
16, 11, -4.5484655825766895e+03, -8.3726905076635070e+04
16, 12, 3.0360553302697104e+05, 3.3591541492411972e+05
16, 13, -4.8339124772950097e+04, -3.3540320653805259e+05
16, 14, -4.0561958892381721e+04, -4.8637833723426412e+05
16, 15, -5.3592384976068663e+05, 1.6463920807736390e+05
16, 16, 1.0489134856505612e+05, 3.3962659543493632e+04
17, 0, -6.0881000543959351e+04, 0.0000000000000000e+00
17, 1, -2.6034179583690493e+05, -3.6278864510513918e+05
17, 2, -1.4383380876223466e+05, 9.6292571295118832e+03
17, 3, -1.0801552123540969e+05, 7.7223185330460343e+04
17, 4, 2.5109702099558094e+05, 5.7049699854907567e+03
17, 5, 3.8367256195700553e+05, 1.3140879983980308e+05
17, 6, 3.3748629550036759e+05, -1.3731087426971126e+05
17, 7, 1.7655963429205288e+05, -1.8410998316527842e+05
17, 8, -1.9855740916091145e+05, -1.0980351360433003e+05
17, 9, -7.0693955540525785e+04, -2.5198177524242370e+05
17, 10, -2.9245908976781095e+05, 1.3366640417783693e+05
17, 11, 1.4626000120831744e+05, -8.9773492959836876e+04
17, 12, 1.7998503468399274e+05, -2.4994432216171615e+04
17, 13, -3.1284680772906821e+05, -4.9608416183125530e+05
17, 14, -1.6872490273398947e+05, -2.5406844063440850e+05
17, 15, -1.8738218603188911e+05, 2.5135344412734031e+05
17, 16, 6.3669766547520668e+05, 3.2188586809948296e+05
17, 17, 7.8943262917281420e+04, 1.7236580346549800e+05
18, 0, -1.8337571083199064e+05, 0.0000000000000000e+00
18, 1, -1.0568955261490375e+05, -3.9578465458241192e+05
18, 2, -2.9198065573041800e+04, 1.9876746284296300e+04
18, 3, -2.1161389735031902e+05, -2.5264062517003348e+05
18, 4, 5.8159268810775375e+05, 1.0287671745785458e+05
18, 5, 1.2988732675176514e+05, -4.0173921832954005e+05
18, 6, 1.4819374072768528e+05, -4.2854894859121827e+05
18, 7, -1.0510235271816718e+05, -1.0174566054481993e+05
18, 8, 6.3609518453926314e+04, -1.8691508714785703e+05
18, 9, 2.4796962826563518e+04, 2.6574167929632892e+05
18, 10, 4.2851643969014805e+05, -9.1200205526931590e+04
18, 11, 1.9718425329862325e+05, -1.5222570661844179e+05
18, 12, 6.0913194814915565e+04, -1.3978639124032203e+05
18, 13, -2.2795628628210339e+05, -1.4638391663158475e+05
18, 14, -2.5194564360476437e+05, 1.4441313486322243e+05
18, 15, 2.7732670094961167e+05, 4.7389224952438660e+05
18, 16, 3.0264108874185453e+05, 1.1061596988188416e+05
18, 17, 1.1566762676695059e+05, -6.3907726770858094e+05
18, 18, 2.5637423188832006e+05, 2.1389386802435247e+05
19, 0, -9.4047002661321985e+03, 0.0000000000000000e+00
19, 1, 4.2289577692600280e+04, 3.1549064048994484e+05
19, 2, -2.6926895053302876e+04, 3.9096088675431834e+04
19, 3, -3.1469330363241461e+03, -1.2603340027106498e+05
19, 4, 1.3133035301825244e+05, 1.7628632160637018e+05
19, 5, -1.6779143293120235e+05, -2.5733135093001404e+05
19, 6, -1.2933758873265141e+05, -1.4270668533690111e+05
19, 7, -2.9760437328763149e+05, 1.2866001167498068e+05
19, 8, 2.8338074149902503e+05, -5.3027614489823522e+04
19, 9, 1.4947896264378307e+05, 3.2033751302399772e+05
19, 10, 3.9207500113711879e+05, -1.1930814880674159e+04
19, 11, 4.9292595020301960e+03, -2.7154889612356009e+05
19, 12, -4.6600445682642749e+02, 1.6412330319898989e+04
19, 13, -1.5739662786978015e+05, 8.4983841058449034e+03
19, 14, 1.1402271864700585e+05, 3.4045089715911302e+05
19, 15, 5.6596110877500300e+05, 3.6868724121850787e+05
19, 16, 2.1122248737246613e+04, -1.0953895274460735e+05
19, 17, -1.1241261810819014e+05, -3.0751205354373035e+05
19, 18, -4.2299266380407661e+05, 4.0011627639073611e+05
19, 19, -2.2721828890515139e+05, -5.0503975077206432e+05
20, 0, 2.0167273864402898e+05, 0.0000000000000000e+00
20, 1, 6.6930124504762425e+04, 4.0540949954431574e+05
20, 2, 3.7007172853583514e+04, -1.6893173829968035e+05
20, 3, 2.2633427546837847e+05, 1.3796126659349079e+05
20, 4, -2.6600353207719827e+05, 1.1306842421184365e+05
20, 5, 1.2921609201275787e+05, -8.7559867241307929e+03
20, 6, 1.3097446836765591e+05, 2.3652425401760175e+05
20, 7, 2.0158813044842667e+04, 1.1797350471669174e+05
20, 8, 1.9946587803032802e+05, 2.1876380994970782e+05
20, 9, 1.0707591341862442e+05, 1.2001329095696575e+05
20, 10, -2.6971559308249189e+05, -2.7909409010747346e+04
20, 11, -3.8614411289319774e+04, -4.1943327778124403e+04
20, 12, -3.7304544448734185e+05, -1.2209519554476270e+05
20, 13, -9.9228948984231305e+04, 2.3439592231373832e+05
20, 14, 2.2809932286914880e+05, 2.1007433455784709e+05
20, 15, 5.5285846580558005e+04, -2.4003407176332275e+05
20, 16, 3.4517551846297712e+04, -1.3459380126388805e+05
20, 17, -3.7335005438371492e+05, -2.8842453407083132e+05
20, 18, 3.1598846828694794e+04, 4.8305529544383287e+05
20, 19, 8.0023929356131994e+04, -9.6010070077401499e+04
20, 20, -3.3448301804633951e+05, 1.5346039264916311e+04
21, 0, 5.7995838776837983e+04, 0.0000000000000000e+00
21, 1, -1.2419714848384443e+05, -2.7900238027174864e+05
21, 2, -1.6740964923547697e+04, -4.1265361435002502e+05
21, 3, -9.7109089459026814e+04, 1.5906499106629254e+05
21, 4, -2.8518405654497712e+05, -1.1667716559125848e+05
21, 5, 2.6424047983233992e+05, 9.9430625486690929e+04
21, 6, 4.4065530224587244e+04, 1.5491317383268222e+05
21, 7, 1.6987236000573594e+05, -2.4225677716967525e+05
21, 8, 4.9540122464132626e+04, 2.0816796800303675e+05
21, 9, -1.9136217096009076e+05, -4.0602638703161545e+04
21, 10, -2.2694965322951780e+05, 1.3968825472947996e+05
21, 11, -2.6570631680980040e+05, -2.0228773616099768e+05
21, 12, 1.6375730794997676e+05, 8.7923544808589140e+04
21, 13, -1.4394048826471419e+04, 3.9453270178182414e+04
21, 14, 9.2720256294055027e+04, -3.0826886156083312e+05
21, 15, -2.4025178509048608e+05, -3.7677687780557503e+05
21, 16, -2.1969917936332308e+05, -7.7493545943098914e+04
21, 17, -2.2541544133726892e+05, -2.2865875968228342e+05
21, 18, 1.8563369403004050e+05, 3.6435590524597780e+05
21, 19, 7.2956487350735304e+04, -5.8559946667190827e+05
21, 20, -1.5845082945350165e+05, -2.7479712927811081e+05
21, 21, 5.2223009434171970e+05, 3.5544220273055544e+05
22, 0, -1.8407114839496248e+05, 0.0000000000000000e+00
22, 1, -3.3118504097034346e+05, -1.4580689102257887e+05
22, 2, 3.2646152480540106e+04, 7.5568375427900624e+04
22, 3, -3.0875881631401548e+05, -1.7185606818525928e+04
22, 4, 1.8863420346990469e+05, -2.5884059724667820e+05
22, 5, 4.7199878558083612e+04, 4.1563963086175805e+04
22, 6, -1.6580087448585583e+05, -3.4813110384006076e+05
22, 7, 1.9375321315050891e+05, -3.2595022738394127e+04
22, 8, -2.5810234778334439e+05, -1.4459955357823835e+05
22, 9, -3.4981036289118194e+04, -9.2927127973459588e+04
22, 10, -2.0605497988889000e+05, 1.6893015383877981e+05
22, 11, -1.4332759698483211e+05, -1.8029691980104340e+05
22, 12, 2.7899548711539723e+05, -5.5260227955672817e+03
22, 13, -1.2779036214818431e+05, -1.2450948519303525e+05
22, 14, -8.0555819677365871e+04, -3.7482756490457885e+05
22, 15, -3.1617589126005041e+05, 1.8114937307692613e+05
22, 16, -1.6507184241306997e+05, -1.5508895447732990e+04
22, 17, 3.1304208700721792e+05, 2.1048774875907484e+05
22, 18, -9.7689084457512683e+04, 4.3478827084601216e+03
22, 19, 3.4786765862063214e+05, -2.9092398554780462e+05
22, 20, -3.7537983918260486e+05, 7.3271324584148038e+04
22, 21, 2.2924346917117038e+05, 4.9165449344080704e+05
22, 22, -5.5723474928583993e+04, -2.3911834151989466e+05
23, 0, 6.6541873147477774e+04, 0.0000000000000000e+00
23, 1, 1.8734388756670908e+05, 3.6890257829264599e+04
23, 2, 1.4423050123977012e+05, 3.5638908227219933e+05
23, 3, 1.1496650568374040e+05, -1.3338724791690041e+05
23, 4, 3.1460255367175257e+05, 4.7172288076466488e+04
23, 5, -2.7823350043844216e+05, 1.5898710916713014e+05
23, 6, 3.0270213136319525e+05, -4.2279510170574265e+05
23, 7, -2.0371623984908394e+05, 2.9510147859524959e+05
23, 8, -1.2981045359735427e+05, -2.5001788676277490e+05
23, 9, 2.9183827423913630e+04, 1.1882863342295343e+05
23, 10, -9.2625977559191117e+04, -2.3300477131252200e+05
23, 11, 2.2655872658311267e+05, -2.0482486717591237e+05
23, 12, 4.4752230467109097e+04, -8.4795957416550693e+04
23, 13, -1.9915663113151860e+05, -2.5214248546563249e+04
23, 14, -4.2268583944972066e+04, -3.3280437456912349e+05
23, 15, -2.3023844430822384e+05, 6.1158150752487930e+05
23, 16, 3.5484629963628558e+05, 7.3612671421168794e+04
23, 17, 2.6249481795221311e+05, 6.2951805140301364e+05
23, 18, -1.1492655777869109e+05, -4.6151092648495821e+05
23, 19, 3.9494978451412031e+05, 5.8179971013541275e+04
23, 20, -4.4075863200188917e+05, 5.5172312093255685e+04
23, 21, 3.7057149728124792e+05, 5.3901445576969022e+05
23, 22, 1.7038313238847643e+05, -9.7613051933034585e+04
23, 23, -4.7464237076354801e+05, 1.5183983227761390e+05
24, 0, 1.7733601239963947e+05, 0.0000000000000000e+00
24, 1, 1.8815121909345375e+05, 2.0025006059623972e+05
24, 2, -5.6615025710754380e+03, -1.6542881272312417e+05
24, 3, 3.2634963642766594e+05, -2.0018344414287928e+05
24, 4, 4.8174243705402478e+03, 1.2981757710297147e+05
24, 5, -2.4623619926277001e+05, -1.4341360122235116e+05
24, 6, 3.0968204350029910e+05, -1.3649231554697224e+04
24, 7, -3.6403429811917304e+05, 4.3622697790367773e+05
24, 8, 1.4593301199002506e+05, 5.5017701442440797e+04
24, 9, 9.1750563688510258e+04, 2.8251006690223172e+05
24, 10, -1.1784192826635584e+05, -2.1036233502505923e+05
24, 11, 3.4219106664522164e+03, 2.8389135945091757e+05
24, 12, -2.8212006466922926e+05, -2.7135825046302984e+05
24, 13, 1.2840276832131404e+05, -2.0861267443665638e+04
24, 14, 5.6485290918757946e+03, 3.4638830280553352e+05
24, 15, 2.0882659719365829e+05, -4.9107580942047425e+04
24, 16, 5.0930618751929520e+05, 2.9749379560072470e+05
24, 17, -1.0967050886365992e+05, -3.8091716764880621e+03
24, 18, 3.2733348470479826e+05, -5.3195170744495536e+05
24, 19, -3.1022359766491153e+05, 3.3514125959717517e+05
24, 20, -1.0935919763499573e+05, -1.0025101554673119e+05
24, 21, -4.6036970176845716e+03, 3.6381885820879735e+05
24, 22, -1.0539163686566657e+05, -6.0238171866283822e+05
24, 23, -4.9141172066212835e+05, -3.3788849329329954e+04
24, 24, 2.4316915515075444e+05, 9.7691555497078371e+04
25, 0, -1.1933667804846710e+05, 0.0000000000000000e+00
25, 1, -1.0193988846744779e+05, -2.8024764973403871e+04
25, 2, -1.7983589336311352e+05, -3.4857062806085590e+05
25, 3, 6.7503562860648060e+04, -1.4036952009597587e+05
25, 4, -5.8494290302538953e+05, 1.6285959641670290e+05
25, 5, 2.3929194371399598e+05, -2.7125851137103798e+05
25, 6, -1.5769564240574586e+05, 2.8241242155393178e+05
25, 7, 5.7632766899187220e+04, 2.7621043841451604e+05
25, 8, 1.8160049131322256e+05, 1.5791153427048447e+05
25, 9, 6.6758487002945418e+04, 1.9004745026780205e+05
25, 10, 1.4158431514589698e+05, -2.0326037357361161e+05
25, 11, -4.1993397856506763e+05, 3.7053861723166204e+05
25, 12, -2.8905114169775491e+05, -2.4132210963924025e+05
25, 13, 7.1726027511604261e+03, 2.5001250659208512e+05
25, 14, -7.1828037630428240e+04, 2.2929582614221337e+05
25, 15, 4.0441243907972053e+05, -9.2785113057740469e+04
25, 16, -9.7490814084390862e+04, 2.5588818386713054e+05
25, 17, -2.8792090957686247e+05, -7.1093884643089329e+05
25, 18, 1.4962292995340587e+05, 6.8341912593571571e+04
25, 19, -5.8860612529222912e+05, -4.6389163533035498e+04
25, 20, 4.6186386947205546e+05, 9.4131835721405296e+04
25, 21, -6.2586028938150220e+05, 1.8402769125324528e+05
25, 22, 2.7033755957851530e+05, -4.2519419987909280e+05
25, 23, -4.5981266937396908e+05, 4.1027733586044196e+05
25, 24, 2.3995565254045976e+05, 8.9680112051861564e+04
25, 25, 1.3539693985880149e+05, -2.5462533430270947e+05
26, 0, -2.3899151715537303e+05, 0.0000000000000000e+00
26, 1, -1.3320442094622552e+05, -3.8521027501963079e+05
26, 2, -1.6782530900748877e+05, -1.1375129156857118e+04
26, 3, -7.3721255197042236e+04, 1.0962993876672527e+05
26, 4, -3.3207273658365262e+05, 1.4350980973170212e+05
26, 5, 1.9738019939373262e+05, 1.4908851517313370e+05
26, 6, -3.2109090652464068e+05, 1.1494700276712858e+04
26, 7, 9.7275058223095781e+04, -1.8576566311767249e+05
26, 8, 2.0612674562864588e+04, 9.2470906471486771e+04
26, 9, -3.8220916531040741e+04, -4.6476435207669402e+05
26, 10, 9.6587465558812910e+04, 5.4585207770187873e+04
26, 11, -4.4262105144676939e+05, -1.9607395826281011e+05
26, 12, 2.2236202664845349e+05, -9.5735924794495397e+04
26, 13, 2.7500721040157179e+04, 4.4619696089370391e+03
26, 14, 1.0991811841114442e+05, -5.3707817918760564e+04
26, 15, 9.2475993776817530e+04, -5.7511553575124744e+04
26, 16, -4.4355496723444213e+05, -1.0704257794545099e+05
26, 17, -2.6512890177477471e+05, -7.5866059869637378e+04
26, 18, -2.5253502189330914e+05, 4.1947052031801903e+05
26, 19, -1.8802795165900516e+03, -9.2033175472906005e+04
26, 20, 1.1989049986336744e+05, 3.3742037036051473e+05
26, 21, -2.5604130140416493e+05, -4.9997311004255957e+05
26, 22, 4.0812665798849968e+05, 1.1722824116629912e+04
26, 23, -2.3605092013489423e+05, 2.2442072029778716e+05
26, 24, 7.1359667728623596e+05, 4.6378369257895705e+04
26, 25, 2.5811290846085409e+05, -3.8597755400561111e+05
26, 26, -1.5011123185779180e+05, 4.1068471604013606e+05
27, 0, -2.6107566210912378e+05, 0.0000000000000000e+00
27, 1, 4.3835338866611055e+04, -2.4573215626050358e+04
27, 2, 8.9065913129297369e+03, 3.0145887101360841e+05
27, 3, 1.2077561326705324e+05, 2.8250584597857890e+05
27, 4, 3.4857453253557911e+05, 1.0592878981573995e+05
27, 5, 9.3495206700821102e+04, 3.0232635697361862e+05
27, 6, 3.1123887087995844e+05, -3.1407842444513843e+05
27, 7, -2.6767420611892656e+04, -1.2315354538681725e+05
27, 8, -3.5416842405317351e+05, 9.3361366244684876e+04
27, 9, 1.7693391232036360e+04, -4.1902022641112842e+05
27, 10, -2.5387037073403777e+05, 1.3996240929671967e+04
27, 11, -1.9586840370444642e+05, -1.9439444902394796e+05
27, 12, 8.4467204862445127e+04, -6.6982999932060111e+03
27, 13, -8.9921861345899873e+04, -1.0041809198895170e+05
27, 14, 2.3755971677184373e+05, -1.7654028285376829e+04
27, 15, -2.8207226802946061e+04, 9.9217944563560639e+04
27, 16, -7.3597888862226449e+04, -2.6040370103158650e+05
27, 17, 2.0006695347564452e+05, 4.0693028097067954e+05
27, 18, -1.5077936612300164e+04, 1.6237607380773249e+05
27, 19, 7.2824620565960358e+05, 1.7568055558227055e+05
27, 20, -2.8343814404127968e+05, -6.3007545833450167e+04
27, 21, 2.9597186197928118e+05, -2.8538660390311433e+05
27, 22, -2.1668357588115422e+05, 3.6610495986606693e+05
27, 23, 1.4367757673647546e+05, -2.7193560723197582e+05
27, 24, 1.7935994010771916e+05, 6.3164850227080096e+04
27, 25, -8.4429214414121845e+04, -5.7700618251605355e+05
27, 26, -2.5564432888652646e+05, 3.5973339979323075e+05
27, 27, 4.6973734672127815e+05, -2.3749374923016923e+04
28, 0, 3.3363301007736693e+04, 0.0000000000000000e+00
28, 1, 1.6436725355133164e+05, 9.9428876949643178e+04
28, 2, 3.3023343729236897e+05, 2.6497582470570377e+05
28, 3, 1.8808347210410016e+05, -3.1820013249665883e+05
28, 4, 3.7055136035375926e+05, 7.8645835879873179e+04
28, 5, -7.2958884000684644e+04, 2.9711377578108688e+04
28, 6, 4.7706848038785043e+05, -2.7195957570498582e+05
28, 7, -2.0048577400790504e+05, 2.6681608797870582e+05
28, 8, -2.6867699763962091e+05, -3.1567715794739073e+04
28, 9, 8.0083305527368298e+04, 4.5423761990145728e+05
28, 10, -9.4024761747858371e+04, -3.8058885754752671e+04
28, 11, 1.9259619475380774e+05, 2.9390216521115170e+05
28, 12, 7.2354048203232349e+04, -3.6001609200704333e+04
28, 13, -1.2429801787279114e+05, 6.8573051078470846e+04
28, 14, 1.3000629685099902e+05, 1.6498861533410838e+05
28, 15, -9.8145570477214656e+04, 1.5431168263454136e+05
28, 16, 1.7749442823913862e+05, 9.3640018763444546e+04
28, 17, 1.0342770320827112e+05, 4.2568398712026316e+05
28, 18, 2.8853924081404507e+05, -3.2385575704876048e+05
28, 19, 3.5637149511134444e+05, 7.4721310215004414e+04
28, 20, -2.7580304361740092e+05, -4.3056679988089087e+05
28, 21, 1.8351685516831547e+05, 1.4101089897918538e+05
28, 22, -3.7211236333774682e+05, 6.8878364327444084e+04
28, 23, 3.7658049268185755e+05, 1.5076072687464539e+05
28, 24, -2.7132038975461700e+05, 1.6633635374380715e+05
28, 25, -6.2455039505219225e+04, -1.0064543588447751e+05
28, 26, -4.1055368321461533e+05, 5.5390129114958260e+05
28, 27, 2.2604903383124736e+04, 6.5633232881323202e+04
28, 28, -1.4598905342940672e+05, -5.9524259752670699e+05
29, 0, 1.2264935326390635e+05, 0.0000000000000000e+00
29, 1, 4.0406999568064144e+04, 1.9717100332262067e+05
29, 2, 1.4446159263008565e+05, 1.2086377478636699e+04
29, 3, 1.1318155261942132e+05, -3.4763552857133158e+05
29, 4, -1.7334546037181103e+05, 1.0171050929596461e+05
29, 5, -1.3286523273988144e+05, -1.6619321663675568e+05
29, 6, -7.8021766577777249e+04, 5.8514572244397496e+04
29, 7, -2.8736635264021141e+05, 1.8212406508257164e+05
29, 8, -5.0609336550608539e+04, -1.5408877926408508e+04
29, 9, 1.1878316804714150e+05, 3.8617210808161908e+05
29, 10, 1.6885682436489119e+05, -7.3923435078922033e+04
29, 11, 3.6562715804037609e+05, 9.1329553849489443e+04
29, 12, -1.8469821628215525e+05, 1.1088943117037183e+05
29, 13, 2.2070430469542480e+05, 2.6333262246670405e+04
29, 14, 2.1287472631972865e+04, 1.5280376753624476e+05
29, 15, 7.8572083656219504e+04, 1.3772126262676582e+05
29, 16, 1.2896703378881398e+05, 4.3022948636752561e+04
29, 17, 3.7986019206640049e+02, -9.1225938929245589e+04
29, 18, -1.8504719272855145e+03, -8.8263738781587454e+04
29, 19, -2.1421058862065093e+05, -4.3976531939663306e+04
29, 20, -1.2484727643993621e+05, -7.5568697958634992e+04
29, 21, -1.8060350303445046e+05, 3.0908859639504016e+05
29, 22, 1.2785018738646313e+05, 7.4698399691569321e+03
29, 23, 5.2963266915542939e+04, 3.4205113316735905e+05
29, 24, -8.6863677786176297e+04, -3.2963855099944177e+05
29, 25, 7.1908311911759069e+04, 3.2315639301319845e+05
29, 26, -1.7853491405186098e+04, 2.6502016882500181e+05
29, 27, 4.9367927920963644e+05, 7.3295757644622703e+04
29, 28, -2.8822075763918871e+04, -2.7540572072430176e+05
29, 29, -1.6031265135295983e+05, 1.8000508016097592e+05
30, 0, -7.5866352041966202e+03, 0.0000000000000000e+00
30, 1, -1.7306778178609675e+05, 6.0099580515142879e+03
30, 2, -2.4019169062153489e+05, -3.4030154548582927e+04
30, 3, -5.4268926832651130e+04, -2.4452665846593696e+04
30, 4, -3.0915594102895283e+05, 2.7052206822356017e+05
30, 5, -1.1396630728666893e+05, 1.5451151590627801e+05
30, 6, -1.2499122499414411e+05, 4.1650817819347011e+05
30, 7, -6.7826440953718629e+04, 1.0704862569098379e+04
30, 8, 4.3530441625367719e+04, 1.4177043765845196e+05
30, 9, -1.1348951683399033e+05, 3.7120312326391024e+04
30, 10, 8.0542641307914993e+04, -2.8763248921069142e+05
30, 11, 1.5547566251453318e+05, -1.0432658841411384e+05
30, 12, -3.4406261814646632e+05, 1.3290248135618630e+05
30, 13, 1.1107674605760750e+05, 4.8396248859929408e+04
30, 14, -1.3977081668179596e+05, -3.3697953529590821e+04
30, 15, 1.2617813739898379e+05, -9.3885848806313552e+03
30, 16, 2.9968241566293676e+04, 4.1834861790194598e+04
30, 17, -1.3668728190498013e+05, -1.7974084677622712e+05
30, 18, -6.5075783925609401e+04, -2.9537132912149158e+04
30, 19, -2.2893638849886210e+05, 8.0162334551643784e+04
30, 20, 1.6501722612026977e+05, 1.6521871034444007e+05
30, 21, -6.6362746786072821e+04, 9.9840743011816026e+04
30, 22, 2.5057759715009906e+05, 4.9376580931859433e+04
30, 23, -1.6831826360529513e+05, 7.0783844472000041e+04
30, 24, 9.6946895155499165e+04, -2.3732126612380624e+05
30, 25, -2.3581297527297051e+05, 2.7572595825312746e+05
30, 26, 1.5388295793361720e+05, -3.6655932072723564e+05
30, 27, 3.3668861352724000e+05, -2.5783005483633053e+05
30, 28, -2.3213157892730198e+05, -4.0015554757942940e+05
30, 29, 1.8559449487058460e+04, 4.7966214600347230e+04
30, 30, 1.0801276534463107e+05, 2.1277685123849311e+04
31, 0, 1.5943295965082492e+05, 0.0000000000000000e+00
31, 1, -6.5751983576115672e+04, -1.0521203892674950e+05
31, 2, 9.8147577189108793e+04, 5.9923931413877406e+04
31, 3, -2.0210811366809226e+04, 6.3485575393223728e+04
31, 4, -5.3436736676247383e+04, 1.9562470342848665e+04
31, 5, 8.9441252654848358e+04, 2.1509750926989506e+05
31, 6, 4.4179291312259629e+04, 1.1489905940846639e+05
31, 7, 2.5816959858203790e+05, -1.6482717886220964e+05
31, 8, -2.0103454145174132e+04, 3.3350610695115065e+04
31, 9, -1.5004068896427110e+05, -5.4522278354308015e+04
31, 10, -8.9922551316275145e+04, -2.9642019034901774e+05
31, 11, -2.0474731330034597e+05, 2.1893850032330074e+05
31, 12, -1.3654096019322021e+05, -1.1054468317953448e+04
31, 13, 4.6267203922097382e+04, 1.7353236073023590e+05
31, 14, -4.3183281264049583e+02, -1.0496654343428822e+05
31, 15, 8.1652649248205475e+04, 4.1010757119035916e+04
31, 16, -1.5249715477872037e+05, -2.2674895411890840e+04
31, 17, -7.8436668158525936e+04, 3.9094776680066185e+04
31, 18, 3.5200841457676492e+04, 2.3278561713334237e+05
31, 19, 8.4764566415168243e+04, 1.3651179529066765e+05
31, 20, 4.6787849499198643e+05, 1.9333544114506216e+05
31, 21, 2.0396155169688074e+04, 1.4685542662744094e+04
31, 22, 1.3268248485027751e+05, -2.0234974927996943e+05
31, 23, -1.0541601617929050e+05, -1.8325599869673885e+05
31, 24, 6.1932868494766110e+04, 1.3492103576230805e+05
31, 25, 1.8509749836016068e+04, -2.5321664432790829e+04
31, 26, 2.0377628517972041e+05, -5.6322565257959541e+04
31, 27, -1.1250471936370243e+05, -1.7074866552028566e+05
31, 28, -4.4002165950069670e+05, -1.2422853068117829e+05
31, 29, -9.4126757481682449e+04, 2.1317375804976391e+05
31, 30, 2.5234293474842678e+04, 2.6862607644540403e+05
31, 31, -1.7201110210643394e+05, 3.2123095951320618e+04
32, 0, 1.8832621594806257e+05, 0.0000000000000000e+00
32, 1, -5.6640747577945825e+04, -2.4034409750310544e+05
32, 2, 2.0607600904949225e+05, 2.1830987780744265e+05
32, 3, -2.1235628312502577e+05, -5.2682824957624107e+03
32, 4, 2.4508798340469628e+05, 8.2867113895131435e+04
32, 5, 1.1596689187838590e+05, -6.0542565233686066e+04
32, 6, -1.3461542564126772e+04, -2.5257222205119551e+05
32, 7, 2.1382992603169341e+05, -1.8200754779796270e+05
32, 8, -2.9810480609650514e+05, -3.5806064742546710e+04
32, 9, -3.5521121028248075e+04, -1.0942560947981506e+05
32, 10, -5.2736189449019446e+04, 1.0149402603634054e+05
32, 11, -4.8327476310177801e+04, 5.9358241748421060e+04
32, 12, 7.7208821519196063e+04, -7.5707105968265387e+02
32, 13, 4.3877790034615566e+04, 4.1549461321417723e+04
32, 14, 9.6961828596475170e+03, -2.4175031697606455e+05
32, 15, 2.9325663807425561e+04, 1.2268676375736951e+05
32, 16, -1.8381627756928955e+05, -5.7904553780782022e+04
32, 17, 1.6245667244711438e+04, -3.8623621032966665e+04
32, 18, 1.0997576841785111e+05, 2.3500197338446280e+04
32, 19, 2.6536672244155261e+05, -1.5672631639365948e+05
32, 20, 2.5089370537062766e+05, 7.1907085525365794e+04
32, 21, -1.2073327339206875e+05, -2.8755525757418748e+05
32, 22, -1.3690092425845604e+05, -7.7339644997229305e+04
32, 23, -2.5783180693610258e+04, 1.2880054008464933e+05
32, 24, -3.3026597231674459e+04, 2.0308249999039614e+05
32, 25, 1.5716459923737068e+05, -1.8335434204075896e+05
32, 26, 4.5020247537005576e+04, -8.0097141918425550e+04
32, 27, -6.4979006542954114e+04, -1.5476777759887057e+05
32, 28, -4.9017016532331749e+04, 3.6058292919069499e+05
32, 29, 1.0760732310191443e+05, 2.4119720983719657e+05
32, 30, 1.9120879715198133e+05, -7.0319923563299904e+04
32, 31, 1.3156144695882450e+05, 8.6481824314371261e+04
32, 32, 8.1332603749901726e+04, 7.1120888245397888e+04
33, 0, -1.1220174596562053e+05, 0.0000000000000000e+00
33, 1, -8.3004711984117646e+04, -1.4336472902305407e+05
33, 2, 7.8144503958509173e+04, 2.8106788073160971e+05
33, 3, -1.8073220443130203e+05, -1.2876069216443645e+05
33, 4, 8.9206561133537878e+04, 6.0950076040134220e+04
33, 5, -1.9041497502532433e+05, 4.8483806205822257e+04
33, 6, -1.8708242367710138e+05, -3.7683938510581548e+05
33, 7, -1.0944868169911930e+05, 3.7506064238543238e+05
33, 8, -1.8019611051013530e+05, -1.8470637861260114e+05
33, 9, 8.0914157793490012e+04, 1.2587382743661941e+05
33, 10, -1.1984186817809277e+04, -1.1837596686083980e+03
33, 11, 2.0583476628754317e+05, -1.9896132402217970e+05
33, 12, 2.4325239316400624e+05, -1.7843863578100383e+04
33, 13, 3.2855058463609384e+04, -3.0759677450621584e+04
33, 14, 6.9624331570702416e+04, -3.6989837184382995e+04
33, 15, -1.3582263403743785e+05, 1.2423198185192615e+05
33, 16, 2.2049556457394214e+04, -6.7501357321180592e+04
33, 17, 4.4380083201711881e+04, 1.5564326236490870e+04
33, 18, -1.8353791214911794e+05, 5.5662246834461876e+04
33, 19, 2.9844816747397988e+05, -2.4077542301689915e+05
33, 20, -1.8849916836931865e+05, -5.0283978323741525e+04
33, 21, -3.2502581264360422e+04, -3.1924909215269005e+05
33, 22, -9.0854887468457950e+04, 1.5579717075728317e+05
33, 23, -2.7224844141356567e+04, 1.6306405765666283e+05
33, 24, 1.2597924616202858e+05, 1.3987316877815686e+05
33, 25, -1.6594412687604781e+03, -4.3661840285905942e+04
33, 26, -4.8932710986502476e+04, -1.2599166420097864e+05
33, 27, -7.1556286075521450e+04, 5.2018619582321349e+04
33, 28, -7.0199347111185460e+04, 2.3357309890139164e+05
33, 29, 2.0681616558647333e+05, 9.9004781705194837e+03
33, 30, 2.0375250496975827e+05, -2.2420752642377422e+05
33, 31, -2.0064883719021073e+05, -2.4909398430211371e+04
33, 32, 6.7229214759261071e+04, -5.0262064820664842e+05
33, 33, 4.0881628174415302e+04, -7.2757233448146217e+04
34, 0, -2.1469222477086575e+05, 0.0000000000000000e+00
34, 1, 1.0700873987159917e+05, -7.3996656864750330e+04
34, 2, -1.2565068345914513e+05, 8.8561360021866029e+04
34, 3, 9.8982777679972569e+04, -2.4990852359031475e+05
34, 4, -4.8355519410379253e+04, 1.4967576843529430e+05
34, 5, -1.8115894377748505e+05, -9.2927616165814907e+04
34, 6, -1.3209097049575526e+04, 8.8641873523032555e+03
34, 7, -2.1919197291929708e+05, 3.0918262791545736e+05
34, 8, 2.8377841436928851e+04, -5.0542629135674360e+02
34, 9, 1.0130698395617564e+05, 1.3950698348042151e+05
34, 10, -1.4668886291305949e+04, -1.4801842863669584e+05
34, 11, 1.3800496917780206e+05, -3.1656683610000112e+05
34, 12, -1.0880229382861969e+05, -4.8403678163484008e+04
34, 13, -9.5753659072425828e+04, -1.2523312275408344e+05
34, 14, 3.6188933734493810e+04, 1.5495082855519839e+05
34, 15, -1.2894885301226334e+05, 1.1103325637925122e+05
34, 16, 3.2047415320670226e+05, -1.1763726656943745e+04
34, 17, -1.2316642597645462e+05, 9.7646329775283026e+04
34, 18, -3.8006770269837594e+04, -1.3671752153138747e+05
34, 19, 2.4590409715663729e+04, 2.7757065508281544e+05
34, 20, -2.0117788258216978e+05, -1.2646004490059130e+05
34, 21, 6.9435169314541447e+04, 1.4213077449102115e+05
34, 22, -1.2803362558116672e+05, 1.4147439324926623e+05
34, 23, 1.8779316436434849e+05, -5.6362058438017251e+04
34, 24, 1.2037748026830984e+05, 1.7270262268473816e+03
34, 25, -1.4004011305321555e+05, -1.0538126263592055e+05
34, 26, 1.2264067975189442e+05, -1.5522478963405019e+05
34, 27, -1.7256505413922211e+05, 1.6438008506300498e+05
34, 28, 9.4835405271078620e+04, -7.9066546671581091e+02
34, 29, 1.4908630773671012e+05, 1.3495274147422682e+05
34, 30, 3.5364498468556980e+04, -2.8844630777694884e+05
34, 31, -3.5301987202856870e+05, 1.0905784429002179e+05
34, 32, 1.3210671715621772e+05, 1.3230344458384888e+05
34, 33, -5.0297599525056046e+05, 1.2952646345795307e+04
34, 34, -9.6009601689192514e+03, 4.8567169057548337e+04
35, 0, 4.3977634233856013e+04, 0.0000000000000000e+00
35, 1, 1.0012625898110437e+05, 1.9063511299517355e+05
35, 2, -2.7464728622730210e+04, -1.0048643702234597e+05
35, 3, 7.4742427599319839e+04, -1.1447172668268353e+05
35, 4, -2.5830210635194770e+05, 1.2068759534758770e+05
35, 5, 6.4755893879804265e+04, -2.9359351963344146e+05
35, 6, 2.0418016641261027e+05, 2.4626006247881410e+05
35, 7, 4.6004101675708902e+04, -1.1392566455596057e+05
35, 8, 2.3549130718700070e+05, 1.2687050710377618e+05
35, 9, -4.2396417069103161e+04, -5.2832646251362799e+04
35, 10, -7.7237690409418909e+04, -1.0793514888248387e+05
35, 11, -4.3394722286617180e+04, 2.5810054964219184e+04
35, 12, -2.0265011534949997e+05, 5.0874268434495825e+04
35, 13, -5.5158288191677697e+04, 7.0628193463412972e+03
35, 14, -1.0076426169609117e+05, 1.0285910559786781e+05
35, 15, 1.1044978449458641e+05, -2.3101637108877959e+05
35, 16, 1.7388638652289688e+05, 1.3817789317848047e+05
35, 17, -2.0732548749483068e+05, -7.9731763392056906e+04
35, 18, 1.8589813539976254e+05, -7.1392806853077142e+04
35, 19, -1.1201037250067403e+05, 1.0602177546871644e+05
35, 20, 2.1377885227482527e+05, -1.7051024313545399e+05
35, 21, 7.8862362500200994e+04, 3.2260434192185599e+05
35, 22, 8.1518007811023650e+04, -1.6085517977729888e+05
35, 23, 5.8834093761129407e+03, 1.2191833196360806e+05
35, 24, -1.9915358659552218e+05, 2.2085348262694315e+03
35, 25, -6.3986218194736997e+04, -6.0367904417580066e+04
35, 26, 1.7497032305217828e+04, 8.0618433280898433e+04
35, 27, -1.0456787480496441e+05, -4.9762535614619890e+04
35, 28, 1.9136902210078697e+05, -2.3927195987661798e+02
35, 29, -1.5047080825547778e+05, -5.8063123471693791e+04
35, 30, 1.5001208013593699e+05, -1.4551176772406080e+05
35, 31, -9.9121358499056674e+04, 3.0833817633484527e+04
35, 32, 2.7160083445927256e+05, 3.1212689954631269e+05
35, 33, -8.9321329862096478e+04, -2.8391617388531554e+05
35, 34, 1.9201843518385591e+05, 4.1785957312074548e+05
35, 35, 1.5238566573814658e+05, 5.5647065479394514e+04
36, 0, 2.6171638155680412e+05, 0.0000000000000000e+00
36, 1, -1.1749518073737339e+05, -3.0690759934868940e+04
36, 2, 1.7465427624973739e+05, -1.7623275662134186e+05
36, 3, -1.4366209755560235e+05, 7.8768612834494037e+04
36, 4, -2.4835630868626249e+05, -3.3922066133159286e+04
36, 5, 1.3107347635934062e+05, 1.8211144860209621e+04
36, 6, -1.7076235790887222e+05, 1.5876041665211451e+04
36, 7, 8.6253913168326239e+04, -1.7326106537516645e+05
36, 8, 9.6614758752616282e+04, -4.7634574271962891e+04
36, 9, -1.3123251795787967e+05, -7.0654816015097342e+04
36, 10, 8.3596137107630348e+04, 8.6275314348654560e+04
36, 11, -1.0045710321998136e+05, 6.0857573879028947e+04
36, 12, -1.0139345830407430e+05, -1.5451327603505253e+04
36, 13, 2.4573708820470874e+05, 2.4896587463278160e+05
36, 14, -1.5295524682822017e+05, -8.3588794169545770e+04
36, 15, 3.9622826988760498e+05, -1.4161330118491827e+05
36, 16, -2.2815362600173545e+05, -1.3916151206822617e+04
36, 17, 8.5120048030064499e+03, -1.6536734178485218e+05
36, 18, -5.3809718594131336e+04, 2.2120171454876405e+05
36, 19, -1.2214208239303500e+05, -1.3430918297371466e+05
36, 20, 2.7549176618737780e+05, 1.4456835560006974e+05
36, 21, 1.3057193565152738e+05, -6.3733242110517327e+04
36, 22, 8.6953125109442757e+04, -1.4867162084850681e+05
36, 23, 6.1279846286839456e+03, 1.5324238621177996e+05
36, 24, -1.6648402361667564e+05, -9.4376142904877823e+04
36, 25, 5.3247342853267211e+04, 1.3765615140684563e+05
36, 26, -2.4214447517952092e+04, 5.5560385406810892e+04
36, 27, 7.6155721448223805e+04, -7.5562537625077879e+04
36, 28, -2.1116398003434857e+04, 2.8090946666675445e+05
36, 29, -1.9002374872674933e+05, -3.0333472914940835e+05
36, 30, -1.0191248047758600e+05, 2.6767296750870603e+05
36, 31, -1.5076842538901087e+05, -2.3850328425783940e+05
36, 32, 2.6466734369211923e+05, 5.8426404136146390e+04
36, 33, 8.7138894587748058e+04, -3.9878633630101912e+05
36, 34, -1.0832933259686842e+05, 2.1088189578931610e+05
36, 35, 2.4620648636736575e+05, -2.4822548311282322e+05
36, 36, -9.7138966049105569e+04, -3.1170771476414980e+05
37, 0, -1.0741422221859319e+05, 0.0000000000000000e+00
37, 1, -1.5939377466467599e+05, -2.8783209096906945e+05
37, 2, 1.2161561833720880e+05, -5.0393367743695104e+04
37, 3, -2.1026331047029985e+05, 7.5819534796744381e+04
37, 4, 1.2661836942206207e+05, 3.4720174167329576e+04
37, 5, 1.3096116722424293e+05, 1.7391694666176516e+05
37, 6, -2.3805654473317973e+05, -1.4934541121802619e+05
37, 7, 8.5109486230944050e+04, -2.4608745445276239e+04
37, 8, -3.3575507094168820e+05, -1.1289312518865618e+05
37, 9, -1.2810464722387653e+05, -7.0566776403346361e+04
37, 10, 9.7449429345362823e+03, 4.0154171731902454e+04
37, 11, 1.4158345799084802e+05, -8.2336014642122624e+04
37, 12, 8.7325693495511834e+04, -1.7728609045018753e+05
37, 13, 7.3298558668420330e+04, 1.0999440854202374e+05
37, 14, -1.9156114792241176e+04, -3.3705370280436671e+05
37, 15, 8.1906888778686625e+04, 4.4263218511479587e+04
37, 16, -2.2373716292734997e+05, -1.9850792069034473e+04
37, 17, 8.9233298557263828e+04, 1.7149769434550992e+05
37, 18, -1.9590042725220599e+05, 1.6457359940374628e+05
37, 19, 1.4126266195957814e+05, -1.1351758630249102e+05
37, 20, 9.9998825914817920e+04, 1.5395789629500353e+05
37, 21, -1.0477931114850267e+04, -1.5516556797997694e+05
37, 22, 8.4060056063953569e+04, 8.1022945483706455e+04
37, 23, -2.0860183589634180e+05, 4.2941248579625011e+04
37, 24, 3.3309585994222420e+04, 4.6201432645755194e+03
37, 25, 9.4079756649875781e+04, 8.8535024193656849e+04
37, 26, -3.5879707458886871e+04, -1.1059028255212547e+05
37, 27, 2.1732985714187700e+05, -8.9086281732722069e+04
37, 28, -2.6809946827861026e+05, -1.2828204128928110e+04
37, 29, 1.1911717312552659e+05, -1.4113646042376183e+05
37, 30, -1.6268681311642297e+05, 4.0541090596574417e+05
37, 31, 2.2568708632326795e+05, -1.6574304457203264e+05
37, 32, -2.3160317690807955e+04, 1.5640687059772215e+05
37, 33, -3.3134828020084824e+05, -2.7668626772469870e+05
37, 34, -1.6612696765363641e+05, 4.2480970156824624e+04
37, 35, 3.1968255358818499e+05, 1.5119090907805401e+05
37, 36, -4.3306878768382635e+05, -2.7053637140862161e+05
37, 37, -1.2626245894324777e+05, 1.0805921101689615e+05
38, 0, -2.1988059903207005e+05, 0.0000000000000000e+00
38, 1, 1.0150584725443099e+04, -5.0857563042571470e+04
38, 2, 1.6096190129219925e+04, 1.5158057243738466e+05
38, 3, -1.8232190964796749e+05, -1.6575031881651317e+04
38, 4, 2.5880333849211180e+05, 1.1782735763934437e+05
38, 5, -1.2238366303482912e+05, -6.8714271346344540e+04
38, 6, 1.1136775545576643e+05, -2.1900712951078225e+05
38, 7, -9.7721025457817523e+04, 2.2867206098336645e+05
38, 8, -1.5560489292728330e+05, 8.2010328822339245e+04
38, 9, -1.3939682981920363e+04, 2.0403133336825715e+05
38, 10, -4.9621701897229628e+04, -1.0082070024016977e+04
38, 11, 8.9777530778907647e+04, -1.4201842520280642e+05
38, 12, -7.2253408867587050e+03, -1.4395778404566422e+05
38, 13, -5.8392390719962859e+03, -1.5667381797129533e+05
38, 14, 9.3906548885556083e+04, -8.6391057175726892e+04
38, 15, -1.0909639111139983e+05, -1.4163793480041873e+05
38, 16, -8.9560105672055273e+04, 2.6122128328892941e+03
38, 17, 1.0541311351368265e+05, 1.2232009613734225e+05
38, 18, -3.2823284274345257e+04, -1.1514650538447360e+05
38, 19, 1.9637503918291052e+05, -4.9846040149464148e+04
38, 20, 7.2223970411942690e+04, -6.6178360372084921e+04
38, 21, -2.0329419802971905e+04, -1.2879327304512686e+05
38, 22, -1.6754366370948512e+05, 2.9227664680064045e+04
38, 23, -4.7551418092912470e+04, -1.5778708687534486e+05
38, 24, 1.0233707408039266e+05, 6.4281082736689088e+04
38, 25, -3.6740288922765598e+04, -7.4613028924499813e+04
38, 26, 1.5524012332338942e+04, -1.7465170993504030e+05
38, 27, -2.6416680618405651e+04, 1.9703783818455131e+05
38, 28, -1.3720714470282348e+05, -1.9968630517749477e+05
38, 29, 1.9494692977185373e+05, 2.9944669495246932e+05
38, 30, -2.0653564976246888e+05, -1.7232161801606099e+05
38, 31, 4.4099920227558643e+05, 1.0037535640852519e+05
38, 32, -1.8767246262980709e+05, -1.9597042759206743e+03
38, 33, 1.2175872911367200e+05, 4.5882203531970343e+04
38, 34, -3.6548377973959621e+04, 2.4550206976080334e+05
38, 35, 2.2850335358195569e+05, 1.1458186443767743e+05
38, 36, -1.2135086554106513e+05, -2.6865756841427449e+05
38, 37, 5.2197888975986192e+04, 4.7642055822970049e+05
38, 38, 2.1903041687806253e+05, 6.7761133897014486e+04
39, 0, 6.2334020926677003e+04, 0.0000000000000000e+00
39, 1, 2.0280514400991099e+05, 1.9367020591183746e+05
39, 2, -6.4630935612026826e+02, 1.2498455558899736e+05
39, 3, 2.2945857754701523e+04, -2.7443464511222064e+04
39, 4, -5.3790964503865835e+03, 7.4223997438058694e+04
39, 5, -1.5013207610181486e+05, -3.3079641878925147e+05
39, 6, 1.1237328190096903e+05, -2.9668951105408978e+04
39, 7, -1.3434862611517604e+05, 2.0770472273954056e+04
39, 8, 1.8785899953082460e+05, 3.9277201124164254e+04
39, 9, 1.2259128679401509e+05, 1.7813553701454828e+04
39, 10, 1.3041699528085733e+05, 2.7800235162298661e+04
39, 11, 9.1112650934194186e+04, -8.9894947869612617e+04
39, 12, -1.0768797642904855e+05, -5.8921032292398479e+04
39, 13, -4.7269115673040185e+04, -1.3454252716687450e+05
39, 14, -1.9033166983930896e+04, 9.8436949741082222e+04
39, 15, -8.7944606408058666e+04, 5.4877978896880886e+03
39, 16, 1.3013758199129297e+05, -2.5953008816494425e+04
39, 17, 5.8606004286499439e+04, 1.2224571366102449e+04
39, 18, 1.0500469772004653e+05, -2.6946173400407319e+05
39, 19, -1.2760714260668142e+05, 7.3096036675059338e+04
39, 20, 3.0474321999260137e+04, -1.6551663100009659e+05
39, 21, -8.1510010043020098e+04, 1.2592605905165334e+05
39, 22, -1.1275376424391996e+05, -6.6747158702669803e+03
39, 23, 1.1483674212219415e+05, 1.5304896949566031e+04
39, 24, 3.8168072801795548e+04, 1.3702713769911836e+04
39, 25, -2.8534476333651481e+04, -1.5774191652355762e+05
39, 26, -1.8947702771023796e+03, -1.1525866262364923e+04
39, 27, -1.5928752201533914e+05, 1.9989499961856566e+05
39, 28, 3.1354808831587457e+05, -1.3925822124137630e+03
39, 29, -1.1607350923835905e+05, 3.4558576478171721e+05
39, 30, 2.3012410179547846e+05, -3.5378712220185256e+05
39, 31, 8.0199657328926289e+04, 2.8392673043407389e+05
39, 32, -9.1490564681355070e+04, -3.9723978306075238e+05
39, 33, 2.3338900846621953e+05, 2.2710404539171542e+05
39, 34, -8.5943583468402067e+04, -1.2300270640145826e+05
39, 35, 2.0510389157248032e+05, 1.5639790495481837e+05
39, 36, -5.4403526276413882e+04, -1.0811470414925858e+05
39, 37, -8.2325892302544409e+04, 1.1192927701168836e+05
39, 38, 3.6842177511540247e+05, -2.0037790862774709e+05
39, 39, -2.5341232007071725e+04, -3.1868393315520807e+05
40, 0, 2.2425506317417003e+05, 0.0000000000000000e+00
40, 1, 9.7000409418906434e+04, -2.1602237488770206e+04
40, 2, -5.7645829355563154e+04, -9.7550394702209596e+04
40, 3, 3.2390715786833316e+03, -2.4455013396543691e+04
40, 4, -1.5683032593321509e+05, 9.0084347608787328e+04
40, 5, 7.1701046777872660e+04, -2.4147519222023757e+05
40, 6, -1.4183908991955034e+05, 1.3482711613346796e+05
40, 7, 6.0469913717647498e+04, -3.9886239834982320e+04
40, 8, 1.5913071925274952e+05, -1.4693879629923942e+05
40, 9, 1.1033556450865531e+05, -1.9222813065543404e+05
40, 10, -1.2003709764008308e+03, -2.2489671375577513e+05
40, 11, 1.2795304374969484e+05, -1.0924821155073767e+05
40, 12, -1.7157362684176602e+04, 9.5433827231035611e+03
40, 13, -1.3122371694922273e+04, 2.5971079473064558e+04
40, 14, -1.4716148102957777e+04, 5.7192784594087556e+04
40, 15, -1.6083989761094080e+05, -7.0632627697503136e+04
40, 16, 2.1381603007017646e+05, -5.1728669275914344e+03
40, 17, -1.0121691266953097e+05, -7.2445561832233463e+04
40, 18, 5.3558807268574266e+04, 6.4849470190828230e+04
40, 19, -1.9505140905564834e+05, -3.3845390321239538e+03
40, 20, 1.0108773385744763e+05, -1.0463426583681141e+04
40, 21, 3.3912194169549955e+04, 1.5438550672825085e+05
40, 22, 4.4251958272362746e+04, -2.9186733637820886e+04
40, 23, 1.2378654415377800e+05, 1.2978239625039120e+05
40, 24, 6.0524181782345273e+04, -2.2432946819369994e+04
40, 25, -1.0571735378795481e+05, -1.0811079311196647e+05
40, 26, 3.7808673791295623e+03, 1.7519597657745949e+05
40, 27, 1.2936865510535499e+04, -3.4758116887400174e+04
40, 28, 2.7415412061926024e+05, 2.2040579317461827e+05
40, 29, -1.6235608513209823e+05, -2.8968057183272694e+05
40, 30, 2.7892364699535724e+05, -1.0814792247248793e+05
40, 31, -3.3560399911351281e+05, -5.7462570637401397e+04
40, 32, 1.8686022562613891e+05, -7.1135355269495733e+04
40, 33, -1.6434583191544586e+05, 1.8901254334887653e+05
40, 34, 5.5489524435497311e+04, -3.4476443705969641e+05
40, 35, -1.2271581542706926e+05, 1.1908546850598145e+05
40, 36, -1.6871679682866110e+04, -1.1650848700747950e+05
40, 37, -8.0609533932364764e+04, 1.7741218576598141e+05
40, 38, 1.6561070817703451e+05, -5.1749530961351076e+04
40, 39, -2.2439917776648432e+05, -4.0242291052160479e+04
40, 40, -4.2406484289885091e+05, 3.9287926648504166e+04
