0, 0, 0.0000000000000000e+00, 0.0000000000000000e+00
1, 0, -2.2012025264699585e+05, 0.0000000000000000e+00
1, 1, -1.2830369788890439e+04, -9.9608805772026230e+04
2, 0, 0.0000000000000000e+00, 0.0000000000000000e+00
2, 1, 1.2630634045752385e+05, 6.8192984198833656e+04
2, 2, 8.7722876538074808e+05, -4.2449427744649356e+05
3, 0, 3.2648603422361676e+05, 0.0000000000000000e+00
3, 1, -2.0289662904594577e+05, -6.9404696678376081e+05
3, 2, 2.2488101918150616e+05, -1.7976788719035714e+04
3, 3, -6.2501598925698642e+05, -2.1604219624803233e+05
4, 0, -4.6576617043810969e+04, 0.0000000000000000e+00
4, 1, -1.7064921998330459e+05, -1.1628086773477230e+05
4, 2, 2.0808380775775865e+05, 1.8383981572724017e+05
4, 3, -3.3254792514614487e+05, 2.0827874244267317e+04
4, 4, -5.5182920350016946e+04, 2.8662130137136363e+05
5, 0, -1.0051311842031527e+05, 0.0000000000000000e+00
5, 1, 2.7586986074996963e+04, 8.0336509052254463e+04
5, 2, 2.2100622035097549e+04, 6.0045823517277662e+04
5, 3, -2.8483168538937782e+04, 1.3468491809951368e+05
5, 4, 1.2078441135795420e+05, -9.3519057668845184e+04
5, 5, 7.2123638802896632e+04, -8.2166348712559789e+04
6, 0, 3.3935560071725507e+04, 0.0000000000000000e+00
6, 1, -7.4561603434861958e+04, 2.3525728517577008e+03
6, 2, -9.5580749899082672e+04, -2.6382792650075789e+03
6, 3, -8.8489316011313989e+04, -3.9016002280274566e+04
6, 4, 4.9317278193711682e+03, -1.3746356283098605e+04
6, 5, 3.5986999042105163e+04, -5.1281669962761749e+04
6, 6, 8.7236775948559080e+03, 1.6372286774700697e+03
7, 0, 5.7410237686203349e+04, 0.0000000000000000e+00
7, 1, -4.8663871554985461e+04, 7.6029487525408651e+04
7, 2, 2.2113264915084117e+04, -4.5988090741285385e+04
7, 3, 9.6021750341165680e+03, -8.1133326697909961e+03
7, 4, -7.1863416450417251e+04, -5.1439806043476900e+04
7, 5, 7.9030249154255507e+03, 4.4171307038812738e+04
7, 6, 5.0190638771099999e+04, 4.3047991457492579e+04
7, 7, 1.6917775503129124e+04, -7.1053624831634224e+03
8, 0, -3.3711299297624639e+04, 0.0000000000000000e+00
8, 1, -6.2564766429868432e+03, 2.6207948321886244e+04
8, 2, -3.0283239646443391e+04, -4.9237459608079189e+03
8, 3, 3.3449346408032608e+04, 3.5337764372162223e+04
8, 4, -1.4347315330018173e+04, 3.9710210896901044e+04
8, 5, 6.6514808471630080e+04, 6.5507725909832589e+04
8, 6, -2.4521215801641105e+04, 5.1965594319443335e+03
8, 7, 2.1871996236561321e+04, 6.7068717913528963e+02
8, 8, -2.5253531907222932e+04, 7.1753478456018884e+03
9, 0, 1.6129607645257674e+03, 0.0000000000000000e+00
9, 1, 2.8538955600208748e+04, -6.1652533657824562e+04
9, 2, -3.8001582149791138e+04, 1.2691331981039673e+04
9, 3, 2.5738180716578063e+02, -1.3244329854934571e+04
9, 4, -1.3806181174617926e+04, -1.6665478813728470e+04
9, 5, 4.6776123862664826e+02, 3.3213253164218004e+04
9, 6, 6.6188494721918869e+03, 4.1528185911969238e+04
9, 7, 1.9168349671685857e+04, -6.6168436385899200e+04
9, 8, -5.0382443985214479e+04, 2.2307647816657456e+04
9, 9, -4.0152083156347653e+03, -1.6617315557956292e+04
10, 0, 1.3452198966843182e+04, 0.0000000000000000e+00
10, 1, 1.5162203011962294e+04, -6.1196261269384013e+03
10, 2, -1.9188307810172908e+04, 9.8918914287295102e+03
10, 3, 4.3792254586431962e+04, 7.1970146535735421e+03
10, 4, 1.2428403872714149e+04, -3.0791002869735625e+04
10, 5, -2.0018915721752412e+04, 6.3166779695410678e+03
10, 6, 5.1980308715809297e+03, -3.6122862940336061e+04
10, 7, -1.1390024663988535e+04, -1.4260979032023713e+04
10, 8, -4.9672177353458119e+03, -4.3191058961526469e+03
10, 9, -5.3847282892748008e+03, -1.7261381409308986e+04
10, 10, 6.7786265619601927e+03, 7.0534719532664076e+03
11, 0, 3.1819411815085259e+03, 0.0000000000000000e+00
11, 1, -2.3453509861208004e+04, -4.7871486799555678e+03
11, 2, -4.1818790451232553e+03, 2.4501653905104387e+04
11, 3, 7.6264927723027504e+03, -2.0672150140262365e+04
11, 4, 1.9909168475793347e+04, 1.5951121140712308e+04
11, 5, 6.0747900005269294e+03, -1.3478679993656933e+04
11, 6, 2.1603056862571655e+04, 1.6502813855455428e+04
11, 7, -1.3457852702761053e+04, -6.2511147178613537e+03
11, 8, 1.9770199976057458e+04, 1.0338672175938626e+04
11, 9, -4.4692576243896992e+03, 1.4322493716130593e+03
11, 10, 2.2826608009928303e+04, -1.3872586782787344e+04
11, 11, 6.5552511308741960e+03, 6.3043046107377868e+03
12, 0, 1.6626014257121973e+04, 0.0000000000000000e+00
12, 1, 1.3792537865423517e+04, -8.6532469140366084e+03
12, 2, 8.5771046743673414e+03, 1.8293835794516763e+03
12, 3, 7.8875981167872760e+03, 2.6309806253111019e+03
12, 4, 1.3485661822171789e+04, -7.9140686665506537e+03
12, 5, 1.6622873692744855e+04, -9.4415571820611403e+03
12, 6, -4.4128294785801436e+03, -3.6567211803106984e+03
12, 7, 1.4548513825160981e+04, 1.6912646677372704e+04
12, 8, -1.6860160230880105e+04, -1.4484548883870084e+04
12, 9, 1.8158164008670123e+04, 1.2503683044131438e+04
12, 10, 2.3047682145809173e+04, 7.9330279580600509e+03
12, 11, 5.1349995457292607e+02, 2.1370283722942600e+04
12, 12, 6.4366647286069465e+03, 3.9240977135375351e+02
13, 0, -8.9546938923405905e+03, 0.0000000000000000e+00
13, 1, 1.3056001255210605e+04, 2.9871941407985894e+04
13, 2, -1.6630040642207707e+04, -1.1561940534741301e+04
13, 3, 1.9313453789173913e+04, 1.6581896144125458e+04
13, 4, 1.4692669270513035e+04, 5.7496761146902318e+03
13, 5, -5.7058707583121140e+03, 6.2682012716634717e+03
13, 6, -2.8655904744234653e+04, 2.1354952943435339e+04
13, 7, 1.8714798492652790e+03, 4.2548934173568068e+02
13, 8, -1.7469605760944064e+03, 2.6736912638703689e+03
13, 9, 1.9217220748115851e+04, 1.2093153343635995e+04
13, 10, -1.0589752862272540e+04, -6.5319936718530098e+03
13, 11, 5.7037352618391924e+02, 8.8358306163235102e+03
13, 12, -1.5838953370878935e+04, 1.2297153601325899e+03
13, 13, -1.8583075604084490e+04, -4.7196892845912625e+03
14, 0, 2.2426323912047024e+04, 0.0000000000000000e+00
14, 1, 4.9377433032725512e+03, 9.6455088660787551e+03
14, 2, 5.5900316019854736e+03, -6.8363297083864936e+03
14, 3, 6.9312080217238581e+03, -7.2858713301994976e+03
14, 4, -9.8557224839831615e+03, 8.4561752243808733e+03
14, 5, -7.3342236008042255e+02, 3.3364866200715733e+02
14, 6, -4.9151506794834322e+03, 7.4106952971723485e+03
14, 7, -1.0656528319568079e+04, -1.4227462343487496e+03
14, 8, -8.9995710797440279e+03, -7.0912592712167916e+03
14, 9, 1.1876495765954358e+04, 1.5433294147543711e+04
14, 10, 8.0507381752011042e+03, -3.2808830000779017e+03
14, 11, -1.8332950566213403e+04, -1.0989508950280015e+04
14, 12, -8.7212186585232048e+03, -9.5931862056063655e+03
14, 13, 2.9986372323639862e+03, 8.4614844274839306e+03
14, 14, 5.7883876574339365e+03, -5.6402537494046101e+03
15, 0, 7.6852214755709920e+03, 0.0000000000000000e+00
15, 1, 5.1213638906431479e+03, -1.0114875204134540e+04
15, 2, 8.6346466986333253e+03, -7.5589954499915293e+03
15, 3, -5.6313545742177475e+03, -3.0259907954746150e+03
15, 4, -2.8155418761634628e+03, 7.5388149844407608e+03
15, 5, -8.6342392713325207e+03, 6.1546946524983423e+03
15, 6, -1.4091775020659973e+03, 1.8809504713223705e+03
15, 7, 7.4964203575351166e+02, -3.5162607825162040e+03
15, 8, 1.1391225885324091e+04, -7.1922081716807897e+03
15, 9, -2.7317834100641012e+04, -4.4670142284873800e+03
15, 10, 7.5287928213442810e+03, 1.3444916985301661e+03
15, 11, -2.4146247091399036e+03, 1.3828417610120623e+03
15, 12, 2.8291756936032223e+04, 4.1850025201305089e+03
15, 13, 6.0044634196661837e+03, -2.2748756500192749e+03
15, 14, 3.5836917840586998e+03, -1.1930793683419157e+04
15, 15, 1.4978195736921178e+04, 5.5804318602633084e+03
16, 0, 1.8249250289870670e+04, 0.0000000000000000e+00
16, 1, -2.8217116618918299e+03, -4.5770685226284841e+03
16, 2, 1.6929930742193392e+04, 1.2466164901891661e+04
16, 3, -8.6731813351701239e+03, 1.8087088705233327e+01
16, 4, 8.3934121529469012e+03, 2.4803915752602570e+03
16, 5, 6.1308727966904462e+02, 2.8276976639704626e+03
16, 6, -2.3294297241584968e+02, 1.6567395321194172e+03
16, 7, -4.5848473267988193e+03, 6.5835039028785559e+03
16, 8, -2.5280748783210029e+03, -6.1346667842881407e+03
16, 9, 7.5595868716704199e+03, -3.2905667791572414e+03
16, 10, 4.8278246697716131e+03, 6.2211031677735727e+03
16, 11, -6.0247904000624303e+03, -1.6752493135280940e+04
16, 12, -1.3776407142093163e+04, 7.1326251408772368e+03
16, 13, 2.2282053880341700e+03, 3.1035155620060414e+02
16, 14, -1.0009503018902207e+04, -7.2666261602691739e+03
16, 15, 1.0453077669398019e+04, 2.9966090707124667e+03
16, 16, 2.2784218879956425e+03, 6.1386540038233979e+03
17, 0, 5.0058378456266182e+03, 0.0000000000000000e+00
17, 1, 6.1448285740493411e+03, -4.0347675376924890e+03
17, 2, 3.7733819849139718e+03, 1.3809282972386443e+04
17, 3, 1.4101150814077842e+04, 6.7872549708906408e+03
17, 4, 4.5281276407778842e+03, -1.9872727714386992e+03
17, 5, 6.8824645760052299e+03, 1.0143548898732657e+04
17, 6, 8.3007482540272867e+03, -8.7100706019698919e+03
17, 7, 4.9743082826831105e+03, 6.7626508140819860e+03
17, 8, -4.5162836392280924e+03, -2.3884142374760772e+03
17, 9, -8.2653326815934088e+03, 9.3497898933710167e+03
17, 10, -9.0971160460549581e+03, 4.9044898928687844e+03
17, 11, 1.1630761274925786e+04, 2.1261159100412173e+04
17, 12, -1.0247845062917917e+04, 4.0864777883297866e+03
17, 13, 7.7260301576672500e+03, 1.9568328150635261e+03
17, 14, -7.9419153212007714e+03, -5.3357886379208858e+03
17, 15, -5.8521426783963689e+03, -9.6725503897151157e+02
17, 16, 2.0426240029939745e+03, 3.6177526440764323e+03
17, 17, -8.0528131748662063e+03, 8.4682431795208095e+02
18, 0, -3.4623102842038779e+03, 0.0000000000000000e+00
18, 1, -1.9906970457207499e+03, 3.0535286756832857e+03
18, 2, -6.6124793623332425e+03, 1.4571268479578303e+03
18, 3, 3.4437225208858213e+03, -8.0558226598617548e+03
18, 4, -2.0836726358504056e+03, -2.8236668250895918e+03
18, 5, 7.3798320314147486e+02, -2.1789905805845228e+02
18, 6, -4.5975236605384771e+02, -2.3330389057022185e+03
18, 7, -3.9431194069433182e+03, -1.4761926177744726e+03
18, 8, -3.9997768095384376e+03, 2.7756376814526402e+03
18, 9, 3.4474046707575071e+03, -1.9620098415138451e+04
18, 10, 1.0123764650660742e+03, 8.0023894212537571e+03
18, 11, -3.0416576694875112e+03, -7.4117879546147542e+03
18, 12, -2.1487693086033451e+03, 1.2454533557733263e+04
18, 13, 5.5513579407120624e+03, -4.7133045476616444e+03
18, 14, 2.2544820236991864e+03, -3.2761613477833143e+03
18, 15, -7.3614809208160150e+03, 2.5799134762210451e+03
18, 16, -5.7340933824260819e+03, 5.8033325330411226e+03
18, 17, -1.1658376402638540e+04, -1.3457953036247236e+04
18, 18, 8.0111890263952064e+03, 1.7437945885994695e+03
19, 0, 2.3351234063934871e+03, 0.0000000000000000e+00
19, 1, -1.5995360293741310e+03, 6.0315040830781381e+03
19, 2, -1.5104266399840376e+03, 3.5860433248351146e+03
19, 3, -5.3747177223747849e+03, -2.1346060051683226e+03
19, 4, -5.6527381421989176e+03, -9.1109284864763595e+01
19, 5, -4.8168084409946641e+03, -8.5713026651662040e+03
19, 6, -9.9247989036878935e+03, 5.8455482207067507e+03
19, 7, -6.9175939697758913e+03, 3.5891339117949337e+02
19, 8, 2.3350391736764377e+03, -6.3110123409220278e+03
19, 9, -4.4936542436839454e+02, -7.3131690972402821e+03
19, 10, 4.4418013174125645e+03, -6.9129463439453211e+03
19, 11, 4.1911924949718205e+03, -2.3379577569120647e+02
19, 12, -1.2597528293594271e+04, -5.0743616388633509e+03
19, 13, 2.7866531129500258e+03, -5.8158476619432886e+03
19, 14, -1.0962694038598408e+03, 3.1107571445905132e+03
19, 15, 1.5898067836306436e+03, -2.7887305395328094e+03
19, 16, -4.0909226557917941e+03, 2.3585609783870009e+03
19, 17, 4.9733074440157861e+03, 5.9979842786678546e+02
19, 18, -1.2982814322711682e+04, 1.9899166234746081e+03
19, 19, -4.4094920823658567e+03, -1.2172550192313454e+04
20, 0, 3.1521513503130909e+03, 0.0000000000000000e+00
20, 1, 1.0769796996112440e+04, 7.0918458260737498e+02
20, 2, 2.2959434473555311e+03, -1.2319682608462176e+03
20, 3, 1.3749713705360478e+04, 2.8395774964386510e+03
20, 4, -1.5714556723025089e+02, 6.2608399311205931e+03
20, 5, -5.8635917180516640e+02, 2.9783840905725265e+03
20, 6, 2.9168068377551040e+03, 6.9067008749163651e+03
20, 7, 4.7991335941060042e+03, -1.3575503700172960e+04
20, 8, 4.9111657382056728e+03, 2.6302405420577470e+03
20, 9, -9.8479981014885179e+03, 2.3244251033442442e+03
20, 10, -6.5955985875495098e+03, 1.0983898387712827e+03
20, 11, -1.2603614802588800e+04, 8.7517908177877871e+03
20, 12, 3.3921977321517056e+03, -8.2677928212662664e+02
20, 13, 1.5268681417365098e+04, 3.1956709290243052e+03
20, 14, -3.0347209848035091e+03, -5.5887153560176148e+03
20, 15, 4.9801389070450341e+02, 4.1639962765979753e+03
20, 16, 5.4284010813066857e+01, -1.0821884018102382e+04
20, 17, 1.8612505863991910e+03, 1.1144944374815468e+03
20, 18, -8.0950527129211241e+02, 8.5508764649000823e+03
20, 19, 7.7654818788770026e+03, 1.2603802238944527e+04
20, 20, -2.8024445221230071e+03, 5.5017973551259356e+03
