0, 0, 0.0000000000000000e+00, 0.0000000000000000e+00
1, 0, -8.7709845119343772e+03, 0.0000000000000000e+00
1, 1, -5.1124316525849054e+02, -3.9690454747924136e+03
2, 0, 0.0000000000000000e+00, 0.0000000000000000e+00
2, 1, 1.1262322828809124e+03, 6.0801614036366868e+02
2, 2, -1.0001372594778531e+03, 1.3156276074259481e+03
3, 0, 1.1156612829047444e+03, 0.0000000000000000e+00
3, 1, -1.3075546897823224e+03, -2.3907462101836927e+03
3, 2, -5.5874049694030782e+02, 1.2576205908841839e+03
3, 3, -3.3812036087534580e+01, 2.2917563998060941e+03
4, 0, 6.7937953984174328e+02, 0.0000000000000000e+00
4, 1, -7.9826295106805514e+02, -3.4313010143907292e+02
4, 2, 1.9179783345302849e+03, -1.4103743592957778e+02
4, 3, -1.9523646375459352e+03, 1.6990986232231256e+02
4, 4, -4.9576033021102654e+02, 3.4670407522115738e+01
5, 0, -1.5302447343982292e+03, 0.0000000000000000e+00
5, 1, 4.2250266916576015e+02, 1.4116070002532472e+03
5, 2, -8.5030182092406255e+02, 3.5667329049786963e+02
5, 3, 5.3092737368950543e+02, 1.5324491318244961e+03
5, 4, 1.3517900200507700e+02, -1.8742355613462446e+03
5, 5, -3.4522834741877102e+02, 6.6125652477328856e+01
6, 0, 7.2802326217427321e+02, 0.0000000000000000e+00
6, 1, -4.0893619450074925e+02, -3.5263002804428623e+02
6, 2, -8.8656267960177843e+02, 3.3699835629981209e+02
6, 3, -7.8128021873941748e+02, -3.6656541018581561e+02
6, 4, 3.0908011465106028e+02, 5.0144873216250204e+02
6, 5, 8.2950275280682331e+02, -1.8540190204994997e+02
6, 6, 7.9135978837073321e+02, 2.2441277547793572e+02
7, 0, 9.3395284912328248e+02, 0.0000000000000000e+00
7, 1, -2.9104862297948569e+02, 8.7764455950142974e+02
7, 2, 8.8940390802964407e+02, -6.9974562881094960e+02
7, 3, 3.1103146011204922e+02, -1.8638022489155250e+02
7, 4, -3.3323801104371233e+02, -7.2061243949786240e+02
7, 5, 5.4269698864353245e+01, 2.3984869957528639e+02
7, 6, 4.8927568885010555e+02, 1.0661054871211692e+02
7, 7, 3.0346739813985755e+02, -4.7763679434668626e+02
8, 0, -4.0719101599775706e+02, 0.0000000000000000e+00
8, 1, -1.0353210368736823e+02, 4.6794409652737181e+02
8, 2, -7.0906981059094790e+01, 2.5806715950570762e+01
8, 3, 2.1741544934577817e+02, 2.1805042556379180e+02
8, 4, 9.4569633033423770e+01, 5.3551790978515783e+02
8, 5, 3.6364436102425663e+02, 5.5447190573128069e+02
8, 6, -4.7499939372230870e+02, -2.4740352447178941e+02
8, 7, 1.9746679416723333e+02, 2.9715468901450987e+02
8, 8, -3.7850563999314249e+02, 4.8136887761162463e+01
9, 0, -1.4697330164028571e+01, 0.0000000000000000e+00
9, 1, 4.3524330796714571e+02, -8.8730131154019477e+02
9, 2, -3.6492685482571517e+02, 2.1818922090168567e+02
9, 3, -1.2205261315813684e+02, -3.0458233257440224e+02
9, 4, -1.4759899021022238e+02, -1.8037491635539254e+01
9, 5, -2.8065903781191980e+02, 2.4892068981328936e+02
9, 6, 1.9072936861136466e+02, 6.2895021501923100e+02
9, 7, 1.7854688200986459e+02, -7.7610231596830386e+02
9, 8, -5.2191593237399218e+02, 2.8018354284059961e+02
9, 9, -2.0174994030066316e+02, -3.0558639573355282e+02
10, 0, 2.4394016511034883e+02, 0.0000000000000000e+00
10, 1, 2.8321751794963859e+02, -6.7251103921014646e+01
10, 2, -2.6556453995462942e+02, 4.9115414995851552e+01
10, 3, 5.8375218417063047e+02, 1.3482558350188052e+02
10, 4, 7.6553935449697065e+01, -4.3255866241783394e+02
10, 5, -2.4436938632569093e+02, 3.7118711065348009e+00
10, 6, 1.2493460360653734e+02, -4.1280400850595476e+02
10, 7, -1.3287174452645976e+02, -2.4674000068682008e+02
10, 8, -2.6235073067803796e+01, 4.8794087982646488e+00
10, 9, -1.8970148192719506e+02, -3.5495720909484135e+02
10, 10, 7.2307665079838642e+01, 1.5727812274506786e+02
11, 0, 3.5890595286662979e+01, 0.0000000000000000e+00
11, 1, -3.6436342459787318e+02, -7.6333769438477248e+01
11, 2, -7.1000201200310514e+01, 3.1427960490387488e+02
11, 3, 6.2128181765151140e+01, -2.6779883600909528e+02
11, 4, 2.2784291721762861e+02, 2.0469220700855743e+02
11, 5, 1.3550109992785428e+02, -1.6022880896853570e+02
11, 6, 2.9979190563851870e+02, 2.3647172252592406e+02
11, 7, -1.6850361950001800e+02, -1.2036188327787553e+02
11, 8, 2.3993362395155992e+02, 1.7522667946180783e+02
11, 9, -7.8751721059430935e+01, 5.3863573389155022e+00
11, 10, 3.3801644004344791e+02, -1.2750703888372112e+02
11, 11, 9.2026430061225255e+01, 7.8432674505419044e+01
12, 0, 2.4293154356990783e+02, 0.0000000000000000e+00
12, 1, 2.0453558362123528e+02, -1.2662571706662905e+02
12, 2, 1.2584347700700177e+02, 2.5601375447527062e+01
12, 3, 1.1875405230277502e+02, 3.7830539216070335e+01
12, 4, 1.9774577397738830e+02, -1.1619064912905037e+02
12, 5, 2.4185615329573849e+02, -1.4052878656635374e+02
12, 6, -6.3730420942212007e+01, -4.9910183745027325e+01
12, 7, 2.1218046947079387e+02, 2.4796472292070735e+02
12, 8, -2.4335355513972615e+02, -2.1127978184668666e+02
12, 9, 2.6436939365793000e+02, 1.8206851735378501e+02
12, 10, 3.3647701913221340e+02, 1.1310625375924582e+02
12, 11, 5.5842150931248966e+00, 3.1670524809441287e+02
12, 12, 9.4289988382632515e+01, 5.9471114529653928e+00
13, 0, -1.1637374227118386e+02, 0.0000000000000000e+00
13, 1, 2.1593537636698122e+02, 4.3900988459772805e+02
13, 2, -2.5584056927507746e+02, -2.0380145717626652e+02
13, 3, 2.8131597618829517e+02, 2.4166848702394651e+02
13, 4, 2.1375737618404958e+02, 6.1231158676807524e+01
13, 5, -8.5626796945275444e+01, 1.0840808247129841e+02
13, 6, -4.3052047352373046e+02, 3.5322618012664060e+02
13, 7, 5.5769381720866051e+01, -7.9433347833511192e+00
13, 8, -1.7773919741645621e+01, 4.0251396195414685e+01
13, 9, 2.4776713443719535e+02, 1.5201226628875705e+02
13, 10, -1.5282892163170143e+02, -7.4452019532223716e+01
13, 11, -1.8920174229618539e+01, 1.6190545079262660e+02
13, 12, -1.8463095256835345e+02, 3.3902570403677871e+01
13, 13, -2.9355885579941366e+02, -1.0211758883105213e+02
14, 0, 3.2230593839077665e+02, 0.0000000000000000e+00
14, 1, 2.5490776142428132e+01, 1.2667785887580115e+02
14, 2, 5.5510842042780013e+01, -6.9721106325540291e+01
14, 3, 7.7577366878324327e+01, -9.0528996126021525e+01
14, 4, -1.6545022018098962e+02, 1.9259975757262671e+02
14, 5, 1.8818559254100961e+01, 6.8907340008347745e+01
14, 6, -7.0627338176262001e+01, 1.1859084927587568e+02
14, 7, -1.3304854000578371e+02, -3.7679634748504476e+01
14, 8, -1.9144517864962376e+02, -1.3296399431767344e+02
14, 9, 1.6735478000406943e+02, 1.5922205954406832e+02
14, 10, 1.2116344854940233e+02, 5.4828636490451629e+01
14, 11, -2.1832129219553786e+02, -1.7830663599722442e+02
14, 12, -1.0344141488887723e+02, -1.2622926691520246e+02
14, 13, -4.0836583032747171e+00, -7.5811585321699795e+00
14, 14, 8.5207893153341288e+01, -3.6795482176228830e+01
15, 0, 7.3192984915564949e+01, 0.0000000000000000e+00
15, 1, 5.7601917190875042e+01, -1.8137722230186955e+02
15, 2, 1.6706653990262441e+02, -4.4246723485371007e+01
15, 3, -3.5123690063489732e+01, -1.9014664527751748e+01
15, 4, 2.3454828059053170e+01, 1.9530914048400626e+02
15, 5, -4.6550994125727300e+01, 1.3987629501474706e+02
15, 6, -1.6076385374387705e+01, -2.9861611242294543e+01
15, 7, -7.4741908885397976e+01, -8.8402180448539909e+01
15, 8, 6.8577303313393884e+01, -1.5594912273771638e+02
15, 9, -3.9611016540837483e+02, -3.4464055475400130e+01
15, 10, 1.3192396790046067e+02, 3.5574858619484587e+01
15, 11, 3.4760458493290400e+01, -3.1945786449030891e+01
15, 12, 3.4796112160735771e+02, -5.9046081872491527e+00
15, 13, 7.6526457836775975e+01, -1.0163709058794032e+02
15, 14, 3.4845035074449981e+01, -5.8153719009755434e+01
15, 15, 2.6430566868040205e+02, 7.4859336626975704e+01
16, 0, 2.1408972001933031e+02, 0.0000000000000000e+00
16, 1, -1.6788005850663637e+01, -6.5734493284333837e+00
16, 2, 3.2424438081368180e+02, 2.0711025189185546e+02
16, 3, -7.3434323041551181e+01, -5.0213509769916342e+01
16, 4, 2.2442320791253050e+02, 4.5626920426756705e+01
16, 5, 5.0522930940494973e+01, -2.5100966698150330e+01
16, 6, -2.0653367487071144e+01, -4.0840493585119475e-01
16, 7, -1.1828384523316076e+02, 6.7035361194029221e+01
16, 8, -6.7728872589687370e+01, -1.4305251281974441e+02
16, 9, 1.6161894533733724e+02, 5.9056380840003726e+01
16, 10, 1.3713803812447472e+02, 5.7728489887458693e+01
16, 11, -8.7207071844934859e+01, -2.2742995503923652e+02
16, 12, -2.6592845912525217e+02, 3.3223109706029902e+01
16, 13, 4.2849128487135680e+01, 7.5593643289972675e+01
16, 14, -1.3789280035182236e+02, -3.3101247910615825e+00
16, 15, 2.6650701466912494e+02, 8.9771415414736708e+00
16, 16, 1.1123710015803525e+01, 8.2642326213922345e+01
17, 0, 8.7816553847380476e+01, 0.0000000000000000e+00
17, 1, 1.5129807628546376e+02, 2.5744865776630576e+01
17, 2, 8.9150109046225623e+01, 2.0063558817462032e+02
17, 3, 2.3249584974084854e+02, 8.1622951334882714e+01
17, 4, 7.6805927618262047e+00, -3.0534983830000115e+01
17, 5, 1.1200322344429026e+01, 1.1823587488500411e+02
17, 6, 4.2862918612504103e+01, -9.5791300592105870e+01
17, 7, 3.1705157292445534e+01, 1.4250921676250235e+02
17, 8, -1.9820104385149421e+01, -9.3574112304247166e+00
17, 9, -1.0486978507598859e+02, 1.9642753899135124e+02
17, 10, -6.5116394308516249e+01, 4.0732092925981775e+01
17, 11, 1.3660606081134165e+02, 3.3341867706047498e+02
17, 12, -1.9274855048376949e+02, 6.5898278909116485e+01
17, 13, 1.8683524043850858e+02, 1.4501624025830387e+02
17, 14, -7.7142809949227200e+01, -1.8850719748251691e+01
17, 15, -4.2066261281935908e+01, -7.3120205019218957e+01
17, 16, -1.1920947926813170e+02, -2.2285597243264959e+01
17, 17, -1.3681731351726006e+02, -2.7954849902724177e+01
18, 0, -4.9532094022599296e+00, 0.0000000000000000e+00
18, 1, -2.7836071855641791e+00, 1.4468673548104141e+02
18, 2, -9.0256948686792427e+01, 1.6505683391431578e+01
18, 3, 1.0409282698002139e+02, -5.5324183269593647e+01
18, 4, -1.7713642609756110e+02, -6.7572484599564987e+01
18, 5, -2.1797779341968386e+01, 9.7896408960628207e+01
18, 6, -4.4084858125522040e+01, 7.3422848090396172e+01
18, 7, -3.1750789259769888e+01, 3.8182808276215781e+00
18, 8, -7.5049786847605475e+01, 8.8014950177094647e+01
18, 9, 4.4645495365744203e+01, -3.5649299072111489e+02
18, 10, -9.2908750989093392e+01, 1.4107593910188876e+02
18, 11, -9.4526250091179719e+01, -7.1090881376907959e+01
18, 12, -4.7048732842900165e+01, 2.1902186036154336e+02
18, 13, 1.3931646974104214e+02, -3.2729309770384816e+01
18, 14, 9.6689640702238108e+01, -8.4705884590747161e+01
18, 15, -1.7846132413141024e+02, -8.1191119249978158e+01
18, 16, -1.6081103715620156e+02, 5.7821385671485643e+01
18, 17, -2.0119951911252838e+02, -3.7802844147791518e+01
18, 18, 5.3725650881200266e+01, -2.8094565121148648e+01
19, 0, 3.7141342287267783e+01, 0.0000000000000000e+00
19, 1, -3.4950631450785664e+01, 5.8007240436151903e+00
19, 2, -1.5267579574717992e+01, 4.2835715875091921e+01
19, 3, -7.8910709845147039e+01, 1.7611726166943242e+00
19, 4, -1.1870827519237383e+02, -4.8114940497794031e+01
19, 5, -2.6957991954433922e+01, -5.8911900023788093e+01
19, 6, -1.1294658887959163e+02, 1.2458680528023325e+02
19, 7, -2.3692428435724196e+01, -2.8804145770656611e+01
19, 8, -4.0526546695161784e+01, -7.9570899324923332e+01
19, 9, -4.6319303125292770e+01, -1.9348190874452780e+02
19, 10, -3.8101321876725478e+01, -9.9403554306091735e+01
19, 11, 6.0877774648813904e+01, 6.8564398101601597e+01
19, 12, -1.8678779553482917e+02, -7.9642730425310276e+01
19, 13, 8.3098294224464155e+01, -8.8544951950029429e+01
19, 14, -4.6512103590733830e+01, -4.4155995151955352e+01
19, 15, -1.2654322958087420e+02, -1.3917777784882855e+02
19, 16, -6.6300690260510621e+01, 6.4051512415255971e+01
19, 17, 1.0360918860887114e+02, 9.0472438596796763e+01
19, 18, -8.0421495887392211e+01, -7.6613395683746347e+01
19, 19, -5.1505287642204678e+00, -4.6635010531002024e+01
20, 0, -8.6571115784070258e+00, 0.0000000000000000e+00
20, 1, 1.4220007563319444e+02, -1.0136094002508077e+02
20, 2, 2.4036085580034982e+01, 2.8264986923771403e+01
20, 3, 1.4264449874785106e+02, 4.2714307506813611e+00
20, 4, 7.1104352043410572e+01, 6.2188633034582836e+01
20, 5, -4.4427379595030629e+01, 4.6853935734225097e+01
20, 6, 7.3528546878907122e+00, 3.7735980742089339e+01
20, 7, 6.6034794512029848e+01, -2.3511562623557955e+02
20, 8, 1.8195998478539366e+01, -2.1162987143846195e+01
20, 9, -1.7649377414511520e+02, 1.5413698232909780e+00
20, 10, -2.3929673195831896e+01, 2.4093858703255492e+01
20, 11, -1.7737839770111401e+02, 1.4215441439530255e+02
20, 12, 1.5361546864133223e+02, 2.1377728758165446e+01
20, 13, 2.5520137571513018e+02, -1.7043343598147914e+01
20, 14, -1.0825954223473147e+02, -1.4138699955844410e+02
20, 15, -7.8353715305774330e+00, 1.2840327556482046e+02
20, 16, -8.7210921956387288e+00, -1.2429389700057435e+02
20, 17, 1.3085849276338956e+02, 9.6267571052122307e+01
20, 18, -2.0802550578596701e+01, -5.8057671779121165e+00
20, 19, 9.3761501556002827e+01, 2.1455370710777532e+02
20, 20, 5.0546165217613975e+01, 7.7847144168510397e+01
21, 0, 7.5250960019138432e+01, 0.0000000000000000e+00
21, 1, 5.0871136675983962e+01, -4.6744941449587316e+01
21, 2, -1.2219426117137706e+02, 5.7805499250668959e+01
21, 3, -3.5471660228350558e+01, 3.5172537369837414e+01
21, 4, 1.4728737137555498e+01, 4.6227176470987061e+01
21, 5, -9.1305331069199099e+01, 4.2805378014223351e+01
21, 6, -6.7330727473062879e-01, 9.8322891908906854e+01
21, 7, -2.0996917142645657e+00, 7.5964130532572923e+01
21, 8, -5.2825102534079193e+01, 2.4099373481653572e+01
21, 9, 1.6762077158502615e+02, -7.6804923847165938e+01
21, 10, 6.9803517747175079e+01, -1.6377312566430328e+02
21, 11, 1.7468604611863233e+02, 2.0735531512833944e+02
21, 12, 3.4976954404682118e+01, -8.4729624889502489e+01
21, 13, 4.1290424130889406e+01, 7.9453277003470788e+01
21, 14, 3.6613552195572439e+00, 8.6102029108138481e+01
21, 15, 2.4049392937516131e+01, -7.2636059226509076e+01
21, 16, 5.0165466775324447e+01, 1.7058882824659216e+02
21, 17, 1.0346701624645583e+02, -2.9730339019044720e+00
21, 18, -3.7552953573853856e+01, 3.7458220330006384e+01
21, 19, 1.3779887125280933e+02, 1.1210840849156625e+02
21, 20, 1.8075721821030160e+02, 1.3949821454300431e+02
21, 21, -1.3579817309528912e+02, -1.9706107728889032e+02
22, 0, 2.4933760897647622e+02, 0.0000000000000000e+00
22, 1, 8.6048449227890089e+01, 1.4369263566561548e+02
22, 2, 1.0433766723343916e+02, -4.9584276557373343e+01
22, 3, 7.4850452613185482e+01, 6.8401093377076961e+01
22, 4, -1.0907090774512470e+02, -5.1413618976314694e+01
22, 5, 1.6072135637306722e+01, -4.4638831963434832e+01
22, 6, -7.9039660320590485e+01, -1.0378056760900807e+02
22, 7, -7.3564492320608110e-01, 1.0223287554134164e+02
22, 8, -3.9998704142128474e+01, -2.8908214295910710e+01
22, 9, 8.4216006954778891e+01, 1.7203742936047919e+02
22, 10, 4.6713145015492984e+01, 8.8147841113310534e+01
22, 11, 1.9443022165906197e+02, 1.5090956436680557e+02
22, 12, 2.2707250465902575e+00, -1.1283703093373144e+02
22, 13, 6.4086369536175596e+00, -6.8881361913623209e+00
22, 14, -6.5500897721939026e+01, -1.9268029616166359e+01
22, 15, 1.6839552714998888e+01, 2.5126734172046611e+01
22, 16, 4.1592379809957478e+01, -3.9575747072790691e+01
22, 17, -1.6963832523916926e+02, -9.0180700875849652e+01
22, 18, 2.8909754496753145e+01, 8.3908903640031298e+01
22, 19, -1.1131230849892610e+02, -4.3501958209622018e+01
22, 20, 1.3131912242511987e+02, -7.6842873614930994e+01
22, 21, -1.5112976505552558e+02, -1.4859681616058936e+02
22, 22, -7.0213289709543233e+01, -8.3499494916782169e-01
23, 0, -6.9849975154628453e+01, 0.0000000000000000e+00
23, 1, 3.9017609312467414e+00, 4.9916570538756901e+01
23, 2, 1.7146583866737402e+01, 1.9480206168310389e+01
23, 3, -8.7766485445595890e+01, 7.4634781469442999e+01
23, 4, 6.9049293973216663e+01, 2.3480771421507001e+01
23, 5, 7.9549584954812460e+01, -3.2393835547114961e+01
23, 6, -1.6298199656195379e+01, 9.2917434367608138e+01
23, 7, -5.3799469854306892e+01, -1.8124694115061459e+02
23, 8, -8.8376067035018963e+01, 7.1539054677151569e+01
23, 9, -2.4086797043169149e+01, -9.1820625559112869e+01
23, 10, 5.4578136837542409e+01, 2.8373726085172149e+02
23, 11, 7.7789392568195495e+01, -8.9097695680039408e+01
23, 12, 3.2059630718928581e+01, 1.8480225951579149e+02
23, 13, 5.6373141586421141e+01, -1.2002041550819854e+02
23, 14, -5.4202718617799810e+01, 1.9769969657545406e+02
23, 15, 3.7727425190426572e+01, -1.6371301942256059e+02
23, 16, -3.9616608051544603e+01, 8.0567677104293082e+01
23, 17, -4.9206320995536544e+01, -5.2227633212663306e+01
23, 18, 2.9024475222849361e+01, -1.4136273811694537e+01
23, 19, -1.7818593926203081e+02, 2.5590780235119041e+01
23, 20, 1.4549169718141854e+02, -1.2296769302856519e+02
23, 21, -6.8881891244896082e+01, -7.7447412868984770e+01
23, 22, -8.9829320076366770e+01, -1.1534842999021576e+02
23, 23, 1.1412035878786219e+02, 5.7270579194762831e+01
24, 0, 8.7470569289574485e+01, 0.0000000000000000e+00
24, 1, -7.9235570389941586e+01, -1.4679503053072469e+02
24, 2, 4.9365276158338276e+01, 1.2301115698162445e+02
24, 3, -1.3102661660920822e+02, -7.5565948926712139e+01
24, 4, 9.8264740410276801e+01, -7.9812890373378593e+01
24, 5, -8.1489525285042021e+01, 2.0445736236681313e+01
24, 6, -1.2395450186236522e+02, 1.0093817525662996e+02
24, 7, 7.9672395474960979e+01, -5.8328066631741734e+01
24, 8, 1.1380437594186958e+01, 9.2501598253685515e+01
24, 9, -1.3986534584642243e+00, -2.9643683510809552e+01
24, 10, 4.3849125209105736e+01, -8.7333840266342264e+01
24, 11, -1.4410215535636487e+01, -7.6432805357951395e+01
24, 12, 9.6375441891639980e+01, 2.7819545645313610e+01
24, 13, -1.5288702168803513e+02, 5.5013648306425207e+00
24, 14, -7.5302177272429240e+00, -5.2520638844541367e+01
24, 15, -8.0125052962752079e+01, 5.7936270852125176e+01
24, 16, -5.0212661372568959e+01, -7.7309799388143645e+01
24, 17, 5.7143178988914151e+01, -3.3823614383559814e+01
24, 18, -8.1803912328521520e+01, 2.0521339284979666e+02
24, 19, 1.8882801088516280e+02, -2.4452673301944174e+01
24, 20, 1.0053415596517350e+02, -4.7170064696524889e+01
24, 21, -6.1232959252590774e+01, 8.6948113367067776e+01
24, 22, 4.5993360683664449e+01, 7.2041419770279049e+01
24, 23, 3.2455030930960675e+01, 4.9349901765581514e+01
24, 24, -4.9183203807333712e+01, 2.4517840987783615e+01
25, 0, -2.0897412328058067e+00, 0.0000000000000000e+00
25, 1, 8.1803524274877191e+01, 3.1804333971652149e+01
25, 2, 7.6280435517469471e+01, 9.3810007563871139e+01
25, 3, 5.7257267028925256e+01, 3.7128957590632730e+01
25, 4, 1.3720300918377995e+02, -7.1315064593011982e+01
25, 5, 7.0661514152667166e+00, 3.0382078555793441e+00
25, 6, 5.1928947475387389e+01, 3.3565855588201231e+01
25, 7, 9.9755432378016280e+01, -1.2443052219882043e+02
25, 8, 6.1131138604103256e+01, -5.4858457775092049e+01
25, 9, 1.0657637893359322e+00, -2.1340460729688459e+01
25, 10, 9.2978683892510475e+01, -1.9252838654721529e+01
25, 11, 1.4375207804641283e+02, -6.3662336786967501e+01
25, 12, 2.1697305083947953e+01, 9.1339824425508354e+01
25, 13, -5.0092283578491163e+01, -3.0891970494792503e+01
25, 14, 1.6533603578549261e+01, -9.0231341582919526e+00
25, 15, -6.8753951126621445e+01, -6.9458156503461055e+01
25, 16, 5.1384217082016285e+01, -1.1385655839186717e+02
25, 17, -2.4606850370656929e+01, 3.8937028184128849e+01
25, 18, -9.2577470650907685e+01, -6.4524099035134171e+01
25, 19, 4.3123763852888430e+01, -3.5721834149024545e+00
25, 20, 3.8715801756504277e+01, 9.3293022636993754e+00
25, 21, 9.6563660685207651e+01, -1.6712094841826220e+02
25, 22, 3.1295972795242761e+01, 1.7744782480109683e+02
25, 23, 5.6024412968232951e+01, -1.1319188958072306e+02
25, 24, 8.6760499271527095e+01, -2.2129810376748580e+00
25, 25, -4.0425487150399313e+01, 3.1770961258177834e+01
26, 0, 1.7989150015071863e+02, 0.0000000000000000e+00
26, 1, -7.7793548451528878e+01, 9.8885665611549939e+01
26, 2, -2.5175918937436407e+01, 5.4154358908116109e+01
26, 3, -1.3418468062439163e+02, 4.8793183172282397e+00
26, 4, 7.0510354540703588e+00, 9.4656553195052368e+01
26, 5, -3.8139303866584655e+01, 1.1889002369211451e+02
26, 6, 6.8867079706705454e+01, 8.7405519358297582e+01
26, 7, 2.4307190127175801e+01, -4.1088611803526817e+01
26, 8, 1.2263820646325334e+02, -1.5999476438257508e+02
26, 9, -1.8239600835354700e+01, 2.5310785097062762e+01
26, 10, 7.3123460974057338e+01, -3.6263160837928524e+01
26, 11, 7.5491130035807544e+01, 3.3468728777954198e+00
26, 12, -4.6696002912618766e+01, 9.8903928536804500e+01
26, 13, 4.1805193325453054e+01, -2.6398331741600956e+01
26, 14, 1.0737127765820304e+01, -4.1858173193340114e+01
26, 15, -2.1081339911635602e+01, 3.2081891423943027e+01
26, 16, -6.3919048138421886e-01, 1.0448824973685198e+01
26, 17, 1.1093564005521647e+02, 6.1519599184342304e+01
26, 18, 2.5535799958641860e+01, 9.2213492457988650e+01
26, 19, -2.2283955158552416e+01, -1.2709337132336995e+02
26, 20, -2.4268864408477690e+01, -3.3840217535852446e+01
26, 21, 5.2028413523042786e+01, -2.3700112109436873e+01
26, 22, -1.1588783826115483e+02, 1.3770307759422019e+02
26, 23, 6.9319985517708460e+00, -9.9445402258051843e+01
26, 24, -1.5371377658146594e+02, 3.4240332355486998e+01
26, 25, -3.0396944389845885e+01, 4.4140795343532460e+01
26, 26, 2.3256985803940353e+01, -5.9992281895483586e+01
27, 0, 1.2105518705341763e+02, 0.0000000000000000e+00
27, 1, 1.9330047836449062e+01, -3.0804455059189738e+01
27, 2, -2.2754859610830373e+01, -1.1761252492611430e+02
27, 3, -1.8371199035935277e+01, 1.1077501065286299e+01
27, 4, -7.1463333989279505e+01, -4.8778378328815911e+01
27, 5, -1.0556337185788060e+01, -8.9259646069914041e+01
27, 6, -1.3411474214009132e+02, 3.9275635148329513e+01
27, 7, 6.2403738501254601e+01, 4.4105386465632321e+01
27, 8, 7.3479700966580822e+01, -9.4534066147597088e+01
27, 9, -1.1856292831765657e+02, 1.3355789944763325e+02
27, 10, -7.2672899279396603e+01, 2.0699633693575102e+01
27, 11, 3.9649514420620648e+01, -2.3292714514145104e+01
27, 12, -6.3475447156857072e+01, 1.5902066283407423e+00
27, 13, 5.6764896151915167e+01, -1.9275079287676533e+00
27, 14, -1.6914304090656560e+02, -2.8325261873329421e+01
27, 15, -4.1418946453087180e+01, -4.1774559614917059e+01
27, 16, -4.8265682779718773e+01, 1.0465921529527458e+02
27, 17, 9.6596284807501434e+00, -1.5312678401865827e+02
27, 18, -3.3757154352889273e+01, -5.3137587693057654e+01
27, 19, -1.0298972252629881e+02, -5.0614133338357306e+00
27, 20, 1.1940354559815007e+02, -1.5489668215628114e+01
27, 21, -7.1181558390142968e+01, 4.6182216555309424e+01
27, 22, 3.4239312727727906e+00, -3.8267938446046486e+01
27, 23, -1.9627439113877927e+01, 7.5438569887960995e+01
27, 24, -6.6758378133351641e+01, -9.6894847614894758e+01
27, 25, -9.0369231292659009e+00, 7.7527630895844027e+01
27, 26, -1.9550425445287317e+01, -1.3690176042044214e+02
27, 27, -1.8940276748444262e+01, -1.7297780949882149e+01
28, 0, 3.0996882702748749e+00, 0.0000000000000000e+00
28, 1, -3.1012654672161531e+01, -3.9263447136563201e+00
28, 2, -7.2729771888374216e+01, -5.0649408544840369e+01
28, 3, 5.0809189663772543e+00, 1.1264584903401233e+02
28, 4, 3.4448314425293745e+01, -1.2599184750446364e+02
28, 5, 5.6210926513034721e+01, -1.4235451496039113e+02
28, 6, -7.7654574001898112e+01, 4.4386377093298819e+01
28, 7, 7.3350153166937389e+01, -1.6775561487181534e+02
28, 8, 6.7661555527214617e+01, 6.2077878977700017e+01
28, 9, 2.0077570873299550e+01, -9.7416036037057950e+01
28, 10, 2.9994605768184222e+01, 1.0755181960892786e+02
28, 11, 2.1282016624219381e+01, -4.9085296685066908e+01
28, 12, 3.0921704503481031e+01, 4.3830073894758307e+01
28, 13, -2.2785919036699198e+00, -7.2900641676496633e+01
28, 14, -1.1218923310208800e+02, -9.0355158803659108e+01
28, 15, 3.1236399603113071e+01, -6.3532207426145042e+01
28, 16, -2.4690018335705759e+01, -6.6638132899065312e+01
28, 17, 1.0742679141542850e+02, -1.3100652786528059e+02
28, 18, -4.7980166018100761e+01, -8.8635736942080712e-01
28, 19, -1.1108678429005973e+02, -6.0953566001133680e+01
28, 20, 4.5529193164272527e+01, 5.5375142205292974e+01
28, 21, 5.5206877212788356e+01, 1.2912507187693592e+01
28, 22, 3.1989024355105784e+01, -3.8825337415978325e+00
28, 23, -1.4079773111587542e+01, -4.4105043750195811e+01
28, 24, -2.9060824734253288e+01, 4.1219514854041961e-01
28, 25, 3.0894581890829318e+01, -1.3083445584413070e+01
28, 26, 1.0203063277329770e+02, -1.2757705017048727e+02
28, 27, 5.8487817585340210e+01, -5.2886359235092925e+01
28, 28, 3.1004695024143643e+01, 6.2529477029157647e+01
29, 0, -5.4124411281899860e+01, 0.0000000000000000e+00
29, 1, 6.5942017194428530e+01, 7.9516478181303967e+00
29, 2, -1.3618893752661421e+02, -1.8996591633585702e+01
29, 3, -1.9119863395528057e+01, 8.8446049540100404e+01
29, 4, -2.7855993072192092e+01, -1.1427896477809846e+02
29, 5, 1.7475381323621974e+01, -1.4442302578630546e+01
29, 6, -2.3964851332497062e+01, -1.0728410670392884e+02
29, 7, 6.2478420009814812e+01, -3.2197333790647889e+01
29, 8, 2.0401719061732464e+01, 8.8439397759159846e+00
29, 9, -6.2506330385818742e+01, -1.1273929279873846e+02
29, 10, -6.3309076479937445e+01, 1.0308010501676668e+02
29, 11, -1.5263372677422780e+02, -7.0654884284314946e+01
29, 12, 9.5001952066352899e+01, -1.8216791344762903e+01
29, 13, -9.8508243074330096e+01, 4.9533007691836275e+00
29, 14, 1.0179655531853109e+02, -2.8536231549579369e+01
29, 15, -7.5506991896080876e+01, -1.4616316214657985e+00
29, 16, 3.5598599350775075e+01, -3.9563239627265453e+01
29, 17, -6.0843144470385312e+01, 3.9214046039438443e+01
29, 18, 6.4080347740313741e+01, -9.6473303159397119e+00
29, 19, 4.1053199972018888e+01, 3.2816071964296746e+01
29, 20, -3.8487877294899135e+00, -4.5755858840683615e+01
29, 21, 1.6614632984442082e+01, -1.2215266757855106e+02
29, 22, -1.0354360038613811e+02, -4.3915946285725468e+01
29, 23, 2.8798917744649778e+01, -4.4976970037931295e+01
29, 24, -4.9469318688878829e+01, 2.7947643615651629e+01
29, 25, 7.4552371591817220e+01, -8.2170216474075659e+01
29, 26, 1.0842088011191896e+01, 1.0059435233528120e+00
29, 27, -4.3026760615353055e+01, -4.0151857499057826e+00
29, 28, -1.8819698140848367e+01, 1.0746962101290868e+02
29, 29, 1.3413997228043968e+01, -4.4097750845495597e+01
30, 0, 4.5881860501743411e+01, 0.0000000000000000e+00
30, 1, 4.6449859246790197e+01, -1.6716669774962210e+01
30, 2, 8.7064302257136063e+01, -2.3547500478117499e+01
30, 3, 3.5463043299114503e+01, 6.8550455313618770e+01
30, 4, 8.0446451672394446e+01, -1.0260707997976895e+02
30, 5, 3.5690653792270957e+01, -4.2232999380569680e+00
30, 6, -4.8860841076979455e+01, -8.7447011444456706e+01
30, 7, -4.1372121905353069e+01, 4.0527438185288673e+01
30, 8, 2.5230541131017574e+01, -9.1960644166648663e+01
30, 9, 7.3380932815092805e+01, -1.1043348511382703e+02
30, 10, -2.2938655972985245e+01, 8.5233859739450608e+01
30, 11, -3.4001668153883315e+01, -3.1053324087722316e+01
30, 12, 6.0433442596069966e+01, -4.8341242040139612e+01
30, 13, -2.0001217517208509e+01, 3.4764811246347378e+01
30, 14, -1.9853985303452788e+00, 1.4573312056826632e+02
30, 15, -6.9228390342624380e-01, -1.8691897330650264e+01
30, 16, 8.2231464168663464e+01, 5.0024556830648741e+01
30, 17, 2.4268193078181071e+00, -3.2562895154487592e+01
30, 18, -1.7884742042935528e+01, 7.1471995896151668e+01
30, 19, -8.0740418971328921e+01, -7.3931427974324833e+01
30, 20, -7.8139967985386605e+01, 5.3907780616345946e+01
30, 21, 6.4730812031586851e+01, -4.1003038566611977e+01
30, 22, -8.6905884437842630e+01, -1.0817331896492735e+02
30, 23, -7.0199972875985850e-01, 2.6836178411707664e+01
30, 24, 4.1637619355053900e+01, 6.4116285382466742e+00
30, 25, 9.3836346577257331e+01, -1.2035934681865314e+01
30, 26, -7.0200944677577567e+01, 5.7027065253698311e+01
30, 27, -2.6720616482367575e+01, 8.7428968032448594e+01
30, 28, 4.2637770474989338e+00, 1.0334068177503511e+02
30, 29, -4.9990665117685040e-01, 7.2452362976782680e+01
30, 30, -4.5297644330461637e+01, -6.0698449918030455e+01
31, 0, -6.5428014577602852e+01, 0.0000000000000000e+00
31, 1, -6.9836628237470464e+00, 3.2893655291705180e+01
31, 2, -1.6968488835911288e+01, -9.2334551661506623e+01
31, 3, -4.0669469858370981e+01, -1.4552650071313362e+01
31, 4, 4.4015116438049688e+01, -2.6581810876788929e+01
31, 5, 1.5270809980237189e+01, -5.0004518812288396e+01
31, 6, 3.7559005283475244e+01, 1.9180406138678990e+01
31, 7, 2.0969567121318562e+00, 4.1622241354542638e+01
31, 8, 3.3127183068311524e+01, 5.8540441698208681e+01
31, 9, 1.6735052361896450e+01, 1.5899729777622106e+01
31, 10, 3.4971005362524821e+00, 1.1199793406168534e+02
31, 11, -5.7943395261499120e+00, -3.3193764822096526e+01
31, 12, 9.3817476776614370e+01, -7.8781671468768053e+01
31, 13, -2.9052999214487510e+01, -4.3200427235337429e+01
31, 14, -4.5574876251880781e+01, -4.7722633081000012e+01
31, 15, 2.3528840652797385e+01, -4.8986486586138000e+01
31, 16, 2.4143200081093823e+01, 2.9673900476590532e+01
31, 17, 5.4151863675152256e+01, 2.8044973320609543e+01
31, 18, -4.5016635134137744e+00, -1.3625743013804285e+02
31, 19, -2.8010637101676757e+01, -5.6410607855642468e+01
31, 20, -7.6407452217717946e+01, -2.7775846343160325e+01
31, 21, -7.1541842686897141e+01, 2.7200955539908875e+01
31, 22, 3.0759486486578268e+01, 9.2650031901121864e+01
31, 23, -5.3203457975756010e+01, -1.8217226938701714e+01
31, 24, -8.4868527333439943e+01, -1.8979776929988617e+01
31, 25, -2.9338890418106615e+01, 3.4333547019614002e+01
31, 26, -3.0202184664918306e+01, 4.6821097659991061e+01
31, 27, 2.5555322413347142e+01, 5.6591206143297754e+01
31, 28, 6.2877105210536371e+01, -1.3186925452281176e+02
31, 29, 2.3170364371197678e+01, 1.5672169631182015e+01
31, 30, 1.5368278581192989e+00, -9.7386479993035906e+01
31, 31, -8.5745162628877381e+01, 1.0622798320798942e+02
32, 0, -5.3770216075768630e+01, 0.0000000000000000e+00
32, 1, -4.0301093807472611e+01, 7.2386770998637914e+01
32, 2, -1.1262692156230433e+02, -2.9958872697283766e+01
32, 3, 8.0774990363983619e+01, 9.6680447058128735e+01
32, 4, -4.8365533363857267e+01, -1.4219803566694331e+01
32, 5, -2.5082097866564034e+01, -2.3317280955783680e+01
32, 6, 4.7142038516415667e+01, 3.6158838819549914e+01
32, 7, -6.2595387657724970e+01, -9.0650210933706319e+00
32, 8, 6.8136355959428357e+01, -1.8003665171824217e+01
32, 9, 5.7855569925765316e+01, -2.3196426697785597e+00
32, 10, 5.4458211373697651e+01, 3.7075363099347285e+01
32, 11, -3.2826384501031576e+01, 6.7382823837599432e+01
32, 12, -3.8566587005485715e+00, 6.2824651577259019e+01
32, 13, 2.1179774108319769e+01, -4.3065370114406804e+01
32, 14, 2.2957172121016509e+01, 7.5561249667781070e+01
32, 15, 4.3385782755232803e+01, -7.3738761957081778e+01
32, 16, -3.6304759707503052e+01, -2.4023966761600860e+01
32, 17, -6.3014670050727304e+00, 3.4694371992856105e+01
32, 18, -4.9090543875743016e+01, -2.3129336075313425e+01
32, 19, -4.4319558506281112e+01, 9.3951496143510951e+01
32, 20, -1.4888257326617733e+02, -3.4730182383661230e+01
32, 21, 9.0221173732862781e+01, 6.7752521190493482e+01
32, 22, -1.4297930978103324e+00, -1.4612433097136503e+01
32, 23, -4.1072454474195290e+01, 3.4580987555617398e+01
32, 24, 4.4311621041487470e-01, -6.5540868844584864e+01
32, 25, -8.5249684786619724e+01, 1.0098780926350332e+02
32, 26, -1.5020210834884628e+01, 1.4894444210520199e+01
32, 27, 1.8037324627620666e+01, 6.4963653203436067e+01
32, 28, -3.0447706653258926e+01, -1.1741566742764729e+02
32, 29, -1.2232857431077659e+02, -5.3278127399678709e+01
32, 30, -2.0756494814337046e+01, 8.1459219843917481e+00
32, 31, -2.0450896566011835e+01, -5.1239316439582964e+01
32, 32, 3.1036479073052831e+01, 5.7020892099005678e+01
33, 0, -4.8645256225365472e+00, 0.0000000000000000e+00
33, 1, 6.9470638912513763e+01, 6.5593553188210322e+01
33, 2, -2.1451116223858300e+01, -8.2651319498835974e+01
33, 3, 7.4951336670471690e+01, -1.3143721289400588e+01
33, 4, 2.8465447664883499e+01, -4.4303155623228619e+01
33, 5, 3.2535247183540335e+01, 2.8697056402077969e+01
33, 6, 5.1190504293374019e+01, 1.4101393498372428e+02
33, 7, 1.4715620763838388e+01, -8.9447737410657567e+01
33, 8, 1.0411559630960498e+02, 1.4722698092811640e+01
33, 9, 3.4108795283020996e+01, 8.9583877210904461e-01
33, 10, 3.6907188859907812e+01, -1.9920228178792321e+01
33, 11, -8.6380604856941545e+00, 3.2903609732367798e+01
33, 12, -7.8355288766934365e+01, -4.5871775173782758e+01
33, 13, -6.8464672520478601e+01, 1.4739279853423508e+01
33, 14, -3.5985745525021429e-01, 3.8618348513469485e+01
33, 15, -2.0290713802329094e+01, -2.0002090335546924e+01
33, 16, 2.4714422548445590e+01, 5.4510165379010473e+00
33, 17, 1.1817267150942648e+01, 3.2443599414309574e+01
33, 18, 7.7862972145610314e+01, -1.7922229226276102e+01
33, 19, -9.8092991616306577e+01, 2.5810377933568077e+01
33, 20, -4.6500869053582505e-01, -2.3108631165436670e+01
33, 21, -4.0964950735392243e+01, 8.6303671118551534e+01
33, 22, 3.2537203846385708e+01, -4.4971470015891320e+01
33, 23, 1.4990230161289462e+01, -5.4700774122779841e+01
33, 24, 6.4362654289399529e+01, 6.5237677221965981e+01
33, 25, 1.1537722607850377e+02, -4.1576252518973668e+01
33, 26, 4.1997835920016513e+01, -2.7286228969123883e+01
33, 27, 1.9457507021352214e+01, -1.1884453475696926e+01
33, 28, -2.9577413198595679e+01, -3.8481896355787825e+01
33, 29, -4.9036931968251864e+01, 5.1146709042440634e+01
33, 30, -1.0865512230947908e+02, 9.8294616090494856e+01
33, 31, 2.3665942846269672e+01, -6.6721724990696067e+00
33, 32, -3.8503160359464331e+01, 8.8828596737941893e+01
33, 33, 5.2450868107087238e+01, -7.1316164681906969e+01
34, 0, 1.3419316888158306e+02, 0.0000000000000000e+00
34, 1, -4.6897084295939344e+01, 2.1255837777804345e+01
34, 2, -4.6312123333842692e-01, -6.0359531723399925e+01
34, 3, 1.4208816296337474e+01, 1.1308884200566922e+02
34, 4, 3.0641114944736533e+01, -6.3549067624837249e+01
34, 5, 3.2394708493485140e+01, 4.3783833154666659e+01
34, 6, 6.8210172818467685e+00, 4.9806813725360136e+01
34, 7, 1.6994725380261457e+01, -7.4583377668419814e+01
34, 8, -6.0998402839238128e+00, 8.7962613122077968e+01
34, 9, -1.1027704489281885e+02, 1.0152925222355677e+01
34, 10, -2.2727237703297597e+01, 3.1791848708710802e+01
34, 11, 1.2175903044844716e+01, 1.2153634514509359e+02
34, 12, 5.2114624968741090e+01, -2.0340284667707301e+01
34, 13, 9.3122892704887448e+01, -4.0413828790647329e+01
34, 14, 2.2113842699432581e+01, -1.2250743743152705e+02
34, 15, -1.1918280420078105e+01, -5.5365348909958684e+01
34, 16, -9.6948316869700065e+01, 1.6930896134276658e+01
34, 17, 4.5440475114645047e+01, -2.9383619776070937e+01
34, 18, 6.6797153459031122e+00, 3.9878644105826773e+01
34, 19, -2.2852279227658343e+01, -8.0107052020724282e+01
34, 20, -5.5429670223672929e+00, 3.7777617352827583e+01
34, 21, -5.8387625257834017e+01, 4.8661620629030693e+01
34, 22, 8.9110541145017635e+01, 8.3462311418035853e+00
34, 23, -6.5481476514082843e+01, -1.2652387790293602e+00
34, 24, 2.4714876408281341e+01, -4.3493063377187980e+01
34, 25, 1.4171086198318633e+01, -3.1673606421212327e+01
34, 26, -7.0315406204766902e+01, 6.3181729100200052e+01
34, 27, 8.0040880176234111e+01, -5.1091713036335321e+01
34, 28, 2.0056521399232992e+00, -3.2386732412054798e+01
34, 29, -5.0446280782587557e+01, -1.0302246718570163e+02
34, 30, 1.5506178733033309e+01, 2.4783321414361495e+01
34, 31, 4.1353844964162931e+01, -1.9149478910954066e+01
34, 32, 1.9916734735394357e+01, 4.6586543761542174e+00
34, 33, 9.5044870947166203e+01, -1.9849219607608358e+01
34, 34, 3.0992986703142030e+01, 3.9192326166869421e+01
35, 0, -2.0900755516524761e+01, 0.0000000000000000e+00
35, 1, -2.3918578292679413e+01, -2.4625476912729596e+00
35, 2, -4.5429133271115994e+01, 4.9737406326262622e+01
35, 3, 2.3201269282818927e+01, 8.4441494847447984e+01
35, 4, 7.5951610638096582e+01, -4.4093992820895203e+01
35, 5, 6.5628726299422638e+01, 6.1827083812308530e+01
35, 6, -8.2029401249197917e+00, -2.7052360984753960e+01
35, 7, -5.8428128044767647e-01, -3.0746190824364675e+01
35, 8, -2.3079471948541851e+01, -1.7730752329717234e+01
35, 9, -7.6086915923292935e+00, -1.4777237644248828e+01
35, 10, 2.1639031971598136e+01, 4.3230883890652500e+01
35, 11, -4.8635761001552261e+01, 3.3639416209481944e+01
35, 12, 1.4567846661417065e+01, 9.1804831350920253e+00
35, 13, -4.2633164270384817e+01, 1.7828089982233621e+01
35, 14, 4.4443940221721505e+01, 3.7313595428817365e+01
35, 15, -2.6893273019941510e+01, 4.3629350565360596e+01
35, 16, -6.9283133280496628e+01, -7.5271504702139865e+01
35, 17, 5.7596092723950079e+01, -5.2276242850889616e+01
35, 18, -8.6784280694806483e+01, 1.6980991975565942e+00
35, 19, -4.4895102502379942e+01, -3.1521339613452376e+01
35, 20, -7.1955515965652552e+01, 1.1552536715502993e+02
35, 21, -3.3864794564788617e+01, -8.1589779038602103e+01
35, 22, 1.0713951549092741e+01, 7.5118899960928275e+01
35, 23, 6.0262737778197206e+01, -1.0132410857751566e+02
35, 24, 4.9921207341214995e+01, -3.9118040643732442e+01
35, 25, -1.5994016341643160e+00, 2.3655452674055084e+00
35, 26, -3.0974276892889456e+01, -6.5840362838765330e+01
35, 27, -2.2528844102677098e+01, 7.3696148350173544e+01
35, 28, -9.4742907092752375e+00, 1.7356620529279166e+01
35, 29, -1.2956616649396636e+01, -5.1341337669480708e+01
35, 30, -4.5837245618067485e+01, 6.9121777398445658e+00
35, 31, 4.5140949968011725e+01, -1.1698521802547511e+01
35, 32, 2.8781763215014564e+00, -2.3107166530095071e+00
35, 33, -2.4182819598987308e+01, 2.2256761288388020e+01
35, 34, -3.7065423433285318e+01, 2.9496737355568541e+01
35, 35, -3.5714288954039120e+01, -6.5905041331777454e+01
36, 0, -7.3579559471452939e+01, 0.0000000000000000e+00
36, 1, 9.6924354146359519e+00, -4.5993413736264088e+00
36, 2, -6.5082757952108523e+01, 3.5916394851422822e+01
36, 3, -6.0290800859740585e+00, -2.7130311617960530e+01
36, 4, 1.0266789087956738e+02, 1.5526278087265865e+01
36, 5, -6.0675577078611042e+01, -8.8730415855208715e+00
36, 6, 4.7474074284668717e+01, -2.0309980654494773e+01
36, 7, 8.8609920102708941e+01, 4.3465957395340283e+01
36, 8, -1.8751019878414212e+01, -1.9694456659836824e+01
36, 9, 1.4728614218456835e+02, -2.9019741916846101e+01
36, 10, 2.2052841984273144e+01, -8.2427669960213166e+01
36, 11, 8.0305276768529978e+00, -3.0624907782814144e+01
36, 12, 9.5898684484979384e+01, 4.1811327213453282e+01
36, 13, -1.1479360400563939e+02, -2.6192636661109304e+01
36, 14, 4.6291055893711288e+01, 3.8462250908851516e+01
36, 15, -1.4176134963631262e+02, 7.1825215093588653e+01
36, 16, 8.9789807148112459e+01, -7.2730724212603572e+00
36, 17, -2.8926672727537767e+01, 3.1154979089568656e+01
36, 18, 1.9491973546362704e+01, -5.7500678522811995e+01
36, 19, -2.4716360038118239e+00, 7.0299297981924781e+01
36, 20, -8.2130969114660772e+01, -5.0228957306106913e+01
36, 21, -4.8413574932172843e+01, 3.6267203926132190e+01
36, 22, -3.4937324773716554e+01, 3.9461695809983112e+01
36, 23, -1.2822738593526973e+01, -7.3864541211865571e+01
36, 24, 3.5909195661832882e+00, 1.1753464321907074e+00
36, 25, -4.4787553093395367e+01, 1.6475291324158079e+01
36, 26, 4.9705545904257896e+01, 7.5530404466979945e+01
36, 27, 1.2478845443305474e+01, -7.6573119808716825e+00
36, 28, 2.9325084524560641e+01, -7.1240042097656584e+01
36, 29, 1.4729900176457363e+01, 1.2844547477306745e+02
36, 30, -4.4416542158834091e+01, -4.0640503125630630e+01
36, 31, 1.8713512133565402e+01, 5.3818327481651721e+01
36, 32, -1.6293058701081719e+01, -7.6381326276625572e+00
36, 33, 5.7729664596281609e+01, 5.8338042348239497e+01
36, 34, -6.4832317724611102e+00, -6.1705297673307342e+01
36, 35, -7.9530819698042876e+00, 1.9218517539243663e+01
36, 36, 1.3401593276103632e+01, 1.0628793889353861e+02
37, 0, 4.7929484553366734e+01, 0.0000000000000000e+00
37, 1, 5.3536383115318735e+01, 7.9823720220590474e+01
37, 2, -9.1339279432942561e+01, 3.4405002205848923e+01
37, 3, 9.3561397092797648e+01, 8.1933594961820688e+00
37, 4, 8.4866188648764194e+00, -5.3958228866218818e+01
37, 5, -7.4267723130585154e+01, -1.5871200116515254e+01
37, 6, 1.2734602895237003e+01, -1.9892078971394426e+01
37, 7, -1.1459188665813896e+02, -2.9151688685119055e+00
37, 8, 6.2063134536260236e+00, -4.6318286122380826e+01
37, 9, -1.3294638298573190e+01, 4.6707740597685188e-01
37, 10, -2.8805053784014401e+01, 5.9163534061008804e+01
37, 11, -8.0936482876782549e+01, 4.2087472500461097e+01
37, 12, 2.1136290541471297e+01, 1.2620804741347207e+02
37, 13, 5.1381331512307668e+01, -1.0463126595213680e+02
37, 14, 4.1901184451831675e+01, 1.0346808091123202e+02
37, 15, -4.3174452108281351e+01, 1.4736418552864919e+01
37, 16, 8.3140449871579207e+01, 1.8203878019726069e+01
37, 17, -1.7728888895885873e+01, -3.6730076803347401e+01
37, 18, 7.9188665492169775e+01, 4.2790361893442764e+01
37, 19, 2.8862569729344472e+01, 4.7051430159955807e+01
37, 20, -3.1561452838111620e+01, -6.1407532058207501e+01
37, 21, 1.1880305254809052e+01, 1.9498583203999047e+01
37, 22, -5.5222312572357794e+01, -3.0304384246092610e+01
37, 23, 7.8334665741398680e+01, -3.1732295815201219e+01
37, 24, 5.0475495227126672e+01, -4.5008832500283916e+01
37, 25, -6.2932037156696197e-01, -1.7216667211578937e+01
37, 26, -3.6112691223743937e+01, -8.0524151534567636e+00
37, 27, -5.9855705401029937e+01, 1.0034224997445328e+01
37, 28, 7.4213711762578939e+01, 6.8274892480467750e+00
37, 29, -2.2002621679480868e+01, 2.8478461616416268e+01
37, 30, 7.9022998468896731e+01, -1.4807539137207698e+01
37, 31, -5.2850395817150527e+01, 2.9364819036002658e+01
37, 32, 2.4410126953156634e+00, -5.0488070690406090e+01
37, 33, 5.7282466226286289e+01, 2.2125934220502188e+01
37, 34, -8.3289387216792363e+00, -7.7960547246781609e+00
37, 35, -8.0387245452988367e+01, -3.5253166828850325e+01
37, 36, 8.8590074232090245e+01, 5.0599378663008679e+01
37, 37, 2.6827816482744012e+01, -1.7951185689354077e-01
38, 0, 2.2537033721733621e+01, 0.0000000000000000e+00
38, 1, -7.5374488824122679e+01, 5.5192409715014506e+01
38, 2, -7.5759931330817537e+01, 1.3550204593934751e+01
38, 3, 1.0242837386255154e+02, -1.1849882279841655e+00
38, 4, -5.0283570767621939e+01, -5.6941576868950577e+01
38, 5, 9.4058170228258689e+01, 3.3827519056851493e+01
38, 6, 4.6199898829342715e+01, 1.1586376158708840e+02
38, 7, 4.6247261718683205e+01, -2.9099303448592963e+01
38, 8, 8.8296676016817031e+01, 1.6900960841064773e+01
38, 9, -5.6231510794836744e+01, -3.3767123750747913e+01
38, 10, -3.1614341587651857e+01, 1.8639320501231360e+01
38, 11, -6.0280762714619193e+01, 2.8453395940786137e+01
38, 12, -2.3868511769473688e+00, 4.3493321339639657e+01
38, 13, -1.1214466391831830e+02, 6.6263350875935984e+01
38, 14, -8.0091998492624043e+01, 7.7986915370840507e+01
38, 15, 2.7056174904199345e+01, 7.2035627596302774e+01
38, 16, 2.2767473659384841e+01, 2.7165886031799452e+01
38, 17, -3.7850885107132797e+01, -8.2446349798648697e+00
38, 18, -5.6914682650925528e+00, -3.2575836479831111e+01
38, 19, -5.4064819756715508e+01, -4.8122719386636604e+01
38, 20, -9.3147822113124903e+01, 3.2983703439160919e+01
38, 21, 7.8457563974851148e+00, 4.4835268315910376e+01
38, 22, 5.7341770206836365e+01, 9.7375250325376953e+01
38, 23, 2.6552362051102563e-01, 3.7609365141256774e+01
38, 24, -5.8352790638655726e+01, -8.4978694950328375e+00
38, 25, 1.5622484696539798e+01, 3.1621056564928576e+01
38, 26, 8.1967404313694715e+01, 3.9953859582862606e+01
38, 27, 9.3603392640966234e+00, -1.1266223715969487e+02
38, 28, -3.3124861852372817e+01, 2.8219678590916828e+01
38, 29, -4.0418989554009073e+01, -3.1535958903671997e+00
38, 30, 6.6556628370145347e+01, 5.2657931489370910e+01
38, 31, -5.9667734419477199e+01, -4.3989376384459256e+01
38, 32, 4.2721382813249960e+01, 3.0002080797754708e+01
38, 33, -2.8616348899660544e+01, -4.2807001472214807e+01
38, 34, -9.6422046655883079e+01, 3.4958983644742148e-02
38, 35, -9.6557246445318896e+01, -4.6547500615509037e+01
38, 36, -3.3756420070382418e+01, 3.1678424952927656e+01
38, 37, -3.5195313364927621e+01, -7.2563945642893714e+01
38, 38, -7.1289250631359835e+01, -5.2744049411152204e+01
39, 0, 4.3704052873532362e+01, 0.0000000000000000e+00
39, 1, -3.2720523219079283e+01, -7.3183157277573486e+01
39, 2, 1.8507420152831886e+00, 1.8626618923341212e+01
39, 3, 3.8938847874196654e+00, -4.3182822094094639e+00
39, 4, -2.9858822389997624e+01, -3.3400328207222636e+01
39, 5, -7.0420865579365000e+00, 1.2058315232980142e+02
39, 6, -3.3079463168113122e+01, 4.3292420316392217e+01
39, 7, 3.7179081109179322e+01, -4.3837741336219935e+01
39, 8, 3.0314590209206926e-01, 1.2117149057673288e+01
39, 9, 3.2857170516894811e+01, 1.5823440989027571e+01
39, 10, -2.8860674086950908e+01, -1.8762362584681480e+01
39, 11, -4.6500844234682901e+01, 8.3796592247839470e+01
39, 12, 3.2662702668837085e+00, 1.7995161309782102e+01
39, 13, 3.3999354433068703e+01, 2.2089553312451301e+01
39, 14, -3.1698056600136564e+01, -5.2190212587331267e+01
39, 15, 2.6477607095080536e+01, 5.7227053498083421e+01
39, 16, -6.2905483645524768e+01, 7.5956108963247004e-02
39, 17, 3.9253772872419646e+00, 3.6196366940172652e+01
39, 18, -2.4071951243896613e+01, 3.6227387577864960e+01
39, 19, 3.0043726517928889e+01, 3.3536664472265954e+01
39, 20, -4.3383734823990800e+01, 3.1107521898363885e+01
39, 21, 5.7902125934929884e+01, -5.5846608001790244e+01
39, 22, 5.0285989271038460e+01, -2.2072839048436876e+01
39, 23, 1.3988840293438344e+01, -2.1311761881573872e+01
39, 24, -1.1753600098141702e+02, -5.7629031743511050e+01
39, 25, -4.7970504048210785e+01, 4.8670635614647779e+01
39, 26, -3.8896604629189227e+01, 2.0088790376891064e+00
39, 27, 6.0604155587912828e+01, -6.1034939909737375e+01
39, 28, -7.8582016626998978e+01, -8.4852658240899245e+01
39, 29, 2.8639890956356702e+01, -9.9385996354053731e+01
39, 30, -1.1009252040648298e+02, 4.8642078450959303e+01
39, 31, -3.5463901059719824e+01, -9.5066109353882325e+01
39, 32, -2.9075135514594194e+01, 7.3848711867225262e+01
39, 33, -3.5117316588334631e+01, -6.0358819375455823e+01
39, 34, 6.0366526370628591e+01, 4.2063141634984824e+01
39, 35, -5.4502197006803925e+01, -4.8936063368530966e+00
39, 36, 8.4018738004693176e+00, 2.0397392100312771e+01
39, 37, -2.3917025606989455e+00, 7.3100196015783183e+00
39, 38, -7.1135413363368855e+01, 7.8385237546096704e+01
39, 39, 1.3202942739938440e+01, -3.7122900300873880e+00
40, 0, -1.0738683107694857e+02, 0.0000000000000000e+00
40, 1, -8.2191710553090019e+01, 1.0844827931907053e+01
40, 2, 1.2756042351251470e+01, -4.4574105950839410e+01
40, 3, 5.3657712725588041e+01, 2.4663510231147193e+01
40, 4, 5.2872800581392376e+01, -1.7604381985603617e+01
40, 5, 4.4593657039796923e+00, 1.1140889477821396e+02
40, 6, -3.3815086363038944e+01, -6.0159262759422305e+01
40, 7, -5.4844102343027544e+01, -3.7174155421233728e+01
40, 8, -1.3438269378665089e+02, 8.0541894742683397e+01
40, 9, -3.6976956719474053e+01, 4.9565249132557625e+01
40, 10, 3.2271207313624927e+01, 1.2071603772289610e+02
40, 11, 1.9976564226404179e+01, 4.8382258705721824e+01
40, 12, 1.6675135057125136e+01, 1.4231398741723007e+01
40, 13, 4.5294513087632481e+01, 3.2351850423711220e+01
40, 14, 3.1233471818504256e+01, 1.8594426373433251e+01
40, 15, 3.5417341962266306e+01, 3.3358861064484479e+01
40, 16, -4.4409605298301045e+01, 1.0680258482652498e+01
40, 17, -2.0253923033210555e+01, 2.2680317986289015e+01
40, 18, 5.5490662541241207e+01, 5.2487488274450030e+01
40, 19, 8.0454656172355669e+01, 2.8620913937418191e-01
40, 20, -5.4240484371106596e+01, 1.2751588783846399e+01
40, 21, -4.9046999298410960e+01, -7.0428618887283704e+01
40, 22, 2.8268312475672296e+01, -3.2241990366588396e+01
40, 23, -2.6808555350212018e+01, -3.6244523770215267e+01
40, 24, 2.1766437752790594e+01, 4.9882458523984383e+01
40, 25, 8.1190843267130504e+00, 6.5288424095285677e+01
40, 26, 3.2765601124894665e+01, 3.5889480774083893e+00
40, 27, -6.3318247474745597e+00, 1.8234408850849682e+01
40, 28, -7.4693347641895116e+01, -4.4641419916227875e+01
40, 29, 1.0692420538001721e+02, 1.2719785567487656e+02
40, 30, -8.5389007607356405e+01, 8.4965070410618623e+01
40, 31, 6.7577527768965950e+01, 1.1902425730427382e+00
40, 32, -6.7240814246566828e+01, 1.2562166789784243e+01
40, 33, 6.9242746815262421e+01, -3.4504828486773377e+01
40, 34, -5.3722496275697154e+00, 7.6392911813602012e+01
40, 35, -4.8256813205837403e+00, -3.8771122153812435e+01
40, 36, 1.2986316830570892e+01, 4.2213712465414062e+01
40, 37, 5.0779858004878633e+01, -3.1504292327615900e+01
40, 38, -2.4091251311629989e+01, 1.8116897235726046e+01
40, 39, 6.1204112882530438e+01, 2.1439498380666357e+00
40, 40, 4.1515569402611391e+01, 2.2105040235201351e+01
41, 0, -2.4003413836273140e+01, 0.0000000000000000e+00
41, 1, -3.1781832711297611e+01, 5.5819473846291118e+01
41, 2, -1.1889999277537069e+02, -5.6064945396262829e+00
41, 3, 4.2362525024154735e+01, -1.8124117961727066e+01
41, 4, -4.7746292257607209e+01, -2.8238774817399836e+01
41, 5, -7.8430629414656792e+01, 3.8213163006954517e+01
41, 6, 6.7662722906614320e+01, 4.3218258694478905e+01
41, 7, -5.4775541532083004e+01, 1.5390538742575814e+01
41, 8, -5.6736429803789846e+01, 3.4477907993831067e+01
41, 9, 1.5131141266443464e+01, -8.1390509977252457e+00
41, 10, -1.3598555954389610e+01, 9.9110972699174340e+00
41, 11, 1.2018451899043878e+01, -2.9924671673015997e+01
41, 12, 1.6801656084858919e+01, -2.9523871282456923e+01
41, 13, -3.0915743239947204e+00, 3.7139161824846916e+01
41, 14, 1.1443379176580399e+02, -6.2056329360616687e+01
41, 15, -3.4145250319248760e+01, -3.7430331592532724e+01
41, 16, 9.2905866534605565e+01, 1.8089616469038923e+01
41, 17, -1.3938161232904376e+01, -4.2201554164854599e+01
41, 18, 2.5212006291511983e+01, -2.4435128385191547e+00
41, 19, 1.9548985148076952e+00, 3.4243832972545079e+01
41, 20, 2.5492770698294684e+01, -5.4193829678553527e+01
41, 21, 1.3241744568685192e+01, 7.9138418370904532e+01
41, 22, -2.2468127986495489e+01, 1.8464785219419127e+01
41, 23, -2.1764984204125554e+01, 3.8269345331145090e+01
41, 24, 1.6806406799192253e+00, 4.4845531239240934e+01
41, 25, 2.6339191867399229e+01, 2.8291165020688176e+01
41, 26, 6.0469181192299686e+01, 6.7047984958130513e+00
41, 27, -2.4334811526156585e+01, 3.1348994363220058e+01
41, 28, 9.2660344618324245e+01, -9.9405666646420642e+01
41, 29, 1.7413147253975492e+01, 4.0485720535645243e+01
41, 30, 3.4567495191199882e+00, 3.5472255166415323e+00
41, 31, 3.4703091891870073e+01, 5.7268223044155235e+01
41, 32, -1.0396404510293178e+02, -8.2770335994195733e+01
41, 33, 6.0036846896917467e+01, 7.1710836832848656e+01
41, 34, -4.2318835538178575e+01, 3.0355070444450988e+01
41, 35, 4.1674794830803734e+01, -2.5657978300973348e+01
41, 36, -5.1941442544971949e+01, 2.7463760265154349e+00
41, 37, -9.5303233141320618e+00, -5.8932035015078242e+01
41, 38, -3.1389141871955154e+01, -3.5461617669789433e+01
41, 39, 1.3358519171109606e+01, 4.9902483917060998e+01
41, 40, 3.3182601137415887e+01, -7.0400303744917409e+01
41, 41, -5.7781122516805084e+01, -7.1362243786222734e+01
42, 0, -6.0669470388767195e+00, 0.0000000000000000e+00
42, 1, -7.1502459308445722e+01, -1.3950225596036177e+00
42, 2, -1.9444570613299923e+01, -3.2533179048921198e+01
42, 3, 3.8777206733201425e+01, -1.9556525386696144e+01
42, 4, -9.3875712638030350e+01, -5.1462125591511850e+01
42, 5, -4.7365379980212204e+01, 8.0976194627682901e+01
42, 6, 9.3340248880036654e+01, -2.2721993369992823e+01
42, 7, -7.0834358052360784e+00, -1.1966754555631837e+01
42, 8, 5.0564139581802173e+01, 8.0892648853510408e+01
42, 9, 1.0896862169815474e+01, 6.0998133760597312e+01
42, 10, -4.8243563851758360e+00, 1.9298253440733824e+01
42, 11, 1.9128920488065205e+01, 1.9781862914430121e+01
42, 12, 7.7212686806398345e+00, -1.9160772894811203e+01
42, 13, 3.2937193483343816e+00, 5.7502453978573044e+01
42, 14, 6.6317985479512956e+01, 9.3966973955071609e+00
42, 15, -6.0917576118327972e+01, -9.9127881619209628e+00
42, 16, 5.7217774210451950e+01, 1.7914944753302432e+01
42, 17, 4.1092355971409226e+01, -1.9225782059721155e+01
42, 18, 7.0367895670330483e+01, -1.0227222069404188e+02
42, 19, -1.4556467171223346e+01, 2.7534106378310494e+01
42, 20, -1.2280826812876068e+01, 1.6418856854711041e+01
42, 21, -9.1341553384207629e+01, 3.8486702643238857e-01
42, 22, 4.0958489606492932e+01, 2.4556006404554907e+01
42, 23, 9.6918589491015737e+01, 3.9837566959070571e+01
42, 24, -1.1561127775504190e+00, 6.4210759902153143e+01
42, 25, -1.5696501944319136e+01, 1.3207669077862491e+01
42, 26, -3.5864746893158994e+01, 2.0619257199862560e+01
42, 27, 1.3153029290495255e+01, -5.3791919358661509e+01
42, 28, 5.7087071671276462e+01, 2.2953428414103165e+01
42, 29, 1.6053819698406866e+01, -1.8867508484765665e+01
42, 30, 5.0908651707217444e+01, 9.0410710002634147e+00
42, 31, -4.3366953262023429e+01, 2.4804371435314600e+01
42, 32, -9.0391231754628762e+00, -8.0704669273743008e+01
42, 33, -7.8450224583922775e+01, 7.4516456482569112e+01
42, 34, 1.9306082256850789e+00, 1.7180245743604928e+01
42, 35, 9.7871684314904712e+01, 1.5052357695674750e+01
42, 36, 5.9674919937917110e+00, -1.8750526055740139e+01
42, 37, -1.0584771993128495e+01, 5.7656551918001199e+01
42, 38, 2.6620950775352838e+00, 1.9087366458891267e+01
42, 39, -3.3558004062702580e+01, 2.7594332336690933e+01
42, 40, 9.4594308518546399e+01, -5.0303679971671698e+01
42, 41, -5.0204462183594231e+01, 8.3214251141771214e+01
42, 42, 6.7348282621450579e+00, 3.9218134391428791e+01
43, 0, -5.2888875699898804e+01, 0.0000000000000000e+00
43, 1, -3.7677893061788581e+01, 2.2745453939448481e+01
43, 2, -3.8961808061439193e+01, -5.6904070466619459e+01
43, 3, 6.2767690281213184e+01, -8.2405792477716275e+00
43, 4, -6.4978783941470752e+01, -3.2349840432594178e+01
43, 5, 9.6093859391335457e+00, 1.1508465374145970e+01
43, 6, 1.4380517670940165e+00, -2.6526293872696272e-01
43, 7, 3.0067464213792000e+01, 3.3217995626083550e+01
43, 8, -2.1602989375397730e+01, -1.5227679491307526e+00
43, 9, -5.7824597228486724e+01, -7.7942840776912391e+01
43, 10, 6.4610365160535395e+00, 1.3604427303578884e+01
43, 11, 2.3246104956803510e+01, 3.9364330158807888e+01
43, 12, 4.4196424359244602e+01, -1.1477154184930438e+01
43, 13, 1.0558555069716277e+01, -1.3546946646661246e+01
43, 14, -3.6532789551718572e+01, 3.6358001007204749e+01
43, 15, -5.6825684415081568e+01, 9.2841334850090220e+00
43, 16, -3.5004852146218184e+00, 6.3328036757811077e+01
43, 17, -2.6502591393445179e+01, -3.1204604719903557e+00
43, 18, 1.2044519624795694e+01, -1.7856916526336242e+01
43, 19, -4.3927838653450042e+00, 6.9200092490725751e+01
43, 20, -9.9108590638568606e-01, 9.0680971340227501e+00
43, 21, -1.2704368364067605e+01, -5.8155881859624685e+00
43, 22, -1.8811471190380757e-01, -1.5600508187330039e+01
43, 23, 6.4704278057545110e+01, 1.1208236526554089e+01
43, 24, 1.7925893649988762e+01, 1.9963110844507959e+01
43, 25, -3.0857971835602498e+01, -6.5430838005463173e+01
43, 26, 1.6949516722612735e+01, 7.3112865136774118e+01
43, 27, 3.0652572911457291e+01, -6.1944543305966448e+01
43, 28, 8.2954763061904430e+01, 1.9759384886025011e+01
43, 29, 4.0763407084494210e+00, -6.2453311646755623e+01
43, 30, -8.8766168587751096e+01, 2.9077267080564322e+01
43, 31, -3.5046719159816689e+01, -4.6327851960244502e+00
43, 32, 1.0104305571612855e+00, 4.8194382887819721e+01
43, 33, 3.3377084560868411e+01, 5.0744443285595828e+01
43, 34, 9.4649396545551895e+01, 3.7999517952735189e+01
43, 35, -3.0317450260770769e+01, -3.3384726401108956e+01
43, 36, -1.1828789608864419e+01, -7.4565649483663208e+00
43, 37, -4.3438420494735084e+00, 3.2607448805489739e+01
43, 38, 4.7923105018386551e+01, 2.9806368110602243e+01
43, 39, 5.9135064297492555e+01, -4.5931848084474396e+00
43, 40, -2.8975470697968802e+01, -5.8990100527163939e+01
43, 41, 9.7443168770111157e+00, -1.5777614398224337e+01
43, 42, -3.9828813269579655e+00, -7.7268425248975490e+00
43, 43, 6.0478087284929174e+01, 4.9121465609708082e+01
44, 0, -4.0294433547593059e+01, 0.0000000000000000e+00
44, 1, -1.1000079321169679e+02, 1.9213150673717916e+01
44, 2, 4.2050414864884800e+01, -1.8061174031189342e+01
44, 3, -1.3223650560375745e+01, 3.7581866895647529e+01
44, 4, -5.8416185544709563e+01, -2.4386399294905672e+01
44, 5, -3.2503452435910432e+01, 6.4228459607527697e+01
44, 6, 1.6339550169178921e+01, -4.0170359676021334e+01
44, 7, -3.6108888907014602e-01, -7.0802373211200447e+01
44, 8, -3.5222887846417443e+01, -6.0881736880634463e+01
44, 9, 4.7391057546093322e+01, -7.8324473959187145e+01
44, 10, 5.5815403408105169e+01, 2.2667474580436981e+01
44, 11, -1.6067459276049249e+01, 3.5083255220766972e+01
44, 12, 7.7369652704251706e+01, -2.1686964172470297e+01
44, 13, 4.8780662470466851e+01, 3.5473302840575720e+01
44, 14, 2.6155276865179857e+01, -7.6918299514285522e+01
44, 15, 4.6049439085999197e+01, -8.0592950581446360e+01
44, 16, 2.3302046975580765e+01, -1.5326291449912663e+01
44, 17, -4.6198569026865115e+01, -3.4803966053051028e+01
44, 18, -5.5777452565695583e+01, 4.1335994287985031e+01
44, 19, -6.4848570022282644e+01, 1.6458122048374097e+01
44, 20, 2.7740896757711226e+01, 7.4389648336899512e+01
44, 21, -1.9814953635421908e+01, 1.9064072868657519e+01
44, 22, 6.0802810156799580e-01, -1.3029054680305816e+01
44, 23, 1.8434269449233218e+00, -2.7852185903248827e+01
44, 24, 2.0003101541905806e+01, -2.6843533712135596e+01
44, 25, -1.1720670833810125e+01, 4.1375114185482040e+01
44, 26, -5.4446860361080581e+01, 4.3391757159167810e+01
44, 27, 5.7719107174328734e+01, 3.6018884177732673e+00
44, 28, 1.0025204091846156e+00, -2.2582648199369107e+01
44, 29, -1.0582614340449659e+01, -4.9907112869606287e+01
44, 30, -6.3851514696924326e+01, 2.4796163205861745e+01
44, 31, -4.8216043383649307e+01, 3.5852392913008416e+01
44, 32, -4.4268587072740537e+01, 1.6106979412400904e+00
44, 33, 3.9223571977355547e+01, 1.0722814837055793e+01
44, 34, 5.9896864862904451e+01, 3.4262283096409853e+01
44, 35, -2.8398600140043769e+01, -7.9145097428429111e+01
44, 36, 2.3858803345056447e+01, 3.9970883479137456e+00
44, 37, -9.0357844659132766e+01, -3.0659282543219746e+00
44, 38, 4.5958748189816717e+01, -4.5059056976611309e+01
44, 39, -2.5429133944633264e+01, -2.4816972109313696e+01
44, 40, -5.2492869677360346e+01, 1.0234214564334593e+01
44, 41, 1.9607482135482016e+01, 1.9127898618022343e+01
44, 42, 1.7391343400760064e+01, -2.2027782951545198e+00
44, 43, -8.9137436826124734e+00, -3.5594458183120992e-01
44, 44, 2.9224640924906069e+01, -1.5744968927503436e+02
45, 0, -6.3420600256022546e+01, 0.0000000000000000e+00
45, 1, -2.9316914125912156e+01, -4.6232928023671711e+01
45, 2, 3.8085332012425980e+01, 2.7699294441199513e+01
45, 3, -2.3336982767522940e+00, -7.6273388377692314e+01
45, 4, 5.8384844915360176e+01, -1.4442805894770867e+01
45, 5, -1.5204523832710294e+01, 1.1315203758547877e+01
45, 6, 5.1623047222763397e+01, 5.5616404211107806e-01
45, 7, 2.0130604557163139e+01, -1.6007227228419225e+01
45, 8, 1.3376239032864763e+01, 1.1218727769763085e+01
45, 9, -2.8611388652679707e+01, -1.8431519262446699e+01
45, 10, -2.7585218125000452e+01, 7.5168334957480525e+01
45, 11, 2.4636705540281120e+01, 3.7430774093994970e+01
45, 12, 6.5648073734029339e+01, -7.1798792747937100e+01
45, 13, 8.9564990810602438e+00, -5.1822723796977229e+01
45, 14, 1.3432439276158190e+00, -6.7884415687324719e+01
45, 15, 2.8167779854483435e+01, 7.2809425588304862e+01
45, 16, -4.2322578007983616e+01, -3.8760957757256307e+00
45, 17, 2.3921798236357041e+01, 4.9677029599799724e+01
45, 18, -7.8782032567771907e+01, -8.4035753854668158e+01
45, 19, 5.8801874665024592e+01, -8.6021696748585192e+00
45, 20, -2.1875213554040576e+00, -1.6233697580376216e+01
45, 21, -1.0051747963081143e+01, -7.2340797594689263e+01
45, 22, -7.9155173279481090e+01, 1.0261405083838564e+02
45, 23, -3.0780481893492102e+01, 4.7882324427829310e+00
45, 24, -8.9834430471119155e+00, 8.3167920931083529e+01
45, 25, -3.2194044803878278e+01, 1.1387506742869178e+01
45, 26, -2.2902362080241051e+01, 3.3378062831220518e+01
45, 27, 1.8502601485681019e+01, -5.1875113450211749e+01
45, 28, -1.4392973386723952e+01, -6.5649219050677885e+01
45, 29, 2.4268997646194300e+01, 5.8359912350932277e+01
45, 30, -7.1022793707995788e+00, 2.6344635470411923e+01
45, 31, 3.5672162057097637e+01, 2.7939796210615917e+01
45, 32, 4.1114219969509847e+01, -3.5293973373803738e+00
45, 33, 8.3042068058754239e+01, -3.2750993123477009e+01
45, 34, -3.6805225527385247e+01, -1.9343145734552092e+01
45, 35, -3.6603774504904166e+01, 2.1402607757267216e+01
45, 36, -5.2105346210429104e-01, 1.0587931528514633e+02
45, 37, 8.6779516976538602e+01, 4.0491912843184537e+00
45, 38, -2.5718547616456227e+01, 1.2106898199497479e+01
45, 39, -4.1325777319282224e+01, 7.5564348411195725e+00
45, 40, 5.6703765823017420e+00, -1.8447671177497696e+01
45, 41, -1.3684784561428941e+01, 3.2941051697971687e+01
45, 42, 6.9191565818106113e+00, -3.5169437663605066e+01
45, 43, 4.1005540816980641e+01, 1.5862064200156880e+01
45, 44, -3.1302244873237065e+01, -2.8688971515215787e+01
45, 45, -9.1486576426355754e+01, 6.6680130475379059e+01
