0, 0, 0.0000000000000000e+00, 0.0000000000000000e+00
1, 0, 0.0000000000000000e+00, 0.0000000000000000e+00
1, 1, 0.0000000000000000e+00, 0.0000000000000000e+00
2, 0, 0.0000000000000000e+00, 0.0000000000000000e+00
2, 1, 4.5703063619798336e+01, 2.4678318948382159e+01
2, 2, 1.0452636519141458e+03, -5.7442074507517520e+02
3, 0, 2.8288820008907902e+02, 0.0000000000000000e+00
3, 1, -1.2125154311741619e+02, -5.9967321655646083e+02
3, 2, 3.1272413084830413e+02, -1.3272547098982244e+02
3, 3, -7.2823724721251654e+02, -4.5629799044628373e+02
4, 0, -1.1885076091523277e+02, 0.0000000000000000e+00
4, 1, -1.3399057771098902e+02, -1.0971600635764345e+02
4, 2, 7.6761943010095692e+01, 2.3614107751771510e+02
4, 3, -2.2472584427881657e+02, 9.7070215222917966e+00
4, 4, -2.1537972969045256e+01, 3.4481977922634763e+02
5, 0, 1.7510414208676437e+01, 0.0000000000000000e+00
5, 1, -5.0428123660092066e+00, -3.1793103636549141e+01
5, 2, 1.0817902377005763e+02, 4.2165046853971816e+01
5, 3, -8.6091356574120624e+01, 2.5438534262339971e+01
5, 4, 1.3978315303428110e+02, 5.8815724556396361e+01
5, 5, 1.2367708465804006e+02, -1.1001358772793496e+02
6, 0, -2.6302698933063933e+01, 0.0000000000000000e+00
6, 1, -5.9115924191266160e+01, 3.7756230078491264e+01
6, 2, -4.0202782143947140e+01, -3.6601763917129261e+01
6, 3, -4.1098996303965286e+01, -1.5952105743694219e+01
6, 4, -2.3782088862675486e+01, -6.7537738756765165e+01
6, 5, -3.3535573432437531e+01, -5.0070286941209922e+01
6, 6, -6.6087785981949054e+01, -1.9854934246912158e+01
7, 0, -1.5052064322838570e+01, 0.0000000000000000e+00
7, 1, -3.9514462206764591e+01, 1.7573855321198998e+01
7, 2, -6.1104060471922416e+01, 7.0044673671444517e+00
7, 3, -1.8683776023128054e+01, 7.8066856276548595e+00
7, 4, -6.8435021898755025e+01, 1.3520056165784986e+00
7, 5, 5.6858869716582321e+00, 3.8407123354239623e+01
7, 6, 2.1009231417746264e+01, 5.0705914736608648e+01
7, 7, -7.3851784073314963e+00, 3.9666964236821052e+01
8, 0, -7.2912979003760112e+00, 0.0000000000000000e+00
8, 1, 1.8720548712575062e+00, -1.1793106338688972e+01
8, 2, -4.0562682045980580e+01, -1.0901564085356496e+01
8, 3, 2.8759474503955349e+01, 3.1725680294539320e+01
8, 4, -3.4000499522105294e+01, 2.1447144251962111e+00
8, 5, 6.5112140121684590e+01, 4.1480083707094494e+01
8, 6, 1.5321735211277037e+01, 3.6900901498407357e+01
8, 7, 1.2426482763231002e+01, -3.3196030157808813e+01
8, 8, 3.0129180114120686e+00, 5.9964870723057597e+00
9, 0, 5.0988905868177126e+00, 0.0000000000000000e+00
9, 1, -4.3078308938787515e+00, 2.1073037266871095e+00
9, 2, -2.3442827985201767e+01, -5.2649283843192425e+00
9, 3, 1.7087912713095157e+01, 1.5947026401366115e+01
9, 4, -6.4750545006489704e+00, -2.9585767402882315e+01
9, 5, 3.9054977529626996e+01, 3.0008770437462651e+01
9, 6, -1.3205581019647274e+01, -5.6716912791119931e+00
9, 7, 1.2575987668006155e+01, -2.1691700309276481e+01
9, 8, -2.5901239171842189e+01, 4.7934646116607702e+00
9, 9, 1.9709113623919372e+01, 9.5992494815064511e+00
10, 0, -9.3060372245704457e+00, 0.0000000000000000e+00
10, 1, -1.1986888996989091e+01, -3.6870421875370325e+00
10, 2, -1.6521195205449775e+00, 1.6755209190607182e+01
10, 3, 7.8156080889818513e+00, -5.7606731460256082e+00
10, 4, 1.8362477752360995e+01, -1.4891939651428667e+00
10, 5, -7.6458546729780217e+00, 1.5708777212672704e+01
10, 6, -9.1528516451485480e+00, -1.8895191834417865e+01
10, 7, -5.4671322283013613e+00, 7.7158212830479300e+00
10, 8, -8.1288997562610330e+00, -1.2084807158662610e+01
10, 9, 2.0401798284077238e+01, 1.9539334521596579e+01
10, 10, 4.4800039022285256e+00, -1.0200409911213585e+01
11, 0, 3.3517551303734852e+00, 0.0000000000000000e+00
11, 1, 8.1564329621122784e+00, 2.3109735066148978e+00
11, 2, 3.4402328606269461e+00, 1.3327671658359424e+01
11, 3, 1.5899777216123436e+01, -1.0375575060224579e+01
11, 4, 1.9892493120819999e+01, 8.6472448854525776e+00
11, 5, -1.5651561412178417e+01, -1.1499660112351570e+01
11, 6, 4.2805266036890117e+00, 8.1491879793062905e-01
11, 7, -8.6762543769199727e+00, 9.8271399025912167e+00
11, 8, 1.5249727883452531e+01, -8.4050753887031568e+00
11, 9, 4.6222572569835014e+00, 5.0538054668325954e+00
11, 10, -2.4710323343879157e+00, -2.4149527261679587e+01
11, 11, 9.5081489986239265e-01, 4.2298057707736101e+00
12, 0, -1.6921903793279434e+00, 0.0000000000000000e+00
12, 1, 1.1732199038243897e+01, 5.6758357781395263e-02
12, 2, 1.3946961869861378e+00, -5.1194920350639226e+00
12, 3, 1.4512807316614365e+01, -2.9431657869988426e+00
12, 4, 1.6851335940718017e+00, -1.6157840625308575e+00
12, 5, -6.1915087645151266e+00, -1.0285578404948907e+01
12, 6, 3.7174513765326980e+00, 1.5757530694698044e+01
12, 7, -3.2098314920050068e+00, 1.9720502043349610e+00
12, 8, 1.4824695807942160e+01, 3.0549877465668498e+00
12, 9, -5.9968191111774196e+00, -4.0237577718198745e+00
12, 10, -3.5911360584610525e+00, -1.3077884407344795e+01
12, 11, -8.4387791266118750e+00, 1.7286148573098533e+01
12, 12, 3.9582974517103209e-01, 8.9278184467564248e-01
13, 0, 3.6154577645915165e+00, 0.0000000000000000e+00
13, 1, 5.1720945474761892e+00, -5.9306045646409755e-01
13, 2, -2.2521380389014594e+00, -7.4193600292269117e+00
13, 3, -9.5281615663102570e-01, -7.8648738550406849e-01
13, 4, -7.8200303476924504e-01, -5.3669193542098066e+00
13, 5, -2.8653084409412488e-01, 3.5525518589723180e+00
13, 6, -1.5490306162235639e+00, 8.4671621364779632e+00
13, 7, 6.3436753789270499e+00, -3.2132673449251188e+00
13, 8, 1.8181102789446333e+00, 1.6313207105051014e-01
13, 9, -8.2051954368885767e+00, -6.0448443167237809e+00
13, 10, 8.4285030669907435e-01, 4.9933503087768747e+00
13, 11, -6.1748134321633135e+00, 7.0599102542747598e+00
13, 12, 1.1182965189781747e+01, 3.5492072792451852e+00
13, 13, -4.2486357518559972e+00, -7.3006871551329562e+00
14, 0, -1.2856223555866730e+00, 0.0000000000000000e+00
14, 1, -4.9565421157285039e+00, -1.7805960374511669e+00
14, 2, -2.8721105965972087e+00, 3.3239483414951834e+00
14, 3, -2.6621071155782854e+00, 1.8752008511655791e+00
14, 4, -1.8816512332019535e+00, 6.8193449316125792e+00
14, 5, 3.0594021581130195e+00, 6.5699462198632537e+00
14, 6, 2.8300881756010915e-01, 8.1730344044036540e-01
14, 7, 2.6771347210370724e+00, -1.6894678045620708e+00
14, 8, -5.8669130388720152e+00, -2.7846234805518502e+00
14, 9, -1.0232263992380268e+00, -7.3165092705514692e+00
14, 10, 9.9636350794769679e-02, 1.0669055130422578e+01
14, 11, 5.6917913168757179e+00, -1.4633076389910389e+00
14, 12, 2.7504951947063994e+00, 1.7464172550482724e+00
14, 13, -5.0207177331420176e+00, -1.3762207217593513e+01
14, 14, -1.2437591129211908e-01, 4.8726235825518058e+00
15, 0, -2.6142494016944133e+00, 0.0000000000000000e+00
15, 1, -1.2009173596914500e+00, -1.7736066756813391e+00
15, 2, 2.2640583693270582e+00, 4.2723872496294675e+00
15, 3, 3.0504099264696221e+00, 1.6304794688802626e+00
15, 4, 4.0399372980146033e+00, 5.0083596189033992e+00
15, 5, 5.1247412223777715e+00, 2.8886720977162517e+00
15, 6, 3.1653262055264625e-01, -3.5690981899329346e+00
15, 7, -5.2754009675034332e+00, -2.1708211266919530e+00
15, 8, -6.3219800401041795e+00, -2.9153770793385339e+00
15, 9, 9.5776364683468596e-01, 2.0148839466345807e+00
15, 10, 1.1312826552405908e+00, 9.3875464428296962e-01
15, 11, 4.3626313383557536e+00, -3.2365816745793041e+00
15, 12, -4.8099333749638857e+00, -4.2294021649377473e+00
15, 13, -8.5667074836988322e-01, -4.1294613739769792e+00
15, 14, -1.1752441670810370e+00, 7.4596979422192238e+00
15, 15, 2.3639947463396873e+00, -5.6703828266896239e-01
16, 0, -2.6072782969927899e+00, 0.0000000000000000e+00
16, 1, 1.0727562463476308e+00, 2.5879974466828219e+00
16, 2, 2.7376349285753356e+00, 7.1705864496408789e-01
16, 3, 2.4012741606891814e+00, -2.0722464297370178e+00
16, 4, 3.9705639598144340e+00, 3.2401340527332401e-01
16, 5, 1.6908581833980603e+00, -2.7957764314043443e+00
16, 6, -7.0224948133961496e-01, -1.0511854864860208e+00
16, 7, -1.9921650330096838e+00, -1.3591742660728097e+00
16, 8, -1.2013893957030175e+00, -2.0411003016126577e+00
16, 9, 1.9134560245739465e+00, 4.4784385768848107e+00
16, 10, 2.6143043613631343e+00, -1.5148905090631102e+00
16, 11, 1.8240509271478228e-01, 1.1252099739527561e+00
16, 12, -2.3131019543063189e+00, -3.0898139459010068e+00
16, 13, 3.6746044316117632e-01, 2.9088754651264712e+00
16, 14, 5.9001601751168620e-01, 4.4012231543451046e+00
16, 15, 4.4118443903423534e+00, -1.5025449869907874e+00
16, 16, -9.6602515935013689e-01, -4.4085293770283668e-01
17, 0, 3.2159498732594710e-01, 0.0000000000000000e+00
17, 1, 1.6702475664188907e+00, 2.5710409541005972e+00
17, 2, 9.1546270660034557e-01, -3.3313029498778995e-01
17, 3, 4.6966859280161133e-01, -6.6187902969208068e-01
17, 4, -1.8130466707934465e+00, -7.8620636849463521e-04
17, 5, -2.7696040898523915e+00, -1.0991196844463471e+00
17, 6, -2.4796355025209720e+00, 1.1119662482774595e+00
17, 7, -1.3094599196583812e+00, 1.1344477596461002e+00
17, 8, 1.4517716011471884e+00, 8.0072947279413609e-01
17, 9, 6.4558491689280173e-01, 1.5508406054666048e+00
17, 10, 2.1856090533079278e+00, -1.0133529105770929e+00
17, 11, -1.2299259984734019e+00, 2.0589520001157749e-01
17, 12, -1.0387262973237952e+00, 9.2759605014359842e-02
17, 13, 2.0004883310666561e+00, 3.3712034507647881e+00
17, 14, 1.3129899266796579e+00, 1.8490795123719206e+00
17, 15, 1.4008014105703841e+00, -1.7085727983586860e+00
17, 16, -4.4148000460749124e+00, -2.2819001522506515e+00
17, 17, -3.8681304589032239e-01, -1.2008484493930729e+00
18, 0, 1.0638055772732220e+00, 0.0000000000000000e+00
18, 1, 6.1305298259157848e-01, 2.1281368889469210e+00
18, 2, 2.6606544724174375e-01, -1.3256575955918351e-01
18, 3, 1.1089610909985967e+00, 1.5180374092231750e+00
18, 4, -3.1655638718943595e+00, -5.2078943578032033e-01
18, 5, -7.2616067804851259e-01, 2.2130691576402963e+00
18, 6, -8.0774243012229729e-01, 2.3942626157627571e+00
18, 7, 6.4096596145915019e-01, 5.8315456704213608e-01
18, 8, -2.8605727671244396e-01, 9.8377238605884887e-01
18, 9, -1.9137373332107679e-01, -1.1486421609129183e+00
18, 10, -2.3730182459855720e+00, 3.7396325503314809e-01
18, 11, -1.0360102897708678e+00, 9.5547556571159320e-01
18, 12, -3.0075228502504947e-01, 5.7017555971723033e-01
18, 13, 1.1652269760027378e+00, 8.8030245749405711e-01
18, 14, 1.3497577752606393e+00, -7.4202497477088880e-01
18, 15, -1.4078948374648992e+00, -2.6475917455986182e+00
18, 16, -1.5730837888909173e+00, -7.0096304904674955e-01
18, 17, -4.5021999709515570e-01, 3.7296337664161201e+00
18, 18, -1.5378605642097469e+00, -1.2042459237314500e+00
19, 0, 1.0808639493514766e-02, 0.0000000000000000e+00
19, 1, -1.6701650637876220e-01, -1.4849815590708169e+00
19, 2, 1.3998803035354490e-01, -2.2178584917118679e-01
19, 3, 8.5516691900322656e-02, 5.8956906785199170e-01
19, 4, -5.0955184384420882e-01, -7.8371214939160350e-01
19, 5, 8.1118273956558196e-01, 1.2598134892481143e+00
19, 6, 7.0792123190661538e-01, 5.5764044144038249e-01
19, 7, 1.4171304666094833e+00, -5.7764052622548601e-01
19, 8, -1.2928330527810616e+00, 3.2006947642466727e-01
19, 9, -6.5958474186918381e-01, -1.3290260784332879e+00
19, 10, -1.8048282386789776e+00, 1.4509186247153485e-01
19, 11, -7.7707072932855628e-02, 1.2121963593512357e+00
19, 12, 1.6967139472287426e-01, -5.5678853143356355e-03
19, 13, 6.6374348501240898e-01, 3.9534052115212284e-02
19, 14, -4.9310756468986122e-01, -1.5572610565232781e+00
19, 15, -2.5411227159108267e+00, -1.6044985850134583e+00
19, 16, -3.9622640268062032e-02, 4.5634993383879408e-01
19, 17, 4.3435870941454224e-01, 1.3612341690035268e+00
19, 18, 2.0561197202969801e+00, -1.8080127728937683e+00
19, 19, 1.0703650854331885e+00, 2.4106590683209705e+00
20, 0, -7.6981130739422587e-01, 0.0000000000000000e+00
20, 1, -3.6443803890457893e-01, -1.4844446439639132e+00
20, 2, -1.6050660819803736e-01, 6.2905258103126305e-01
20, 3, -9.7837755892558409e-01, -5.3427216823089729e-01
20, 4, 9.7054350170276971e-01, -4.8194900585936457e-01
20, 5, -4.6403357844218407e-01, -1.4845344576024586e-03
20, 6, -5.0969168759737726e-01, -9.3881118573438382e-01
20, 7, -1.2719408464644882e-01, -2.7754057069135146e-01
20, 8, -7.8148426920979930e-01, -8.2620866509026392e-01
20, 9, -2.7961954996023114e-01, -4.6313334087862190e-01
20, 10, 1.0562077618720322e+00, 8.9338017471545836e-02
20, 11, 2.8186097506064661e-01, 5.4690578937693884e-02
20, 12, 1.3206177007638316e+00, 4.5393401026262720e-01
20, 13, 1.9030044750019073e-01, -8.8947651912639558e-01
20, 14, -7.9673078415126442e-01, -7.0246558823304228e-01
20, 15, -2.0693099788687425e-01, 8.2754314179528310e-01
20, 16, -1.2632090456333359e-01, 6.1145223461942710e-01
20, 17, 1.3388818493272816e+00, 1.0379514622267032e+00
20, 18, -1.0601196484068551e-01, -1.8550986958827689e+00
20, 19, -3.7846123610260807e-01, 2.0843815747394687e-01
20, 20, 1.2495866528469706e+00, -1.1753957939526538e-01
21, 0, -2.3263490559097827e-01, 0.0000000000000000e+00
21, 1, 3.6365567337805643e-01, 9.1910452874141679e-01
21, 2, 1.3090247912324549e-01, 1.2788393894409034e+00
21, 3, 3.3208556648095516e-01, -5.2940783630282096e-01
21, 4, 8.9980586209930313e-01, 3.4262900243875749e-01
21, 5, -7.8445044046295098e-01, -3.4413979755269219e-01
21, 6, -1.4005130998788615e-01, -5.5624144748749749e-01
21, 7, -5.4021163158190255e-01, 7.2410169300051586e-01
21, 8, -1.2441330351493489e-01, -6.7891946603432529e-01
21, 9, 5.0369560365025057e-01, 1.7817232573908606e-01
21, 10, 6.7921236489782488e-01, -3.4140331232230847e-01
21, 11, 7.3621775183695559e-01, 5.1331384497579591e-01
21, 12, -5.4424259002542508e-01, -2.2653391727036654e-01
21, 13, 1.9688361586201478e-02, -1.7618860122019503e-01
21, 14, -2.9791032317526484e-01, 9.2811207629583692e-01
21, 15, 7.5065018235912273e-01, 1.2472324531682641e+00
21, 16, 6.6855873876589500e-01, 1.3880532728173645e-01
21, 17, 6.5296163455425960e-01, 7.3083817926494887e-01
21, 18, -5.6796254831949589e-01, -1.1853144577604595e+00
21, 19, -3.2001576986554248e-01, 1.7957258099561630e+00
21, 20, 3.9044085054970501e-01, 7.8752571730286680e-01
21, 21, -1.5786763403758348e+00, -1.0080937784393278e+00
22, 0, 3.5533631975808916e-01, 0.0000000000000000e+00
22, 1, 8.3521720298962177e-01, 3.1054427535102508e-01
22, 2, -1.4328509089804078e-01, -1.7439472978467532e-01
22, 3, 7.8156237254167493e-01, 8.7969794620424008e-03
22, 4, -4.4326814988501162e-01, 7.1688435049548627e-01
22, 5, -1.3434284828472715e-01, -8.6537361355653888e-02
22, 6, 4.8411232322177333e-01, 9.8289375144903013e-01
22, 7, -5.1542807865071993e-01, 3.1542445615458013e-02
22, 8, 7.0875164000809110e-01, 4.0058328434568435e-01
22, 9, 4.7628889890692319e-02, 1.5444927063231764e-01
22, 10, 5.2333798562878897e-01, -4.9736433874649133e-01
22, 11, 2.7653104942537060e-01, 3.9846724735673872e-01
22, 12, -7.4399127143727439e-01, 7.5675740274114167e-02
22, 13, 3.3675140079144134e-01, 3.3520080240143868e-01
22, 14, 2.4985125584106860e-01, 1.0083065619098028e+00
22, 15, 8.3265100653712887e-01, -4.9584611242337417e-01
22, 16, 4.1699601126209435e-01, 6.2671138431826673e-02
22, 17, -7.4175338067747665e-01, -5.1165448744003328e-01
22, 18, 2.4445636725446038e-01, -5.6909828747055274e-02
22, 19, -8.6598139204224189e-01, 7.9802481699887806e-01
22, 20, 9.2841721422856072e-01, -1.5355198176616133e-01
22, 21, -5.2865775443297314e-01, -1.2286381974299965e+00
22, 22, 1.8628659611530629e-01, 6.3705139642017372e-01
23, 0, -1.1671514615247780e-01, 0.0000000000000000e+00
23, 1, -4.2153880408588396e-01, -1.0578047935176435e-01
23, 2, -3.3108371155015026e-01, -8.0749144262207251e-01
23, 3, -2.1690493511058251e-01, 2.6426031035054187e-01
23, 4, -7.3684110086468602e-01, -1.1656676466211152e-01
23, 5, 5.8650071411687288e-01, -3.4118870246583299e-01
23, 6, -6.7063052885848773e-01, 9.0418638537781237e-01
23, 7, 4.8134161969674916e-01, -5.7716748299562970e-01
23, 8, 3.3178308732799661e-01, 5.2699755461752762e-01
23, 9, -5.4222917684991476e-02, -2.2367914399763886e-01
23, 10, 1.8223144536475969e-01, 3.9055198541214570e-01
23, 11, -5.4363510812490001e-01, 5.0018199234510308e-01
23, 12, -1.1512008696156731e-01, 1.0434528986767291e-01
23, 13, 4.2007410516576471e-01, 1.1210607923016662e-01
23, 14, 1.1981636547952761e-01, 6.5401425365379473e-01
23, 15, 4.9835081439342671e-01, -1.2943436262134389e+00
23, 16, -7.7665053223229086e-01, -2.0225764155059964e-01
23, 17, -5.6529983326225208e-01, -1.3861895392024819e+00
23, 18, 2.4403543922189555e-01, 1.0405332541433090e+00
23, 19, -8.0228900035110662e-01, -1.4220644433101812e-01
23, 20, 9.2007043103451547e-01, -6.6628637281948663e-02
23, 21, -7.9832071839647711e-01, -1.1717362034947472e+00
23, 22, -3.4010610682175613e-01, 2.7214558862311333e-01
23, 23, 1.0105214846655066e+00, -3.6672462933732375e-01
24, 0, -3.7172508215990180e-01, 0.0000000000000000e+00
24, 1, -3.2556664560435522e-01, -3.2151153165088026e-01
24, 2, -8.9995047115106162e-03, 2.6490728481907833e-01
24, 3, -5.6726136498317747e-01, 4.1034569019807743e-01
24, 4, -4.8460538484799573e-02, -2.1457016458141870e-01
24, 5, 5.0016178168492997e-01, 2.6413786890575242e-01
24, 6, -5.3844184786289051e-01, -1.4465117855005920e-02
24, 7, 6.5936347235450199e-01, -8.0498419453833114e-01
24, 8, -2.8165459159001760e-01, -1.4147651581835313e-01
24, 9, -1.7365890972371459e-01, -5.2457818113481225e-01
24, 10, 2.0621861173902636e-01, 4.3438166294586689e-01
24, 11, -7.3247738123252085e-04, -5.0848194696717053e-01
24, 12, 4.9714005121600241e-01, 5.0413259638124153e-01
24, 13, -1.8264869107763040e-01, 3.7410995525465833e-02
24, 14, -7.7129434075489155e-03, -6.3671946314659489e-01
24, 15, -3.6446975951517824e-01, 7.0068069531165539e-02
24, 16, -9.4699574696675304e-01, -5.3395976207565876e-01
24, 17, 1.8538390402735228e-01, 2.0764878165665017e-02
24, 18, -5.8882220400084251e-01, 9.2798405114510518e-01
24, 19, 5.1351601827135840e-01, -6.2659250932787858e-01
24, 20, 1.6743321406527226e-01, 2.0923083840957907e-01
24, 21, 3.3239286784956773e-02, -7.2561477665439666e-01
24, 22, 1.8171980778586377e-01, 1.1149970051358085e+00
24, 23, 9.2012159580271602e-01, 4.4415619537539190e-02
24, 24, -4.4205934771566402e-01, -1.9530831994001815e-01
25, 0, 1.9403845135427591e-01, 0.0000000000000000e+00
25, 1, 1.3670193934395508e-01, 3.4343973516335884e-02
25, 2, 2.6480429101318831e-01, 5.3204377191366481e-01
25, 3, -1.2924705751722387e-01, 2.1447955120888751e-01
25, 4, 8.9986019161171438e-01, -2.3903019859913072e-01
25, 5, -3.9008215752890252e-01, 4.3835286216340291e-01
25, 6, 2.3740247179628854e-01, -4.6914206436911954e-01
25, 7, -1.2802695713480119e-01, -4.0418665538688853e-01
25, 8, -3.1541773834754527e-01, -2.3673409252898164e-01
25, 9, -1.0851174101023550e-01, -3.0043931124634338e-01
25, 10, -2.6166402445023884e-01, 3.3595027593384469e-01
25, 11, 6.3028799918107148e-01, -5.7810677751256212e-01
25, 12, 4.6069030865972094e-01, 3.5917152214685921e-01
25, 13, 5.7898769503603766e-03, -3.9425659903180865e-01
25, 14, 1.1060749847863306e-01, -3.6829800406635271e-01
25, 15, -6.3120911465594898e-01, 1.7444057431095000e-01
25, 16, 1.4006663097564087e-01, -3.7494165088726839e-01
25, 17, 4.7495165884475804e-01, 1.1381102885523615e+00
25, 18, -2.1019888719168991e-01, -8.8282103066801398e-02
25, 19, 9.3848980548078964e-01, 7.6386755905002615e-02
25, 20, -7.6162330418028157e-01, -1.5572538206244474e-01
25, 21, 9.8026532089288387e-01, -2.4002450454119711e-01
25, 22, -4.4879326748287207e-01, 6.2709860633715053e-01
25, 23, 7.2537527926804513e-01, -6.2526596785609090e-01
25, 24, -4.1885367187572214e-01, -1.4450276378504098e-01
25, 25, -2.0527887078020246e-01, 4.0142339101427027e-01
26, 0, 2.7766573600019723e-01, 0.0000000000000000e+00
26, 1, 2.0881874716372015e-01, 5.0555419170065807e-01
26, 2, 2.4097896578834296e-01, -6.2601829734482833e-04
26, 3, 1.4323696870100494e-01, -1.5390508096077077e-01
26, 4, 4.5955577570399364e-01, -2.2826646922918922e-01
26, 5, -2.6284787100929324e-01, -2.4338015112340172e-01
26, 6, 4.2551970876557743e-01, -4.2518164093158596e-02
26, 7, -1.4262585510836770e-01, 2.7075342545847303e-01
26, 8, -6.5892049432303812e-02, -7.9991875482201463e-02
26, 9, 5.8677943387937512e-02, 6.3849952092540996e-01
26, 10, -1.5649060565471562e-01, -6.4882817989603506e-02
26, 11, 5.9247775939334835e-01, 2.7159481198629154e-01
26, 12, -2.9498345576680818e-01, 1.0307871767039720e-01
26, 13, -5.0927720217670433e-02, 1.8109121270475301e-03
26, 14, -1.5608419655971900e-01, 8.7380775780656908e-02
26, 15, -1.2217341552718849e-01, 7.0220899431422540e-02
26, 16, 6.1688958465289601e-01, 1.4565408733727675e-01
26, 17, 3.3494095596370366e-01, 8.6802678239386005e-02
26, 18, 3.4335869437465838e-01, -6.1120602454120210e-01
26, 19, 9.3797069944754879e-03, 1.6654396122274062e-01
26, 20, -1.5932136410408509e-01, -4.5885758135713328e-01
26, 21, 3.4019041674148803e-01, 7.0233176067044589e-01
26, 22, -5.3225402408771105e-01, -5.8105801357725965e-02
26, 23, 3.2608822641087576e-01, -2.8183090424351875e-01
26, 24, -9.4547944089273916e-01, -7.4877499665835373e-02
26, 25, -3.4963803908939078e-01, 5.2324165713475579e-01
26, 26, 2.0164589116162721e-01, -5.5278064586708220e-01
27, 0, 2.8103826668607285e-01, 0.0000000000000000e+00
27, 1, -5.7759950181916979e-02, 3.7702988253977839e-02
27, 2, -4.6218617274012570e-03, -3.3041951669961916e-01
27, 3, -1.4004321863073468e-01, -3.4198514308825945e-01
27, 4, -3.9926657253943876e-01, -1.1411867108719716e-01
27, 5, -1.0938792022646114e-01, -3.3901992711920614e-01
27, 6, -3.3775660398479684e-01, 3.6645000769510483e-01
27, 7, 1.5485363360952525e-02, 1.3603578035195918e-01
27, 8, 4.0544213392348394e-01, -8.6837433583173335e-02
27, 9, 1.0377243464101051e-02, 4.6725211044351400e-01
27, 10, 3.2404243393306781e-01, -2.2315580268435400e-02
27, 11, 2.2448797299757622e-01, 2.3950054905368823e-01
27, 12, -8.4444409923768102e-02, 7.6145695139214799e-03
27, 13, 9.2779619325254331e-02, 1.2102438918665136e-01
27, 14, -2.3999605210006986e-01, 2.8738364606490947e-02
27, 15, 4.4894119998206236e-02, -1.0793240564825678e-01
27, 16, 1.0119233435821845e-01, 2.8460329485094515e-01
27, 17, -2.4267324132873180e-01, -4.4752572792334705e-01
27, 18, 2.7095062880554212e-02, -1.8069810526952673e-01
27, 19, -8.4650028785365428e-01, -2.0948255751378334e-01
27, 20, 3.0831555391149434e-01, 7.9744364103179061e-02
27, 21, -3.3621389835765664e-01, 3.3017590634079108e-01
27, 22, 2.5912634416705693e-01, -4.2915506425251870e-01
27, 23, -1.6719264100432138e-01, 3.0623330231843560e-01
27, 24, -1.9744869818323965e-01, -4.9969552457771890e-02
27, 25, 1.0373182817963010e-01, 6.7178766637167320e-01
27, 26, 3.1200799912035676e-01, -3.9521120971058638e-01
27, 27, -5.5867605996795311e-01, 3.3113202326412558e-02
28, 0, -3.5471259793586327e-02, 0.0000000000000000e+00
28, 1, -1.6386288502092006e-01, -1.0261381417239268e-01
28, 2, -3.2676813595836018e-01, -2.6400885743539054e-01
28, 3, -1.9705108911279004e-01, 3.0484627628038902e-01
28, 4, -3.9396856961059928e-01, -5.2252850928965894e-02
28, 5, 6.2748682999652167e-02, 2.5534778433623229e-03
28, 6, -4.7851217427160442e-01, 2.7275474083433116e-01
28, 7, 1.9151293207603579e-01, -2.3837286849311681e-01
28, 8, 2.6386042193570813e-01, 1.8266748128013110e-02
28, 9, -8.8116372072960247e-02, -4.5008847039322603e-01
28, 10, 9.0853143847971912e-02, 1.4327219764612589e-02
28, 11, -2.0556202351418987e-01, -2.9449852311723462e-01
28, 12, -8.2619083673862934e-02, 2.7177137262728059e-02
28, 13, 1.2997049947565784e-01, -5.4254921759815132e-02
28, 14, -1.0898311296402516e-01, -1.5054804736776320e-01
28, 15, 9.4852072820334657e-02, -1.4574071117843840e-01
28, 16, -1.7902008121780705e-01, -8.1831154002405274e-02
28, 17, -1.3297662188644233e-01, -4.1245187042907278e-01
28, 18, -2.8917399678441158e-01, 3.3744702965083506e-01
28, 19, -3.4496180986453640e-01, -6.3468108211846466e-02
28, 20, 2.7648815550634626e-01, 4.3533071772507420e-01
28, 21, -2.0408920786276058e-01, -1.4987591582996498e-01
28, 22, 3.7996295667640306e-01, -7.0811166394115194e-02
28, 23, -3.8882934284067305e-01, -1.4661376713191687e-01
28, 24, 2.8936951677522282e-01, -1.7330687235635184e-01
28, 25, 5.7767118920268756e-02, 1.0788264314709452e-01
28, 26, 4.0351367210587857e-01, -5.4677438921712396e-01
28, 27, -3.7299797453338071e-02, -5.5902504437744152e-02
28, 28, 1.4472711284448700e-01, 6.0512819054689626e-01
29, 0, -1.0007831837239503e-01, 0.0000000000000000e+00
29, 1, -5.0442653383679120e-02, -1.8069103004161946e-01
29, 2, -1.0276866779048589e-01, -7.0125999343142826e-03
29, 3, -9.8782011617154289e-02, 2.9720923324178439e-01
29, 4, 1.6320850673571463e-01, -6.8519914526614295e-02
29, 5, 1.1699790180740863e-01, 1.5391667062480077e-01
29, 6, 7.5842397161190997e-02, -3.0756545982034460e-02
29, 7, 2.4790019205823585e-01, -1.5865486443203300e-01
29, 8, 4.1698662007273145e-02, 1.2146882795167088e-02
29, 9, -9.4819668646814084e-02, -3.2713413467144015e-01
29, 10, -1.4011947623478052e-01, 4.5624683859126852e-02
29, 11, -3.0015882442343528e-01, -6.8192140058988132e-02
29, 12, 1.4789372799690950e-01, -9.6889093444983823e-02
29, 13, -1.7985623694753067e-01, -2.4943841663641018e-02
29, 14, -4.0559785443022869e-02, -1.3279538733583535e-01
29, 15, -5.5596316633868798e-02, -1.2474702617520220e-01
29, 16, -1.2452737928300300e-01, -3.0813856881983535e-02
29, 17, 1.2344484418929422e-02, 7.4655334394249526e-02
29, 18, -1.1684307410977431e-02, 8.2156127718987393e-02
29, 19, 1.8594267790911750e-01, 3.3086901319436257e-02
29, 20, 1.1416489434217902e-01, 7.8159709833541161e-02
29, 21, 1.6052409980536425e-01, -2.5517852439233046e-01
29, 22, -9.4493883240232113e-02, 2.3764099123156548e-03
29, 23, -5.4097294661335518e-02, -3.0120444171616700e-01
29, 24, 8.9190106334529506e-02, 2.9348535431652295e-01
29, 25, -8.0841832762102689e-02, -2.7629089113316152e-01
29, 26, 1.3949876530077952e-02, -2.4084995271468163e-01
29, 27, -4.3929058560100898e-01, -6.5715652892912008e-02
29, 28, 3.0095666952097505e-02, 2.2765652441774409e-01
29, 29, 1.4276738772405592e-01, -1.5424886944224533e-01
30, 0, -2.4838186141370906e-03, 0.0000000000000000e+00
30, 1, 1.2903455896126254e-01, -1.6767783192315941e-03
30, 2, 1.7488465973941922e-01, 3.1439341108776074e-02
30, 3, 3.6581625608248437e-02, 6.7228786299316449e-03
30, 4, 2.3096751938015123e-01, -1.9612385814640979e-01
30, 5, 8.4022710211758736e-02, -1.2211449708564394e-01
30, 6, 1.0848941449901262e-01, -3.1505587586191985e-01
30, 7, 6.1630177566483590e-02, -1.6038810236050440e-02
30, 8, -3.9308342952313217e-02, -9.5691285952629240e-02
30, 9, 7.6646051401243823e-02, -9.0229064058908095e-03
30, 10, -5.9804983370903904e-02, 2.1295893930720813e-01
30, 11, -1.1735285292733047e-01, 8.8746677837393317e-02
30, 12, 2.6244784833891022e-01, -9.6735902246200045e-02
30, 13, -8.4637186029639669e-02, -4.4948702378556790e-02
30, 14, 1.1154241466178957e-01, -2.5282283501126823e-04
30, 15, -1.0023365991866612e-01, 1.0937946913830373e-02
30, 16, -3.9103511309900779e-02, -4.2562830556558892e-02
30, 17, 1.0827061487380819e-01, 1.4901149693351795e-01
30, 18, 5.5081734315872509e-02, 1.0224666614261885e-02
30, 19, 1.9708610549401887e-01, -5.0035382642565365e-02
30, 20, -1.1674768802094415e-01, -1.4142338059413612e-01
30, 21, 4.0767327854248490e-02, -7.1800950540700903e-02
30, 22, -1.8317502887966811e-01, -1.9191164755379533e-02
30, 23, 1.3401080521022063e-01, -6.1283816194953586e-02
30, 24, -8.4841900129656228e-02, 1.8757515946602721e-01
30, 25, 1.7014455684013929e-01, -2.1707809567439762e-01
30, 26, -1.0936540844883870e-01, 2.8097415642921070e-01
30, 27, -2.6284154153266021e-01, 1.8884652572992219e-01
30, 28, 1.8384603943365838e-01, 2.9909822877872044e-01
30, 29, -1.4669389662065491e-02, -5.1603565785600311e-02
30, 30, -7.7503664802855324e-02, -5.6552669787508555e-03
31, 0, -1.0070954728172814e-01, 0.0000000000000000e+00
31, 1, 4.7169508695739548e-02, 6.8165810230327403e-02
31, 2, -6.5864639314460349e-02, -2.6612545559877507e-02
31, 3, 2.0890582902018048e-02, -4.2010292208028349e-02
31, 4, 3.0090126549699302e-02, -9.2786799377763806e-03
31, 5, -6.5121366988708559e-02, -1.4222056780063244e-01
31, 6, -3.7146750228553634e-02, -8.3584466321784068e-02
31, 7, -1.8100540118448913e-01, 1.0843403452557362e-01
31, 8, 8.5712432564858908e-03, -3.3050446726712437e-02
31, 9, 1.0221623919334845e-01, 3.5514605323531206e-02
31, 10, 6.2344222109917295e-02, 1.8884131176912372e-01
31, 11, 1.4423593743791321e-01, -1.4769756209447127e-01
31, 12, 7.9980246701286201e-02, 2.0806826402873475e-02
31, 13, -2.7555643356967419e-02, -1.1426374693122954e-01
31, 14, 7.8638864348109811e-03, 8.1369738984088419e-02
31, 15, -6.1041350560475952e-02, -2.0570047195586538e-02
31, 16, 1.0270603529520009e-01, 1.0943604933006178e-02
31, 17, 4.5902276416712053e-02, -3.2010244110407454e-02
31, 18, -2.3885330557249805e-02, -1.4028711119634868e-01
31, 19, -5.4667611956098393e-02, -8.6166322215359428e-02
31, 20, -3.1472656497129631e-01, -1.3068042587386694e-01
31, 21, -2.4023695961018100e-03, -1.4789532504179371e-02
31, 22, -9.7949826967177966e-02, 1.2622448879624842e-01
31, 23, 8.2593632423156940e-02, 1.3125829958177559e-01
31, 24, -2.9257075019394785e-02, -9.1263627657715576e-02
31, 25, -8.0845753573568074e-03, 1.2022594774283669e-02
31, 26, -1.3758396606417375e-01, 3.1643958370660454e-02
31, 27, 7.4486520315868790e-02, 1.1009404536806232e-01
31, 28, 2.9747832029233645e-01, 1.0881002507176632e-01
31, 29, 6.2022014678275263e-02, -1.5177136265579666e-01
31, 30, -1.7913007380190388e-02, -1.7181633276680214e-01
31, 31, 1.3459365957173419e-01, -4.0103713315631118e-02
32, 0, -1.0840501461474052e-01, 0.0000000000000000e+00
32, 1, 4.1008355090640533e-02, 1.3778746742300918e-01
32, 2, -1.1061707313914319e-01, -1.3048211567236204e-01
32, 3, 1.1923938191387569e-01, -1.1132088083222184e-02
32, 4, -1.4429470533710748e-01, -4.9105194162103044e-02
32, 5, -6.7948101056483773e-02, 4.0892508731952229e-02
32, 6, 1.3048624819568706e-03, 1.5073749533855124e-01
32, 7, -1.2285584839087370e-01, 1.1385081955703684e-01
32, 8, 1.7412283507714260e-01, 2.4811690027401270e-02
32, 9, 1.3345788869673294e-02, 6.7982904082841231e-02
32, 10, 2.4492305096287179e-02, -6.8252798485986921e-02
32, 11, 3.4757366140689749e-02, -4.6718527228313544e-02
32, 12, -4.7150013132572235e-02, -8.8819397822350200e-03
32, 13, -3.0273635162705009e-02, -1.9273156234421891e-02
32, 14, -9.4099703425671276e-03, 1.3818423097541627e-01
32, 15, -2.4583553859303942e-02, -6.4860416731689172e-02
32, 16, 1.1902278586438864e-01, 3.9367085270555435e-02
32, 17, -9.1038836134410880e-03, 1.8710464798767635e-02
32, 18, -6.0671829795694396e-02, -1.1083609687822876e-02
32, 19, -1.5743145485429122e-01, 8.2892631086229768e-02
32, 20, -1.3292383494647447e-01, -3.9278165854224299e-02
32, 21, 6.1199933966828664e-02, 1.6765911827558699e-01
32, 22, 8.4833394225129699e-02, 4.9979545194399580e-02
32, 23, 2.2049607817124076e-02, -8.4760156203907006e-02
32, 24, 2.0348309971175163e-02, -1.1577433396968509e-01
32, 25, -8.4458590210310588e-02, 9.8304649303416869e-02
32, 26, -2.5592332621596187e-02, 4.7292627519389313e-02
32, 27, 3.7480131224680691e-02, 8.5996151846580202e-02
32, 28, 3.4829574317998269e-02, -2.0540753319883101e-01
32, 29, -4.8308185230257532e-02, -1.4115863902121903e-01
32, 30, -1.1510005997327258e-01, 4.2253526570879281e-02
32, 31, -7.8276579623945033e-02, -4.5830063373557398e-02
32, 32, -5.4891968995670518e-02, -5.2447085664665230e-02
33, 0, 6.2146415251472187e-02, 0.0000000000000000e+00
33, 1, 3.6186801392336890e-02, 6.9787872457955091e-02
33, 2, -3.9955460096456938e-02, -1.4297435010738785e-01
33, 3, 8.9014478763515023e-02, 7.2330964961051264e-02
33, 4, -5.2704805166247745e-02, -2.7470528353929800e-02
33, 5, 1.0000315464096954e-01, -3.0416771359409216e-02
33, 6, 9.5677724690803739e-02, 1.8764625550871020e-01
33, 7, 5.8014694093818285e-02, -1.9357887483558597e-01
33, 8, 8.4813989314691307e-02, 9.9260487851114049e-02
33, 9, -4.8915908733555710e-02, -6.9108097754794692e-02
33, 10, 1.6243466685862250e-03, 3.3171823843550739e-03
33, 11, -1.1165545694950603e-01, 1.0463783753543762e-01
33, 12, -1.2282415798450388e-01, 1.5924456939587092e-02
33, 13, -8.8358635683140705e-03, 1.4884174792633044e-02
33, 14, -3.8111039736723272e-02, 1.5100061712346579e-02
33, 15, 7.7158796028226534e-02, -6.5408883668098800e-02
33, 16, -1.5395372307897920e-02, 3.6265512655182075e-02
33, 17, -2.5906513844602411e-02, -1.2876344661136003e-02
33, 18, 9.0162187172997760e-02, -2.8106241701282203e-02
33, 19, -1.5043154846290357e-01, 1.2850520003480692e-01
33, 20, 1.0337366982813007e-01, 3.0654805630456236e-02
33, 21, 2.3301221180246540e-02, 1.6341120916855306e-01
33, 22, 4.5436656885341604e-02, -7.9364174580522376e-02
33, 23, 1.2913210874225452e-02, -8.2043682320252595e-02
33, 24, -7.7667511796113975e-02, -8.5399614062018611e-02
33, 25, -1.4545750844228329e-02, 2.9499200557671891e-02
33, 26, 2.1192937140448696e-02, 7.2707780541822462e-02
33, 27, 3.6611685146447422e-02, -2.6918051028036089e-02
33, 28, 4.2436409044210241e-02, -1.2286039658678601e-01
33, 29, -1.0678174343635921e-01, -1.2277497438643942e-02
33, 30, -9.7116534625759851e-02, 1.0971521951886129e-01
33, 31, 1.0680014148632344e-01, 1.4545943194017516e-02
33, 32, -3.1688890101380082e-02, 2.6357405727953120e-01
33, 33, -2.9432139030831174e-02, 4.9429393217730946e-02
34, 0, 8.8475842248212852e-02, 0.0000000000000000e+00
34, 1, -4.6516703282445726e-02, 3.3517896622271531e-02
34, 2, 6.1337255925550643e-02, -3.5891299174863514e-02
34, 3, -4.9993694543599740e-02, 1.0820399311330281e-01
34, 4, 1.9877189542717028e-02, -6.5311671612022323e-02
34, 5, 8.4434784001942625e-02, 4.0025759972190961e-02
34, 6, 5.6171564717639203e-03, -1.0347772718640891e-02
34, 7, 1.0484669073318487e-01, -1.4177023731225519e-01
34, 8, -1.3102355205149492e-02, -1.0393416250276670e-02
34, 9, -3.6069481812578776e-02, -6.9267202035452377e-02
34, 10, 9.9032556207068415e-03, 6.8344707517589240e-02
34, 11, -6.8779351431747265e-02, 1.3969218792781721e-01
34, 12, 4.6760328129534581e-02, 2.6067364361680140e-02
34, 13, 3.5436022014712319e-02, 6.5966026611091688e-02
34, 14, -2.0324626321707302e-02, -6.0752799150946668e-02
34, 15, 6.4331420853451782e-02, -4.7455187287467331e-02
34, 16, -1.4457198686009071e-01, 3.6893468252383278e-03
34, 17, 5.4573177447193214e-02, -4.4068972484742751e-02
34, 18, 1.7728349552502035e-02, 6.1854954179033882e-02
34, 19, -9.2288150852941515e-03, -1.2568458510165217e-01
34, 20, 9.8787167530887954e-02, 5.7106407901162705e-02
34, 21, -2.6801763988709888e-02, -7.5204848663402574e-02
34, 22, 5.1664653248894687e-02, -7.0008192773065830e-02
34, 23, -8.3668206592288602e-02, 2.7641446003678880e-02
34, 24, -6.1698937473257880e-02, 4.4186115475114054e-03
34, 25, 6.6584993737546894e-02, 5.5226840070396771e-02
34, 26, -5.1307904639747284e-02, 6.8062424122307161e-02
34, 27, 7.4480188780798137e-02, -7.3989966541212773e-02
34, 28, -4.6494885584088125e-02, 4.3031009936040452e-03
34, 29, -6.6609092294598743e-02, -5.3356402747493654e-02
34, 30, -1.9123279992064406e-02, 1.3768069565240496e-01
34, 31, 1.6716957862536116e-01, -5.0872412233954237e-02
34, 32, -6.6839035798762381e-02, -6.5089371389969508e-02
34, 33, 2.3381040668848427e-01, -3.9161970917952283e-03
34, 34, 9.3359735863152767e-04, -2.8427435185190565e-02
35, 0, -1.6860914462001109e-02, 0.0000000000000000e+00
35, 1, -4.0981110460902748e-02, -8.2745341293259583e-02
35, 2, 1.6937107079740749e-02, 3.8309283512144902e-02
35, 3, -3.5089691929912202e-02, 4.0597275266546648e-02
35, 4, 1.0416067270981072e-01, -4.7724487656310051e-02
35, 5, -3.5389183669689198e-02, 1.2107634986081758e-01
35, 6, -8.8014844414195464e-02, -1.0427409935109612e-01
35, 7, -1.9969215001838618e-02, 5.2979274723932497e-02
35, 8, -1.0001993498695526e-01, -5.3305253595165178e-02
35, 9, 1.9295800444901413e-02, 2.4625799960545588e-02
35, 10, 3.1263657844710337e-02, 4.2265790110022947e-02
35, 11, 2.4225393076076150e-02, -1.4924888935492365e-02
35, 12, 8.6651229337865496e-02, -2.3159820681888581e-02
35, 13, 2.8690392017817250e-02, -5.0288375314575737e-03
35, 14, 3.9010210996989238e-02, -4.8879678206021869e-02
35, 15, -4.5150753017288117e-02, 9.5819837848222747e-02
35, 16, -6.8131074561585889e-02, -5.1925158220272612e-02
35, 17, 8.3973085085309762e-02, 4.0447789397380855e-02
35, 18, -7.1444384720400503e-02, 3.0903107887947628e-02
35, 19, 5.3695363567882931e-02, -4.2715461003733232e-02
35, 20, -8.5210109862380215e-02, 6.1594648312321414e-02
35, 21, -3.0631711195333870e-02, -1.3154440887768473e-01
35, 22, -3.6672135699956587e-02, 6.1817067536362777e-02
35, 23, -9.1643211522714502e-03, -4.1990385651769227e-02
35, 24, 8.1255348043572317e-02, 3.3239720732338223e-03
35, 25, 2.8039058682135923e-02, 2.6029011926942108e-02
35, 26, -4.2258693215737140e-03, -2.7893224974936202e-02
35, 27, 4.8003994013845593e-02, 1.3595858577899885e-02
35, 28, -8.2296737743479897e-02, -1.7973706206461794e-03
35, 29, 6.6944447705086382e-02, 3.0909403874696723e-02
35, 30, -6.0303319300192594e-02, 6.2608158055719801e-02
35, 31, 3.8218418956504463e-02, -1.2145410550490161e-02
35, 32, -1.1858829220303002e-01, -1.3566753343899124e-01
35, 33, 4.1545847224088654e-02, 1.2119745909600688e-01
35, 34, -7.9556691800069371e-02, -1.8519530852222471e-01
35, 35, -6.2445991461430927e-02, -1.7011954070857035e-02
36, 0, -9.4763226433228390e-02, 0.0000000000000000e+00
36, 1, 4.4865854181971004e-02, 1.2429014269185620e-02
36, 2, -6.1649175404138161e-02, 6.5167427730526264e-02
36, 3, 5.6637133402933151e-02, -2.8024724273246371e-02
36, 4, 8.6657187002323249e-02, 1.1686584409492665e-02
36, 5, -4.5088546688273966e-02, -6.2204593262943572e-03
36, 6, 6.1883447783238385e-02, -4.1714550080909386e-03
36, 7, -4.2462568934989578e-02, 6.3256974332987978e-02
36, 8, -3.5819710633433130e-02, 2.0540373443833190e-02
36, 9, 3.6531365061796078e-02, 3.0447720801638205e-02
36, 10, -3.4802315031066802e-02, -2.5449780491569832e-02
36, 11, 3.8385334036376090e-02, -2.0690535517079590e-02
36, 12, 3.0006201263699524e-02, 1.8660421090285146e-03
36, 13, -8.4428814620815335e-02, -9.4505538248122758e-02
36, 14, 5.5055299201025067e-02, 2.8777174440357555e-02
36, 15, -1.4044597197929734e-01, 4.8090155006008689e-02
36, 16, 8.0058473779605607e-02, 6.1519568614865480e-03
36, 17, -4.4151664810170238e-04, 6.1403082813010212e-02
36, 18, 1.9049349823508959e-02, -8.0560111697475956e-02
36, 19, 4.7888965417186832e-02, 4.5392949989480520e-02
36, 20, -9.9285471683226573e-02, -5.1392003022915779e-02
36, 21, -4.6113191506888931e-02, 2.1250720672021800e-02
36, 22, -3.0440262228844325e-02, 5.4064056067437208e-02
36, 23, -1.1142148785874696e-03, -5.2423272723273504e-02
36, 24, 6.4581748700115321e-02, 3.6695588560427601e-02
36, 25, -1.6312649895780733e-02, -5.5334016397340882e-02
36, 26, 4.4985945417591105e-03, -2.9188554115537196e-02
36, 27, -3.0947316194194115e-02, 3.0236113455036392e-02
36, 28, 5.3183638677906184e-03, -1.0248254289272196e-01
36, 29, 7.2655185868835584e-02, 1.0553687846004439e-01
36, 30, 4.4172393015782699e-02, -1.0036465862453579e-01
36, 31, 5.6946735611848057e-02, 8.7675254395627303e-02
36, 32, -1.0161526169357421e-01, -2.2029801710750415e-02
36, 33, -3.9734658346287387e-02, 1.4974580831256290e-01
36, 34, 4.2900357083663826e-02, -7.6116310838043127e-02
36, 35, -9.5244350022876928e-02, 9.4910782524272486e-02
36, 36, 3.6556542550270951e-02, 1.1100791271123421e-01
37, 0, 3.3299042044057474e-02, 0.0000000000000000e+00
37, 1, 5.1007103021338325e-02, 9.3635709706275772e-02
37, 2, -3.4341246319696810e-02, 1.4541906769797774e-02
37, 3, 6.5206482552957301e-02, -2.7313662973050924e-02
37, 4, -4.5142733786578113e-02, -7.2769100499275501e-03
37, 5, -3.9163775370763154e-02, -5.9510750644643874e-02
37, 6, 8.2272823570816209e-02, 5.4141239241326099e-02
37, 7, -1.9440016976527218e-02, 8.8883856420731728e-03
37, 8, 1.1710307268221769e-01, 4.3761793003987220e-02
37, 9, 4.6099402253665406e-02, 2.4687843506087704e-02
37, 10, -8.0421799439531379e-04, -1.9434672022223671e-02
37, 11, -4.2281905389113229e-02, 2.5039888327355968e-02
37, 12, -3.2519158681988465e-02, 5.0690482304709523e-02
37, 13, -3.0344764494451264e-02, -2.9063792304239926e-02
37, 14, 2.9153303528530352e-03, 1.0874232369661786e-01
37, 15, -2.4790976469087560e-02, -1.6847794460821831e-02
37, 16, 7.0872964131483931e-02, 5.3067162920282813e-03
37, 17, -2.9664920903306618e-02, -5.6772262790328695e-02
37, 18, 6.1475750990266781e-02, -6.1553481069855302e-02
37, 19, -5.2121723502285590e-02, 3.5517557849581390e-02
37, 20, -3.2183917478756673e-02, -4.8388650478945472e-02
37, 21, 2.5951619656168256e-03, 5.2610528116502513e-02
37, 22, -2.4453531427940024e-02, -2.5647747300010328e-02
37, 23, 6.6004376128202397e-02, -1.2172561478746661e-02
37, 24, -1.6248493617394610e-02, 2.4604905360696792e-03
37, 25, -3.2913279258045672e-02, -2.9466638160605112e-02
37, 26, 1.5847342834577276e-02, 3.9486322297142988e-02
37, 27, -7.0738059964334646e-02, 3.0310846950795022e-02
37, 28, 8.7228891293639726e-02, 3.8768066863131847e-03
37, 29, -3.9750373837494961e-02, 4.6880076173884844e-02
37, 30, 4.9851031185469553e-02, -1.4073439281094519e-01
37, 31, -7.4301821971705054e-02, 5.5423132134079948e-02
37, 32, 7.8952960613956850e-03, -5.0236640824761876e-02
37, 33, 1.1092914140437415e-01, 9.4959403930212377e-02
37, 34, 5.8974259416790006e-02, -1.4180849485618072e-02
37, 35, -1.0474664997314055e-01, -4.9789602548409487e-02
37, 36, 1.4373943210123855e-01, 9.0223320843231716e-02
37, 37, 4.1817086520791802e-02, -3.7853160379854742e-02
38, 0, 6.7565607679005893e-02, 0.0000000000000000e+00
38, 1, 3.0333053448816562e-03, 1.1491005383370768e-02
38, 2, 1.1877841708975191e-03, -4.8985578715317939e-02
38, 3, 4.9093464936223061e-02, 5.3319179563677110e-03
38, 4, -7.7559607887220799e-02, -3.2493050663359044e-02
38, 5, 3.0859750359432739e-02, 1.8897863762330578e-02
38, 6, -3.8990034822170366e-02, 5.9565422235695449e-02
38, 7, 2.7029280589513455e-02, -6.9798517613953254e-02
38, 8, 4.1826763893028293e-02, -2.7294957433498659e-02
38, 9, 9.0557983960391393e-03, -6.1631459479394850e-02
38, 10, 1.8285495953451275e-02, 1.6408595204186792e-03
38, 11, -2.3359480227977378e-02, 4.2489660930421592e-02
38, 12, 2.4790732098292530e-03, 4.1857236049587403e-02
38, 13, 1.1125713243666341e-02, 4.3987926786752167e-02
38, 14, -2.3023569387578206e-02, 2.0824660176981959e-02
38, 15, 3.2209628776355859e-02, 3.8762344360053401e-02
38, 16, 2.6395686947461625e-02, -3.0732881516664264e-03
38, 17, -3.0153127300315292e-02, -3.7942206687396875e-02
38, 18, 1.0835559795645731e-02, 3.9055614785604369e-02
38, 19, -5.7533878806156256e-02, 1.9722683319254246e-02
38, 20, -1.5096345849175590e-02, 1.8166948078615224e-02
38, 21, 5.7699803285335763e-03, 3.6957722350708176e-02
38, 22, 4.8158672526421344e-02, -1.7288574856799112e-02
38, 23, 1.4993168941090974e-02, 4.6711064182947820e-02
38, 24, -2.7484935894812004e-02, -1.9594470281095400e-02
38, 25, 1.0308326815766003e-02, 2.0943116155304156e-02
38, 26, -1.1686159177284845e-02, 5.1842300654150027e-02
38, 27, 7.5667759811380055e-03, -5.2893236258478984e-02
38, 28, 4.6067067144392598e-02, 6.0718590451359383e-02
38, 29, -5.8212354064830489e-02, -9.4294225375232632e-02
38, 30, 5.9708349902790052e-02, 5.0055057768235343e-02
38, 31, -1.3431426163964028e-01, -2.8054307810181374e-02
38, 32, 5.5724758756848403e-02, -1.8643731473130696e-03
38, 33, -3.6078840191648774e-02, -1.0945056502575195e-02
38, 34, 1.9521317169286893e-02, -7.7524226233732951e-02
38, 35, -6.4161954091509724e-02, -3.2328519067824059e-02
38, 36, 4.1112457323399028e-02, 8.2211135769564361e-02
38, 37, -1.3569335047393855e-02, -1.4443175905822986e-01
38, 38, -6.3262074026818479e-02, -1.7031230458915563e-02
39, 0, -2.1094368027561865e-02, 0.0000000000000000e+00
39, 1, -5.5379564826219647e-02, -4.9707987188029670e-02
39, 2, 4.4173437961817093e-05, -3.7068127257313135e-02
39, 3, -6.8412486243378048e-03, 8.1565278312428699e-03
39, 4, 3.7967216791168126e-03, -1.8645018867235876e-02
39, 5, 4.3364840642299368e-02, 8.5237822704391120e-02
39, 6, -2.9552975167990908e-02, 5.1844371584252001e-03
39, 7, 3.5511754706104820e-02, -2.6044675519686054e-03
39, 8, -5.3617448017085942e-02, -1.2123431000497235e-02
39, 9, -3.7463460327403143e-02, -6.2808354474587456e-03
39, 10, -3.5020300980594860e-02, -6.5097142962454568e-03
39, 11, -2.2470700428677399e-02, 1.9297762973989784e-02
39, 12, 3.0474956666996865e-02, 1.5446321001794553e-02
39, 13, 1.0909651311810103e-02, 3.6710260355856283e-02
39, 14, 7.8314460663995375e-03, -2.4129228594037166e-02
39, 15, 2.3083852655991902e-02, -5.9011591144402893e-03
39, 16, -3.2361341284145084e-02, 7.3984053450294775e-03
39, 17, -1.7017153323263493e-02, -6.2298084450203347e-03
39, 18, -2.8133196396355361e-02, 7.4130408795069991e-02
39, 19, 3.4129046876598422e-02, -2.3394389669232275e-02
39, 20, -5.4072842089015801e-03, 4.4863689203435170e-02
39, 21, 1.8867388691110949e-02, -3.1694614362559964e-02
39, 22, 2.8357951465540435e-02, 3.5764816630538686e-03
39, 23, -3.3821687834917458e-02, -2.7517634771309077e-03
39, 24, -1.9844427909174577e-03, 4.5673287761932753e-04
39, 25, 1.1774889893624638e-02, 4.1315046064922589e-02
39, 26, 3.4873800423001391e-03, 3.1360325818250200e-03
39, 27, 4.0851906130636592e-02, -5.2404217612695571e-02
39, 28, -8.3499048677285276e-02, 6.8257555456331231e-03
39, 29, 3.0944960123174738e-02, -9.1062993270828119e-02
39, 30, -5.7311690460863027e-02, 9.7247142079064972e-02
39, 31, -2.0193483909652588e-02, -7.3799501797222042e-02
39, 32, 2.8304176081579577e-02, 1.0773413252626907e-01
39, 33, -6.3923284232497171e-02, -6.0217936561156274e-02
39, 34, 1.9945543520553159e-02, 3.1904847961239491e-02
39, 35, -5.4385190280291887e-02, -4.4248173323502123e-02
39, 36, 1.4884307711779555e-02, 2.9298839005848142e-02
39, 37, 2.3668032178868544e-02, -3.2486224630116890e-02
39, 38, -9.9718174617189168e-02, 5.1227523139046272e-02
39, 39, 6.2293662459316449e-03, 9.1198901826405832e-02
40, 0, -5.0489137435559509e-02, 0.0000000000000000e+00
40, 1, -1.9354545114298502e-02, 4.8287827291748787e-03
40, 2, 1.4010511580667373e-02, 2.8307628287698710e-02
40, 3, -4.5665770060986377e-03, 4.6055337820966984e-03
40, 4, 3.6853930784608878e-02, -2.2056451790720449e-02
40, 5, -1.8839302559192875e-02, 5.4659694647994833e-02
40, 6, 3.9005125555918417e-02, -3.0661297821622913e-02
40, 7, -1.1814963715838704e-02, 1.2891423530101871e-02
40, 8, -3.1783003915282236e-02, 3.2374549992319090e-02
40, 9, -2.5943369435429863e-02, 4.6231506257678356e-02
40, 10, -1.9328284682189377e-03, 4.9728499552198442e-02
40, 11, -3.4454765665985071e-02, 2.4869636056286854e-02
40, 12, 3.2748755924990754e-03, -3.4554137880845217e-03
40, 13, 2.4292125872146320e-04, -8.9602187373130516e-03
40, 14, 1.6321163253472137e-03, -1.6072471282942737e-02
40, 15, 3.9103359537039611e-02, 1.5934612019693411e-02
40, 16, -5.2168708460807955e-02, 5.9445933472758461e-04
40, 17, 2.7564756045173139e-02, 1.7145339872223834e-02
40, 18, -1.7697860859117145e-02, -2.0406913802407389e-02
40, 19, 4.4814120885790475e-02, 8.5475669548341665e-04
40, 20, -2.2353583330114196e-02, 1.8177034368834037e-03
40, 21, -5.3547140787784395e-03, -3.5001897788950964e-02
40, 22, -1.3400627509257041e-02, 9.7835886173779519e-03
40, 23, -3.0126202713287684e-02, -3.1019827396165767e-02
40, 24, -1.7153861002729476e-02, 2.3301190833826596e-03
40, 25, 2.6755695882914134e-02, 2.3400622862538630e-02
40, 26, -3.2544687578500635e-03, -4.5524492291681692e-02
40, 27, -2.9031126820127109e-03, 7.7149739634772719e-03
40, 28, -6.5656692004529227e-02, -5.3855556276249633e-02
40, 29, 3.4525042285731902e-02, 6.6019751673623020e-02
40, 30, -6.6145847520690165e-02, 2.2042577959734008e-02
40, 31, 8.2031474097736840e-02, 1.4767042515298914e-02
40, 32, -4.3615751390520825e-02, 1.7510019284004509e-02
40, 33, 3.7658320862916157e-02, -4.6447303583835031e-02
40, 34, -1.3966484293460008e-02, 8.3786041413837983e-02
40, 35, 3.2048260871992806e-02, -2.8079859536309017e-02
40, 36, 3.4574420089428259e-03, 2.7174622983535974e-02
40, 37, 1.7302035664712820e-02, -4.3658034399719409e-02
40, 38, -4.1123485215604202e-02, 1.2114149771296366e-02
40, 39, 5.3736344735675942e-02, 1.0250601706338775e-02
40, 40, 1.0670343347305379e-01, -1.1689414223631463e-02
41, 0, -2.8534118378258554e-02, 0.0000000000000000e+00
41, 1, 1.1623166702529067e-02, 2.5073645334148000e-02
41, 2, -2.6947890046492978e-02, 3.9352349069557611e-02
41, 3, 3.2365445670964429e-02, -2.4030149394612673e-02
41, 4, -1.6433546008877423e-02, 7.5868289306059000e-04
41, 5, -4.3291202292623975e-02, -2.7764745463957588e-02
41, 6, 2.0508395767095129e-02, -1.4462637549427504e-02
41, 7, -2.8752846334463879e-02, -3.9693022595036168e-02
41, 8, -9.3325523262706173e-03, 2.3776764764605489e-02
41, 9, 2.5933098228628014e-02, 5.9173283256888243e-03
41, 10, 2.5830884962821040e-02, 2.6394240697050507e-02
41, 11, 9.9769474099341213e-03, 1.6253935294499723e-03
41, 12, 2.8235921535447676e-02, -5.2290444985921324e-03
41, 13, -1.5773932776339525e-02, 2.5271437480156676e-03
41, 14, 2.6137801897660417e-02, -2.3212176261643014e-02
41, 15, -3.8300656546659706e-02, 1.6701191151828641e-02
41, 16, 1.9379429428778749e-02, 9.4106796441787485e-04
41, 17, -5.2267699732882122e-03, 3.1494075377373414e-02
41, 18, 4.0177345889734643e-02, -3.6516320772178319e-02
41, 19, -2.5999449054605059e-03, -2.9697011360355881e-03
41, 20, -1.0430274973225297e-02, -2.4698852210389782e-02
41, 21, -3.4339171257603884e-02, -4.3607083297541541e-04
41, 22, -2.3478068358214286e-02, 1.0242365924100978e-02
41, 23, 1.4688741603371613e-02, 1.6446336681466861e-02
41, 24, 7.9102050880508427e-03, 3.2205078361075404e-02
41, 25, -4.3470629239496360e-03, 2.1341641559034171e-02
41, 26, 1.2332472791439682e-02, -3.2544457758869237e-02
41, 27, -4.6247790409933431e-02, 2.1267257531712908e-02
41, 28, 3.8986947865695509e-02, -2.2845299182279254e-02
41, 29, 1.1642735644753335e-02, 3.7922516441935929e-02
41, 30, 1.1287860765845635e-02, -3.4931221922963496e-02
41, 31, 2.3394613247123951e-02, 4.3154276643274446e-02
41, 32, -3.8725644463149585e-02, -6.3552779198056561e-02
41, 33, 5.3474108985791691e-02, 2.1309601780336609e-02
41, 34, -5.2743035584507159e-02, 2.1533357172928463e-02
41, 35, 6.8207023900419009e-02, -9.4026797394244337e-03
41, 36, -1.3659972515379235e-02, 1.6481473029615272e-02
41, 37, -2.4634916551030884e-02, -4.1468257135729297e-02
41, 38, -1.5970150498476623e-02, 3.5902864025264013e-02
41, 39, 1.7528332539065578e-02, 1.3732193705967890e-02
41, 40, -2.3315637787352940e-02, -5.9522808188831600e-02
41, 41, -2.7292351692155090e-02, -6.0880659768421469e-02
42, 0, 4.7833335299865831e-03, 0.0000000000000000e+00
42, 1, 4.0605786111754943e-03, 4.8129413202862596e-03
42, 2, -7.9878979476553284e-04, -2.7854072109536200e-02
42, 3, 3.9990510998318629e-02, -7.1580804039845973e-03
42, 4, -4.7343885467076879e-02, -1.6543669089026401e-02
42, 5, -1.6333454841220098e-02, 1.6994152648464655e-02
42, 6, -1.1007750503609573e-02, 4.7594052574960483e-03
42, 7, -2.4430434134189046e-02, 5.7762953056754007e-03
42, 8, -1.2047086360048920e-02, 6.8531378854160031e-03
42, 9, 8.0001562760896108e-03, -1.3200411696882750e-02
42, 10, 5.1591380372720619e-03, -9.6282264337142036e-03
42, 11, 3.5483727165153536e-02, -2.9871848524574963e-02
42, 12, 8.8602532488138604e-03, -4.8166227731106107e-03
42, 13, 2.9896212734756712e-04, 1.2791895549208476e-03
42, 14, 2.0839652611036832e-02, 2.8428438660221173e-02
42, 15, -3.7649972202108140e-02, -6.5805047275783388e-03
42, 16, 5.0993554607681971e-02, 5.6897205293995022e-04
42, 17, -9.3296690434851275e-03, -1.0721065237395279e-02
42, 18, 2.7131978802672593e-02, -1.2964693737895485e-02
42, 19, -2.5301809264858609e-02, 1.5227049244043740e-02
42, 20, -8.7327017297450498e-03, -5.8908785203713836e-03
42, 21, -1.8150531563261182e-02, 2.3420148850134732e-02
42, 22, 1.0412031867077395e-02, 2.5697880808771684e-02
42, 23, 2.2817937538867190e-02, 7.4366336151378346e-03
42, 24, 1.9482748479918186e-02, 1.0082148972356111e-02
42, 25, -4.7519310289019165e-03, -2.2045692268048291e-02
42, 26, -7.2006219555715992e-03, 3.0197301328234741e-02
42, 27, -1.4444011148259998e-02, 1.1163971124592525e-02
42, 28, 4.5815040242358350e-02, 1.7949541070047381e-02
42, 29, -5.9715268554170141e-04, 5.7420383662178465e-03
42, 30, 3.7321594833851210e-02, -2.8648012357212128e-02
42, 31, -3.2470624162829510e-02, -1.2787997298220118e-02
42, 32, 2.3644386201430619e-03, -3.9369926232276947e-02
42, 33, -4.3819093259463850e-02, 5.9214199084955413e-02
42, 34, 2.2485369113825347e-03, -1.1709661057801704e-02
42, 35, 4.4747091340911746e-02, 1.4811693051679682e-02
42, 36, -2.2024729686318911e-02, -2.7158900543301306e-02
42, 37, -4.0124017981187131e-03, -1.9623337420079344e-03
42, 38, -8.2687999496169704e-03, 4.2816357193662502e-02
42, 39, 2.5197795311875993e-03, 1.3992009627335105e-03
42, 40, 1.9546444191057430e-02, -4.8115312680750463e-02
42, 41, -3.4759522889275231e-02, 5.0047347559124919e-02
42, 42, -2.9443902854857436e-02, 3.2342795135926201e-02
43, 0, -1.2887380023401833e-02, 0.0000000000000000e+00
43, 1, -3.2611362052087187e-02, 1.5352471282752049e-02
43, 2, 8.6698492303736892e-03, -4.9728626996708276e-02
43, 3, 1.9135696199620550e-02, -6.7228467779548986e-03
43, 4, -2.1149522684667063e-02, -2.1610875944383080e-02
43, 5, 1.8542491698393893e-02, 2.8715109360045243e-02
43, 6, 6.9227473455977127e-03, 2.0702678166126785e-02
43, 7, 4.2354108815661424e-03, 1.9987810171917943e-02
43, 8, -1.5624250563488424e-04, 1.3896422959763613e-02
43, 9, -2.2425694944668943e-02, -1.6538677513419694e-02
43, 10, -1.7251658206393412e-02, -5.8504144603162833e-03
43, 11, -3.7948657773011034e-03, -1.7666391499238827e-03
43, 12, -2.3645144750484064e-02, -7.4986729919963319e-03
43, 13, 1.4885467028126265e-02, -2.8437124920306233e-04
43, 14, -4.5193841026261398e-03, 9.1758320065187492e-03
43, 15, 1.7041016475199348e-04, -2.3096230085381701e-02
43, 16, 2.2860803661389175e-02, 3.4313717127197274e-02
43, 17, -3.0945855644091361e-03, -3.1690722368166294e-02
43, 18, -3.3685213607553971e-03, 6.4085567376455568e-03
43, 19, -6.2975602224069798e-04, 2.6836776774619455e-02
43, 20, -1.2840611570097280e-04, 1.8025916101310879e-02
43, 21, 9.0861609776299694e-03, 3.1475748764905324e-02
43, 22, 1.9867475335063063e-02, -1.0730491651918831e-02
43, 23, 3.5060588537100569e-02, -7.7957672887956995e-03
43, 24, 6.5385568082443543e-03, 2.3166828542271175e-03
43, 25, -1.2059351716053136e-02, -2.2969129195516313e-02
43, 26, -1.1493931664819514e-02, 3.0698042669585181e-02
43, 27, 1.6727100409127064e-02, -3.4773959267866070e-02
43, 28, 2.8865683823695542e-02, 1.6600314729298987e-02
43, 29, 1.2548215912930234e-03, -4.7296696057206183e-02
43, 30, -1.6383483564946889e-02, 1.2596058611119827e-02
43, 31, -4.3954524609131081e-02, -6.6152057365401152e-03
43, 32, 8.4679685864875818e-03, 2.4002994756034568e-02
43, 33, -3.7454420471687171e-02, 1.8696071070734663e-02
43, 34, 6.1597421256402163e-02, 4.5815509897468420e-03
43, 35, -3.5846561342653772e-02, -1.0046486784049839e-02
43, 36, -2.0493975847573598e-03, -3.6570581227038684e-02
43, 37, -1.5111278210566534e-02, 1.9086433947077722e-02
43, 38, 2.2629809496351645e-02, -3.4784079801737648e-03
43, 39, 2.7955742937173234e-02, -1.1874212972796698e-02
43, 40, -1.2098935611463239e-03, -2.3576900290165473e-02
43, 41, -2.7054554816425370e-02, 5.7987169806627548e-03
43, 42, 4.0583916224466318e-02, 2.2157962218366901e-02
43, 43, 3.7652194679045396e-02, 7.8923747507729618e-03
44, 0, -2.3169267930888516e-02, 0.0000000000000000e+00
44, 1, -2.7173810274313665e-02, 4.4230389221215833e-04
44, 2, 1.2446555088746548e-02, 1.8768184123314235e-03
44, 3, -2.6782827202530050e-02, 8.1971639956245831e-03
44, 4, -1.4771401864855144e-02, -8.0309934896848241e-03
44, 5, -1.1105766027397761e-02, 1.6763605053367818e-02
44, 6, 2.9120903282233150e-02, -1.9264912619905369e-02
44, 7, 2.9009869486666735e-02, -5.7945938678009056e-03
44, 8, 9.2668165750558196e-03, -1.6433538059753883e-02
44, 9, 4.6747196381669801e-04, -4.6224429043339194e-03
44, 10, -4.5409913829130046e-03, 1.2499296741305729e-02
44, 11, -1.7401301573604901e-02, 4.3428932850967071e-02
44, 12, -4.6413108189938832e-03, -4.8312993287767687e-03
44, 13, 1.2312389793502045e-02, 1.7551876625611851e-02
44, 14, -1.3256083954363465e-02, -2.0088991801439714e-02
44, 15, 1.6921106438333611e-02, -1.0533956013965132e-02
44, 16, -3.0667419662993578e-02, 6.2036096010221488e-04
44, 17, -6.5241143592252894e-03, -5.0821890518263106e-04
44, 18, -1.8804790793864060e-02, 7.2218425113405801e-03
44, 19, -2.0390637195324577e-03, 4.5246184369188180e-04
44, 20, 2.1080539485434022e-02, 1.7873819805069750e-02
44, 21, 1.1042158603674777e-02, -1.5926328597004484e-02
44, 22, -1.3774371464609914e-03, -7.0519984594636766e-03
44, 23, 1.7319593134906114e-03, -6.7447590907760910e-04
44, 24, -2.6695739233771353e-02, -1.2521781983028281e-02
44, 25, 7.8646911577261239e-03, 1.1899546935295375e-02
44, 26, -2.0592906564259775e-03, 1.7843665045579417e-02
44, 27, 2.2449669654542429e-02, -1.1002660351230011e-02
44, 28, 3.7753252033734933e-03, -1.5809264563191872e-03
44, 29, 5.1602934617416491e-03, -2.4029967785953829e-02
44, 30, -3.4760343615938764e-02, 1.5394863597210984e-02
44, 31, -2.9126994675174375e-03, 1.9600581237348659e-04
44, 32, 5.2523092648234420e-03, 3.3867141008537466e-02
44, 33, 3.1634058666596826e-02, -1.4082000869664345e-02
44, 34, 1.7556825547609890e-02, 1.2820268849484492e-02
44, 35, -2.5038051325975592e-02, -3.0983574732690422e-02
44, 36, -2.1384769093434151e-03, 1.4686319756257933e-02
44, 37, -2.6039478807701553e-02, 7.6867162173765956e-03
44, 38, 3.4322816096697475e-02, -1.0050006924145288e-02
44, 39, -1.4911499056295123e-02, -1.2463878523784605e-02
44, 40, -3.0237686579618159e-02, -8.1951531625882399e-03
44, 41, 6.4425583892149182e-03, 1.9070340054534625e-02
44, 42, -1.7210282255542778e-02, 5.2844319940184761e-03
44, 43, 5.0380853660461668e-03, -2.9143003262433409e-02
44, 44, -3.1169533635631384e-03, -6.4023647440736811e-02
45, 0, -2.6600866873874628e-03, 0.0000000000000000e+00
45, 1, 8.1827278053006602e-04, -1.8242761946250702e-02
45, 2, 1.9701973768812189e-02, 1.6624206144452734e-02
45, 3, 7.0177274973133768e-03, -1.7331211301529078e-03
45, 4, -6.3790161449434968e-03, 2.4909911339548400e-03
45, 5, -1.4905045839694899e-02, -2.8963511009234685e-03
45, 6, -5.1323502663893818e-03, -1.2822334351760816e-02
45, 7, -9.8738828081205831e-03, -2.5861865111149521e-02
45, 8, 2.3571360994453557e-03, -8.2594028843558688e-03
45, 9, 9.9189529897301329e-03, -1.8313479088950663e-02
45, 10, 2.1235454380960323e-02, 2.8030082871406702e-02
45, 11, 8.5269777745216047e-03, 1.1021700884361644e-02
45, 12, 3.2640431962888905e-02, -1.1636409289994751e-03
45, 13, 2.0185326054128188e-02, 4.3498802980697420e-03
45, 14, 1.5112207453587144e-03, -2.1022890242685850e-02
45, 15, 5.0716301469400536e-03, 3.4547349880962613e-02
45, 16, -1.8777376983218731e-02, -1.4848888072755691e-02
45, 17, -1.7106233215617161e-03, 1.8337059365119958e-02
45, 18, -2.2113547592991965e-02, 2.5228018844082141e-03
45, 19, -2.6223744143912117e-03, 9.0149933219088455e-04
45, 20, 4.2423429122944329e-05, 7.7157608419118253e-03
45, 21, -2.8528565483301634e-03, -2.0461300174583291e-02
45, 22, -1.8574655563399736e-02, 6.5747715577181478e-03
45, 23, -1.2731843782128795e-02, 6.6927827036424156e-03
45, 24, 3.3490662650321012e-03, -1.6656348235533861e-03
45, 25, -1.4830337527315624e-02, 1.5989257273933657e-02
45, 26, 2.8553408788245501e-03, -3.1503538611064390e-03
45, 27, 1.2511517864103556e-02, -1.0496691888805477e-03
45, 28, -2.0824832781870715e-02, -1.6630162640195085e-02
45, 29, 4.7335988452710176e-03, 9.0983344631757647e-03
45, 30, -1.3351190792419485e-02, 1.1747902874652832e-02
45, 31, 2.5311615903625549e-02, 1.2251028895421602e-02
45, 32, 1.0725706522865888e-02, -1.1988607119620541e-02
45, 33, 3.1779675289284361e-02, -1.6095219519466950e-02
45, 34, -1.3224759191536551e-02, -7.4718403174137277e-03
45, 35, 6.8291080703256103e-03, -3.5491402156762083e-03
45, 36, -1.0866797302690433e-02, 2.6075867706405624e-02
45, 37, 3.5039019694990479e-02, -9.6640899915245472e-03
45, 38, 6.0355320130359357e-03, 1.2112146381307452e-02
45, 39, -2.6208508320842955e-02, 2.0190824301016182e-04
45, 40, -2.8263605862437280e-03, 1.2866844378890388e-02
45, 41, 1.8210432886995965e-02, 3.7128988895702153e-02
45, 42, 1.5549012378561919e-02, -2.0038976006266113e-02
45, 43, 4.3371815391530892e-04, 2.5877599259678006e-02
45, 44, -8.3310876377265565e-03, 3.1137885834403101e-05
45, 45, -4.2332893781564497e-02, 3.1788336629545902e-02
