0, 0, 0.0000000000000000e+00, 0.0000000000000000e+00
1, 0, -2.8175392338815442e+05, 0.0000000000000000e+00
1, 1, -1.6422873329779748e+04, -1.2749927138819346e+05
2, 0, 0.0000000000000000e+00, 0.0000000000000000e+00
2, 1, 1.5723242218320453e+05, 8.4887035946126794e+04
2, 2, 4.0538558136542910e+05, -1.3143889618518227e+05
3, 0, 2.8716189086178719e+05, 0.0000000000000000e+00
3, 1, -2.1548547109830019e+05, -6.1160054320242838e+05
3, 2, 1.1778730550263321e+05, 6.3704776827581867e+04
3, 3, -4.2302128103085287e+05, -7.3624687277039047e+03
4, 0, 1.9862799789626442e+03, 0.0000000000000000e+00
4, 1, -1.6541053857389392e+05, -1.0216269134008812e+05
4, 2, 2.5131621583331801e+05, 1.2561324617000445e+05
4, 3, -3.4318171698083763e+05, 2.3995945993960653e+04
4, 4, -6.5971420408242397e+04, 2.0921338301937468e+05
5, 0, -1.4846719472097862e+05, 0.0000000000000000e+00
5, 1, 4.0868955960164327e+04, 1.2771217318976270e+05
5, 2, -2.4307001607353362e+04, 6.1940233435534028e+04
5, 3, 4.2160535227379005e+03, 1.7408205181867655e+05
5, 4, 9.6652018420634820e+04, -1.5975388669887398e+05
5, 5, 3.7272811897201173e+04, -5.8163458100490359e+04
6, 0, 5.8502546368203992e+04, 0.0000000000000000e+00
6, 1, -7.4469705610740726e+04, -1.4249866161426966e+04
6, 2, -1.1191777099778947e+05, 1.3325806992908336e+04
6, 3, -1.0182021771298882e+05, -4.5896886653157366e+04
6, 4, 1.7733251564512662e+04, 1.2466040683471088e+04
6, 5, 6.4648894948711953e+04, -4.6865528280951534e+04
6, 6, 4.2477327962896292e+04, 1.1418447479399249e+04
7, 0, 8.3833253973404644e+04, 0.0000000000000000e+00
7, 1, -4.8539987283843322e+04, 9.4862272928541686e+04
7, 2, 5.6118979267869960e+04, -6.4977092491108662e+04
7, 3, 2.0986609684658815e+04, -1.4294435039324702e+04
7, 4, -6.7336404826466198e+04, -6.9886834574066859e+04
7, 5, 8.1979662196893842e+03, 4.2964284374667906e+04
7, 6, 5.8569756269192600e+04, 3.6152056428631753e+04
7, 7, 2.5974971494130245e+04, -2.6663049849522409e+04
8, 0, -4.1935560060419819e+04, 0.0000000000000000e+00
8, 1, -9.1148641164131495e+03, 3.9813406488455184e+04
8, 2, -2.3623665564817766e+04, -2.0623603915113054e+03
8, 3, 3.2719803690140983e+04, 3.4012548710429175e+04
8, 4, -5.0866929033794149e+03, 5.2059417203372199e+04
8, 5, 6.1791740892875554e+04, 7.0209202425407857e+04
8, 6, -3.9021850919901437e+04, -8.3117967847028121e+03
8, 7, 2.4029479321738021e+04, 1.4604397661769326e+04
8, 8, -3.4914618095765669e+04, 7.0902259335240014e+03
9, 0, 4.9148820117970899e+01, 0.0000000000000000e+00
9, 1, 3.9513980534237518e+04, -8.2418723929655534e+04
9, 2, -4.0686441629680085e+04, 1.8941199955374046e+04
9, 3, -6.6455087979798809e+03, -2.4039856393727612e+04
9, 4, -1.5616367951115699e+04, -9.9505310900245786e+03
9, 5, -1.5347920164808362e+04, 3.1667859576128918e+04
9, 6, 1.4154548903287323e+04, 5.7254397089903185e+04
9, 7, 2.0215503974404121e+04, -7.8662939637452801e+04
9, 8, -5.6059431599805044e+04, 2.7550031664593374e+04
9, 9, -1.3369130637757255e+04, -2.5906680957993398e+04
10, 0, 2.1583092751439384e+04, 0.0000000000000000e+00
10, 1, 2.4952784402483925e+04, -6.5077724048012578e+03
10, 2, -2.4547151456673037e+04, 6.0068816633743445e+03
10, 3, 5.4331580797294686e+04, 1.1873918667911794e+04
10, 4, 8.6712406416441190e+03, -3.9875883533182030e+04
10, 5, -2.3134272986618758e+04, 1.7419279259460091e+03
10, 6, 1.0662635528313624e+04, -3.9613084948227086e+04
10, 7, -1.2695680310744883e+04, -2.1982152013689978e+04
10, 8, -3.1353764715334728e+03, -6.2938917191061228e+02
10, 9, -1.5610190998049944e+04, -3.0870643615565008e+04
10, 10, 7.0430795595696954e+03, 1.3540907735051756e+04
11, 0, 2.6914690531914721e+03, 0.0000000000000000e+00
11, 1, -3.4312895672378596e+04, -7.2882903747751434e+03
11, 2, -6.9928923317668878e+03, 2.6222679326607718e+04
11, 3, 2.9860660623532167e+03, -2.2506972375746311e+04
11, 4, 1.7315671591069884e+04, 1.7084481573708661e+04
11, 5, 1.4851022125562871e+04, -1.2589587120849243e+04
11, 6, 2.6410995014293090e+04, 2.1257015797240332e+04
11, 7, -1.3805933454071526e+04, -1.2516493153437341e+04
11, 8, 1.9178646436415496e+04, 1.7244141708126284e+04
11, 9, -7.8899576132764005e+03, -3.5004133090994674e+02
11, 10, 3.0987507000301746e+04, -7.5336480069845638e+03
11, 11, 8.1674916342773977e+03, 6.3944946817304472e+03
12, 0, 2.2519965618949853e+04, 0.0000000000000000e+00
12, 1, 1.2420072439954347e+04, -1.1328052594683411e+04
12, 2, 1.0536702213845309e+04, 4.8296115445997821e+03
12, 3, 3.3828009786147304e+03, 4.8390269052124968e+03
12, 4, 1.6808743986482659e+04, -9.5653954507638664e+03
12, 5, 2.4660693840378692e+04, -7.4273699541597489e+03
12, 6, -7.5351944676280391e+03, -1.2287247981378554e+04
12, 7, 2.0530245875446337e+04, 2.1147555477666214e+04
12, 8, -2.9086035320550374e+04, -2.0372894557095100e+04
12, 9, 2.6572948569970649e+04, 1.8247730558454830e+04
12, 10, 3.1811785917323665e+04, 1.6594642985071627e+04
12, 11, 4.6933971291947510e+03, 1.9668908354134888e+04
12, 12, 8.2174840931229373e+03, 8.6890569710381669e+01
13, 0, -1.3578119530585926e+04, 0.0000000000000000e+00
13, 1, 1.4286500605705553e+04, 3.9244269238801615e+04
13, 2, -2.0485169074965113e+04, -1.1153560556506782e+04
13, 3, 2.5673485943269086e+04, 2.2025753061324533e+04
13, 4, 1.9561205583628300e+04, 1.0325259419454944e+04
13, 5, -7.2851282850037451e+03, 6.2946846565145379e+03
13, 6, -3.6529166102959782e+04, 2.3363672078131203e+04
13, 7, -9.0818570109061147e+02, 2.2500086571577267e+03
13, 8, -3.2360944253211046e+03, 3.3984772186543582e+03
13, 9, 2.9374782886072437e+04, 1.8950258712618866e+04
13, 10, -1.4246085068631337e+04, -1.1147720428258504e+04
13, 11, 4.0014911324039513e+03, 7.7903543968780314e+03
13, 12, -2.6543191990420193e+04, -2.7008105843733392e+02
13, 13, -2.1977058627643037e+04, -2.2988463018950933e+03
14, 0, 2.9950076184916667e+04, 0.0000000000000000e+00
14, 1, 9.3737929895973375e+03, 1.3611589538204040e+04
14, 2, 8.9829846239641847e+03, -1.0873633951021675e+04
14, 3, 1.0603485399185458e+04, -1.0597038279583943e+04
14, 4, -1.1707080168071810e+04, 6.9490815615913543e+03
14, 5, -2.7740155947471794e+03, -3.4731927501498631e+03
14, 6, -6.5648602690717471e+03, 9.1581470121732000e+03
14, 7, -1.5460529641935889e+04, -8.4676058465092046e+02
14, 8, -8.2227013153530370e+03, -7.5723938767152003e+03
14, 9, 1.6064543876046444e+04, 2.4436195822786030e+04
14, 10, 1.0417918850874201e+04, -1.0615018364599542e+04
14, 11, -2.7243506612323017e+04, -1.3431387338890088e+04
14, 12, -1.2985560991845756e+04, -1.3523169737742875e+04
14, 13, 6.8884211283728055e+03, 1.9196635232147193e+04
14, 14, 7.6069398720797290e+03, -1.0238125758510781e+04
15, 0, 1.1768792968719808e+04, 0.0000000000000000e+00
15, 1, 7.4747254279740082e+03, -1.1944840675906209e+04
15, 2, 9.6869728493150506e+03, -1.2731855702904904e+04
15, 3, -9.3950226888715588e+03, -5.0425068252673809e+03
15, 4, -6.4068033654270876e+03, 6.3967403933327460e+03
15, 5, -1.4709211100761029e+04, 6.0381481724204077e+03
15, 6, -2.0472663830024603e+03, 4.8716590241416961e+03
15, 7, 4.5607402241349919e+03, -3.0958612583434497e+03
15, 8, 1.9107472535297678e+04, -7.3688819640468682e+03
15, 9, -3.6167407577305559e+04, -7.1773146154165615e+03
15, 10, 9.0192749280139888e+03, 1.1098465351617308e+03
15, 11, -6.1049261501237124e+03, 3.9980216856545139e+03
15, 12, 4.0052252717290859e+04, 8.3160549626850207e+03
15, 13, 8.3888443389526510e+03, -1.5047023147433902e+02
15, 14, 5.4581220328676300e+03, -2.0582372336813140e+04
15, 15, 1.7866383978240061e+04, 7.6406676236343646e+03
16, 0, 2.5757452681595041e+04, 0.0000000000000000e+00
16, 1, -4.5082342784201837e+03, -7.9782897397307506e+03
16, 2, 1.9847927628322235e+04, 1.5634234841885791e+04
16, 3, -1.3153734382648669e+04, 1.6500582724444994e+03
16, 4, 7.7888200861546302e+03, 2.9684035821874991e+03
16, 5, -5.3062318002359825e+02, 5.8684534081065958e+03
16, 6, 2.4855440633096464e+02, 2.9776747428672115e+03
16, 7, -4.3933125652029385e+03, 9.6206824342883265e+03
16, 8, -2.3416833214417593e+03, -6.3685556222838659e+03
16, 9, 8.3201207915573686e+03, -7.7906148175847302e+03
16, 10, 4.2206761046380188e+03, 9.2720470094298071e+03
16, 11, -7.9710801140898293e+03, -2.2649429559386226e+04
16, 12, -1.6083835590067421e+04, 1.1692568498956201e+04
16, 13, 2.6066397715992139e+03, -1.8800146774551540e+03
16, 14, -1.3468292196308874e+04, -1.2896031576646099e+04
16, 15, 1.0118535768628046e+04, 5.0728273796493140e+03
16, 16, 3.7185713882730283e+03, 8.3218832969890973e+03
17, 0, 6.2080032242961797e+03, 0.0000000000000000e+00
17, 1, 6.4565090051603111e+03, -7.5866459954986603e+03
17, 2, 4.0653408563934727e+03, 1.8239272960627444e+04
17, 3, 1.7885702566361495e+04, 9.4192059120407703e+03
17, 4, 7.5356593988036293e+03, -2.5803175215710380e+03
17, 5, 1.1466395899904393e+04, 1.4177332305338092e+04
17, 6, 1.3043809296438374e+04, -1.2327279751770304e+04
17, 7, 7.6555720996803375e+03, 7.7479025808404513e+03
17, 8, -7.1905729551360164e+03, -3.8327851800328972e+03
17, 9, -1.1324037130558614e+04, 1.0728028683057451e+04
17, 10, -1.3809785997492938e+04, 7.2946626369731966e+03
17, 11, 1.6228272959079666e+04, 2.7425718297997224e+04
17, 12, -1.2361768222301615e+04, 5.2227922306683568e+03
17, 13, 8.2087644815333224e+03, -5.3509776768563461e+02
17, 14, -1.1513069598527227e+04, -8.6175193104712489e+03
17, 15, -8.8790472815933554e+03, 3.0300873124720056e+02
17, 16, 6.6819200441364155e+03, 6.7811612413655839e+03
17, 17, -1.0105842614930445e+04, 2.1957482746797082e+03
18, 0, -5.6294649087887010e+03, 0.0000000000000000e+00
18, 1, -3.2382259724673963e+03, 1.6974769356102079e+03
18, 2, -8.8700356442658776e+03, 2.0333841987902988e+03
18, 3, 3.2901387028283366e+03, -1.2078303598206256e+04
18, 4, 6.6734348405980563e+02, -3.1117009661440870e+03
18, 5, 1.7320561351740330e+03, -2.6410829941592692e+03
18, 6, 2.6368502247532524e+02, -5.5807347005540887e+03
18, 7, -5.8032556135314717e+03, -2.5382662063608514e+03
18, 8, -4.8890384931404142e+03, 2.5560024637807364e+03
18, 9, 4.6804905782778342e+03, -2.4253432130242549e+04
18, 10, 3.8431725828736726e+03, 9.9928992909354929e+03
18, 11, -2.8457764405484636e+03, -1.0642565365628247e+04
18, 12, -2.4697839007701650e+03, 1.5565086399884662e+04
18, 13, 5.9670210870618575e+03, -7.0583920396239719e+03
18, 14, 1.4892887086354021e+03, -3.4635432209597384e+03
18, 15, -8.0589529855465298e+03, 6.1712443485894473e+03
18, 16, -5.7697178664004359e+03, 8.2827356094948700e+03
18, 17, -1.4659067723370232e+04, -2.1449718348812701e+04
18, 18, 1.2041467846660973e+04, 3.5475597652190463e+03
19, 0, 3.0186336126068868e+03, 0.0000000000000000e+00
19, 1, -1.8687446716362087e+03, 9.6831062885443916e+03
19, 2, -2.1357802089347088e+03, 4.9329021573637874e+03
19, 3, -7.0855717156298415e+03, -3.5067561852447689e+03
19, 4, -6.7047041241672332e+03, 8.5874955713785948e+02
19, 5, -7.2658252655224333e+03, -1.2700264661242734e+04
19, 6, -1.3769707664682715e+04, 6.8951119639206472e+03
19, 7, -1.0749085527947787e+04, 1.1861852966569900e+03
19, 8, 4.6437728631488435e+03, -8.5937473173861108e+03
19, 9, 2.3881198071325252e+02, -7.8391012660181277e+03
19, 10, 8.0176631077469319e+03, -9.1572015926748591e+03
19, 11, 5.5390528057368847e+03, -1.8148227393038342e+03
19, 12, -1.6569155215583985e+04, -6.5820106058599586e+03
19, 13, 2.7909223251559010e+03, -7.6010431782040687e+03
19, 14, -8.0872616748672613e+02, 5.9806884603468679e+03
19, 15, 5.2323455591279417e+03, -1.6207814996262332e+03
19, 16, -5.2625797032339624e+03, 2.4936109796030842e+03
19, 17, 5.9162208189036091e+03, -9.1822343122502389e+02
19, 18, -1.9421274033877398e+04, 4.8379124505308610e+03
19, 19, -7.0600558607931553e+03, -1.8811166871841866e+04
20, 0, 5.2166592077270134e+03, 0.0000000000000000e+00
20, 1, 1.4517191325415919e+04, 3.0871232161349371e+03
20, 2, 3.2156742094780438e+03, -2.5177550493557364e+03
20, 3, 1.9282733216169967e+04, 4.4670454297836459e+03
20, 4, -1.6203429224900192e+03, 8.8334553428722556e+03
20, 5, -8.4284092048937964e+01, 3.8698190745282204e+03
20, 6, 4.5314640864222838e+03, 1.0338835553312412e+04
20, 7, 6.4176406446744477e+03, -1.7223794360018786e+04
20, 8, 7.5179038314881036e+03, 4.6212178449699622e+03
20, 9, -1.2380317968512220e+04, 3.6942715975922679e+03
20, 10, -1.0106158570101978e+04, 1.2959730910834573e+03
20, 11, -1.6778038210256214e+04, 1.1285041881834572e+04
20, 12, 2.4778925734854229e+03, -1.7360431294656778e+03
20, 13, 1.9549817506836644e+04, 5.4477955667757142e+03
20, 14, -2.7781710258029116e+03, -6.2322798989773182e+03
20, 15, 9.4867463818849296e+02, 4.1996554704904247e+03
20, 16, 2.5482717589592937e+02, -1.4945288742823737e+04
20, 17, 4.6319191540913744e+02, -6.7389925248610780e+01
20, 18, -8.9650337765060613e+02, 1.3811023569430461e+04
20, 19, 1.0636328739945740e+04, 1.6062806469357232e+04
20, 20, -5.4626571147471413e+03, 7.3160132211582631e+03
21, 0, 8.3400085392489564e+03, 0.0000000000000000e+00
21, 1, 7.1915155297729098e+02, -1.2494904154866390e+04
21, 2, -1.1211739486391987e+04, -7.3564662814808835e+03
21, 3, -6.0315855198457284e+03, 7.8704033221767395e+03
21, 4, -7.2940946581097905e+03, 5.3857525787747909e+02
21, 5, -4.6711184395224336e+01, 6.7441179817923003e+03
21, 6, 1.2674827572544086e+03, 1.3279242613462331e+04
21, 7, 4.9295942738478398e+03, -6.3586184396234603e+02
21, 8, -3.1377419235248672e+03, 8.3781941462813138e+03
21, 9, 8.9279994559334482e+03, -7.9526018356521618e+03
21, 10, -7.1492860976483098e+02, -1.0146348941446238e+04
21, 11, 7.3091770301032320e+03, 1.2081021317560806e+04
21, 12, 7.9945151645844053e+03, -4.7780736222335436e+03
21, 13, 3.1849523918431823e+03, 8.1500761847619942e+03
21, 14, 3.1119566836514355e+03, -1.7346162908120050e+03
21, 15, -5.1247570960821831e+03, -1.7706984196328514e+04
21, 16, -2.2175390494685616e+03, 1.2615822410294757e+04
21, 17, 2.2811628827112190e+03, -7.1437331966312759e+03
21, 18, 2.2973069061893207e+03, 1.4250473060972145e+04
21, 19, 1.4271389841226659e+04, -7.8040505833654242e+03
21, 20, 1.1069851516266386e+04, 3.9520365055396596e+03
21, 21, 3.8205550139381139e+03, -6.5686070137606075e+03
22, 0, 1.6116814194757786e+04, 0.0000000000000000e+00
22, 1, -2.5891909906732790e+03, 8.0782435381786800e+03
22, 2, 1.0084156492746686e+04, -2.0184820450722659e+03
22, 3, -2.8818075747204948e+03, 5.4357819282642367e+03
22, 4, -3.7577299834084411e+03, -1.2361821553690199e+04
22, 5, 2.8376219837655226e+03, -2.6231895058613436e+03
22, 6, -1.1935222538356542e+04, -1.9643282596959216e+04
22, 7, 5.8363982004236614e+03, 7.9139553231998671e+03
22, 8, -1.1344864668864386e+04, -6.9220825291787733e+03
22, 9, 6.2716517106867486e+03, 1.2158040241160383e+04
22, 10, -2.2054430838290009e+03, 1.2824030844426345e+04
22, 11, 1.2574037220746364e+04, 7.6566404100600521e+03
22, 12, 8.6942514296466488e+03, -9.9987200594676233e+03
22, 13, -3.3333555433885076e+03, -4.3918641238024402e+03
22, 14, -8.1596959970148710e+03, -1.3093501554861832e+04
22, 15, -8.1616302452918844e+03, 7.7057121813486801e+03
22, 16, -1.4034821734308125e+03, -3.9201659218358541e+03
22, 17, -5.2457299746458939e+03, -1.4464836477461990e+03
22, 18, -4.5635104955789348e+02, 7.4426048998833267e+03
22, 19, 8.9623400086995480e+02, -1.2649608259315193e+04
22, 20, 8.9264470664620603e+00, -4.4632215781505038e+03
22, 21, -6.1852244836759000e+03, 2.0268150091708558e+03
22, 22, -7.8140075710873643e+03, -7.3547660166265941e+03
23, 0, -4.0049788468011375e+03, 0.0000000000000000e+00
23, 1, 6.0946941467533070e+03, 5.4568444964387545e+03
23, 2, 5.9170248819611916e+03, 1.2638416567930506e+04
23, 3, -4.0687182465701835e+03, 2.3653442984381495e+03
23, 4, 1.5647560100196395e+04, 3.4831922905524552e+03
23, 5, -1.6598671921686828e+03, 2.0797802461410729e+03
23, 6, 7.8899428312016671e+03, -4.9442144259208226e+03
23, 7, -1.0919424259781355e+04, -6.6298052870943611e+03
23, 8, -1.1643098937433097e+04, -1.4866399363890750e+03
23, 9, -1.1893849033210527e+03, -4.3011701877119222e+03
23, 10, 1.8807658424160024e+03, 1.7414608425493803e+04
23, 11, 1.3699100151978753e+04, -1.4010666071530954e+04
23, 12, 4.1518420686486861e+03, 1.3400066520814096e+04
23, 13, -1.2372770716464270e+03, -1.1169746838764855e+04
23, 14, -5.9933342516987977e+03, 6.8962299938934684e+03
23, 15, -3.8072724923492551e+03, 4.6137056057450682e+03
23, 16, 7.4726407023722732e+03, 9.2399516513428607e+03
23, 17, 3.8042707495234990e+03, 1.4820602828993204e+04
23, 18, -1.0176934312442386e+03, -1.5405796896486814e+04
23, 19, -3.2965214800433769e+03, 4.0041875387674313e+03
23, 20, -9.4275227725232708e+02, -8.9548662169185591e+03
23, 21, 5.4211865770975519e+03, 9.8552969084152719e+03
23, 22, -2.5445202576363504e+03, -1.2989800319551874e+04
23, 23, -4.7010109231615352e+03, 9.6259817812549536e+03
24, 0, 1.3018684556545251e+04, 0.0000000000000000e+00
24, 1, -9.9973619940000935e+02, -6.4420864916519804e+03
24, 2, 4.0750663462917232e+03, 5.4718748851921346e+03
24, 3, -1.1823283730674621e+03, -1.2700727659487704e+04
24, 4, 8.6094895276710322e+03, -2.8545653891814627e+03
24, 5, -1.4635830181532125e+04, -2.6775647920942511e+03
24, 6, -1.0892075259428825e+03, 8.2682203940472973e+03
24, 7, -4.4053209775086189e+03, 8.4770170072393157e+03
24, 8, 5.4957030949836117e+03, 9.6667311028417080e+03
24, 9, 2.7187814920881901e+03, 6.1899508366137270e+03
24, 10, 1.2873475046809767e+02, -1.4028905444571428e+04
24, 11, -1.1348029803980046e+03, 2.2042364364993564e+03
24, 12, -4.3239936509034487e+02, -6.0019150369939089e+03
24, 13, -9.1898960612945757e+03, -1.7189028828951035e+02
24, 14, -4.7354542637112087e+02, 6.1969859733958065e+03
24, 15, -4.3652355226977761e+02, 3.4685831038113779e+03
24, 16, 1.1437160285931619e+04, 2.5496535375714875e+03
24, 17, 1.5261915366255721e+03, -3.0300256943845302e+03
24, 18, 3.0861018590054582e+03, 1.2073594320120001e+03
24, 19, 6.6579402820771338e+03, 8.2655491935830432e+03
24, 20, 5.2717091371754623e+03, -7.1635045172175387e+03
24, 21, -5.4145068256242184e+03, 1.8744376756524762e+04
24, 22, 6.9862132166517404e+02, -1.2437947785451905e+04
24, 23, -1.2412319213724266e+04, 3.2033474682768488e+03
24, 24, 3.2902369883770671e+03, 5.1339873040889606e+03
25, 0, -3.8921990253928188e+03, 0.0000000000000000e+00
25, 1, 3.8292396475129658e+03, 1.8499798532276739e+03
25, 2, 9.3268410170426000e+02, -2.8174685140584888e+03
25, 3, 7.0009132588517841e+03, -1.1900869070740118e+03
25, 4, -6.4587140113862242e+03, -1.0359604094369117e+03
25, 5, 8.0507055545426429e+03, -8.1806006169704979e+03
25, 6, -4.6254034902754120e+02, 1.1660476615320600e+04
25, 7, 1.0331027024235660e+04, -2.0548262895128896e+03
25, 8, 1.0882766383590679e+04, 2.1853233830038016e+02
25, 9, 2.1685086363049850e+03, 4.0871711308467743e+03
25, 10, 1.2363313166990098e+04, -7.9725402892002530e+03
25, 11, -7.6369501561385005e+02, 6.0812628774431359e+03
25, 12, -7.1372836272160012e+03, 3.0832181042605635e+02
25, 13, -4.0640243871509670e+03, 5.1355989292905861e+03
25, 14, -8.1999159316764099e+02, 6.3626391184790373e+03
25, 15, 6.6995271886391538e+03, -8.8318163798926234e+03
25, 16, 1.3642048601712959e+03, -1.7821987882281883e+03
25, 17, -1.1065114044887312e+04, -1.8789490773847370e+04
25, 18, -3.2676095708505441e+03, -3.3958114686294844e+03
25, 19, -1.4624591314675579e+04, -1.7492006062689861e+03
25, 20, 1.7685151462578975e+04, 3.7275181797273608e+03
25, 21, -1.1210091693981598e+04, -8.5769492795248043e+03
25, 22, 1.1090477778266468e+04, 1.9565178744454552e+03
25, 23, -9.5128648338813673e+03, 3.0787457355858896e+03
25, 24, 1.4892098812635619e+04, 2.6011350669268950e+03
25, 25, 7.5321973199901413e+02, -5.2039046913048678e+03
26, 0, 7.8348477027646977e+03, 0.0000000000000000e+00
26, 1, -1.0781386384881380e+04, -3.6265685765535272e+03
26, 2, -7.3869889593520866e+03, 4.2516493437557128e+03
26, 3, -1.3719775956131403e+04, 3.8414438429664806e+03
26, 4, -9.7786259080490890e+03, 1.2538082007771909e+04
26, 5, 2.9241663915982526e+03, 1.4774091338105041e+04
26, 6, -4.1764243316587981e+03, 7.7952466200085246e+03
26, 7, 5.1081281795682407e+03, -9.3014577752133446e+03
26, 8, 1.1077625721850794e+04, -1.0721445831599480e+04
26, 9, -2.7462716497263850e+03, -1.2372283283903063e+04
26, 10, 9.2396661759439612e+03, -1.3790883368648365e+03
26, 11, -7.4111480321210038e+03, -5.8432959065596569e+03
26, 12, 2.9769817877254586e+03, 5.4221197719949150e+03
26, 13, 4.4160610790247383e+03, -2.1063762672979115e+03
26, 14, 4.3488016776473396e+03, -5.2396361741846713e+03
26, 15, 1.0967259286617195e+03, 9.3190921667638338e+02
26, 16, -1.3917097680907222e+04, -2.4565427084085622e+03
26, 17, 1.1515620609929915e+03, 2.8626666738431823e+03
26, 18, -5.7201956349620386e+03, 2.0955023296659012e+04
26, 19, -1.9545656017221893e+03, -1.3688799846396058e+04
26, 20, 1.6823521712912675e+03, 7.6666784318319233e+03
26, 21, -3.5759295543139278e+03, -1.7642271602809553e+04
26, 22, 2.8963354468719608e+03, 1.2081424139415403e+04
26, 23, -6.7877191594063506e+03, -1.4463138577861901e+03
26, 24, 9.2253644280701428e+03, 4.3624787927748584e+03
26, 25, 5.4809648143833192e+03, -8.3079502428533197e+03
26, 26, -2.7129460643180223e+03, 7.7315797557347832e+03
27, 0, 2.0485644297669305e+03, 0.0000000000000000e+00
27, 1, 3.0094635972114002e+03, -3.3756498218226616e+03
27, 2, -1.6448924423866963e+03, -4.9086995242525973e+02
27, 3, 2.2344415470368285e+03, 9.7972057760322459e+03
27, 4, 4.8894048926711521e+03, -8.0255673719218851e+02
27, 5, 2.0396791523553688e+03, 1.9339641050843711e+03
27, 6, -1.5796219689302998e+03, -6.5293899038499776e+03
27, 7, 4.4375681742025763e+03, -1.3284248819097729e+02
27, 8, -4.8943388613902744e+03, -5.0659922267818029e+03
27, 9, -9.4711970105540058e+03, -1.8478972004447687e+03
27, 10, -1.4107828395620043e+04, 2.1894141176327298e+03
27, 11, -2.7902604767394873e+03, -8.0666640707858951e+03
27, 12, -2.7185127088096328e+03, -7.5610117535239070e+01
27, 13, 1.9799645625805588e+03, -3.3124880345511565e+03
27, 14, -6.8526036795456039e+03, -2.9489880391908159e+03
27, 15, -4.3872275839603917e+03, -4.2076485612815259e+02
27, 16, -6.3898360667307252e+03, 6.8313442815846747e+02
27, 17, 7.0917100409564300e+03, -1.8610787717990752e+02
27, 18, -3.3275333976223910e+03, 5.9921212405801134e+02
27, 19, 1.4131352385463071e+04, 5.0819936409486727e+03
27, 20, 1.2075234891513746e+03, -3.2860194383385747e+03
27, 21, 3.2634144469828261e+03, -5.0454594446014389e+03
27, 22, -6.5064749069919799e+03, 8.2463532187757264e+03
27, 23, 2.8465012316852240e+03, -2.1495577465358792e+03
27, 24, -1.9935108146395123e+01, -6.2127056243730549e+03
27, 25, -3.4122154118581220e+03, -1.1541064500430040e+04
27, 26, -9.6712295882156905e+03, -2.9433113777912149e+02
27, 27, 1.3131076341478885e+04, -2.2076357374957061e+03
28, 0, 1.3099068708115342e+03, 0.0000000000000000e+00
28, 1, 2.5630621552246230e+03, 2.7972829871592012e+03
28, 2, 4.2735184524545739e+03, 4.0769293710966631e+03
28, 3, 6.3428051996289068e+03, -5.3993854574605484e+02
28, 4, 1.4550356894002001e+04, -8.1164751736221260e+03
28, 5, 2.4299902609369192e+03, -1.1030941538313888e+04
28, 6, 8.4779295237450679e+03, -4.8230191429725355e+03
28, 7, -1.4045773441285792e+02, -5.7084166660806777e+03
28, 8, -2.7634048588922678e+03, 4.2249944942226957e+03
28, 9, 4.2064338693616955e+03, 6.0988102183318915e+03
28, 10, -4.3617127354046124e+02, 7.8430893315907870e+03
28, 11, 7.8465071490536429e+03, 5.1182107150212069e+03
28, 12, 4.8748189635110484e+03, 2.5517383025480153e+03
28, 13, -4.1010335999829122e+03, -3.9707713665803713e+03
28, 14, -5.3408867678663228e+03, -2.4053601733397973e+03
28, 15, -4.6140431400188072e+02, -4.8660632752760125e+02
28, 16, 3.5073892545292370e+03, -2.6559594048979188e+03
28, 17, 1.2282716509071408e+04, 2.3773110585318918e+03
28, 18, 5.0424227087668642e+03, -1.0260642101774320e+04
28, 19, 1.8715766351193124e+03, -2.7731942849551588e+03
28, 20, -4.8478485258338696e+03, -8.8879977549418581e+03
28, 21, 1.0412452422897724e+04, 5.5205204605130248e+03
28, 22, -9.0151406700068110e+03, 1.8400691346954914e+03
28, 23, 1.0661016921571387e+04, 1.0346343682498668e+03
28, 24, -1.0976434973403353e+04, 5.2663752464275549e+03
28, 25, 6.3242841812317329e+02, -4.2652853923307339e+03
28, 26, -4.3369575273588152e+03, 6.6983531987394999e+03
28, 27, 5.6271115566589551e+03, -2.3809591482494711e+03
28, 28, -1.9856870439980917e+03, -1.3466148054047047e+04
29, 0, -6.5531504377102829e+02, 0.0000000000000000e+00
29, 1, 6.7829581059587063e+03, 6.8801233644785880e+03
29, 2, -6.8237719783854718e+03, -1.2060492838705745e+03
29, 3, 1.9706704636001336e+03, -3.5699552278529754e+03
29, 4, -7.7919345946874400e+03, -6.3410268346650346e+03
29, 5, -2.7285854995210830e+03, -6.4458129366605917e+03
29, 6, -4.4617759602554443e+03, -7.1183899193802981e+03
29, 7, -3.8394409034672217e+03, 3.0515203305161090e+03
29, 8, 1.0900709315524568e+02, 2.5310371080179186e+02
29, 9, -1.4774642566345099e+03, 2.7552376458491235e+03
29, 10, 3.4038864770676355e+01, 6.2814029704481254e+03
29, 11, -1.2254236359045790e+03, -3.0237090463383975e+03
29, 12, 2.1143457307319086e+03, 1.9738587058082701e+03
29, 13, -1.2721895664447243e+03, 1.2439781361781122e+03
29, 14, 9.1756860916903715e+03, 2.4330669816438299e+03
29, 15, -3.8312570757383974e+03, 4.2195412918804104e+03
29, 16, 7.0397642815816562e+03, -1.9490179616191813e+03
29, 17, -5.0711694762202678e+03, 4.0024858177770341e+02
29, 18, 5.2952609036938366e+03, -3.5884951912474785e+03
29, 19, -3.3231818667796369e+03, 1.3552637428899193e+03
29, 20, -4.2573490933092517e+03, -6.2049743080038115e+03
29, 21, -4.3054424888052090e+03, -4.6125581865866570e+02
29, 22, -4.6200885366836192e+03, -3.4334744519789001e+03
29, 23, 4.0756708682665940e+03, 7.0255346759484801e+03
29, 24, -6.8712890254840004e+03, -8.0569450766150867e+03
29, 25, 8.4953874567275343e+03, 3.3225670404809143e+03
29, 26, 3.4297286469615455e+02, 8.4387843489030929e+03
29, 27, 1.1968532004606233e+04, 1.9751947962197971e+03
29, 28, -2.4809069011164429e+03, 2.9641007498363524e+02
29, 29, -3.9331721014002851e+03, 1.9904983428567621e+03
30, 0, 3.5703015388257954e+03, 0.0000000000000000e+00
30, 1, -1.6090763139617407e+03, -1.1982932477393636e+03
30, 2, -3.5658861811475754e+02, -3.0301323424071479e+03
30, 3, 1.2307387995971308e+03, 4.9199507355285723e+03
30, 4, -3.0842799821840581e+03, 2.3906641630584090e+01
30, 5, -6.3583819249889257e+02, 4.5293866802092016e+03
30, 6, -8.0049971369841569e+03, 5.8935749901578847e+03
30, 7, -5.5776643667094577e+03, 3.7034006151613748e+03
30, 8, 3.4699442063663000e+03, -3.1585204593137478e+03
30, 9, 2.5089290837000926e+03, -7.9977209298577300e+03
30, 10, 6.3908247939443459e+02, -2.0069504016677092e+03
30, 11, 2.0871155188496491e+03, -5.8736343834321233e+03
30, 12, -5.8486008415849055e+03, 1.8344294151167833e+02
30, 13, 1.8473868483374192e+03, 4.4153278816928487e+03
30, 14, -4.5793727337141154e+03, 1.1037007616280960e+04
30, 15, 3.9277144721963191e+03, -1.8486576290202174e+03
30, 16, 7.7748136833022345e+03, 5.4752254272937907e+03
30, 17, -4.1156028701818832e+03, -8.3808632669267245e+03
30, 18, -3.5404533987397949e+03, 5.0019609084929143e+03
30, 19, -1.3935194717484213e+04, -3.6072438669806293e+03
30, 20, -1.2766607169318747e+03, 9.6946242486567025e+03
30, 21, 3.2790923338667017e+03, -2.5142988816845855e+02
30, 22, 6.9777087261076576e+02, -7.4229412831674563e+03
30, 23, -5.3744426857552871e+03, 4.4640416487829125e+03
30, 24, 6.5194486813276726e+03, -6.9631296547786351e+03
30, 25, 3.4404232877369986e+02, 7.7090717346283636e+03
30, 26, -9.6908750636754053e+02, -6.8419920895117084e+03
30, 27, 8.4151313065857812e+03, -8.8339632711318700e+02
30, 28, -6.9775713183451016e+03, -4.0573234167503870e+03
30, 29, 5.4466912056748220e+02, 7.5312276122532676e+03
30, 30, -3.4993893299613956e+02, -4.3682177910770060e+03
31, 0, -3.5662088514034485e+02, 0.0000000000000000e+00
31, 1, -2.6562626373453331e+03, -6.1334802744913031e+02
31, 2, 1.7042081956959412e+03, -5.7249611745961229e+03
31, 3, -3.9958231676719874e+03, 8.0714927572002034e+02
31, 4, 1.9422971758955380e+03, -1.5750259871901778e+03
31, 5, 4.0895601016144988e+03, 2.6771032736541365e+03
31, 6, 4.4972921803191821e+03, 5.2175153136877143e+03
31, 7, 8.3395820734154622e+03, -1.7787342440921439e+03
31, 8, 2.0981119441139126e+03, 5.8863820743364195e+03
31, 9, -3.3649763598219633e+03, -4.1244257073814310e+02
31, 10, -2.5558432826799653e+03, -1.3313102714140496e+02
31, 11, -6.9548584366860450e+03, 4.1860175614858299e+03
31, 12, 3.4237704954434530e+03, -6.8516386553406519e+03
31, 13, -9.3424242953722046e+02, 1.9238499657587254e+03
31, 14, -3.7750170450221494e+03, -7.2589554523215775e+03
31, 15, 4.5247347002862252e+03, -2.7456544193240052e+03
31, 16, -2.8312755971406368e+03, 1.7317669952557371e+03
31, 17, 1.9880896630713307e+03, 3.5512507824503728e+03
31, 18, 7.4195771577502012e+02, -3.8819511452002116e+03
31, 19, 3.6954812458282936e+02, -3.3745276890277478e+02
31, 20, 8.4940956439568145e+03, 3.8232802675347193e+03
31, 21, -5.2592677482018362e+03, 2.7094708105814325e+03
31, 22, 6.7356846906845822e+03, 1.2457314225250050e+03
31, 23, -7.7255133505226931e+03, -7.3003150953526983e+03
31, 24, -5.0452324804352947e+03, 2.7014456292163163e+03
31, 25, -1.8358715984381324e+03, 2.0326104377308382e+03
31, 26, 3.9532999182340427e+03, 2.0825930513649114e+03
31, 27, -1.4496755179763084e+03, -7.3063569761359850e+02
31, 28, -8.7295959255587986e+03, -1.4812994109509211e+04
31, 29, -1.0651708139585730e+03, 8.0366377791069372e+03
31, 30, 9.2505712885759226e+02, 4.5984059248577705e+02
31, 31, -1.2517785620792371e+04, 9.7832711826053292e+03
32, 0, 1.5541600308777461e+03, 0.0000000000000000e+00
32, 1, -5.0997111897244404e+03, -1.6746398274796147e+03
32, 2, -2.7114760586360417e+03, 4.4569786543887767e+03
32, 3, -1.0014085471870658e+02, 7.7635084550440388e+03
32, 4, 3.7952704860363965e+03, 1.4582002873190199e+03
32, 5, 1.6155534778101546e+03, -3.8301668985317997e+03
32, 6, 3.4405411515423921e+03, -5.0335880341218863e+03
32, 7, 1.6380255782160993e+03, -6.5081929531571850e+03
32, 8, -3.8527085243018328e+03, -2.6108441745997848e+03
32, 9, 3.6206553237403987e+03, -3.6560466428480586e+03
32, 10, 2.7967386354415080e+03, 6.2557275235396692e+03
32, 11, -4.2232847988156682e+03, 7.4072028765993746e+03
32, 12, 2.1290419255982688e+03, 5.1293138811970821e+03
32, 13, 3.1270206738963689e+03, -2.2165334686883152e+03
32, 14, 2.1902002362713620e+03, -1.4587865349490407e+03
32, 15, 4.4876028121608215e+03, -2.1627522997339561e+03
32, 16, -8.7998627749157131e+03, -3.8045817116481485e+03
32, 17, -2.3482177616176614e+00, 1.6225574616225763e+03
32, 18, -5.4353096357431423e+02, -1.1529124432281596e+03
32, 19, 4.7694248338967973e+03, 2.7426188999298383e+03
32, 20, -4.2659186000898935e+03, -5.7132687959655982e+02
32, 21, 3.5766201646657291e+03, -3.5500634132385439e+03
32, 22, -4.4532651220438511e+03, -3.6481421073530855e+03
32, 23, -4.1856493478387947e+03, 6.9159858748592669e+03
32, 24, -1.0096850644405179e+03, 1.0560207600221465e+03
32, 25, -2.0149574771893065e+03, 2.4764095879187080e+03
32, 26, 1.9384362233952470e+02, -1.3151300876555163e+03
32, 27, -5.7850232556629999e+02, 4.2687656109166346e+02
32, 28, -4.0500093679446181e+03, 1.7893280552940269e+03
32, 29, -6.6260115178931273e+03, 3.2690769034707591e+03
32, 30, 4.3534614575633541e+03, -1.5590201755938274e+03
32, 31, 2.4893524987076385e+03, -1.4638976069477219e+03
32, 32, 5.1218173312360477e+03, 6.9298004365881325e+03
33, 0, -3.9540119347736158e+03, 0.0000000000000000e+00
33, 1, 3.0317450931813419e+03, 8.0191314452969686e+02
33, 2, 7.2886534634894497e+02, 2.1734636675304828e+03
33, 3, 3.8002626806792932e+02, -5.1539725126920066e+03
33, 4, 5.1489560224007801e+03, -1.6792690565766334e+03
33, 5, -3.3848701407661438e+03, 3.8766921930999601e+03
33, 6, -1.7583721552182019e+03, -4.5206128473128956e+02
33, 7, -2.2704870511352146e+03, 4.5995082999967799e+03
33, 8, 2.7745883955809436e+03, -4.6560115058972351e+03
33, 9, 5.3461031576086607e+03, 4.0639552756218218e+03
33, 10, 2.6288259458517778e+03, -1.6614934794772250e+03
33, 11, 5.8219421562676525e+03, -3.6258084035202928e+03
33, 12, 1.3247217588884851e+03, -4.3053686354609999e+03
33, 13, -4.5397676315321842e+03, 2.2633529473225306e+02
33, 14, 2.1781546261024478e+03, 1.9755024223295295e+03
33, 15, -5.9605226170645046e+03, 2.3082324952641807e+03
33, 16, 2.7138973791755830e+03, -1.6957963719456552e+03
33, 17, 2.3704855231295360e+03, 3.1383858397314762e+03
33, 18, 5.2843516269464135e+02, 3.0373490626017997e+02
33, 19, 1.4656635181330894e+03, -5.5298188264478677e+03
33, 20, -6.0144157641416095e+03, -3.4781814742661859e+03
33, 21, -4.3701139999828938e+03, -3.0862759290118456e+03
33, 22, -2.2808378124603678e+02, 1.2734456825953098e+03
33, 23, 3.5886810331449891e+02, 7.1068338170612151e+02
33, 24, 9.2413179400801018e+03, 9.7531698237336768e+03
33, 25, 9.3533111991539881e+03, -4.7737619324547732e+03
33, 26, 1.8723514542866842e+03, -6.2191214301900145e+03
33, 27, -6.8250646049946431e+02, 6.8043001362074654e+02
33, 28, -4.6369691532592351e+03, 4.2684405596756278e+03
33, 29, 2.5596113519576893e+03, 4.4835473629217231e+03
33, 30, -2.3977921935558884e+03, 9.0462846847816081e+02
33, 31, -4.4323967803741079e+03, -1.3337081635643390e+03
33, 32, -1.0073498870298366e+03, -8.6943677942433278e+03
33, 33, 5.5721471045549470e+03, -8.1207470046400285e+03
34, 0, 4.0595346082549017e+03, 0.0000000000000000e+00
34, 1, -4.0388316121460957e+02, -6.2600981001571176e+02
34, 2, -4.0248807059867595e+03, -2.0800316194003708e+03
34, 3, 4.2923044293575422e+03, 1.2320915392904940e+03
34, 4, 9.4808529139111351e+02, -3.9906723283278438e+02
34, 5, -3.1241770103337280e+03, 5.9848924681172070e+02
34, 6, 1.3347464102740341e+02, 4.3167071553724272e+03
34, 7, -5.5788318103712436e+03, 3.7686572897811948e+03
34, 8, 4.0631608464916394e+02, 7.1108081996272731e+03
34, 9, -5.7199490518170714e+03, 5.2496727666663573e+03
34, 10, -2.3068885293949752e+03, -2.1213511549685368e+03
34, 11, 5.3659126705246599e+03, -1.9879384213893627e+02
34, 12, 7.6969914679353735e+02, -3.1840233752948880e+03
34, 13, 4.5063243671894907e+03, -7.2484891256577503e+03
34, 14, 2.9401006566738833e+03, -5.0085552729332821e+03
34, 15, -5.0576558933964343e+03, -9.6228045758000144e+02
34, 16, 2.3149419402904214e+03, 9.9845730953768043e+02
34, 17, -2.2687600798612289e+02, 7.1797720972109232e+02
34, 18, -6.6489514301286192e+02, -1.1075289796507668e+03
34, 19, -1.0711778004542643e+03, 2.3179578026826885e+03
34, 20, -6.8332121551976852e+03, -9.5224951097164467e+02
34, 21, -2.5272094788357081e+03, 8.4529607233609313e+03
34, 22, 3.1568763567171018e+03, 5.1657251662746494e+03
34, 23, 6.5397151572213988e+02, -1.8910865901709308e+03
34, 24, 5.8224518611140174e+03, -3.4690606185676879e+03
34, 25, -3.2958273570708388e+03, -5.9103722651223652e+03
34, 26, -1.8052076626573887e+03, 1.9321414192494012e+02
34, 27, 1.0088945296591812e+03, 1.0768661208998456e+03
34, 28, 3.1719765623399671e+03, -2.6491066083197802e+03
34, 29, 6.4383212923799556e+02, -4.0644700228526131e+03
34, 30, 2.3785766232215283e+03, -7.1454840474859748e+03
34, 31, -7.8520748490422602e+03, 1.9092901340586657e+03
34, 32, 5.8059118747888542e+03, 4.5759249117281997e+03
34, 33, -8.2606158737433288e+03, -1.1971749448620869e+03
34, 34, 2.2064190124398001e+03, 4.7166288737465084e+03
35, 0, -2.8633674965074118e+02, 0.0000000000000000e+00
35, 1, 1.2537930382867066e+03, 5.8557657333007583e+03
35, 2, -4.5301976111942040e+03, 8.1372276833486671e+02
35, 3, 4.2418020258026299e+03, 3.1639908867097233e+03
35, 4, -2.0872831133039053e+03, 2.8222349603627140e+02
35, 5, 7.3409519724984993e+03, -4.3453612779979812e+03
35, 6, 5.8236984522111788e+03, 5.6422699232745545e+03
35, 7, 1.4139181933929394e+03, -6.0936784787803244e+03
35, 8, 5.6201839913629228e+03, 2.6013665767470297e+03
35, 9, -1.9590531242690361e+03, -2.8676967995062550e+03
35, 10, -7.1046543192163790e+02, 5.3261216504567301e+01
35, 11, -5.2942912429245416e+03, 3.5283315953830934e+03
35, 12, -5.2626004866056646e+03, 2.3548485995256788e+03
35, 13, -5.1845358546809239e+03, 1.6598289428269222e+03
35, 14, 3.7866540212512405e+02, 6.2710477222881000e+03
35, 15, 1.3421151427361042e+03, -3.8233784298095793e+03
35, 16, -5.6578831736217580e+01, -1.6727721429003750e+03
35, 17, -1.9464064611779345e+03, -6.7413914464457976e+03
35, 18, -1.0843257243926680e+03, -2.1305087781551056e+03
35, 19, -7.1721364679967919e+03, 8.2883775739214093e+02
35, 20, 9.9511473572607201e+02, 3.8872601130064013e+03
35, 21, -2.2236824960636375e+02, 3.6753569151526026e+03
35, 22, 3.4514865193563796e+03, 9.4031539635829358e+02
35, 23, 5.0392481697122093e+03, -4.2869094507320615e+03
35, 24, -2.3048774617716049e+03, -3.0796809832632548e+03
35, 25, -2.1608132699192038e+03, -1.7266445650930605e+03
35, 26, -1.9384171155571580e+03, -2.7413002847541402e+03
35, 27, -5.1348327782541783e+03, 4.3537541457258858e+03
35, 28, 5.3144811530818879e+03, 1.3899712802551860e+03
35, 29, -5.8218210433800432e+03, -5.9779750728557283e+03
35, 30, 1.0731210918768434e+03, -4.0644831266235396e+03
35, 31, 4.8696335475205296e+02, 3.7223136409472488e+01
35, 32, 8.8570562723442199e+03, 9.7262396722772501e+03
35, 33, -4.7838235395931397e+03, -7.2242712837574527e+03
35, 34, 3.1134431768448803e+03, 1.5645184881095318e+04
35, 35, 1.9636088232465445e+03, -3.5395309079689214e+03
36, 0, 2.4286967482171822e+03, 0.0000000000000000e+00
36, 1, -2.9580857086962046e+03, -1.3433204853586717e+03
36, 2, 3.4201844106224826e+02, -2.7261242674526893e+03
36, 3, -5.0476669428410405e+03, 3.3204500532448105e+02
36, 4, 3.2355329611474781e+02, 1.6448592644091718e+02
36, 5, -6.9019567507215629e+02, -1.3133408722895993e+02
36, 6, -1.6274224984141201e+03, -1.1207424301730321e+03
36, 7, 9.8316538388158551e+03, -2.0275617990172195e+03
36, 8, 1.5696755204438116e+03, -3.0896897476647009e+03
36, 9, 7.6158778521364975e+03, -4.5674397448617292e+03
36, 10, 4.4211772717686717e+03, -3.8544074170544027e+03
36, 11, -2.5496486913678314e+03, -5.1676535266914721e+02
36, 12, 4.4519672710494069e+03, 2.8548158878228919e+03
36, 13, -1.3771071116498219e+03, 5.8155070885223595e+03
36, 14, -1.1562259857966378e+03, 4.2158467610606101e+02
36, 15, 1.2471039649647455e+03, 1.2474818367555345e+03
36, 16, -6.4985694130044976e+01, -1.0242237780190776e+03
36, 17, -2.0442759119190969e+03, -2.7618667738068957e+03
36, 18, -1.5014987848958037e+02, 2.4279072085851858e+03
36, 19, -4.0791434744868393e+03, 1.3574810890283788e+03
36, 20, 2.1821432812591947e+03, 5.7459424591225161e+02
36, 21, 2.7509453990930979e+02, 8.7689094874820080e+02
36, 22, -3.2603915740678076e+01, -1.5666013672658250e+03
36, 23, -8.3136757584730162e+02, -1.0411302841913237e+03
36, 24, -5.0030785721869706e+03, -2.9049757052106424e+03
36, 25, -1.8919195857866141e+03, 5.6927385118837792e+03
36, 26, 3.2080565052731372e+03, 7.8096463173757147e+03
36, 27, 3.4186114124319502e+03, -3.0139336271884513e+03
36, 28, 1.6756226243705974e+03, 3.2258156871464516e+03
36, 29, -4.8597483545471778e+03, 6.3925115936792145e+02
36, 30, -6.7928074276030893e+03, 5.2538252421676980e+03
36, 31, -3.2935400503788792e+03, -3.2723747036416653e+03
36, 32, 7.1066414235755146e+03, 1.2454222415561446e+03
36, 33, 7.3886816292803142e+03, -8.0040785782535559e+03
36, 34, -3.9612253493442618e+03, 1.7635088022491436e+03
36, 35, 7.1873834699375402e+03, -6.3500611560718071e+03
36, 36, -2.0144043867963444e+03, -1.3999072280416622e+03
37, 0, 3.9634787815349205e+02, 0.0000000000000000e+00
37, 1, -8.1044468808021884e+02, -2.8036282749916945e+03
37, 2, -3.3969495116884109e+03, 1.1337874580499595e+03
37, 3, 7.5513036144520174e+02, 3.0622341062392566e+03
37, 4, 4.7006916929901945e+03, -3.1870685029922729e+03
37, 5, -1.7422073420688137e+03, 4.2675008768756779e+03
37, 6, -6.5562390486386375e+03, -6.3303030461888666e+03
37, 7, -6.4067991482958432e+03, -1.0142555873676946e+03
37, 8, -1.0181696811331411e+04, -7.2728360264134590e+03
37, 9, -5.1303016802714774e+03, -2.2065091814841426e+03
37, 10, -1.9808623345995288e+03, 5.9816277768358568e+03
37, 11, -1.9348023763067333e+03, 7.2912162803886372e+02
37, 12, 4.4573464905021019e+03, 4.3998333711533851e+03
37, 13, 6.4165715004747581e+03, -4.8234782927966899e+03
37, 14, 2.7230964644539454e+03, -2.4883171046389625e+03
37, 15, -8.2920681963299353e+02, 2.5792407349584764e+03
37, 16, -5.0198547886872757e+02, 8.1649878481987787e+02
37, 17, 1.4272739651663094e+03, 2.5317947660306586e+03
37, 18, 6.8813931503721960e+01, 8.6354483548915232e+03
37, 19, 6.7866856120592620e+03, 1.3246631047686378e+02
37, 20, 6.6953692680547192e+02, 1.1665044291842150e+01
37, 21, 6.1162917618157530e+02, -3.3828405101814274e+03
37, 22, -1.7188445010035339e+03, 1.6617095288195310e+02
37, 23, -4.0293789991765152e+02, -1.1581807608738936e+03
37, 24, 5.0730960732649582e+03, -3.4323974649823494e+03
37, 25, 2.9411963092617812e+03, 1.4458065515899600e+03
37, 26, -4.0126211913912257e+03, -4.1565529183831613e+03
37, 27, 2.1499686857887805e+03, -2.0345119988848885e+03
37, 28, -2.6223661589243411e+03, 1.3508141073349563e+02
37, 29, 2.0375589428987510e+03, -2.2226703919093879e+03
37, 30, 1.1116580135064717e+03, 1.1712380773381192e+04
37, 31, 2.9727767263868204e+03, -2.9345437237444166e+03
37, 32, -5.4225684913733437e+02, 9.5789158163212232e+02
37, 33, -5.9797911060306878e+03, -7.0376229087616102e+03
37, 34, -5.9443183845482909e+03, 7.3069648877240490e+02
37, 35, 3.7714919156203941e+03, 2.0035957244288393e+03
37, 36, -6.7242552921354809e+03, -4.5777590854137243e+03
37, 37, -1.8810215228220377e+03, 3.4214402815857902e+03
38, 0, -5.2133142718075942e+03, 0.0000000000000000e+00
38, 1, -5.6338145303952315e+03, 2.7439792651130101e+03
38, 2, -5.4751463835753384e+03, 5.8926054585578713e+03
38, 3, 2.2950843183610746e+03, -6.2089700018577446e+02
38, 4, 4.2586852282244436e+03, -7.5191212929077005e+02
38, 5, 3.5402308292266976e+03, 4.8753277486892398e+02
38, 6, 7.1936845437540114e+03, 2.1899055026525389e+03
38, 7, 5.4634045332788753e+02, 4.9743657726939718e+03
38, 8, 2.0281478086484119e+03, 3.9443889330711145e+03
38, 9, -4.8872894776019075e+03, 3.8216584011849195e+03
38, 10, -4.0768815550920999e+03, 1.1523209081070552e+03
38, 11, -1.9080630384256892e+03, -2.2689696699646020e+03
38, 12, -4.1846549448783242e+02, -1.1420835603365144e+03
38, 13, -9.0483261633553793e+03, 2.5289342042784892e+02
38, 14, -3.3423640066437847e+03, 3.4150700879435644e+03
38, 15, -1.3321437580246713e+03, 1.1873550340724496e+03
38, 16, -1.0496249932597632e+03, 2.2299627547816135e+03
38, 17, 3.6189363932375932e+02, 3.2394285328564438e+03
38, 18, -1.4938904037918069e+03, -6.2372022061572625e+03
38, 19, 1.9740241406382547e+03, -5.3886436059256484e+03
38, 20, -5.0638610768837598e+03, 5.0151462251258442e+02
38, 21, -2.6640924028804818e+01, -5.5365089396046415e+02
38, 22, -7.9793061678494178e+02, 8.6251101310901340e+03
38, 23, -1.4916206324983577e+03, -2.0469898272747332e+03
38, 24, -1.3561816023356130e+03, 1.3732023749593750e+03
38, 25, 6.5911582500258476e+01, 1.2552150058960376e+02
38, 26, 6.9715457875151251e+03, -2.3981703442868825e+03
38, 27, -1.0058128374600813e+02, -2.6357353981661850e+03
38, 28, -6.9823367278720489e+03, -4.1218477168951040e+03
38, 29, 3.0070003214871481e+03, 9.2761379344244069e+03
38, 30, -1.3100278369678276e+03, -1.3200716422663145e+03
38, 31, 9.3126993931130619e+03, -2.8347012064422165e+02
38, 32, -2.5936466766956310e+03, 2.3086697717002239e+03
38, 33, 1.6116334923337977e+03, -1.9234494153720350e+03
38, 34, -8.7826511910647750e+03, 7.8121518431221903e+03
38, 35, -3.6207445967240756e+02, -3.3726657399168971e+01
38, 36, -6.5278613893150678e+03, -6.0424764994157931e+03
38, 37, -1.1210109605051325e+03, 9.4202849605754782e+03
38, 38, 1.3334745757075475e+03, -2.0127895765620231e+03
39, 0, 5.4158964831297808e+03, 0.0000000000000000e+00
39, 1, 3.8842579727912566e+03, 4.1588694843561098e+02
39, 2, 1.2477740781638728e+02, 5.4402219416302951e+03
39, 3, 1.0360109439043699e+03, -1.2124686193652869e+03
39, 4, -2.5160947637245827e+03, -2.6099487146481022e+02
39, 5, -5.3307242612078780e+03, -1.0572014602589115e+03
39, 6, 9.7823662422891834e+02, 2.4557392366597392e+03
39, 7, -1.3556058190952881e+03, -2.7817433500466918e+03
39, 8, 6.0020843785641682e+03, 2.2015276341361541e+03
39, 9, 6.4816339299859455e+03, 1.8095530502548640e+03
39, 10, 1.8837614109603046e+03, -5.8877913093318341e+02
39, 11, -7.5237159145295061e+02, 3.7200844392092754e+03
39, 12, -3.1704663247491135e+03, -4.6183560118412436e+02
39, 13, 1.1658294267428998e+03, -2.5468081847285339e+03
39, 14, -3.0950524861386234e+03, -9.6609425549998718e+02
39, 15, -7.1930379062645443e+02, 4.6688740317184383e+03
39, 16, -7.9878481368513781e+02, -8.1994308448450545e+02
39, 17, 2.1733046612010958e+03, 3.2316486570373027e+03
39, 18, 1.4511350571561854e+03, -5.7300790014031036e+03
39, 19, -1.7014337445866331e+03, 4.9598989172767706e+03
39, 20, -2.4372809837522582e+03, -2.8242920780782151e+03
39, 21, 1.9533398276588705e+03, -3.7845156067660923e+02
39, 22, 3.6094207437551563e+02, -1.9458658522374913e+03
39, 23, 4.7530654034863528e+03, -1.1866339393336648e+03
39, 24, -8.0158701302999152e+03, -4.0897389715820818e+03
39, 25, -4.6753451990879721e+03, -1.1975847639525932e+03
39, 26, -3.1149800042682450e+03, -2.0902603214942610e+02
39, 27, -3.0959109026476244e+02, 1.5680206200207872e+03
39, 28, 3.8067958142512098e+03, -6.7080835668303625e+03
39, 29, -1.4446444212977276e+03, 3.1925305677012002e+03
39, 30, -1.3226503966665414e+03, -7.4386161543033977e+03
39, 31, -2.3288953993496114e+02, 1.5695972524217923e+03
39, 32, -5.1948929286844259e+03, -6.8418570778182984e+03
39, 33, 4.6693065474587129e+03, 2.4869979687278037e+03
39, 34, 2.0057869949896519e+03, -6.1098033562563182e+02
39, 35, 2.2468227710049623e+03, 4.5927726227558705e+03
39, 36, -1.0714674510982870e+03, -1.8386810558217846e+03
39, 37, -2.8077030741668696e+03, 4.1360300690375079e+03
39, 38, 6.1378599562821382e+03, -2.2081060093978431e+02
39, 39, 2.3043241527540471e+02, -1.0433086002501013e+04
40, 0, -1.2412843178630460e+03, 0.0000000000000000e+00
40, 1, -3.3262260582628855e+03, 1.5862087289690510e+02
40, 2, -8.3968102546197633e+02, -6.5840991871164406e+03
40, 3, 4.2905693443858709e+03, 1.1462135973300697e+03
40, 4, -8.6651899765527378e+02, 1.4940013233815123e+03
40, 5, 2.6306231017428113e+03, 1.0069611128446118e+03
40, 6, -7.1544016531621783e+03, -4.0259274932867061e+02
40, 7, -2.3549700232511636e+03, -4.1708591642235824e+03
40, 8, -5.4212874497878884e+03, 1.6076781000272001e+03
40, 9, 6.2686433192660911e+02, -2.2515351484508546e+03
40, 10, 2.4802340954698711e+03, 2.2610698282996373e+03
40, 11, 5.6323776678956929e+03, 2.9782256765689885e+02
40, 12, 7.5512186406556714e+02, 1.4144347586467982e+03
40, 13, 3.1170354028475185e+03, 3.3515347675013809e+03
40, 14, 1.9689722890726594e+03, 3.2718518380776277e+03
40, 15, -2.3563899758249663e+03, 3.5472819776072163e+02
40, 16, 3.3411361596170937e+03, 6.6880937915511834e+02
40, 17, -4.8028739581426580e+03, -5.3634135510905571e+02
40, 18, 6.0355493954245312e+03, 6.1606213689439210e+03
40, 19, 6.9197616422560714e+01, -8.5411528679246999e+01
40, 20, -1.0147891099514902e+03, 6.6203041802500320e+02
40, 21, -2.7480326091839479e+03, -5.8136992599931364e+02
40, 22, 3.6148296468983572e+03, -3.4453321197833038e+03
40, 23, 1.8486213340693826e+03, 1.3031163283627243e+03
40, 24, 3.6254514463193727e+03, 3.1786755197099383e+03
40, 25, -2.7319139950397403e+03, 1.6533912127926851e+03
40, 26, 2.6773951195690456e+03, 5.8574725284753222e+03
40, 27, -8.2289115776379845e+01, 3.1648504033825111e+02
40, 28, 2.8986623565677592e+03, 3.5328314399300925e+03
40, 29, 3.1757443867550455e+03, 7.0450749899472521e+02
40, 30, 2.2158106361537493e+03, 3.1877765443194212e+03
40, 31, -5.4102478859950897e+03, -1.7364430711794473e+03
40, 32, 7.0124428872043927e+02, -1.2842522109917479e+03
40, 33, 1.7173588270468463e+02, 3.3244830952743237e+03
40, 34, 1.3472666155274812e+03, -5.0139184179572167e+03
40, 35, -4.2832733607989358e+03, 7.6540202122248547e+02
40, 36, 4.7634090071922611e+02, -4.1470334610246186e+02
40, 37, 1.3966481221785230e+03, 3.1893460667505747e+03
40, 38, 3.3921586509206427e+03, -2.3360984011252424e+02
40, 39, -2.3674073136964189e+03, -1.1138054341430134e+03
40, 40, -1.0260290072408898e+04, 2.9758165898056177e+03
41, 0, 2.2190325591738520e+03, 0.0000000000000000e+00
41, 1, -3.7663423676398079e+03, 4.4193128348022628e+02
41, 2, -4.5322967237353350e+03, -5.7265465754846427e+03
41, 3, -1.4744747621594270e+03, 2.0127522535214036e+03
41, 4, -1.0584087023865204e+03, -2.0479236181643021e+03
41, 5, 4.7296279061444284e+02, 6.3998324087502479e+03
41, 6, 1.8771802002846121e+03, 4.9393705423919673e+03
41, 7, 1.2926417775279924e+02, 6.4466611440161823e+03
41, 8, -2.6412662392537650e+03, -8.5198767786641019e+02
41, 9, -2.4771393464343387e+03, -1.3636065080781182e+03
41, 10, -4.4420458101392596e+03, -2.8992537786455205e+03
41, 11, -5.2616408284951342e+02, -2.2816597533624699e+03
41, 12, -2.6745911014622357e+03, -1.3238580517228943e+03
41, 13, 1.9277012840679681e+03, 2.2150336641717486e+03
41, 14, 4.3346188361126233e+03, -1.1241136470161082e+03
41, 15, 2.8458957715721526e+03, -4.8445108528663004e+03
41, 16, 3.7690277862996763e+03, 1.1182250417876173e+03
41, 17, -2.5069028716441409e+02, -7.1806323379528740e+03
41, 18, -3.7158592368523191e+03, 4.7872274756909965e+03
41, 19, 4.8747610422628298e+02, 2.7615771044481407e+03
41, 20, 3.1712949766061120e+03, -3.8082603961069162e+02
41, 21, 5.5721055299375621e+03, 5.5098905968405143e+03
41, 22, 1.6386342454011267e+03, -1.1818766084417302e+02
41, 23, -3.4924455350429521e+03, 4.0394171864687144e+02
41, 24, -9.5771617170627087e+02, -1.2816930199591993e+03
41, 25, 2.4040573978144248e+03, -9.4764018105906393e+02
41, 26, 2.4912513638870478e+03, 4.8783134332032605e+03
41, 27, 4.6000793963003771e+03, -7.2693564987796481e+02
41, 28, 1.0912367046042043e+03, -3.7463626298426957e+03
41, 29, -3.8066013878456135e+02, -2.3578752323933668e+03
41, 30, -1.2937575121780378e+03, 4.9847344160040484e+03
41, 31, -7.8461728679957628e+02, -1.9119562051678349e+03
41, 32, -1.9052475445888131e+03, 2.9237035408104784e+03
41, 33, -3.1217404573449012e+03, 2.0472674236152461e+03
41, 34, 4.2428687083789155e+03, -8.3150446513103657e+02
41, 35, -6.3858013496727699e+03, -4.9119985513263202e+02
41, 36, -1.7237463210007691e+03, -2.0474953293404858e+03
41, 37, 2.6867269662409299e+03, 1.5685551035154599e+03
41, 38, 5.3151245392527926e+00, -7.3147187797292172e+03
41, 39, -1.4586430441707193e+03, 1.5735107192055868e+03
41, 40, 5.4495732651207918e+03, 3.2288020577294183e+03
41, 41, -2.7594684354962169e+02, 3.3468179579261587e+03
42, 0, -1.1276270503028729e+03, 0.0000000000000000e+00
42, 1, -5.4875327356836924e+03, -8.1306079368784333e+02
42, 2, -1.2084712113427522e+03, 1.9329764483246026e+03
42, 3, -3.3167147948642405e+03, -2.6767507977290427e+02
42, 4, 6.5148901006694405e+02, -1.0462841562922827e+03
42, 5, -7.9792510793307952e+02, 2.9942113808033346e+03
42, 6, 8.0146557233386793e+03, -2.2612043990511875e+03
42, 7, 3.1599828227308731e+03, -1.6785372014565646e+03
42, 8, 5.2490674170967814e+03, 4.5009626712451191e+03
42, 9, -4.4916450532706654e+02, 6.1334723742562310e+03
42, 10, -1.0988358678034899e+03, 2.7535916496436457e+03
42, 11, -3.9860757619343167e+03, 5.8057935549711328e+03
42, 12, -7.9425943916345125e+02, -5.8986519664794923e+02
42, 13, 1.8029525825876061e+02, 3.7352772709086539e+03
42, 14, 1.4198749274270660e+03, -3.5983137974488664e+03
42, 15, 1.4559771688749156e+03, 3.0462323542266472e+02
42, 16, -3.6986803886169409e+03, 1.1383094878987120e+03
42, 17, 4.1970862382043761e+03, 2.8629905706303111e+02
42, 18, 7.5793532372054324e+02, -5.0491899464134158e+03
42, 19, 2.7797103810392423e+03, -3.9107021340572419e+02
42, 20, 4.6392602871753934e+02, 1.9995997936047352e+03
42, 21, -3.5294552769063271e+03, -3.4666603753954314e+03
42, 22, 1.2436212619575554e+03, -2.1560492313102395e+03
42, 23, 3.2141268187727023e+03, 1.6108468335181487e+03
42, 24, -2.9846394558987427e+03, 2.8804013546800679e+03
42, 25, -3.6298564237573277e+02, 4.1897195878403036e+03
42, 26, -1.3747964597208206e+03, -3.0958906370500995e+03
42, 27, 3.0522558562774175e+03, -5.3377385521829601e+03
42, 28, -2.9352681139903466e+03, -1.1098612888126345e+03
42, 29, 1.1851572957093110e+03, -2.1445864520207747e+03
42, 30, -2.0903751776941644e+03, 4.8899254068205546e+03
42, 31, 1.8818094449318064e+03, 3.6007852633768625e+03
42, 32, -9.6979659857832030e+02, 3.6150442660488125e+02
42, 33, 1.1789892630165778e+03, -3.7436360140813613e+03
42, 34, -2.0353732119558418e+02, 2.9194119759289497e+03
42, 35, 8.6335845445319137e+00, -1.1813314493261271e+03
42, 36, 3.6922601840331495e+03, 2.7703263631680234e+03
42, 37, -1.2427046789799979e+02, 4.2292471505052727e+03
42, 38, 1.4149870253375129e+03, -5.0825191143504253e+03
42, 39, -2.6670246479271436e+03, 1.6753605652084241e+03
42, 40, 3.5433517941458422e+03, 3.7414816609487443e+03
42, 41, 1.7563410682077179e+03, -1.7826157579041546e+03
42, 42, 4.8511645649820912e+03, -2.1460109975901551e+03
43, 0, -1.4719382023984917e+03, 0.0000000000000000e+00
43, 1, 2.7831462229637100e+03, -9.7129616121709023e+02
43, 2, -4.0547706561607770e+03, 4.2812359601371099e+03
43, 3, 1.1187007111518296e+03, 5.4171637578881791e+02
43, 4, -9.3901107453408395e+02, 1.3447567261299964e+03
43, 5, -2.3820298140923069e+03, -3.9171039671118197e+03
43, 6, -1.0348010681433841e+03, -3.4036150185936872e+03
43, 7, 1.3423109002087710e+03, -1.0205682344985680e+03
43, 8, -1.4365337919704873e+03, -2.3756454091946071e+03
43, 9, -2.4611549698797853e+02, -2.5704610330724017e+03
43, 10, 3.2585727108995648e+03, 1.8775060166585545e+03
43, 11, 2.1938934327391798e+03, 2.9530802548613647e+03
43, 12, 6.8580691057482036e+03, 4.4954233766048890e+02
43, 13, -1.7197299756577129e+03, -8.7034885710439596e+02
43, 14, -1.7334423705890986e+03, 9.6010935620754208e+02
43, 15, -3.8738175078830127e+03, 4.4054453234643970e+03
43, 16, -3.9755083324766529e+03, -1.3255491941762248e+03
43, 17, -1.2876087408768819e+03, 4.9714261872534316e+03
43, 18, 1.3660494931065650e+03, -2.2565906306828347e+03
43, 19, -1.9431392768796252e+02, 2.9462952677142357e+02
43, 20, -4.6077261251570853e+01, -2.3341846860650639e+03
43, 21, -2.3457557981537939e+03, -5.5410596537680913e+03
43, 22, -3.2618067481725661e+03, 6.9899790918731355e+02
43, 23, -1.3545469096417078e+03, 2.0334703200523904e+03
43, 24, 1.4392174679933282e+02, 9.7223440573450853e+02
43, 25, -1.1630535849724799e+02, -6.7203227703181915e+02
43, 26, 3.0268269985615270e+03, -7.2016303817762036e+01
43, 27, -6.6094746088085117e+02, 1.4944505098331865e+03
43, 28, 8.9374024811061872e+02, -1.3774616868989388e+03
43, 29, 7.0675532892542392e+01, 3.5079529568338121e+03
43, 30, -3.3283613502893922e+03, -9.1983972403199004e+01
43, 31, 4.8162547301776558e+03, 7.6828770045924205e+02
43, 32, -1.3164438304572000e+03, -6.6360266887313082e+02
43, 33, 8.3841517074601543e+03, 3.7686530646070787e+02
43, 34, -3.6676328018580816e+03, 1.8225435959671661e+03
43, 35, 3.8103753444188096e+03, -6.1649420860125838e+02
43, 36, -4.6541657794249454e+02, 5.4759990595158206e+03
43, 37, 2.1772688768512171e+03, -9.1448118003591094e+02
43, 38, -4.5739554975879082e+02, 2.5861378293729667e+03
43, 39, -5.6956204767569807e+02, 1.6310121962569115e+03
43, 40, -1.7631902588290545e+03, -1.3673136365859705e+02
43, 41, 5.0839245485700785e+03, -2.0161323413605603e+03
43, 42, -6.9065484726649747e+03, -4.1466063502914740e+03
43, 43, -2.0643990366807416e+03, 2.0338309228407206e+03
44, 0, 1.4426161292754286e+03, 0.0000000000000000e+00
44, 1, -2.5171402866861536e+03, 1.2097868490810711e+03
44, 2, 5.9385853489311660e+02, -1.5474786377966393e+03
44, 3, 3.9052765664730737e+03, 1.0544487542465117e+03
44, 4, -1.2757728500339356e+03, -1.9895328848209203e+02
44, 5, -1.9330703358755238e+02, 1.3092185188033241e+03
44, 6, -4.1146084012429365e+03, 7.5231226433824463e+02
44, 7, -5.2151172095082802e+03, -3.7129797985720870e+03
44, 8, -4.0211193636543453e+03, -1.1437614327241497e+03
44, 9, 3.0956224268171745e+03, -4.4273457031871876e+03
44, 10, 4.5569683952851810e+03, -7.1589997945745040e+02
44, 11, 2.0358099693574109e+03, -5.4173841956628712e+03
44, 12, 6.0209043867736173e+03, -5.9039799567456805e+02
44, 13, 1.0693698886141931e+03, -7.6089552925249745e+02
44, 14, 4.1266321518077866e+03, -1.5654978243808516e+03
44, 15, 6.1480766800905030e+01, -3.5217493063821812e+03
44, 16, 7.0507254892758119e+03, -1.1391819504229766e+03
44, 17, -1.9318754466186733e+03, -2.2439155329051196e+03
44, 18, -3.7703503423396114e+02, 1.4808171702989712e+03
44, 19, -3.9855611815199245e+03, 1.0231457747388865e+03
44, 20, -1.9110333992219289e+03, 1.7922338295025390e+03
44, 21, -3.3051364649726188e+03, 4.1287140061426026e+03
44, 22, 2.8726238411088923e+02, 3.8778702144613510e+02
44, 23, -1.8624099460107169e+02, -1.7478001351078633e+03
44, 24, 6.1187385914842889e+03, 4.3976887902334852e+02
44, 25, -2.1935630848616556e+03, 6.4643454495469155e+02
44, 26, -3.2841342568236901e+03, -2.8189051760809798e+02
44, 27, -1.4490534063544646e+02, 2.2104014501597521e+03
44, 28, -6.0828446912347817e+02, -1.2320925694765140e+03
44, 29, -1.6333030452301650e+03, 9.5175098892576443e+02
44, 30, 1.9363231710879236e+03, -1.0912145568588298e+03
44, 31, -2.7134294925617573e+03, 2.3701161291967601e+03
44, 32, -3.9096202889365650e+03, -5.9519761314636889e+03
44, 33, -3.0291067019363118e+03, 3.2391179997508311e+03
44, 34, 8.7669452798687348e+02, 4.5144093919586794e+00
44, 35, 2.5750498570632321e+03, 2.3454232792143648e+02
44, 36, 1.9832375438748279e+03, -2.3597547316270684e+03
44, 37, -1.4023483248435555e+03, -1.5811062387419452e+03
44, 38, -3.0583855788046353e+03, -1.2245232282907666e+03
44, 39, 9.6226013392504501e+02, 5.6536152142111996e+02
44, 40, 1.8890640617121458e+03, 2.1529742502446402e+03
44, 41, 1.6258283998715598e+02, -2.1291478782970753e+03
44, 42, 4.2462423061861937e+03, -1.0933473414653840e+03
44, 43, -1.4994780693259308e+03, 5.1908367528651788e+03
44, 44, 2.5182934553285786e+03, 8.9345102728998609e+02
45, 0, -3.6973993928289783e+03, 0.0000000000000000e+00
45, 1, -2.1092917819978902e+03, 4.9004146570807916e+02
45, 2, -1.3169145244135293e+03, -1.4061939526337919e+03
45, 3, -1.5263064863449586e+03, -4.7331518051760067e+03
45, 4, 5.1286144571096356e+03, -1.4470603638568755e+03
45, 5, 1.9011383568518036e+03, 1.3182911327186885e+03
45, 6, 4.4354168966100142e+03, 2.5422178314984458e+03
45, 7, 3.2677424984714071e+03, 3.9885132783171207e+03
45, 8, 4.2890919368544917e+02, 2.3597124972556062e+03
45, 9, -3.8404748716040722e+03, 2.3525023912150205e+03
45, 10, -5.9832653539856074e+03, -4.7824556407874434e+02
45, 11, -2.7797968799102023e+01, 3.3551818059356651e+02
45, 12, -2.0120646988085268e+03, -4.5468806676105505e+03
45, 13, -3.3482629372126976e+03, -4.2958148303971648e+03
45, 14, -2.0594478185319448e+02, -4.0648277020100704e+02
45, 15, 8.8210751952763724e+02, -1.9084481612375544e+03
45, 16, 8.5451214061478822e+02, 2.6434457570567247e+03
45, 17, 1.9248936119677032e+03, -2.7945112371373148e+02
45, 18, -9.1802235165713319e+02, -6.0808323325006695e+03
45, 19, 4.4223696206825307e+03, -7.4813353835341707e+02
45, 20, -1.5374712230360598e+02, -2.5869638877087291e+03
45, 21, -1.1099423747131291e+02, -8.1253202820122647e+02
45, 22, -1.6342651978716749e+03, 5.5386994295263494e+03
45, 23, 4.4081930179452706e+02, -9.8924847340965266e+02
45, 24, -1.2516933650456749e+03, 5.8556522599487389e+03
45, 25, 7.5683002503531111e+02, -2.3667833909171568e+03
45, 26, -2.0807622410891986e+03, 2.8349798277995883e+03
45, 27, -1.2141848984047103e+03, -3.2443310169113802e+03
45, 28, 3.1117138684483957e+03, -1.1161081527047829e+03
45, 29, 6.8890424322374554e+02, 2.1029818819778561e+03
45, 30, 2.1363008429054726e+03, -5.4353622674968369e+02
45, 31, -2.5733928282810612e+03, -5.3576770120280003e+02
45, 32, 6.3827908978686492e+02, 2.1076558105631084e+03
45, 33, -6.8728243103895647e+02, 9.6692941239317270e+02
45, 34, 1.3651238061030836e+02, 1.7363779330633440e+02
45, 35, -3.7682296640737000e+03, 2.1165916040380639e+03
45, 36, 2.0885145772932856e+03, 1.9456852749708366e+03
45, 37, -1.0755749797763847e+03, 2.1574255476114249e+03
45, 38, -2.8893712181558453e+03, -1.5614353138292956e+03
45, 39, 2.3726932348816299e+03, 4.6301331583819376e+02
45, 40, 9.2926569208490503e+02, -3.7406032319431570e+03
45, 41, -4.4679306388109599e+03, -5.0638828975118722e+03
45, 42, -2.5778893153772256e+03, 1.5766495301447057e+03
45, 43, 2.6419078025592225e+03, -4.0012399870362528e+03
45, 44, -4.5369768975680870e+02, -1.9137460546709635e+03
45, 45, 2.1876626407841741e+03, -1.7769555429576931e+03
