0, 0, 6.5000000000000000e+04, 0.0000000000000000e+00
1, 0, -1.0625801469584621e+04, 0.0000000000000000e+00
1, 1, -6.1935674032112638e+02, -4.8083871521506298e+03
2, 0, -0.0000000000000000e+00, 0.0000000000000000e+00
2, 1, 1.3828921204117332e+03, 7.4656986859130052e+02
2, 2, -3.1964113336523251e+03, 2.7534972762773782e+03
3, 0, 9.2649460412631663e+02, 0.0000000000000000e+00
3, 1, -1.4507173694099802e+03, -1.9967058945786728e+03
3, 2, -1.2524002088620512e+03, 1.8279406296704137e+03
3, 3, 1.2205617632920289e+03, 3.7030964033096966e+03
4, 0, 1.0572358298120221e+03, 0.0000000000000000e+00
4, 1, -7.6694198688508482e+02, -2.3913573107734388e+02
4, 2, 2.2685826177679592e+03, -5.8678925155767047e+02
4, 3, -2.0546388491377784e+03, 1.9592016030808449e+02
4, 4, -5.8343803108908492e+02, -5.5551730164133471e+02
5, 0, -1.9298635777563920e+03, 0.0000000000000000e+00
5, 1, 5.3321178208917945e+02, 1.8083294533854580e+03
5, 2, -1.2491426202883347e+03, 3.6677185246851701e+02
5, 3, 8.1326380557114703e+02, 1.8554740789817383e+03
5, 4, -8.3308449658178532e+01, -2.4307909434479197e+03
5, 5, -6.5037924749138404e+02, 2.7958896862832478e+02
6, 0, 9.4880242956249106e+02, 0.0000000000000000e+00
6, 1, -3.9120504629235000e+02, -5.0755661378214830e+02
6, 2, -1.0168544296234429e+03, 4.8605325941348667e+02
6, 3, -8.8522171425585623e+02, -4.2172305133045359e+02
6, 4, 4.2701139903485841e+02, 7.4832186706070479e+02
6, 5, 1.0878981314233042e+03, -1.3272678779896430e+02
6, 6, 1.1032767298195593e+03, 3.1500247501916442e+02
7, 0, 1.1820081412635334e+03, 0.0000000000000000e+00
7, 1, -2.7457989385085182e+02, 1.0434616271058539e+03
7, 2, 1.2248381986397881e+03, -8.7653201985861381e+02
7, 3, 4.2264031466073538e+02, -2.4607044725994825e+02
7, 4, -2.6518441982838954e+02, -8.9023730104387857e+02
7, 5, 5.4767027668086229e+01, 2.1388074615664112e+02
7, 6, 5.5793301129737267e+02, 2.3721073524898657e+01
7, 7, 3.8935863649008769e+02, -6.7231049790691452e+02
8, 0, -4.8384708065536438e+02, 0.0000000000000000e+00
8, 1, -1.3206351056129253e+02, 6.0498479092560024e+02
8, 2, 1.1087854909246587e+01, 5.8238637512989357e+01
8, 3, 1.9800755702507200e+02, 1.9159223564583155e+02
8, 4, 1.9898326438868685e+02, 6.5439602206945654e+02
8, 5, 2.8990960555052476e+02, 5.8229545657729011e+02
8, 6, -6.2223696663171097e+02, -3.9426729507061953e+02
8, 7, 2.1306829698612376e+02, 4.4655627766818714e+02
8, 8, -4.7351808232378590e+02, 4.4740120971063867e+01
9, 0, -3.2714466444858374e+01, 0.0000000000000000e+00
9, 1, 5.4926713300680763e+02, -1.1006641794716238e+03
9, 2, -3.8315303976785145e+02, 2.8423124131158380e+02
9, 3, -1.9944404804875234e+02, -4.2136261652661511e+02
9, 4, -1.6356986503052673e+02, 6.2362856182313216e+01
9, 5, -4.5793780385115190e+02, 2.2126110751514400e+02
9, 6, 2.7306507057749832e+02, 7.9213823157501849e+02
9, 7, 1.8430071680037793e+02, -8.9541622350569094e+02
9, 8, -5.6979476045255910e+02, 3.3194483370422984e+02
9, 9, -3.0526089964617364e+02, -4.0444668329029861e+02
10, 0, 3.3375265508401418e+02, 0.0000000000000000e+00
10, 1, 3.9157218348179509e+02, -7.0430482165571121e+01
10, 2, -3.2266934863132713e+02, 2.9010252268172785e+00
10, 3, 6.9483644604786923e+02, 1.8659526086897350e+02
10, 4, 3.1281399551195065e+01, -5.2972058525231705e+02
10, 5, -2.7577415896305354e+02, -4.9628892549333379e+01
10, 6, 1.8607308367898599e+02, -4.4521730596728617e+02
10, 7, -1.4542670993409072e+02, -3.3172605377315966e+02
10, 8, -4.3829833090919106e+00, 4.7743960020780008e+01
10, 9, -3.0498317812158575e+02, -5.0634576437730487e+02
10, 10, 7.3946043456892184e+01, 2.2968160807852050e+02
11, 0, 3.0303786434146069e+01, 0.0000000000000000e+00
11, 1, -4.8625311319433416e+02, -1.0441931395156202e+02
11, 2, -1.0258836964868540e+02, 3.3319726764302374e+02
11, 3, 9.7029118750493097e+00, -2.8807217521856165e+02
11, 4, 1.9824192435702975e+02, 2.1715374620759150e+02
11, 5, 2.3425642918875425e+02, -1.4995314110237518e+02
11, 6, 3.5354217143514279e+02, 2.8971469437583562e+02
11, 7, -1.7216622824329198e+02, -1.9082679124473381e+02
11, 8, 2.3288900016273905e+02, 2.5282417466748512e+02
11, 9, -1.1720303261981468e+02, -1.4720300375102607e+01
11, 10, 4.2951729943690111e+02, -5.5826368538477304e+01
11, 11, 1.1006369552869724e+02, 7.9327496357472910e+01
12, 0, 3.1087781338301738e+02, 0.0000000000000000e+00
12, 1, 1.9274692991173490e+02, -1.5771423224675485e+02
12, 2, 1.4913025497539965e+02, 5.8673676389656805e+01
12, 3, 7.1524686340831352e+01, 6.2463738103838764e+01
12, 4, 2.3699356005548512e+02, -1.3597080315227259e+02
12, 5, 3.3313565156215469e+02, -1.2076213130189620e+02
12, 6, -9.8721955033603095e+01, -1.4468010512532726e+02
12, 7, 2.8060778283547108e+02, 2.9791936139342261e+02
12, 8, -3.8027017581716251e+02, -2.7867606910821269e+02
12, 9, 3.6010234572863681e+02, 2.4744195857602594e+02
12, 10, 4.3712841893016895e+02, 2.0919096810527060e+02
12, 11, 5.1195617069821353e+01, 3.0306698606882571e+02
12, 12, 1.1514220232296162e+02, 2.7114300083860186e+00
13, 0, -1.6865405785993141e+02, 0.0000000000000000e+00
13, 1, 2.3546663817520016e+02, 5.5115743234426805e+02
13, 2, -3.0425596289156880e+02, -2.0568502786574933e+02
13, 3, 3.5691498327668035e+02, 3.0640392981695715e+02
13, 4, 2.7157940919965722e+02, 1.1133243392985176e+02
13, 5, -1.0487778158521719e+02, 1.1197954811311118e+02
13, 6, -5.2660509904381433e+02, 3.8513182881894375e+02
13, 7, 2.8156193599366691e+01, 1.1051888580507610e+01
13, 8, -3.4014080445598694e+01, 4.9115425928927955e+01
13, 9, 3.6238579489285780e+02, 2.2892524301313557e+02
13, 10, -1.9601998788122424e+02, -1.2537804335411833e+02
13, 11, 1.6680541317996052e+01, 1.5579958555850763e+02
13, 12, -3.0309600540905240e+02, 1.9119353559358238e+01
13, 13, -3.3825772111177906e+02, -7.9695122644372134e+01
14, 0, 4.1335325440603265e+02, 0.0000000000000000e+00
14, 1, 7.2056537631490087e+01, 1.7280331930916810e+02
14, 2, 9.2684652678304758e+01, -1.1411319479274768e+02
14, 3, 1.1856821394954969e+02, -1.2837910865414131e+02
14, 4, -1.9157958310045234e+02, 1.8548387028367483e+02
14, 5, -1.2807908161642771e+00, 3.2872694755006947e+01
14, 6, -9.0589109014100131e+01, 1.4162870715673168e+02
14, 7, -1.8803704165653033e+02, -3.3406187065344170e+01
14, 8, -1.9176313241026179e+02, -1.4364549214173579e+02
14, 9, 2.1751432681961091e+02, 2.5837540104281874e+02
14, 10, 1.5066392483975244e+02, -1.7964733952068840e+01
14, 11, -3.1908419385749551e+02, -2.1104403673719708e+02
14, 12, -1.5161869134741985e+02, -1.7196538098347270e+02
14, 13, 3.5604581340377791e+01, 1.0211127007126757e+02
14, 14, 1.0753065737339226e+02, -8.5508612049506581e+01
15, 0, 1.1803491338484386e+02, 0.0000000000000000e+00
15, 1, 8.4283198782825238e+01, -2.0955472452642817e+02
15, 2, 1.8668447949206140e+02, -9.8413421681175080e+01
15, 3, -7.4693707524627470e+01, -4.0226335292046571e+01
15, 4, -1.1203438901210390e+01, 1.9450626936019734e+02
15, 5, -1.0986958164870910e+02, 1.4631934430071399e+02
15, 6, -2.3335658374056425e+01, -1.5610097284337350e+00
15, 7, -4.0673950317511363e+01, -8.9004701701748843e+01
15, 8, 1.4951672638038212e+02, -1.6620049256406148e+02
15, 9, -5.0620732552889854e+02, -6.3458180513682194e+01
15, 10, 1.5401435871141510e+02, 3.5162254749137681e+01
15, 11, -2.7378148483423104e-01, -7.5161066381068657e+00
15, 12, 4.8456571217424772e+02, 3.5109537682710695e+01
15, 13, 1.0454760714484057e+02, -8.5909284762962102e+01
15, 14, 5.5496159855686614e+01, -1.4788504511869547e+02
15, 15, 3.0758303343615847e+02, 9.9546395366978146e+01
16, 0, 3.0146946664450650e+02, 0.0000000000000000e+00
16, 1, -3.4406758568120949e+01, -4.0354369919623757e+01
16, 2, 3.7367290925963755e+02, 2.5147421247327776e+02
16, 3, -1.2209219912810336e+02, -3.7429728201461046e+01
16, 4, 2.3289611903819389e+02, 5.3341507868826078e+01
16, 5, 4.2547851077629836e+01, 3.1117633393288600e+00
16, 6, -1.7256321919857527e+01, 1.2521071319307971e+01
16, 7, -1.2399633955711647e+02, 1.0112600663024651e+02
16, 8, -7.0247362660318956e+01, -1.5452711695105370e+02
16, 9, 1.7945039738203909e+02, 1.8710107676683243e+01
16, 10, 1.3998420568832375e+02, 9.1356861211794268e+01
16, 11, -1.1189287069173270e+02, -2.9986259299964507e+02
16, 12, -3.0562603338843678e+02, 8.0079022343198460e+01
16, 13, 4.9310713062173285e+01, 5.8961954481255788e+01
16, 14, -1.8066598109624678e+02, -5.8735568796299731e+01
16, 15, 2.8032936597517948e+02, 2.9916740890527279e+01
16, 16, 2.5962528318719173e+01, 1.0935907009180096e+02
17, 0, 1.0581379171520459e+02, 0.0000000000000000e+00
17, 1, 1.6533323560378182e+02, -6.6394519581027076e+00
17, 2, 9.8464819606261059e+01, 2.5799184585737299e+02
17, 3, 2.8594871629723946e+02, 1.1296024108284493e+02
17, 4, 3.7250728946610053e+01, -3.8481236316679777e+01
17, 5, 5.6232774462231347e+01, 1.6576392562435237e+02
17, 6, 9.1738330560594846e+01, -1.3766505338047270e+02
17, 7, 5.9879402490231016e+01, 1.6240090345419367e+02
17, 8, -4.7060724780323120e+01, -2.3971728215894867e+01
17, 9, -1.4201804046963508e+02, 2.2404025319184296e+02
17, 10, -1.1532080368080634e+02, 6.6756520776260587e+01
17, 11, 1.9091083968922089e+02, 4.1718546478003628e+02
17, 12, -2.2718940563984484e+02, 8.1662615208397412e+01
17, 13, 2.0511081159715883e+02, 1.3155021785297646e+02
17, 14, -1.1721295929341309e+02, -5.1879979401669914e+01
17, 15, -7.4329776140907029e+01, -6.6197431144926583e+01
17, 16, -8.3149084947241363e+01, 6.6037500020942907e+00
17, 17, -1.6659374118466289e+02, -1.6981044214289717e+01
18, 0, -2.5967479620408319e+01, 0.0000000000000000e+00
18, 1, -1.4875061300781862e+01, 1.4347928665080155e+02
18, 2, -1.1902405329008720e+02, 2.3320792112093592e+01
18, 3, 1.1104310956789973e+02, -9.8056567839795733e+01
18, 4, -1.6528212480315102e+02, -7.5772437717527069e+01
18, 5, -1.4103493162838692e+01, 8.2757500335607304e+01
18, 6, -4.0765761634246417e+01, 4.8463586859632969e+01
18, 7, -5.2010059504283902e+01, -5.9756548406881613e+00
18, 8, -8.9572831350689796e+01, 9.3037784372065261e+01
18, 9, 5.9982198811218041e+01, -4.2937163661261553e+02
18, 10, -7.3489599694624928e+01, 1.7140929807984429e+02
18, 11, -1.0030117557377309e+02, -1.0756658364222537e+02
18, 12, -5.3903983982704865e+01, 2.6630748204186409e+02
18, 13, 1.5452767465487469e+02, -5.7680517536937344e+01
18, 14, 9.7224067406680504e+01, -9.3332887794012507e+01
18, 15, -1.9951618538404645e+02, -5.3590904455143047e+01
18, 16, -1.7414416411311169e+02, 8.6077760884086587e+01
18, 17, -2.4600000874828453e+02, -1.1687535547122269e+02
18, 18, 9.6403040381634241e+01, -1.3207275363495317e+01
19, 0, 4.6838691246492722e+01, 0.0000000000000000e+00
19, 1, -4.0560491285909869e+01, 4.0637248127728277e+01
19, 2, -2.2491097126184073e+01, 5.9270308184700674e+01
19, 3, -1.0194522579345993e+02, -1.0982024066923618e+01
19, 4, -1.3905547210108659e+02, -4.3425252731484981e+01
19, 5, -5.2354108785981211e+01, -1.0291493307140234e+02
19, 6, -1.5904012967933559e+02, 1.4542933931094362e+02
19, 7, -6.1796251946645896e+01, -2.3565442152205250e+01
19, 8, -2.2394723328341456e+01, -1.0803932407532868e+02
19, 9, -4.3931247783830088e+01, -2.1547214080522991e+02
19, 10, -7.8446850660219027e+00, -1.2925758953966584e+02
19, 11, 7.8911347505320308e+01, 5.9743327410727588e+01
19, 12, -2.4057816155842835e+02, -1.0083159036781925e+02
19, 13, 9.0459666716913503e+01, -1.1312709574618587e+02
19, 14, -4.7907039684581825e+01, -2.1068619352492785e+01
19, 15, -1.0345185370057087e+02, -1.4046096301839236e+02
19, 16, -8.3155710394602906e+01, 7.0964152599351735e+01
19, 17, 1.2160099835333654e+02, 8.4173795425735264e+01
19, 18, -1.4802912869256511e+02, -5.6591822899994469e+01
19, 19, -3.0519897598653451e+01, -1.1314743686023286e+02
20, 0, 9.7315792525590030e+00, 0.0000000000000000e+00
20, 1, 1.9057046989135165e+02, -8.8856894899713737e+01
20, 2, 3.4876283443595284e+01, 1.8983967568495828e+01
20, 3, 2.0767262157338109e+02, 1.9820810842125546e+01
20, 4, 6.4239607051328434e+01, 9.2031343087802043e+01
20, 5, -4.3973361179280602e+01, 5.9597131206799475e+01
20, 6, 2.3075575291247336e+01, 7.3255158497129912e+01
20, 7, 8.7364518658891143e+01, -2.9138511573988563e+02
20, 8, 4.4179627084817980e+01, -4.6458003695553529e+00
20, 9, -2.1681349622576519e+02, 1.4434351971302886e+01
20, 10, -5.8867859947032585e+01, 2.8219840249140738e+01
20, 11, -2.3306214791084537e+02, 1.7922267109190057e+02
20, 12, 1.5969174461199458e+02, 1.4946450662351975e+01
20, 13, 3.1926650860204637e+02, 2.2949751703114813e+00
20, 14, -1.1615031078960459e+02, -1.6079855544918274e+02
20, 15, -4.3857783477522210e+00, 1.4092551589094541e+02
20, 16, -7.6829732767415235e+00, -1.7446314244602593e+02
20, 17, 1.3027284767309942e+02, 9.4409450151542288e+01
20, 18, -2.3587047028136492e+01, 4.2589574452516281e+01
20, 19, 1.2937678779448370e+02, 2.6710973572209980e+02
20, 20, 3.0591231563027655e+01, 1.0211941879179741e+02
