0, 0, 0.0000000000000000e+00, 0.0000000000000000e+00
1, 0, 1.1356391043555072e+02, 0.0000000000000000e+00
1, 1, 6.6194134707687722e+00, 5.1389935098009431e+01
2, 0, 0.0000000000000000e+00, 0.0000000000000000e+00
2, 1, -1.6792241649163120e+01, -9.0655974516543179e+00
2, 2, 1.1940265406250177e+01, -1.7897879898483794e+01
3, 0, -1.7018440449557179e+01, 0.0000000000000000e+00
3, 1, 1.8979057169659708e+01, 3.6438751153618178e+01
3, 2, 6.4345915766701864e+00, -1.7108221277827390e+01
3, 3, 3.8234909675444229e+00, -3.0190658984128124e+01
4, 0, -8.5719232486519346e+00, 0.0000000000000000e+00
4, 1, 1.1712585352982265e+01, 5.3471113875516298e+00
4, 2, -2.6671691470528614e+01, 5.1159492693380848e-01
4, 3, 2.8028779142915848e+01, -2.3802204948527415e+00
4, 4, 6.9042885511522272e+00, -2.5412736881305946e+00
5, 0, 2.0288283565010214e+01, 0.0000000000000000e+00
5, 1, -5.5998800648160048e+00, -1.8584413457998298e+01
5, 2, 1.0449203098289695e+01, -5.1160419457118920e+00
5, 3, -6.3692053118277991e+00, -2.0677310846047902e+01
5, 4, -2.9755139220661153e+00, 2.4536108929066391e+01
5, 5, 3.5746941370957401e+00, 3.8045941525500560e-02
6, 0, -9.2228698850357276e+00, 0.0000000000000000e+00
6, 1, 6.0911141021138988e+00, 4.1589728687065808e+00
6, 2, 1.2121444842816532e+01, -3.9682120902960420e+00
6, 3, 1.0751857653930589e+01, 5.0035689051086507e+00
6, 4, -3.7600817542824236e+00, -5.7435202975008597e+00
6, 5, -1.0464499181671776e+01, 3.0483061284939237e+00
6, 6, -9.5631637571460750e+00, -2.6981834550119892e+00
7, 0, -1.1797891380444048e+01, 0.0000000000000000e+00
7, 1, 4.4793485039571905e+00, -1.1662595913517089e+01
7, 2, -1.0385802582477929e+01, 8.9169329162589790e+00
7, 3, -3.6807513401946199e+00, 2.2671748719065317e+00
7, 4, 5.5498354993712269e+00, 9.2892821196254420e+00
7, 5, -8.0468475792816629e-01, -3.7974861357568055e+00
7, 6, -6.7053581510779265e+00, -2.2987426733958651e+00
7, 7, -3.7881678809874306e+00, 5.4530542661129484e+00
8, 0, 5.3888273509577633e+00, 0.0000000000000000e+00
8, 1, 1.2735149188665766e+00, -5.6696076620840294e+00
8, 2, 1.9575887307506536e+00, -4.6775324494093606e-02
8, 3, -3.5223009302868316e+00, -3.6073478268202863e+00
8, 4, -3.2570850349203617e-01, -6.8940282347713904e+00
8, 5, -6.3325265680008851e+00, -8.1563589779382397e+00
8, 6, 5.6681748563707695e+00, 2.2021183735390037e+00
8, 7, -2.8439121281086210e+00, -2.9335235446147401e+00
8, 8, 4.7552497507982405e+00, -7.7023205858193844e-01
9, 0, 5.0720606032809146e-03, 0.0000000000000000e+00
9, 1, -5.3460187665805421e+00, 1.1134993644289045e+01
9, 2, 5.4406247861059285e+00, -2.5699860599259430e+00
9, 3, 9.3667753063495596e-01, 3.2830598657045256e+00
9, 4, 2.0940272322356068e+00, 1.2758175007086074e+00
9, 5, 2.1623321133944362e+00, -4.2076410552564472e+00
9, 6, -1.9418128043123071e+00, -7.7448876482438198e+00
9, 7, -2.7011025196306662e+00, 1.0573144434509244e+01
9, 8, 7.5110092760258764e+00, -3.7094586178132509e+00
9, 9, 1.8506817732520537e+00, 3.5205860155364190e+00
10, 0, -2.6223051199198881e+00, 0.0000000000000000e+00
10, 1, -2.9900700796873316e+00, 1.0108973187235835e+00
10, 2, 3.3974313428916547e+00, -1.3859314380675638e+00
10, 3, -7.6607758381346551e+00, -1.4209199601154328e+00
10, 4, -1.8031200115470338e+00, 5.4784777681432750e+00
10, 5, 3.4083898027660977e+00, -7.6988845180931786e-01
10, 6, -1.1409899625398623e+00, 6.0330420050071956e+00
10, 7, 1.9135785171548245e+00, 2.7305590274183418e+00
10, 8, 7.0249001310513859e-01, 4.9553832638718864e-01
10, 9, 1.4329432960541570e+00, 3.5394722181461082e+00
10, 10, -1.1106580681284210e+00, -1.4972564134654491e+00
11, 0, -6.3555243645213255e-01, 0.0000000000000000e+00
11, 1, 4.0476423194581308e+00, 8.1365027260712819e-01
11, 2, 6.8322580956381196e-01, -4.6519861581808746e+00
11, 3, -1.6757535268175361e+00, 3.9080575549575047e+00
11, 4, -3.9556881335096694e+00, -3.0279772197820081e+00
11, 5, -7.8599507124532852e-01, 2.6398981471684650e+00
11, 6, -3.9568597037862308e+00, -2.9751074390895003e+00
11, 7, 2.5814422257663865e+00, 9.3049850181203597e-01
11, 8, -3.8407854617390900e+00, -1.6910478063532715e+00
11, 9, 7.1184992483102039e-01, -3.5478252173123992e-01
11, 10, -4.0454153656204470e+00, 2.9557044488554709e+00
11, 11, -1.1939270203349328e+00, -1.2124777989753857e+00
12, 0, -2.8659715023297316e+00, 0.0000000000000000e+00
12, 1, -3.2972280208962590e+00, 1.5493240204984733e+00
12, 2, -1.6372764834748323e+00, 3.0046985811843063e-02
12, 3, -2.4319421100661898e+00, -2.6621400998615452e-01
12, 4, -2.5387195127938837e+00, 1.5337374281091463e+00
12, 5, -2.5503980323428670e+00, 2.4149249595608877e+00
12, 6, 5.3185424207279985e-01, -4.4682994637640938e-01
12, 7, -2.3867963175670424e+00, -3.1739669646895230e+00
12, 8, 1.9885587608601041e+00, 2.3861553537359081e+00
12, 9, -2.8396205036933679e+00, -1.9627545079492015e+00
12, 10, -3.8857401404718672e+00, -5.0839633992797406e-01
12, 11, 4.9864665019458521e-01, -5.0463158064858948e+00
12, 12, -1.1831242144896807e+00, -1.3294549446041445e-01
13, 0, 1.1407549928421132e+00, 0.0000000000000000e+00
13, 1, -3.0138535897099965e+00, -5.2885349204904673e+00
13, 2, 3.2781484277528867e+00, 3.0361417427214752e+00
13, 3, -3.3456218136269533e+00, -2.8765236088988364e+00
13, 4, -2.5377836608122379e+00, -3.3859670600870428e-01
13, 5, 1.0618752448183126e+00, -1.5852603796874705e+00
13, 6, 5.3471564263304945e+00, -4.9305528153021960e+00
13, 7, -1.1565437820483349e+00, 3.3914247806395936e-01
13, 8, 7.8636185654403778e-02, -5.0131328289341037e-01
13, 9, -2.3904058572343487e+00, -1.3902604370690654e+00
13, 10, 1.7929986151695929e+00, 5.2741978137694678e-01
13, 11, 6.9612936388602353e-01, -2.5000243912781648e+00
13, 12, 1.3985352764730301e+00, -6.7987642304918527e-01
13, 13, 3.8871307233530783e+00, 1.7918723325740038e+00
14, 0, -3.7746899501851860e+00, 0.0000000000000000e+00
14, 1, 9.3614001163392135e-02, -1.3805774822635331e+00
14, 2, -4.3600776482555426e-01, 5.7051293603335873e-01
14, 3, -7.1851282169230912e-01, 9.3793096096956474e-01
14, 4, 2.1429692039821986e+00, -2.8685188934151427e+00
14, 5, -4.7357894006930135e-01, -1.3598953873752895e+00
14, 6, 8.2704884754473051e-01, -1.4931049832037395e+00
14, 7, 1.3848228720770637e+00, 5.8989175660422744e-01
14, 8, 2.7776927513453642e+00, 1.8249766434416901e+00
14, 9, -1.9312478794290815e+00, -1.3250438793037933e+00
14, 10, -1.4660936411337373e+00, -1.5215801396118334e+00
14, 11, 2.1674626807774384e+00, 2.2638880337090059e+00
14, 12, 1.0226137135715623e+00, 1.3779400340546799e+00
14, 13, 4.5468786686452933e-01, 1.2028658164410189e+00
14, 14, -1.0153204931041890e+00, 4.9202013474587414e-02
15, 0, -6.5832817909916219e-01, 0.0000000000000000e+00
15, 1, -5.8828356992647302e-01, 2.3076331608253549e+00
15, 2, -2.1772216880248396e+00, 1.7735997410051274e-01
15, 3, 1.6874217971849159e-01, 9.3063495102568616e-02
15, 4, -6.1069300484908151e-01, -2.7388133701536836e+00
15, 5, 1.3497904105550873e-01, -1.9042615191159593e+00
15, 6, 1.6571409818840765e-01, 6.4848559664131677e-01
15, 7, 1.3233582087152693e+00, 1.2317854640094836e+00
15, 8, -2.9945028359398851e-01, 2.0980618622266496e+00
15, 9, 4.6437285018366437e+00, 2.4574072862756813e-01
15, 10, -1.6654382509147334e+00, -5.0103671548009909e-01
15, 11, -7.7191790881596889e-01, 6.4608198931043903e-01
15, 12, -3.7540317116020292e+00, 4.1699529605291108e-01
15, 13, -8.4210338994369371e-01, 1.5500776238851897e+00
15, 14, -3.1909186968417091e-01, 8.1948669127450913e-02
15, 15, -3.3446455952838385e+00, -8.4596450701315429e-01
16, 0, -2.3250670289580473e+00, 0.0000000000000000e+00
16, 1, 1.1445555244971328e-01, -1.2463050606882353e-01
16, 2, -4.0439819147375449e+00, -2.5024535839310356e+00
16, 3, 6.7973154233316890e-01, 7.5509329369229472e-01
16, 4, -2.9612486964966078e+00, -5.6427484564341091e-01
16, 5, -7.2893906420591359e-01, 5.1501203480058511e-01
16, 6, 2.9884732449637724e-01, 8.6984340540457561e-02
16, 7, 1.5528882921345510e+00, -6.8559640789729648e-01
16, 8, 8.9392082282441754e-01, 1.8492832188882564e+00
16, 9, -2.0586152942909601e+00, -1.0476132090191688e+00
16, 10, -1.8242221966987375e+00, -5.6349192624800004e-01
16, 11, 1.0158426104658194e+00, 2.5984811600151354e+00
16, 12, 3.3219666534256032e+00, -1.5093638235389761e-01
16, 13, -5.3485907065145000e-01, -1.1202767368517279e+00
16, 14, 1.5826891901729210e+00, -3.0489820875449514e-01
16, 15, -3.4928374438223022e+00, 1.1399325238452551e-02
16, 16, -5.5890337639954657e-02, -9.4172316855181726e-01
17, 0, -1.0500492650411852e+00, 0.0000000000000000e+00
17, 1, -1.8857849655008427e+00, -4.7796279079403892e-01
17, 2, -1.1064511041153540e+00, -2.3257101368033259e+00
17, 3, -2.7538013499553133e+00, -9.0999561418513908e-01
17, 4, 3.4627293287405880e-02, 3.5748921561414110e-01
17, 5, 5.9130157197415656e-02, -1.3085445667868771e+00
17, 6, -3.3142196703919424e-01, 1.0449313475878690e+00
17, 7, -2.8118885496544532e-01, -1.7461016846510391e+00
17, 8, 1.3229017128065568e-01, 5.4535143773054573e-02
17, 9, 1.1832366955776388e+00, -2.4058578346517452e+00
17, 10, 6.1211190401366933e-01, -4.0719498891701211e-01
17, 11, -1.5145967480299372e+00, -3.9170617566805817e+00
17, 12, 2.3276163894903452e+00, -7.7776094919103078e-01
17, 13, -2.3244580677216313e+00, -1.9290864831020800e+00
17, 14, 8.1282867328994590e-01, 9.3652517526472856e-02
17, 15, 3.9619939800892645e-01, 9.7328599688290274e-01
17, 16, 1.6986812346634408e+00, 4.1760892994524967e-01
17, 17, 1.6281201255496267e+00, 4.0971661056044384e-01
18, 0, 1.1164816517996723e-03, 0.0000000000000000e+00
18, 1, -1.7854095026981209e-04, -1.7914550976853991e+00
18, 2, 1.0331079718962450e+00, -1.8448406075299598e-01
18, 3, -1.2664773360706079e+00, 5.6148147407702531e-01
18, 4, 2.2229067517150867e+00, 8.1159450180659032e-01
18, 5, 2.9137463447376377e-01, -1.2530715230269820e+00
18, 6, 5.5428110227179239e-01, -9.7871646969514892e-01
18, 7, 3.3443327081915497e-01, -7.5192846594220097e-02
18, 8, 8.8591511634673759e-01, -1.0733028701071909e+00
18, 9, -5.0785974890275898e-01, 4.1970410565967411e+00
18, 10, 1.2036754164774350e+00, -1.6566372556848579e+00
18, 11, 1.1516171337861860e+00, 7.7421444471369627e-01
18, 12, 5.6181256784323563e-01, -2.5713952905620197e+00
18, 13, -1.6781386573087702e+00, 3.3310815341345945e-01
18, 14, -1.1933379045241452e+00, 1.0221035120347592e+00
18, 15, 2.1451699234335133e+00, 1.0822670802171150e+00
18, 16, 1.9491337968345945e+00, -6.3373798638475565e-01
18, 17, 2.3582579682292097e+00, 2.4103615014079427e-01
18, 18, -5.4188448215912866e-01, 3.8975839375241539e-01
19, 0, -4.2753351597051520e-01, 0.0000000000000000e+00
19, 1, 4.0710974568636560e-01, -2.1336792224234458e-02
19, 2, 1.7133084178865610e-01, -4.8592223116459332e-01
19, 3, 9.0502480580138567e-01, -3.8275450847160220e-02
19, 4, 1.3809664686118364e+00, 5.7737417217930453e-01
19, 5, 2.8528215202227192e-01, 6.3910803087024703e-01
19, 6, 1.2774868729304250e+00, -1.4500515432734038e+00
19, 7, 2.2920249569308737e-01, 3.4896169405977806e-01
19, 8, 5.0565139868594189e-01, 9.0545001663031688e-01
19, 9, 5.5292702927169701e-01, 2.2660643687981827e+00
19, 10, 4.9340371981981423e-01, 1.1389146918754607e+00
19, 11, -6.9784697832311138e-01, -8.2568098109852794e-01
19, 12, 2.1432651942904881e+00, 9.1622828146494451e-01
19, 13, -9.7608951540779609e-01, 1.0172440687209738e+00
19, 14, 5.5005679965552434e-01, 5.5547904350161637e-01
19, 15, 1.5331732634258413e+00, 1.6498721176384477e+00
19, 16, 7.6380766438123915e-01, -7.5067333803538405e-01
19, 17, -1.2049973299048464e+00, -1.0822241676397943e+00
19, 18, 8.6217687520737440e-01, 9.3647051142216386e-01
19, 19, 2.6529602144891307e-02, 4.6272621503848033e-01
20, 0, 9.9552276978451149e-02, 0.0000000000000000e+00
20, 1, -1.6213302912466214e+00, 1.1575557002431183e+00
20, 2, -2.7394788470875414e-01, -3.2301976953306266e-01
20, 3, -1.6257428951330812e+00, -4.8142782241594739e-02
20, 4, -8.1194573873304421e-01, -7.0871492910399536e-01
20, 5, 5.0716736835615317e-01, -5.3434373705373350e-01
20, 6, -8.3311113162322981e-02, -4.2935683373846434e-01
20, 7, -7.5295739836141595e-01, 2.6816706876375447e+00
20, 8, -2.0668132556766494e-01, 2.4223567568424742e-01
20, 9, 2.0131204807488352e+00, -1.7083816109105032e-02
20, 10, 2.7177750932797373e-01, -2.7487364414604643e-01
20, 11, 2.0226093841122292e+00, -1.6212572650875430e+00
20, 12, -1.7533170385289198e+00, -2.4428702743385855e-01
20, 13, -2.9106452608709796e+00, 1.9532081821953939e-01
20, 14, 1.2354961298471059e+00, 1.6131972481560375e+00
20, 15, 8.9579475461887159e-02, -1.4652580841724525e+00
20, 16, 9.9594561021997929e-02, 1.4168555621805026e+00
20, 17, -1.4938048051403299e+00, -1.0989914677558448e+00
20, 18, 2.3735575910425827e-01, 6.8193457315842920e-02
20, 19, -1.0688979938052610e+00, -2.4470986350481994e+00
20, 20, -5.7778814345047502e-01, -8.8768155542464777e-01
21, 0, -8.5938891447432653e-01, 0.0000000000000000e+00
21, 1, -5.6227960950233724e-01, 5.6162446496976814e-01
21, 2, 1.3866415770592633e+00, -6.0787764760226004e-01
21, 3, 4.1307512072478236e-01, -4.1676972225348563e-01
21, 4, -1.3429947415217591e-01, -5.1051328595824241e-01
21, 5, 1.0044739887372867e+00, -4.9644758423133073e-01
21, 6, 2.5913888296427157e-03, -1.1319261579386135e+00
21, 7, 4.3701168549372671e-03, -8.3313846078198450e-01
21, 8, 5.9295892101563363e-01, -2.9690129246035557e-01
21, 9, -1.8776275159620273e+00, 8.7500989552804376e-01
21, 10, -7.6507557409682125e-01, 1.8399339277647180e+00
21, 11, -1.9491916344925573e+00, -2.3266572301953414e+00
21, 12, -4.1508988147232162e-01, 9.5011777270072306e-01
21, 13, -4.6626463085641118e-01, -9.0489008576160457e-01
21, 14, -5.2093185503362838e-02, -9.4047483272416055e-01
21, 15, -2.4506057903737566e-01, 8.6620724164254259e-01
21, 16, -5.4336270093497763e-01, -1.9242823168315168e+00
21, 17, -1.1467318209922179e+00, 5.9836822473006368e-02
21, 18, 4.0433063371851352e-01, -4.6614537604131900e-01
21, 19, -1.5699037593185456e+00, -1.2034725755523730e+00
21, 20, -2.0302553215978554e+00, -1.5493973154891443e+00
21, 21, 1.4791751859682170e+00, 2.1924887076053601e+00
22, 0, -2.7680843809958056e+00, 0.0000000000000000e+00
22, 1, -8.9784536346786603e-01, -1.5867141237426134e+00
22, 2, -1.1818679796740712e+00, 5.4211037179543209e-01
22, 3, -7.7656675939482134e-01, -7.6652091193156202e-01
22, 4, 1.1876757073347652e+00, 6.3447733351693714e-01
22, 5, -1.9110493091272979e-01, 4.9372149675026783e-01
22, 6, 9.2558429171557055e-01, 1.2433018314393087e+00
22, 7, -3.3298290280857179e-02, -1.1441660823838142e+00
22, 8, 5.0578481238865081e-01, 3.5654473813273335e-01
22, 9, -9.4078069252299568e-01, -1.9172304603243122e+00
22, 10, -4.8177688324812551e-01, -1.0288156985405918e+00
22, 11, -2.1585609530509222e+00, -1.6605761170586808e+00
22, 12, -8.5444606671863710e-02, 1.2717521015774582e+00
22, 13, -4.4737093018840213e-02, 1.0428295266018395e-01
22, 14, 7.5484066038377751e-01, 2.9740417340900027e-01
22, 15, -1.2176134248568715e-01, -3.2180859677710250e-01
22, 16, -4.3291158428690912e-01, 4.4895873830659305e-01
22, 17, 1.8429767568534565e+00, 9.7027839597114518e-01
22, 18, -3.0456399984622956e-01, -9.4576311471611740e-01
22, 19, 1.1787408692366470e+00, 5.5227603248396440e-01
22, 20, -1.3981169019835855e+00, 8.4954026661748960e-01
22, 21, 1.6525510948213828e+00, 1.5677130253266920e+00
22, 22, 8.0257375631664007e-01, 6.0719897014466895e-02
23, 0, 7.6155423930887944e-01, 0.0000000000000000e+00
23, 1, -9.9711342244850121e-02, -5.6949404504257961e-01
23, 2, -2.3499050954988454e-01, -3.2458322716211985e-01
23, 3, 9.4750989134759855e-01, -7.9508328051659261e-01
23, 4, -8.6664708592208761e-01, -2.7681302316206702e-01
23, 5, -8.0672632617096296e-01, 3.1484083644525307e-01
23, 6, 9.1762342882982129e-02, -9.1302531302758427e-01
23, 7, 6.6285474972671365e-01, 1.9394458845245817e+00
23, 8, 1.0275749009065638e+00, -7.2554934694486140e-01
23, 9, 2.6074489199623985e-01, 9.9171102023994107e-01
23, 10, -5.8289116517280992e-01, -3.1046657158464370e+00
23, 11, -9.3808378224534628e-01, 1.0580950470548387e+00
23, 12, -3.7206719987713410e-01, -2.0421521659678330e+00
23, 13, -5.7109586984548677e-01, 1.3503061556762930e+00
23, 14, 6.1905586789722400e-01, -2.1122336673103215e+00
23, 15, -3.5319113608051467e-01, 1.6485793210573525e+00
23, 16, 3.3704020325246598e-01, -9.2340021573737341e-01
23, 17, 4.7196227821223125e-01, 3.9593886475617346e-01
23, 18, -2.9032953168444420e-01, 2.9625236263147103e-01
23, 19, 1.8753222597651626e+00, -3.0371317735424264e-01
23, 20, -1.4958389977873334e+00, 1.3592253818033169e+00
23, 21, 6.5974808151559849e-01, 7.0517364101340307e-01
23, 22, 9.5400597896629180e-01, 1.3197010926833304e+00
23, 23, -1.1347244593569039e+00, -6.8616564358595755e-01
24, 0, -1.0379502540683734e+00, 0.0000000000000000e+00
24, 1, 8.1098320636893151e-01, 1.5574242327920020e+00
24, 2, -5.4659782927910139e-01, -1.3059694944466340e+00
24, 3, 1.3354306373121250e+00, 9.1409656965197006e-01
24, 4, -1.0939991486541651e+00, 8.3901623554473725e-01
24, 5, 9.9700251104137250e-01, -1.7411132114901118e-01
24, 6, 1.2630003218592565e+00, -1.1168714130622850e+00
24, 7, -7.5066330517330493e-01, 4.8666906972741897e-01
24, 8, -1.8057065179089604e-01, -1.0485439508754171e+00
24, 9, -1.8453027489678253e-02, 2.2480306342055068e-01
24, 10, -4.4371616338118691e-01, 1.0486687402159391e+00
24, 11, 1.5890173021571091e-01, 7.4435297469345296e-01
24, 12, -9.6667203770296273e-01, -2.0866016090434436e-01
24, 13, 1.6517605285175319e+00, -5.3417399861259721e-02
24, 14, 8.1605360001315186e-02, 4.5541003781543088e-01
24, 15, 8.1320835167940586e-01, -6.2576518370823841e-01
24, 16, 3.6938599794865201e-01, 7.4906025842038981e-01
24, 17, -5.9450776298374786e-01, 3.7736148712770878e-01
24, 18, 7.8795499587941098e-01, -2.0838298378723250e+00
24, 19, -1.9838696303185130e+00, 1.4760190007905338e-01
24, 20, -1.0769144562032487e+00, 5.6144495568264785e-01
24, 21, 6.8231116917904777e-01, -1.1012462159201548e+00
24, 22, -4.7216295043693374e-01, -5.7752290115167515e-01
24, 23, -1.7864065201282475e-01, -5.3600407553983442e-01
24, 24, 4.5656327761270532e-01, -3.0871672976214504e-01
25, 0, 7.4473016490560595e-02, 0.0000000000000000e+00
25, 1, -8.5936852354140658e-01, -3.3911298307626947e-01
25, 2, -7.6483294052414319e-01, -8.8572056392697696e-01
25, 3, -6.6130796097541722e-01, -3.4952073406547668e-01
25, 4, -1.2630605942452222e+00, 7.1731701730444264e-01
25, 5, -1.8108703326359388e-01, 8.3282726406217478e-02
25, 6, -5.0547977253116072e-01, -4.9226847496047776e-01
25, 7, -1.1263210297000910e+00, 1.2549974576632585e+00
25, 8, -7.5322457902866513e-01, 5.3773441772426156e-01
25, 9, -4.0520925534404617e-02, 1.5378807453597032e-01
25, 10, -1.0876500200994643e+00, 3.0013359914795323e-01
25, 11, -1.4064444322034537e+00, 5.4336864594090994e-01
25, 12, -1.1508762046516918e-01, -9.0463658131368230e-01
25, 13, 5.5002936926626866e-01, 2.3342891865502335e-01
25, 14, -1.5162770207418697e-01, 8.7604160836884937e-04
25, 15, 5.8500081184519725e-01, 8.0691880762269508e-01
25, 16, -5.2539498410649721e-01, 1.1469925947982640e+00
25, 17, 3.9571570720631932e-01, -1.2374216747670364e-01
25, 18, 9.5779734654190773e-01, 6.8303984006796647e-01
25, 19, -2.2266057069181722e-01, 5.9423757113749254e-02
25, 20, -6.2642358227070760e-01, -1.4355650788107943e-01
25, 21, -7.9669818007001725e-01, 1.7660877620813591e+00
25, 22, -4.6200382405222440e-01, -1.7762470316132828e+00
25, 23, -4.2058056479099726e-01, 1.0731581739592841e+00
25, 24, -1.0613572476559212e+00, -1.4189357294690952e-02
25, 25, 3.8806266938943890e-01, -2.4114799039706947e-01
26, 0, -1.8581223549712449e+00, 0.0000000000000000e+00
26, 1, 9.1743590324145452e-01, -8.9918544937511791e-01
26, 2, 3.5695353043252598e-01, -5.8853075755773399e-01
26, 3, 1.5073383776497136e+00, -1.0630463424611525e-01
26, 4, 8.2544490885364752e-02, -1.1073644330495902e+00
26, 5, 3.2330763358462866e-01, -1.3758622375289191e+00
26, 6, -6.0079005168024957e-01, -9.6426698349396145e-01
26, 7, -3.1345621824521974e-01, 5.4013436124533665e-01
26, 8, -1.3551169344333331e+00, 1.7104257820565694e+00
26, 9, 2.1846883855089028e-01, -5.3854690004152328e-02
26, 10, -8.4858044049778780e-01, 3.7148130177782190e-01
26, 11, -6.1493372898498766e-01, 5.7694208811254422e-02
26, 12, 4.0513603761800376e-01, -1.0387613730841876e+00
26, 13, -4.7179326516090370e-01, 2.8740934004323193e-01
26, 14, -1.7069645133599831e-01, 4.8499253701560285e-01
26, 15, 1.8671155078971768e-01, -3.2420887582626290e-01
26, 16, 2.2057321066617153e-01, -6.3072264477402329e-02
26, 17, -1.0891756225298423e+00, -6.3826753025720973e-01
26, 18, -1.5850663515233898e-01, -1.2134360979895060e+00
26, 19, 2.4533327411756523e-01, 1.4383721066908421e+00
26, 20, 2.0847534022553338e-01, 2.0872557530953451e-01
26, 21, -4.4741027642900488e-01, 5.0068765919119862e-01
26, 22, 1.0746449220226679e+00, -1.5160800293616346e+00
26, 23, 3.7617765843448447e-02, 9.8274175381343909e-01
26, 24, 1.3424724190532236e+00, -3.9790509244817501e-01
26, 25, 2.0914186257780099e-01, -2.9833119307602596e-01
26, 26, -1.8282563426997234e-01, 4.6030681371228566e-01
27, 0, -1.1820286619067635e+00, 0.0000000000000000e+00
27, 1, -2.3360015238021237e-01, 3.4851695518867648e-01
27, 2, 2.4325380164051238e-01, 1.1233396406315435e+00
27, 3, 1.3682034257437647e-01, -2.6885908529955360e-01
27, 4, 5.9581177770182658e-01, 4.7590763659703805e-01
27, 5, 6.5981333527940222e-02, 8.1396659951812533e-01
27, 6, 1.2980098627691983e+00, -2.6320352270644687e-01
27, 7, -6.6587977819700206e-01, -4.1595938896476997e-01
27, 8, -6.1484725235553328e-01, 9.8102875171014303e-01
27, 9, 1.2825198231177606e+00, -1.2354152395422990e+00
27, 10, 9.2495188289623798e-01, -2.3287287544986784e-01
27, 11, -3.2927414339406680e-01, 3.5573828346090930e-01
27, 12, 6.4729503054190651e-01, -1.3813031657381177e-02
27, 13, -5.7131961478924864e-01, 7.3666897031897327e-02
27, 14, 1.7183019505006278e+00, 3.1787609631491265e-01
27, 15, 4.6607278989031187e-01, 4.0311731082986846e-01
27, 16, 5.6447704991555603e-01, -1.0037391861143190e+00
27, 17, -2.1017436965975733e-01, 1.4549682810798399e+00
27, 18, 3.7570807340866147e-01, 4.9379866248202331e-01
27, 19, 7.4018221108534465e-01, -3.6991816379874143e-02
27, 20, -1.1523049031949331e+00, 2.0181254642774771e-01
27, 21, 6.2032996284493858e-01, -3.5350186396350503e-01
27, 22, 7.6337613301033391e-02, 2.2493808745452215e-01
27, 23, 1.3849639438674133e-01, -6.7931830041097396e-01
27, 24, 6.3329619561086514e-01, 1.0225876048501581e+00
27, 25, 1.4274174264328154e-01, -5.4208074675777063e-01
27, 26, 3.4708769091231506e-01, 1.3029420627985688e+00
27, 27, -3.9997530640884182e-02, 2.0092325310060632e-01
28, 0, -5.2261380981985683e-02, 0.0000000000000000e+00
28, 1, 2.4341586935251192e-01, -1.3286314492848117e-02
28, 2, 6.0183587528947080e-01, 3.9948774554012245e-01
28, 3, -1.6049756069566290e-01, -1.0405630163004698e+00
28, 4, -5.8067611629429416e-01, 1.3193804305184043e+00
28, 5, -5.6739300831454109e-01, 1.5239105219875750e+00
28, 6, 5.7276103649956633e-01, -3.2779069951479389e-01
28, 7, -6.8133567611017953e-01, 1.6657931341994094e+00
28, 8, -5.8151900139097878e-01, -6.5410554213953276e-01
28, 9, -2.6220714006489776e-01, 7.9942968084997279e-01
28, 10, -2.7185921216258924e-01, -1.1425886879216254e+00
28, 11, -3.3835937957104512e-01, 3.6633361099622697e-01
28, 12, -3.7522771988473891e-01, -4.5413822594852993e-01
28, 13, 9.4388012887926309e-02, 7.5047152310873066e-01
28, 14, 1.1411946063594833e+00, 8.8527916204291190e-01
28, 15, -2.8298636257878157e-01, 6.0098744448412678e-01
28, 16, 1.6762742871188285e-01, 6.6863579469812273e-01
28, 17, -1.2206068887968318e+00, 1.1789681491571438e+00
28, 18, 3.5738224930256601e-01, 1.9126915618796847e-01
28, 19, 1.0022772216153639e+00, 6.1772974766456312e-01
28, 20, -3.3800228331450421e-01, -3.5773684420975460e-01
28, 21, -7.0040504965575323e-01, -2.1884515631027890e-01
28, 22, -1.3744122720028074e-01, 3.3778112766851276e-03
28, 23, -5.8881423485364071e-02, 3.9273631253824404e-01
28, 24, 4.6670536415908614e-01, -9.7772340774630484e-02
28, 25, -2.9930887484392904e-01, 1.9805081957337323e-01
28, 26, -8.7387526652155501e-01, 1.0699264643503685e+00
28, 27, -6.4564326066046762e-01, 5.3552368331828271e-01
28, 28, -2.5363954796113342e-01, -3.4278195990877602e-01
29, 0, 5.0914736008787587e-01, 0.0000000000000000e+00
29, 1, -7.3272326732918802e-01, -2.0222191595547856e-01
29, 2, 1.3783260929950973e+00, 1.9703366429852731e-01
29, 3, 1.3849697145553030e-01, -7.4484191180589332e-01
29, 4, 4.0206169578059292e-01, 1.1681346649967930e+00
29, 5, -1.0916543476857865e-01, 2.5364566214195938e-01
29, 6, 3.0379239045446749e-01, 1.1185261037114957e+00
29, 7, -5.0140860588649261e-01, 2.3824088490660711e-01
29, 8, -1.8932639863468359e-01, -8.5937568872164416e-02
29, 9, 6.0153215203594301e-01, 9.8314616077391981e-01
29, 10, 5.8051047459434113e-01, -1.0642140821690431e+00
29, 11, 1.4241284324505052e+00, 7.0537542790540431e-01
29, 12, -9.1179037985226929e-01, 1.3014727754669564e-01
29, 13, 9.2815840327196608e-01, -6.8834770371625692e-02
29, 14, -1.1067949250387799e+00, 2.1624995534983982e-01
29, 15, 7.6508382961880450e-01, -6.5838430292658345e-02
29, 16, -4.5900745623369810e-01, 3.9978172877631257e-01
29, 17, 6.5376533293118611e-01, -3.6748577384757908e-01
29, 18, -6.8769055853211081e-01, 1.5596094770047619e-01
29, 19, -3.1443127611025989e-01, -3.2669318442838524e-01
29, 20, 1.1529591684551077e-01, 5.3656684074157146e-01
29, 21, -7.1646060298066860e-02, 1.1299721960288762e+00
29, 22, 1.0372643270322910e+00, 4.6762020697752532e-01
29, 23, -3.4091481510333843e-01, 2.8090855004691440e-01
29, 24, 5.8317016757260576e-01, -1.0521376520898551e-01
29, 25, -8.4392711305287471e-01, 6.9187917814711497e-01
29, 26, -1.0596771266686218e-01, -1.6773967044723803e-01
29, 27, 1.7016223809971587e-01, -2.4238961213962629e-04
29, 28, 2.1935548824274365e-01, -9.9209191076264458e-01
29, 29, -4.9257962620445239e-02, 3.6741070325720504e-01
30, 0, -4.8511838169130822e-01, 0.0000000000000000e+00
30, 1, -3.8877571215514994e-01, 1.7474014967423426e-01
30, 2, -7.8081755842846057e-01, 2.7244132990017783e-01
30, 3, -3.4500308849158656e-01, -7.1668032849100227e-01
30, 4, -6.6749063992143975e-01, 9.2797533598820958e-01
30, 5, -3.1048982267990294e-01, -5.0531936029279745e-02
30, 6, 5.9896507350498029e-01, 6.7579148138432599e-01
30, 7, 4.8364315123656976e-01, -4.3927658309141804e-01
30, 8, -2.9628784316700940e-01, 8.9399562754383211e-01
30, 9, -7.1314868026802913e-01, 1.1559647296635631e+00
30, 10, 1.9503935751015355e-01, -7.3191834426423275e-01
30, 11, 2.6677135065555302e-01, 3.9607224179713951e-01
30, 12, -4.3223946077493158e-01, 4.3382312667663975e-01
30, 13, 1.4478491119098025e-01, -4.0108241045585830e-01
30, 14, 1.0769096379695342e-01, -1.5349250296380785e+00
30, 15, -7.0693583683642647e-02, 2.0535599059578916e-01
30, 16, -8.9641022013083194e-01, -5.5992787215501560e-01
30, 17, 5.8679973872382662e-02, 4.5885707918174257e-01
30, 18, 2.3120064628276271e-01, -7.4472285829971063e-01
30, 19, 1.0036219737057455e+00, 7.3964970392685991e-01
30, 20, 7.3206650569548914e-01, -6.7773821930369871e-01
30, 21, -6.4996796632311082e-01, 3.7594382395977277e-01
30, 22, 7.7269914907692572e-01, 1.1242515826710386e+00
30, 23, 1.1165630118262349e-01, -3.3029437300777209e-01
30, 24, -5.0449838081553555e-01, 7.8416351591133138e-02
30, 25, -8.5582246236709536e-01, -4.2140249318956657e-02
30, 26, 6.5420353486925009e-01, -3.8195270835111517e-01
30, 27, 7.6900417489623951e-02, -7.7379523384595661e-01
30, 28, 9.8134223886499727e-02, -8.5558453886452890e-01
30, 29, -6.1485606525779057e-03, -8.0315097330819385e-01
30, 30, 4.1673385299513732e-01, 6.3482079448236017e-01
31, 0, 5.9135862956405538e-01, 0.0000000000000000e+00
31, 1, 1.1624757706688893e-01, -2.8121924734852993e-01
31, 2, 1.1690884279795200e-01, 9.4050386542947084e-01
31, 3, 4.4416630608377178e-01, 1.1354357991533431e-01
31, 4, -4.3236620789927410e-01, 2.6927425904998148e-01
31, 5, -2.1931652414658531e-01, 3.9210343241784007e-01
31, 6, -4.2657252622563396e-01, -2.7710812766683879e-01
31, 7, -1.8794338185587556e-01, -3.3549812573863191e-01
31, 8, -3.3832361859563431e-01, -6.4207535604347665e-01
31, 9, -8.1125365858563336e-02, -1.3357909387527456e-01
31, 10, 2.0640716580355156e-02, -9.9718352912564234e-01
31, 11, 1.9285446396578920e-01, 2.1140382836319316e-01
31, 12, -9.0704845216313179e-01, 8.4236963630681738e-01
31, 13, 2.7833387012203692e-01, 3.4664309885608602e-01
31, 14, 4.8347986604748966e-01, 5.7334863850686069e-01
31, 15, -3.0187214954964925e-01, 4.9305045122798469e-01
31, 16, -1.5809272415572628e-01, -3.0006004004961456e-01
31, 17, -5.2379333324904243e-01, -3.2243744961386916e-01
31, 18, 2.5134130185131137e-02, 1.2952371596455339e+00
31, 19, 2.4257214030374746e-01, 5.1046489806825046e-01
31, 20, 5.0978582154376939e-01, 1.7039470151139535e-01
31, 21, 7.4542300912998816e-01, -2.9782135319910530e-01
31, 22, -4.1128867171029815e-01, -8.5243023401061213e-01
31, 23, 6.3174699237844312e-01, 3.1077220926018367e-01
31, 24, 8.6005668051779183e-01, 1.1462962595590342e-01
31, 25, 2.9918160299146779e-01, -3.4776456306411224e-01
31, 26, 1.8941805416851265e-01, -4.6026400070472973e-01
31, 27, -1.9873443506456945e-01, -4.9040414407320632e-01
31, 28, -3.8421217567228672e-01, 1.4778677136133400e+00
31, 29, -1.8524438881313415e-01, -3.0299174664825412e-01
31, 30, -3.2491118877278347e-02, 8.6010730385375833e-01
31, 31, 1.0195120981494825e+00, -1.1468894455951850e+00
32, 0, 4.4152572445217619e-01, 0.0000000000000000e+00
32, 1, 4.6183401588653650e-01, -6.0311923322047767e-01
32, 2, 1.0495043201311329e+00, 1.7096186152054949e-01
32, 3, -7.0996580428105283e-01, -1.0145009910071354e+00
32, 4, 3.4705012795476708e-01, 9.4880913770124697e-02
32, 5, 1.8734750874736672e-01, 2.8558693624023734e-01
32, 6, -4.8746825631526558e-01, -2.1356746680182059e-01
32, 7, 5.1757004481254565e-01, 2.1591008362022768e-01
32, 8, -5.2013624664867764e-01, 2.1326598356368531e-01
32, 9, -5.8567536720849078e-01, 9.6847255180792957e-02
32, 10, -5.3850948914092267e-01, -4.5755490277947297e-01
32, 11, 3.7762766219071642e-01, -7.4878713399800867e-01
32, 12, -1.0491943919261892e-02, -6.6100526333777609e-01
32, 13, -2.5205075837083663e-01, 4.2595350663038661e-01
32, 14, -2.4814277940034893e-01, -6.3561391185034122e-01
32, 15, -4.7623560949601162e-01, 6.9522581529635674e-01
32, 16, 5.0392547724355530e-01, 2.9128196401034667e-01
32, 17, 5.5598597121217688e-02, -3.3974831307497599e-01
32, 18, 4.4410740373290414e-01, 2.2798470523084219e-01
32, 19, 2.9102702970646566e-01, -8.8552501244673421e-01
32, 20, 1.4015924649392135e+00, 3.1809688043204293e-01
32, 21, -8.7006874532061029e-01, -5.2307686016611465e-01
32, 22, 1.0566206678466850e-01, 2.0504711352235094e-01
32, 23, 4.4953305970061974e-01, -4.4936328743964116e-01
32, 24, 1.7192737574411615e-02, 5.5569734535857107e-01
32, 25, 7.9361002358913446e-01, -9.4198959132557092e-01
32, 26, 1.2835748724215018e-01, -1.0381777182297214e-01
32, 27, -1.4691630136289252e-01, -5.8159646476494919e-01
32, 28, 3.5303796372754109e-01, 9.9766734064302942e-01
32, 29, 1.2168279788773237e+00, 4.0135191912081525e-01
32, 30, 9.2002994227273538e-02, -3.9230837713983113e-02
32, 31, 1.2826252685305439e-01, 4.8228205426348641e-01
32, 32, -3.8062529825521363e-01, -6.4746718612442644e-01
33, 0, 1.2708443714193463e-01, 0.0000000000000000e+00
33, 1, -6.7004286441412020e-01, -5.8849948270877350e-01
33, 2, 1.7122288664434293e-01, 6.7332497906730504e-01
33, 3, -6.6096668289745475e-01, 2.2490516324420384e-01
33, 4, -3.5824961443441861e-01, 4.2185785562604916e-01
33, 5, -2.1086066917791713e-01, -3.3300873019431809e-01
33, 6, -4.0819522578024603e-01, -1.2185431524430077e+00
33, 7, -7.9527685062549702e-02, 6.8054375247093923e-01
33, 8, -9.6629017814257767e-01, -2.8479581107062835e-02
33, 9, -4.1162692688067226e-01, -9.4872785137452231e-02
33, 10, -3.7778334447690975e-01, 2.0910220601125548e-01
33, 11, -4.9497498764963677e-02, -2.0890700882996893e-01
33, 12, 6.5409089240415363e-01, 4.9178455830934437e-01
33, 13, 6.9359022808590010e-01, -1.3322805460066059e-01
33, 14, -4.3532507474207227e-02, -3.7869008547554361e-01
33, 15, 3.0443562201694241e-01, 1.2476403460832952e-01
33, 16, -2.7340724597811150e-01, -1.1145888491702338e-02
33, 17, -1.5371569869422258e-01, -3.4982286633607912e-01
33, 18, -6.8950662292465115e-01, 1.4959475105877429e-01
33, 19, 8.2298621767602231e-01, -1.0633176996252791e-01
33, 20, 1.3290878645306958e-01, 2.7579558544031513e-01
33, 21, 4.5043338225913476e-01, -6.8557992933539991e-01
33, 22, -2.7851170844250872e-01, 3.6441708850962151e-01
33, 23, -1.3825333583123203e-01, 4.6121628741425691e-01
33, 24, -7.5859222210799615e-01, -7.7718005641724353e-01
33, 25, -1.2053275688523448e+00, 4.6440594617415881e-01
33, 26, -4.0591534841034405e-01, 3.7090688593705168e-01
33, 27, -1.5485182741025016e-01, 8.8935170778337291e-02
33, 28, 3.5696551773404361e-01, 2.4372541016523908e-01
33, 29, 3.7227114257760885e-01, -5.4154659716217513e-01
33, 30, 9.9775651789544650e-01, -8.7552575524723386e-01
33, 31, -1.1116599823639550e-01, 8.6689122186052042e-02
33, 32, 3.5694417720158883e-01, -5.8741888082048588e-01
33, 33, -5.7622899384257242e-01, 7.9514897938669171e-01
34, 0, -1.2443314355085326e+00, 0.0000000000000000e+00
34, 1, 4.1264780663874512e-01, -1.6931993438402659e-01
34, 2, 9.2091629350696036e-02, 5.6525666967665111e-01
34, 3, -2.1630265739912125e-01, -1.0007206099538044e+00
34, 4, -2.8458843367784115e-01, 5.5592412279652914e-01
34, 5, -2.1054663002555174e-01, -3.9010108169268154e-01
34, 6, -6.1654037459380501e-02, -5.2335302974925879e-01
34, 7, -2.4213268853083836e-02, 5.5970418456772708e-01
34, 8, 4.3628426371134482e-02, -9.1305553793875305e-01
34, 9, 1.0747480682432877e+00, -2.0233607186276648e-01
34, 10, 2.4619003597231237e-01, -2.2730739293513547e-01
34, 11, -2.2229937316810355e-01, -1.0421359227160312e+00
34, 12, -4.6558103582971844e-01, 2.4483752775836476e-01
34, 13, -9.0047638207864011e-01, 5.0665101698883697e-01
34, 14, -2.5476930618118226e-01, 1.1644854566097269e+00
34, 15, 2.1333342966312430e-01, 4.9778693274617497e-01
34, 16, 7.8409884251562945e-01, -1.6763936626482262e-01
34, 17, -3.8629848090737373e-01, 2.3729096987009496e-01
34, 18, -4.2961184825072524e-02, -3.1913105242009909e-01
34, 19, 2.2021721491031182e-01, 6.3902128320310569e-01
34, 20, 1.9730547072175297e-01, -3.0443922274337332e-01
34, 21, 5.5806623322215498e-01, -6.0403421694424164e-01
34, 22, -8.3638889019951268e-01, -1.8494195238115418e-01
34, 23, 5.4951227778567302e-01, 5.2289877699028819e-02
34, 24, -3.4025964030070333e-01, 4.5043371234377905e-01
34, 25, -4.9874916629793042e-02, 4.0210227764249062e-01
34, 26, 6.4496577943792766e-01, -5.4825507025828646e-01
34, 27, -7.1127572184284493e-01, 4.1635227491571736e-01
34, 28, -8.6703655062328355e-02, 3.3685411196921544e-01
34, 29, 4.2027382463071050e-01, 9.7604445553039088e-01
34, 30, -1.8558241962608185e-01, -5.6983156052619943e-02
34, 31, -1.8419633542734637e-01, 1.2309237251648097e-01
34, 32, -2.9858323201149695e-01, -1.4027948598407447e-01
34, 33, -6.3755948693711861e-01, 1.9711745533720801e-01
34, 34, -3.1516292509949556e-01, -4.4071130660455327e-01
35, 0, 1.8437496285000890e-01, 0.0000000000000000e+00
35, 1, 1.7572648274930580e-01, -1.0962455391386916e-01
35, 2, 4.8790323213846393e-01, -4.4170722769821436e-01
35, 3, -2.9218080903422039e-01, -7.8966005082493029e-01
35, 4, -6.0024689513013862e-01, 3.6920657803356072e-01
35, 5, -7.2260676558228787e-01, -4.2960390963306150e-01
35, 6, -6.0024689913312335e-02, 1.0454161443005905e-01
35, 7, -2.6557541207068713e-02, 3.9773331107487009e-01
35, 8, 7.1201386636488007e-02, 9.2977865985695796e-02
35, 9, 1.0848581866212043e-01, 1.8979714270639286e-01
35, 10, -1.6843136110774226e-01, -3.6933840169303117e-01
35, 11, 5.3225143526409679e-01, -3.6515935820644890e-01
35, 12, -6.6919363833839451e-03, -1.3069810165251422e-01
35, 13, 4.7868605983531842e-01, -1.8884005171483215e-01
35, 14, -3.8692585788205980e-01, -4.5761646835237624e-01
35, 15, 1.9908897138823822e-01, -2.8627481655429898e-01
35, 16, 5.9127115451481438e-01, 6.7831199665596231e-01
35, 17, -4.4707468320758448e-01, 5.9552672958119912e-01
35, 18, 7.6323028449382635e-01, 3.3053778907970233e-02
35, 19, 5.4227604351576697e-01, 2.4994831937564460e-01
35, 20, 5.9057404988751749e-01, -1.0704980559846737e+00
35, 21, 2.9334900160990673e-01, 6.1284380950034367e-01
35, 22, -1.6821423011710179e-01, -6.6067716272350463e-01
35, 23, -6.2557781534607626e-01, 9.5847432049420489e-01
35, 24, -3.7372137786915993e-01, 4.0180904802396888e-01
35, 25, 6.1810869852852390e-02, 1.8362876707518017e-02
35, 26, 3.0700495201020056e-01, 6.2182752193439561e-01
35, 27, 3.0637088223415765e-01, -7.2468770801444526e-01
35, 28, -3.7841401088516191e-02, -1.7880668662137716e-01
35, 29, 2.4017582465091381e-01, 5.7053942872409358e-01
35, 30, 3.6641335837359290e-01, 3.1782658888764193e-02
35, 31, -3.9527679729679505e-01, 9.8793476025619109e-02
35, 32, -2.2204055090422203e-01, -1.9723692033779106e-01
35, 33, 3.1262778340610953e-01, -2.8420865478284929e-02
35, 34, 2.4620995550932268e-01, -6.0011095454479779e-01
35, 35, 2.6034743641158842e-01, 6.4018047363092978e-01
36, 0, 5.6488371425704176e-01, 0.0000000000000000e+00
36, 1, -1.4602325502448221e-02, 6.9205351671620063e-02
36, 2, 5.4059998610654092e-01, -2.4081053047394774e-01
36, 3, 1.6523078526942969e-01, 2.2105838141005824e-01
36, 4, -8.7236170951354952e-01, -1.3454536808621026e-01
36, 5, 5.2686811323341043e-01, 7.7737067271237581e-02
36, 6, -3.6309762813526358e-01, 1.9652913806174452e-01
36, 7, -9.6946940903772616e-01, -3.2025596856599059e-01
36, 8, 1.2240115961628195e-01, 2.3597996866319210e-01
36, 9, -1.4136123104227336e+00, 3.4805125938020787e-01
36, 10, -2.8603592378708342e-01, 7.8187410874486574e-01
36, 11, -9.8593995980242877e-03, 2.6974495451735253e-01
36, 12, -9.0892086774385916e-01, -4.1700059896147318e-01
36, 13, 9.9841124129711178e-01, 8.8845474514106959e-02
36, 14, -3.6381236235313141e-01, -3.3362057042323490e-01
36, 15, 1.1661354939157622e+00, -6.3344313031313271e-01
36, 16, -7.5504927570265390e-01, 8.4498762940234673e-02
36, 17, 2.9006585195992762e-01, -1.9988300233262724e-01
36, 18, -1.6082533472593566e-01, 4.2942926879193555e-01
36, 19, 1.1330073823227982e-01, -6.2308027333436522e-01
36, 20, 6.4252295189277864e-01, 4.1017693749635675e-01
36, 21, 4.0167125593783143e-01, -3.2544823567156567e-01
36, 22, 2.9510299564361897e-01, -2.9696830851503342e-01
36, 23, 1.2688524669922846e-01, 6.4594735654465651e-01
36, 24, 8.3166799458061158e-02, 5.5954238846525617e-02
36, 25, 4.2024745017718335e-01, -2.6786922622528508e-01
36, 26, -4.9152133062978687e-01, -8.1342835063742058e-01
36, 27, -1.8264175756846690e-01, 1.3284378067705904e-01
36, 28, -2.8506512875486534e-01, 5.2710110596966619e-01
36, 29, -1.3933857124913462e-02, -1.0967073269526972e+00
36, 30, 5.2822682675177179e-01, 2.2330931281830413e-01
36, 31, -8.3004357522333816e-02, -3.7925922473765028e-01
36, 32, -2.3833849177061550e-02, 3.6120679552091084e-02
36, 33, -6.5390505409526667e-01, -3.1007016064847548e-01
36, 34, 1.4442711510204698e-01, 4.7991742722186637e-01
36, 35, -9.5932643129996720e-02, -1.7966569354312067e-02
36, 36, -6.7247451880395603e-02, -8.6379074177827198e-01
37, 0, -4.0877978687001471e-01, 0.0000000000000000e+00
37, 1, -4.2777405773308030e-01, -6.0112446007813980e-01
37, 2, 8.3977608410998772e-01, -3.1296801262957874e-01
37, 3, -7.9753703886031269e-01, -1.3875968447090525e-01
37, 4, -1.7889357783946336e-01, 5.2324422644785584e-01
37, 5, 6.5936079316519247e-01, 3.4179971869336745e-02
37, 6, 4.4621305174739501e-02, 3.1148372331490926e-01
37, 7, 1.1029032174090450e+00, 4.7638666320424211e-02
37, 8, 1.8245222741762745e-01, 5.5352076486647106e-01
37, 9, 2.2886761041377635e-01, 4.6860357011802467e-02
37, 10, 2.8575730901536933e-01, -6.3093066899754335e-01
37, 11, 7.1939879411995367e-01, -3.6772043734477589e-01
37, 12, -2.7877607149741301e-01, -1.1536001318129188e+00
37, 13, -5.7604308666392423e-01, 9.8342574465000343e-01
37, 14, -4.1203336297360560e-01, -8.0553727577314382e-01
37, 15, 3.7908648477296530e-01, -1.8220933672425049e-01
37, 16, -6.8172461987570754e-01, -1.7057557335960333e-01
37, 17, 1.1500258613609998e-01, 2.4803842453303093e-01
37, 18, -6.6190221710335972e-01, -5.5544637906484584e-01
37, 19, -3.9678260178819524e-01, -3.9538815721386883e-01
37, 20, 2.4777603693724043e-01, 5.1178198050765644e-01
37, 21, -1.1313358903849861e-01, -8.4776471069876513e-02
37, 22, 5.0001211850334359e-01, 2.4887254567871533e-01
37, 23, -6.4392964387984308e-01, 2.9124259939059072e-01
37, 24, -5.3758649611001341e-01, 4.5426232665681709e-01
37, 25, -6.2407085864513046e-02, 1.1030510077382266e-01
37, 26, 3.9342789644205839e-01, 1.6275642170778137e-01
37, 27, 4.4965576792312645e-01, -3.6872219880877521e-02
37, 28, -5.5851454787956012e-01, -6.0038622162765738e-02
37, 29, 1.3660130989603081e-01, -1.8634246455163539e-01
37, 30, -6.8450875809481959e-01, -1.4593987885300397e-01
37, 31, 3.7231498547769659e-01, -1.7735857963274637e-01
37, 32, -7.8812932775940703e-03, 3.9896388664489968e-01
37, 33, -3.4010337703371807e-01, -2.2615855017112940e-02
37, 34, 2.0618520912726046e-01, 4.8200052366044049e-02
37, 35, 5.8356021667042501e-01, 2.4787299433215670e-01
37, 36, -5.8403920368802487e-01, -3.1662622620798020e-01
37, 37, -1.8043722318610611e-01, -7.7204626793370035e-02
38, 0, -6.4543208421244724e-02, 0.0000000000000000e+00
38, 1, 7.5347865081847343e-01, -5.1953830750914221e-01
38, 2, 7.5296271839844564e-01, -2.4917351123011566e-01
38, 3, -8.9899219872594471e-01, 2.4251057785654312e-02
38, 4, 3.1582709555255573e-01, 4.8755374017116149e-01
38, 5, -8.5891632750678770e-01, -2.9059484194076035e-01
38, 6, -5.4900479889715670e-01, -1.0074451348090825e+00
38, 7, -3.9448556647584837e-01, 1.2428072996766093e-01
38, 8, -7.7611968374922602e-01, -2.3143135237505763e-01
38, 9, 5.7806355156993794e-01, 1.8967459379611484e-01
38, 10, 3.5597234888532026e-01, -1.8071429377171286e-01
38, 11, 5.4206047883675923e-01, -1.8199575798390344e-01
38, 12, 2.9454501996921650e-02, -3.3240567567267754e-01
38, 13, 1.1365745328604975e+00, -5.5287228110036080e-01
38, 14, 7.3901977286495002e-01, -7.2333745780839154e-01
38, 15, -1.9229408804402626e-01, -6.2229699867105670e-01
38, 16, -1.6347632360737946e-01, -2.7621130370829905e-01
38, 17, 3.0401110744516907e-01, -7.4355451822731844e-03
38, 18, 8.1794644046129739e-02, 4.1425339580605169e-01
38, 19, 4.0028178195424602e-01, 5.2281214681432364e-01
38, 20, 8.8690854026644250e-01, -2.8395529799860186e-01
38, 21, -6.4142901879279818e-02, -3.5719581718578286e-01
38, 22, -4.5473953518814669e-01, -1.0047959667374535e+00
38, 23, 3.2569040020027751e-02, -2.6274784633139714e-01
38, 24, 5.1328471490417937e-01, 3.8145481222295441e-02
38, 25, -1.3049369544538886e-01, -2.6394499343071209e-01
38, 26, -8.3907525564338226e-01, -2.7391682233629244e-01
38, 27, -7.4922097533668783e-02, 9.9140741733065851e-01
38, 28, 4.3615006170912851e-01, -1.3688690373666534e-01
38, 29, 2.6356807534572857e-01, -1.9014006178673704e-01
38, 30, -5.1887074378178288e-01, -4.0390820987571741e-01
38, 31, 2.7551069054550981e-01, 3.6972162968983951e-01
38, 32, -2.9220628233771317e-01, -3.0145721011440868e-01
38, 33, 1.9865948345007822e-01, 3.9817977113456238e-01
38, 34, 1.0005989803404027e+00, -1.8234353372198187e-01
38, 35, 8.0548126446384705e-01, 3.8501793515194921e-01
38, 36, 4.3077220862691967e-01, -1.2067906911897697e-01
38, 37, 3.1664808746721029e-01, 3.7945684194929274e-01
38, 38, 5.5739034140325050e-01, 4.8228832339735539e-01
39, 0, -4.8491247142527416e-01, 0.0000000000000000e+00
39, 1, 1.7584060597160844e-01, 5.8833686175467148e-01
39, 2, -1.8068855430752023e-02, -2.8052215012738468e-01
39, 3, -5.6255153380987633e-02, 6.3884788383729074e-02
39, 4, 3.0337374202947376e-01, 2.7914329709049818e-01
39, 5, 1.8325697663305296e-01, -9.6062605284971392e-01
39, 6, 2.4729928684196645e-01, -4.1174657814285198e-01
39, 7, -2.7190795957257186e-01, 4.2389090710247601e-01
39, 8, -1.4400888852228566e-01, -1.5094916065220676e-01
39, 9, -4.2138873612112104e-01, -1.7199868484462066e-01
39, 10, 1.9146552044796161e-01, 1.6723293397615518e-01
39, 11, 3.9780380961914708e-01, -7.7261064978919214e-01
39, 12, 4.8064665323315436e-02, -1.3618855772028746e-01
39, 13, -3.0537559159278871e-01, -1.2048864526368530e-01
39, 14, 3.3205826865059929e-01, 4.4934404472589579e-01
39, 15, -1.9944644762902403e-01, -5.7782417629447735e-01
39, 16, 5.3297732894840244e-01, 1.8713730934723699e-02
39, 17, -8.3330324279064338e-02, -3.7204502987202792e-01
39, 18, 1.6252760965239943e-01, -1.6097796370692108e-01
39, 19, -2.0543424245086894e-01, -3.9105937190577422e-01
39, 20, 4.1205766174524805e-01, -1.8765151520337753e-01
39, 21, -5.1930848043177658e-01, 4.6537183161236373e-01
39, 22, -4.1951067214373167e-01, 2.2629082695230110e-01
39, 23, -2.2641307900256369e-01, 2.0216741111293912e-01
39, 24, 1.1496670823403168e+00, 5.6745343864663578e-01
39, 25, 5.0232075450334368e-01, -3.6955740034625284e-01
39, 26, 3.9136363785614092e-01, -1.1490148147047907e-02
39, 27, -4.8803213580165100e-01, 4.6187884109143962e-01
39, 28, 5.5250425146370086e-01, 8.5170017426198719e-01
39, 29, -2.0001553550556772e-01, 7.3702478672869853e-01
39, 30, 9.3100130591620400e-01, -2.2215833957946218e-01
39, 31, 2.9534664303520042e-01, 7.3998663003496334e-01
39, 32, 3.6013545748035891e-01, -4.4225002521609147e-01
39, 33, 1.7691846293705327e-01, 4.3468294427843612e-01
39, 34, -5.4068734250694439e-01, -3.2938508950973805e-01
39, 35, 3.9247876863328068e-01, -6.8302523907868951e-02
39, 36, -4.3404974438106536e-02, -1.2335608307136670e-01
39, 37, 8.5754562052911210e-02, -1.5727556017091049e-01
39, 38, 4.3667407434419570e-01, -6.3545468714267617e-01
39, 39, -1.1334451477296846e-01, 2.7635718159517442e-01
40, 0, 8.9878275653934392e-01, 0.0000000000000000e+00
40, 1, 7.4454719832031813e-01, -9.1559560496128956e-02
40, 2, -8.3234123003228910e-02, 5.1772051941028963e-01
40, 3, -5.3657661838327697e-01, -2.2694858270869134e-01
40, 4, -4.0730216890724680e-01, 1.0688091725859394e-01
40, 5, -9.8796387595541324e-02, -9.2575242093518462e-01
40, 6, 4.4422968445325384e-01, 4.9652908347516383e-01
40, 7, 5.0004353131960377e-01, 4.0030425533367947e-01
40, 8, 1.2169211761403664e+00, -6.9023118205751077e-01
40, 9, 2.8435240663153982e-01, -3.4751819641741255e-01
40, 10, -3.2032272093527631e-01, -1.0309772581549630e+00
40, 11, -2.9594168875968996e-01, -3.9870798006935210e-01
40, 12, -1.5296830461083966e-01, -1.4890353198095199e-01
40, 13, -4.4091265460710666e-01, -3.4174326090715290e-01
40, 14, -2.9973708497947493e-01, -2.2849046977174892e-01
40, 15, -2.3050482611719703e-01, -2.7846395790987288e-01
40, 16, 2.7981698095871144e-01, -1.0238807679707544e-01
40, 17, 2.7841508814273797e-01, -1.7079210322676680e-01
40, 18, -5.9300495338812276e-01, -5.7167820066743247e-01
40, 19, -6.5285475328009590e-01, -2.8077717882945066e-04
40, 20, 4.6321404459229720e-01, -1.1899198428317798e-01
40, 21, 4.6249019737352948e-01, 5.8391117024943173e-01
40, 22, -3.1496657157479158e-01, 3.4308974461224345e-01
40, 23, 1.7292760214980352e-01, 2.6230530110820760e-01
40, 24, -2.6259313510079751e-01, -4.7951701111576045e-01
40, 25, -6.0012314943758138e-04, -5.6785815526226568e-01
40, 26, -3.2902379165433060e-01, -1.6866444957518589e-01
40, 27, 5.3211610339365917e-02, -1.5513408283072727e-01
40, 28, 5.3548217358591721e-01, 2.7712416836859632e-01
40, 29, -9.4114688292227466e-01, -1.0463402265901443e+00
40, 30, 6.3832961598970694e-01, -7.6369495858366276e-01
40, 31, -4.1802157663737671e-01, 3.1754930004375514e-02
40, 32, 5.2753722866603259e-01, -7.1068344448425136e-02
40, 33, -5.6454884632910241e-01, 2.0004398372276411e-01
40, 34, 1.1370697030853250e-02, -4.9882056372997363e-01
40, 35, 1.4115296822864232e-01, 2.9557239966208138e-01
40, 36, -1.1646590300858062e-01, -3.3179600414016519e-01
40, 37, -4.4430526829001060e-01, 1.7897848874078393e-01
40, 38, 1.1414271483699445e-01, -1.4107119860589287e-01
40, 39, -4.3896208199216813e-01, 9.1947355495352046e-03
40, 40, -9.1471585684939516e-02, -2.4984949287302716e-01
41, 0, 1.3901252785067120e-01, 0.0000000000000000e+00
41, 1, 3.4545494262485987e-01, -4.5813238049560268e-01
41, 2, 1.0623029361543215e+00, 1.8279981284879843e-01
41, 3, -3.0411750041592123e-01, 9.6845085117697072e-02
41, 4, 4.0825154801015623e-01, 2.7568389721027831e-01
41, 5, 6.1737762338722824e-01, -4.6040897532667135e-01
41, 6, -5.8762777509380248e-01, -4.6537654532161221e-01
41, 7, 4.3601314118064016e-01, -2.7857172264843566e-01
41, 8, 5.1842744454639944e-01, -2.5589302246894730e-01
41, 9, -6.1671904826692048e-02, 9.8074929118554838e-02
41, 10, 2.1594917208778319e-01, -9.6623768330226234e-03
41, 11, -8.3683387651989571e-02, 2.9482607292507940e-01
41, 12, -7.0310894198346796e-02, 2.6855602807291545e-01
41, 13, -2.1620489703200574e-02, -3.5105936784402780e-01
41, 14, -1.0217396223671167e+00, 5.2455403526729816e-01
41, 15, 2.0522735060702879e-01, 4.1669232519554078e-01
41, 16, -8.3553910171227996e-01, -1.7193967803799121e-01
41, 17, 1.1777433360504973e-01, 5.1117912228718021e-01
41, 18, -1.1266886796983822e-01, -9.5652487211405068e-02
41, 19, -2.7406924666436461e-02, -3.4100487352775183e-01
41, 20, -2.8071233553338071e-01, 4.4362893647099738e-01
41, 21, -2.4029231190882383e-01, -7.6707547031151779e-01
41, 22, 1.4067621364921878e-01, -1.4518349854279913e-01
41, 23, 2.5855836693038436e-01, -3.1652189433165628e-01
41, 24, 9.5814769017038559e-03, -3.2866406290696148e-01
41, 25, -2.6902842331963273e-01, -2.0399248772913769e-01
41, 26, -5.4474091958010029e-01, -1.7118541135989407e-01
41, 27, 8.4350970811301940e-02, -2.3381947352928800e-01
41, 28, -7.6910904681259584e-01, 8.8710112517212880e-01
41, 29, -1.3043429088263225e-01, -2.6780565831256264e-01
41, 30, 3.4321910376431397e-03, -1.4843360578471154e-01
41, 31, -2.5932006759394666e-01, -4.1308221337566209e-01
41, 32, 8.7932408602471002e-01, 5.9317217756502827e-01
41, 33, -4.0615491843091878e-01, -6.2417518316123799e-01
41, 34, 2.3712443824098073e-01, -2.2333412110277501e-01
41, 35, -1.8037504070517496e-01, 2.1751955491856051e-01
41, 36, 4.5789974924496962e-01, 2.7271647672640231e-02
41, 37, 1.1725887443152394e-02, 4.3468727446210209e-01
41, 38, 2.5151270752222887e-01, 4.6037418706083910e-01
41, 39, -7.1979128513259716e-02, -4.3793723199709816e-01
41, 40, -3.9720460142566383e-01, 4.8665947475391280e-01
41, 41, 4.6986283776148946e-01, 4.9153019591786529e-01
42, 0, 7.5574848249714804e-02, 0.0000000000000000e+00
42, 1, 7.0113707758698429e-01, 3.0831643032368461e-02
42, 2, 1.8377355943333401e-01, 2.1139093803234321e-01
42, 3, -2.2735791515746273e-01, 1.6180579292756880e-01
42, 4, 7.2965917817888770e-01, 4.3409148559559135e-01
42, 5, 3.9552441639808855e-01, -7.1579432467357096e-01
42, 6, -9.3595260281864956e-01, 2.3537663441978399e-01
42, 7, -2.0521304498364201e-02, 1.3581095731518819e-01
42, 8, -5.2906781532480274e-01, -7.5173768288107901e-01
42, 9, -7.5621788429588777e-02, -6.3341319672752294e-01
42, 10, 6.5007681222017888e-02, -2.2015062230893639e-01
42, 11, -5.5064393417067370e-02, -2.9814490307413544e-01
42, 12, -4.2019569406264501e-02, 1.6649070827498658e-01
42, 13, -3.0536441983814284e-02, -5.4738863904153578e-01
42, 14, -5.6114152470222944e-01, 1.2800532125024855e-02
42, 15, 4.4838633090983671e-01, 7.1318703058039307e-02
42, 16, -3.6451850080844128e-01, -1.6992187881281842e-01
42, 17, -4.2829225842030655e-01, 1.4572038052955755e-01
42, 18, -5.7722078245011410e-01, 9.3483674957685436e-01
42, 19, 4.8062437539451830e-02, -2.0915313584528544e-01
42, 20, 8.6253515331651875e-02, -1.7896633703436959e-01
42, 21, 8.1111172210976157e-01, 8.1166870501632737e-02
42, 22, -3.5547419565442745e-01, -1.4262289767190184e-01
42, 23, -8.4773919990796021e-01, -3.5549452384912472e-01
42, 24, 8.1693331437067473e-02, -5.7989136427775412e-01
42, 25, 1.3346810487280811e-01, -2.0667498684148333e-01
42, 26, 3.1821061568952175e-01, -8.8526697136295796e-02
42, 27, -1.7860617982108884e-01, 5.5685459124422898e-01
42, 28, -3.8202781226067350e-01, -1.5531381890777191e-01
42, 29, -1.5628046089771602e-01, 2.0193408522760514e-01
42, 30, -3.5349048699946795e-01, -1.9059877056146735e-01
42, 31, 2.9866738191731290e-01, -2.8445862204598016e-01
42, 32, 9.5343017085761692e-02, 6.3211032074581741e-01
42, 33, 5.9434633872083542e-01, -5.0079885256523116e-01
42, 34, -1.0386396777354978e-02, -2.0735970434910517e-01
42, 35, -7.7742985464728176e-01, -9.0833335261846282e-02
42, 36, -1.3709331090604138e-01, 8.1596347923105106e-02
42, 37, 8.7075126456818544e-02, -5.6061345741448942e-01
42, 38, -5.5517652356924407e-02, -2.8096101239606819e-02
42, 39, 3.3128720766314751e-01, -2.5983573740772414e-01
42, 40, -8.3728016895520208e-01, 3.0857232588036254e-01
42, 41, 3.5601378960910024e-01, -6.1751327638970099e-01
42, 42, -1.7134269871422592e-01, -2.5930189106823154e-01
43, 0, 4.5215187408593477e-01, 0.0000000000000000e+00
43, 1, 2.2821399464314118e-01, -1.5513882418243657e-01
43, 2, 4.0587912528421904e-01, 3.4275716346656560e-01
43, 3, -5.2121328382577192e-01, 5.1554547776462289e-02
43, 4, 5.3420483652910233e-01, 2.2154571213766316e-01
43, 5, -1.7225848424983425e-02, 5.4511988679719625e-03
43, 6, 1.4044708339229717e-02, 8.5493080410457001e-02
43, 7, -2.6943714634880023e-01, -2.3631987103924879e-01
43, 8, 2.0515527819467208e-01, 7.0195399983897677e-02
43, 9, 4.6094264056530510e-01, 6.7617327926636894e-01
43, 10, -1.3068152337967320e-01, -1.5303594771415241e-01
43, 11, -2.3664106442058164e-01, -3.8204867203883569e-01
43, 12, -5.1575570352335309e-01, 7.9275728877560431e-02
43, 13, -4.0922834294153332e-02, 1.2790316465626683e-01
43, 14, 3.2988521850555402e-01, -3.0955946833888187e-01
43, 15, 5.4198162595677069e-01, -1.8099542322655060e-01
43, 16, 1.2495923189279801e-01, -4.6572477434500648e-01
43, 17, 2.4005147048920195e-01, -9.7276786796687054e-02
43, 18, -1.2823066842310188e-01, 1.9578021996282297e-01
43, 19, 3.9320142634665815e-02, -5.5162357496296988e-01
43, 20, 8.9260978768589752e-03, -1.4139932534216637e-02
43, 21, 1.5742964932158571e-01, 1.8153649649691728e-01
43, 22, 8.1411109489886058e-02, 1.0560158569508610e-01
43, 23, -4.7584119929830770e-01, -1.3800682482738186e-01
43, 24, -1.4455151752283868e-01, -1.8087645530382104e-01
43, 25, 2.4561264553056211e-01, 5.3121882217817085e-01
43, 26, -2.0751640891340078e-01, -5.7342099894677501e-01
43, 27, -2.2495002506900275e-01, 4.5070174271509755e-01
43, 28, -6.7451418123663709e-01, -1.2169397538788407e-01
43, 29, -3.3800872290381083e-02, 4.0536301141333619e-01
43, 30, 7.7989390610161036e-01, -2.2649950450894746e-01
43, 31, 1.5769259278759273e-01, 1.7619520046743387e-02
43, 32, 2.4310553873920282e-02, -3.6288802418791433e-01
43, 33, -4.6803588564323317e-01, -4.0844645387409106e-01
43, 34, -6.5473964821321284e-01, -3.4360755093583889e-01
43, 35, 1.4513625573241762e-01, 2.7774808354796260e-01
43, 36, 1.0446331963028901e-01, -7.5528899903551272e-02
43, 37, -1.9180973932818923e-02, -2.3411632530092941e-01
43, 38, -3.6580700031618529e-01, -2.9786329375437476e-01
43, 39, -4.5126387496010911e-01, -3.8332474180164944e-03
43, 40, 2.7116005942750904e-01, 4.6743128545955315e-01
43, 41, -2.0124199133680798e-01, 1.7352967895076116e-01
43, 42, 2.0057998227792884e-01, 1.6240117092114259e-01
43, 43, -4.2519829874509130e-01, -4.3628259306242162e-01
44, 0, 2.7842642891111191e-01, 0.0000000000000000e+00
44, 1, 9.1956167557310664e-01, -1.7964003736792425e-01
44, 2, -3.4242359902844377e-01, 1.7900380166946966e-01
44, 3, 6.5899359829415527e-03, -3.1897326899592626e-01
44, 4, 4.8682942308639343e-01, 1.9498938115304226e-01
44, 5, 2.5811643304449938e-01, -5.3295814961359489e-01
44, 6, -2.5704625387445557e-02, 2.9451313802755574e-01
44, 7, 1.3165252133152716e-01, 6.4358132595938689e-01
44, 8, 3.7387755356932562e-01, 5.0278529998905164e-01
44, 9, -4.4585545183635067e-01, 7.1985886605054838e-01
44, 10, -5.4761928359368339e-01, -1.5899040118332974e-01
44, 11, 7.4940041306845950e-02, -1.3961347715019756e-01
44, 12, -7.5178517403332679e-01, 1.8361978080469071e-01
44, 13, -4.0662837959309900e-01, -2.5769093994069253e-01
44, 14, -3.0580876921543854e-01, 6.3819755914657539e-01
44, 15, -3.6044083957613671e-01, 7.1516747560281524e-01
44, 16, -3.5580886674220480e-01, 1.4760051384120776e-01
44, 17, 4.0781080660686286e-01, 3.2670701010591841e-01
44, 18, 4.4405933291808020e-01, -3.5876728805824543e-01
44, 19, 6.0390980016920481e-01, -1.5355566920690705e-01
44, 20, -1.6900859083346942e-01, -6.2409001071424308e-01
44, 21, 2.3609571459991385e-01, -2.5058940967913845e-01
44, 22, -1.1835879433659886e-02, 9.1971853865172842e-02
44, 23, -9.7671411573635042e-03, 2.6026652658323490e-01
44, 24, -3.0707148960500952e-01, 1.9836149882193665e-01
44, 25, 1.4554552452722258e-01, -3.3845899655880057e-01
44, 26, 5.0550745155249444e-01, -3.3124323980664738e-01
44, 27, -4.4629872279802263e-01, -8.2681492327337514e-02
44, 28, 7.2135880361104687e-03, 2.0645388328939901e-01
44, 29, 1.2283412317472081e-01, 3.6547698504115256e-01
44, 30, 4.4983988590870971e-01, -1.6630993720936965e-01
44, 31, 4.4284364234383683e-01, -3.3799648940204347e-01
44, 32, 4.4162766205750553e-01, 1.3448777867078454e-01
44, 33, -2.3088600855144303e-01, -1.6359811932408919e-01
44, 34, -4.8851111958335969e-01, -2.6716117019462349e-01
44, 35, 1.5773056011895814e-01, 6.1108431629827409e-01
44, 36, -2.3495742543499984e-01, 2.7142714163547521e-02
44, 37, 7.3891849915263608e-01, 6.2957499392618188e-02
44, 38, -2.8265849450375935e-01, 3.8145418675943243e-01
44, 39, 1.7442926997339958e-01, 1.7946318808404266e-01
44, 40, 3.6247501136846449e-01, -1.3295693972549194e-01
44, 41, -1.5684266617962744e-01, -9.6488057510957348e-02
44, 42, -2.4045520253264585e-01, 4.4179916659647683e-02
44, 43, 1.0652037625591282e-01, -1.2546392328307920e-01
44, 44, -2.8999865218732296e-01, 1.2051336419920387e+00
45, 0, 5.8182172130460108e-01, 0.0000000000000000e+00
45, 1, 2.7891523075524749e-01, 3.4483938935022340e-01
45, 2, -2.6133318715567455e-01, -1.7890313250374934e-01
45, 3, 5.6020450764376561e-02, 7.0686448291057880e-01
45, 4, -5.7856334928389419e-01, 1.4756158560645508e-01
45, 5, 7.0088899000962490e-02, -1.2020253339705253e-01
45, 6, -5.0908705846676150e-01, -6.7584873147745528e-02
45, 7, -2.3681310556906177e-01, 2.4321589558711665e-02
45, 8, -1.1397749630811230e-01, -1.4538421100868315e-01
45, 9, 3.1656542781793562e-01, 8.3772809203492615e-02
45, 10, 3.6198658516260940e-01, -5.6859013856438601e-01
45, 11, -1.8956781205421236e-01, -2.9741645550439144e-01
45, 12, -4.5688357871065421e-01, 6.6767157520966469e-01
45, 13, 1.4189123862857422e-02, 5.0715361848821505e-01
45, 14, -5.2462571415093501e-03, 5.3436498565076929e-01
45, 15, -2.3948951771935434e-01, -5.1476754831824234e-01
45, 16, 3.0556756491622117e-01, -3.5876346962472550e-02
45, 17, -2.3266012555201920e-01, -3.7667962469271732e-01
45, 18, 6.3125815713391242e-01, 8.0036146892291882e-01
45, 19, -5.6420157923821368e-01, 8.5056439608832621e-02
45, 20, 2.0721005334632170e-02, 1.8977044653458197e-01
45, 21, 8.0389065259941953e-02, 5.7888872598782182e-01
45, 22, 6.5197101716350958e-01, -9.3033787332455331e-01
45, 23, 2.2673146750943063e-01, -1.2349834735198018e-02
45, 24, 1.0053725103180614e-01, -7.8805355242648734e-01
45, 25, 2.2978062259454718e-01, -2.9019060942775621e-02
45, 26, 2.2866784023625988e-01, -3.2834430952846572e-01
45, 27, -1.1266075416789917e-01, 4.8138096908043781e-01
45, 28, 3.3683700235453640e-02, 5.3476990846222372e-01
45, 29, -2.0457081771899849e-01, -5.0304611305443858e-01
45, 30, 1.6638709542168284e-03, -1.8991793055647865e-01
45, 31, -2.1141651949667140e-01, -2.0243014850503566e-01
45, 32, -3.3339968941170250e-01, -2.5214997946625628e-02
45, 33, -6.2419188756150223e-01, 2.2885118834211460e-01
45, 34, 2.8083413756582637e-01, 1.4505691565780068e-01
45, 35, 3.7648898592287305e-01, -2.1797780160576949e-01
45, 36, -4.7970756511659718e-02, -8.6610431201324689e-01
45, 37, -6.4338803221079666e-01, -8.4980583560746059e-02
45, 38, 2.7054690404691062e-01, -5.4624204002710397e-02
45, 39, 2.6007374890205992e-01, -6.9882413573395905e-02
45, 40, -6.6924701416599841e-02, 2.3558856766712866e-01
45, 41, 2.1691380831854734e-01, -1.2832315700547703e-01
45, 42, 1.0743890286479263e-02, 2.3234861238425075e-01
45, 43, -3.8244177743698615e-01, -2.2883712983774451e-02
45, 44, 2.5303030776111890e-01, 2.6919765780979976e-01
45, 45, 6.5205285369825927e-01, -4.7070692263610980e-01
