0, 0, 6.5000000000000000e+04, 0.0000000000000000e+00
1, 0, -1.7355575770910314e+03, 0.0000000000000000e+00
1, 1, -1.0116218401629463e+02, -7.8537442840332119e+02
2, 0, -0.0000000000000000e+00, 0.0000000000000000e+00
2, 1, -4.4216553827982165e+02, -2.3874053624716095e+02
2, 2, -6.4491267839728489e+03, 3.4392166733355612e+03
3, 0, -1.7739699498348041e+03, 0.0000000000000000e+00
3, 1, 7.9796014035112637e+02, 3.7616712180814643e+03
3, 2, -1.8798207720091616e+03, 7.5156199078036411e+02
3, 3, 4.4380410666622429e+03, 2.6759191947661097e+03
4, 0, 7.3587781902460165e+02, 0.0000000000000000e+00
4, 1, 8.5728043345470371e+02, 6.9647867264935439e+02
4, 2, -5.1695980974815404e+02, -1.4834717262531517e+03
4, 3, 1.4486610185442823e+03, -6.4088285764349934e+01
4, 4, 1.4429965644859860e+02, -2.1704620716493232e+03
5, 0, -1.1548663094335978e+02, 0.0000000000000000e+00
5, 1, 3.3338159522860749e+01, 2.1563927856247307e+02
5, 2, -7.5095153890532674e+02, -2.9569650510599763e+02
5, 3, 5.9825946132086517e+02, -1.8413428425730012e+02
5, 4, -9.7571432373408732e+02, -4.0213351055419054e+02
5, 5, -8.6126592830770255e+02, 7.6716532926934929e+02
6, 0, 2.2052409055503981e+02, 0.0000000000000000e+00
6, 1, 4.8700903149902263e+02, -3.1363177924414202e+02
6, 2, 3.2863301611141549e+02, 3.0402146251590079e+02
6, 3, 3.3648629897754267e+02, 1.3033630751083490e+02
6, 4, 1.9791870317439492e+02, 5.6047414753422299e+02
6, 5, 2.8074887231548769e+02, 4.1316795412616455e+02
6, 6, 5.4970931916519567e+02, 1.6509443294085239e+02
7, 0, 1.6534299894243344e+02, 0.0000000000000000e+00
7, 1, 4.0317176299302679e+02, -1.7088387496980658e+02
7, 2, 6.3853593493368385e+02, -7.9927608073721984e+01
7, 3, 1.9568502433087667e+02, -8.2398828594706444e+01
7, 4, 7.0017592748235063e+02, -2.2020888632372390e+01
7, 5, -5.7874419600207020e+01, -3.9235809389915585e+02
7, 6, -2.1059343957388637e+02, -5.2036470900114500e+02
7, 7, 7.9381565280837961e+01, -4.1339575942359488e+02
8, 0, 8.8251295113177747e+01, 0.0000000000000000e+00
8, 1, -2.6438627627268925e+01, 1.6320422792095007e+02
8, 2, 5.3081886584958738e+02, 1.4347704766039064e+02
8, 3, -3.7332128223194019e+02, -4.1222085090608749e+02
8, 4, 4.4774125950601564e+02, -1.8406523434589033e+01
8, 5, -8.4754427479787819e+02, -5.3406909876011457e+02
8, 6, -2.0962144186134054e+02, -4.8856549785139936e+02
8, 7, -1.5942519032895135e+02, 4.4086824849666624e+02
8, 8, -4.6399759939983795e+01, -7.7788310633577638e+01
9, 0, -8.6025864359677072e+01, 0.0000000000000000e+00
9, 1, 8.3489280574206987e+01, -5.8082372091991203e+01
9, 2, 3.8445827874841694e+02, 9.4017308436130364e+01
9, 3, -2.9015959519078871e+02, -2.7566168708930746e+02
9, 4, 1.0499319470781622e+02, 4.9651452218981910e+02
9, 5, -6.6321270493347697e+02, -4.9771739243540804e+02
9, 6, 2.2670073941226204e+02, 1.1135134494051627e+02
9, 7, -2.0668422141166187e+02, 3.4453128199037690e+02
9, 8, 4.2174065947964834e+02, -7.3356599750475652e+01
9, 9, -3.3622749440252380e+02, -1.6905870017150016e+02
10, 0, 2.0642243213895784e+02, 0.0000000000000000e+00
10, 1, 2.6484398965576884e+02, 7.6264356061770584e+01
10, 2, 2.6244082145240625e+01, -3.5521048681249010e+02
10, 3, -1.4680229134699374e+02, 1.2723581010858727e+02
10, 4, -3.8851915973302175e+02, 1.7149770882803850e+01
10, 5, 1.5461685117041506e+02, -3.3445196489195700e+02
10, 6, 1.9915177933215600e+02, 3.8854070771461619e+02
10, 7, 1.1196796900105329e+02, -1.7264715073518926e+02
10, 8, 1.7225165453548502e+02, 2.5755535766047547e+02
10, 9, -4.4092132425927366e+02, -4.2811759956639230e+02
10, 10, -9.2983131947932605e+01, 2.2255273732075958e+02
11, 0, -8.7423757875794010e+01, 0.0000000000000000e+00
11, 1, -2.3192749238142110e+02, -6.4569841410602336e+01
11, 2, -9.4311318707825222e+01, -3.4033907563184846e+02
11, 3, -4.1930559857935930e+02, 2.6397110711617790e+02
11, 4, -5.1822548415175743e+02, -2.2078521818976165e+02
11, 5, 4.2111166137203804e+02, 2.9837019059886791e+02
11, 6, -1.0086358631930057e+02, -1.1583347373774686e+01
11, 7, 2.2309196327443780e+02, -2.6590173664534029e+02
11, 8, -3.9450351222497619e+02, 2.3049342205296711e+02
11, 9, -1.2600877355505455e+02, -1.3388781388241568e+02
11, 10, 7.9930883015362497e+01, 6.3545872310797847e+02
11, 11, -2.1324192320218174e+01, -1.0891850994546301e+02
12, 0, 6.7379368705171515e+01, 0.0000000000000000e+00
12, 1, -3.6942852662940629e+02, -8.3897079195008608e+00
12, 2, -3.8663961416620893e+01, 1.6714696034574411e+02
12, 3, -4.6393166158154258e+02, 9.7287579930251383e+01
12, 4, -4.4351310331962047e+01, 4.6324498848446076e+01
12, 5, 2.1305846857529139e+02, 3.2588344414227174e+02
12, 6, -1.2370699437132731e+02, -5.1297499827990032e+02
12, 7, 1.1494539687785299e+02, -5.1046458657983017e+01
12, 8, -4.9276835158886649e+02, -1.0988334628118632e+02
12, 9, 2.0791716804512822e+02, 1.3975088419353378e+02
12, 10, 1.3372678243361676e+02, 4.2944977250985693e+02
12, 11, 2.7362437313129749e+02, -5.4351982914931250e+02
12, 12, -7.9427689503802590e+00, -2.8609876223196597e+01
13, 0, -1.4709259744329228e+02, 0.0000000000000000e+00
13, 1, -1.8701882346518431e+02, 4.9828326651869261e+01
13, 2, 7.1532178569998990e+01, 2.7476297794990001e+02
13, 3, 5.4104846615957314e+01, 4.5239016740789687e+01
13, 4, 4.3357187888386363e+01, 2.1152453579577070e+02
13, 5, 5.8523256174540315e+00, -1.3090010283021527e+02
13, 6, 3.3621012071499067e+01, -3.0618289297056941e+02
13, 7, -2.4217837401505645e+02, 1.2391356502669095e+02
13, 8, -7.1474848861865098e+01, -3.8520882255595215e+00
13, 9, 3.3282309081768210e+02, 2.4332599199776217e+02
13, 10, -4.1983901221275751e+01, -1.9787117977658210e+02
13, 11, 2.3789623584155427e+02, -2.6341122147405804e+02
13, 12, -4.4424158735577998e+02, -1.3533051673828885e+02
13, 13, 1.4651694756791963e+02, 2.7639190000706765e+02
14, 0, 8.1076968181532209e+01, 0.0000000000000000e+00
14, 1, 2.2669670937489059e+02, 8.9731596881452560e+01
14, 2, 1.3423611655128263e+02, -1.5574052001271772e+02
14, 3, 1.2626452674589359e+02, -9.1473385888856470e+01
14, 4, 7.3703159531266508e+01, -2.9583013274616565e+02
14, 5, -1.3748930122767206e+02, -2.9324214990736658e+02
14, 6, -1.7824977086292122e+01, -2.8716060206382664e+01
14, 7, -1.3086065416153053e+02, 7.3999032723889599e+01
14, 8, 2.5269599093517519e+02, 1.1696694923371426e+02
14, 9, 5.8237056168563065e+01, 3.4321438986267106e+02
14, 10, 4.0288755610255258e+00, -4.8022843217717309e+02
14, 11, -2.7366476628189929e+02, 5.3814051466279480e+01
14, 12, -1.3210011405733482e+02, -8.8149115506906966e+01
14, 13, 2.2752172268720307e+02, 6.2391098242501744e+02
14, 14, 1.1656034418203234e+01, -2.2368669736525536e+02
15, 0, 1.4244241857362661e+02, 0.0000000000000000e+00
15, 1, 6.7341910427190427e+01, 7.8258799106238101e+01
15, 2, -1.0502807940277096e+02, -2.2679328162185453e+02
15, 3, -1.6220745170612480e+02, -8.6720907554097266e+01
15, 4, -2.0925964042131437e+02, -2.4619739880461941e+02
15, 5, -2.7152028214975104e+02, -1.3983323012375968e+02
15, 6, -1.7820804956237641e+01, 1.8414408926459382e+02
15, 7, 2.6974442410854709e+02, 1.0641356428191780e+02
15, 8, 3.3583978843010789e+02, 1.3995017201472695e+02
15, 9, -8.1564315724615298e+01, -1.0803878979967807e+02
15, 10, -4.8625375830762039e+01, -4.6228847871485719e+01
15, 11, -2.2522410294175083e+02, 1.6660110179422335e+02
15, 12, 2.7904678397117209e+02, 2.2055718263598988e+02
15, 13, 5.0857230068932438e+01, 2.0771845940266402e+02
15, 14, 6.4189849190076359e+01, -3.9446725140164074e+02
15, 15, -1.0251500033483606e+02, 3.5588524498160801e+01
16, 0, 1.7344239554602080e+02, 0.0000000000000000e+00
16, 1, -6.5090875836585866e+01, -1.5404585415644092e+02
16, 2, -1.3382048993936405e+02, -2.4303934368786823e+01
16, 3, -1.4885430822830887e+02, 1.1846694040584228e+02
16, 4, -2.1571319645373751e+02, -1.5200563029754106e+01
16, 5, -9.5823488592316608e+01, 1.6358100919546243e+02
16, 6, 3.9826556063776295e+01, 6.2299133467239571e+01
16, 7, 1.0773064558267922e+02, 8.6495170304777588e+01
16, 8, 6.5284662759565066e+01, 1.0845383653206532e+02
16, 9, -9.9251451551661333e+01, -2.6037575821703172e+02
16, 10, -1.4296494397220448e+02, 9.4910472494878107e+01
16, 11, -1.8487339281078913e+01, -8.6729496786232232e+01
16, 12, 1.1377526788852673e+02, 1.8614756867534481e+02
16, 13, -1.8021297740506412e+01, -1.6584640531653733e+02
16, 14, -4.7116904496600412e+01, -2.6128267741157407e+02
16, 15, -2.3817932033949572e+02, 8.9890203130194948e+01
16, 16, 5.8263513890024470e+01, 3.3411720524845627e+01
17, 0, -1.2975585839493647e+01, 0.0000000000000000e+00
17, 1, -9.6541282133201591e+01, -1.6842009228554969e+02
17, 2, -5.2319033909541126e+01, 4.1330555496148556e+01
17, 3, -8.9797025664750620e+00, 5.1797938696187018e+01
17, 4, 1.2123743951969146e+02, -2.8681875161647081e+00
17, 5, 1.8515097900507141e+02, 8.4360577156768642e+01
17, 6, 1.6890671436011448e+02, -8.3067759647267252e+01
17, 7, 9.0064676172534519e+01, -6.1770320214287977e+01
17, 8, -9.8386603995866182e+01, -5.4114877104903492e+01
17, 9, -5.2938347431166612e+01, -8.4288689405005186e+01
17, 10, -1.5149283502694334e+02, 7.1247494573625744e+01
17, 11, 9.4811495620951320e+01, 1.8204318473035613e+01
17, 12, 5.0603246355212349e+01, 1.3747536132892790e-01
17, 13, -1.1509163484483275e+02, -2.1019490722374647e+02
17, 14, -9.4645066208130842e+01, -1.2470067538650687e+02
17, 15, -9.7126584823008073e+01, 1.0656566819644132e+02
17, 16, 2.8202503059780872e+02, 1.4953340906607249e+02
17, 17, 1.2623702285512472e+01, 7.7139860414630490e+01
18, 0, -7.8975856702556115e+01, 0.0000000000000000e+00
18, 1, -4.5505174109317501e+01, -1.4214102283150183e+02
18, 2, -2.8878902174414563e+01, 1.1470491247956481e+01
18, 3, -7.1126792711427527e+01, -1.1764495879645992e+02
18, 4, 2.1533646587865570e+02, 3.1486494128940269e+01
18, 5, 5.1328006396225334e+01, -1.5320288519532821e+02
18, 6, 5.5060654689826457e+01, -1.6907713149456148e+02
18, 7, -5.0533905050858706e+01, -4.2622967892094117e+01
18, 8, 1.3405666029812089e+01, -6.3541033764832491e+01
18, 9, 1.8693262338230792e+01, 4.8176722376781036e+01
18, 10, 1.6551234431760187e+02, -1.3120505821528830e+01
18, 11, 6.6726623903323556e+01, -7.7765940314371960e+01
18, 12, 1.7360366825683972e+01, -1.9602137566580161e+01
18, 13, -7.1665796318105109e+01, -6.8288077095715579e+01
18, 14, -8.9647351436837212e+01, 4.6048608073967955e+01
18, 15, 8.5552096532999983e+01, 1.8696666917381251e+02
18, 16, 9.9546276691261752e+01, 5.7632243382094693e+01
18, 17, 1.2581232769213411e+01, -2.7897956123768529e+02
18, 18, 1.1894325952034973e+02, 8.5946784094098689e+01
19, 0, 3.1548600663273580e+00, 0.0000000000000000e+00
19, 1, 9.7721797721911834e+00, 1.2125874082601314e+02
19, 2, -1.3029370556825967e+01, 2.2667416505184491e+01
19, 3, -1.5515008627208761e+01, -4.7700986955723565e+01
19, 4, 2.8502654351843212e+01, 5.8438555426137931e+01
19, 5, -6.8821616501824820e+01, -1.0873466394887112e+02
19, 6, -6.9770214075839277e+01, -3.1770713974385195e+01
19, 7, -1.1768973477914318e+02, 4.3795626026297107e+01
19, 8, 1.0061972292758105e+02, -3.4640021728959503e+01
19, 9, 4.8550339026837477e+01, 8.6951607475679424e+01
19, 10, 1.4247374964348276e+02, -2.2579603539100511e+01
19, 11, 1.2922564557157513e+01, -9.1024995682338002e+01
19, 12, -3.4064600569879829e+01, -8.1954572589243959e+00
19, 13, -4.4894635447151558e+01, -1.2825823365566579e+01
19, 14, 3.5006033290133715e+01, 1.2170580064934481e+02
19, 15, 1.9268167042290150e+02, 1.1522539097284206e+02
19, 16, -3.9803988236461922e+00, -3.0115655423054285e+01
19, 17, -2.4034007805071070e+01, -1.0075290747274065e+02
19, 18, -1.7575622658719860e+02, 1.3855072731751648e+02
19, 19, -8.7507774338691434e+01, -2.0088777623798327e+02
20, 0, 6.7483591824775615e+01, 0.0000000000000000e+00
20, 1, 4.8601382540196596e+01, 1.2049208179933972e+02
20, 2, 1.7012024450680432e+01, -5.2732080276742295e+01
20, 3, 1.0325739160585589e+02, 4.8005828273833714e+01
20, 4, -7.8228590750559476e+01, 4.9945049296980905e+01
20, 5, 3.6215010263516099e+01, 5.4656383595262721e+00
20, 6, 4.6170347487166410e+01, 8.7796031709992675e+01
20, 7, 1.8830026773322583e+01, -2.0790990687181861e+00
20, 8, 7.1578629723549753e+01, 7.1076121658323743e+01
20, 9, 4.7790070682033843e+00, 4.1367775792442522e+01
20, 10, -9.6665960542290691e+01, -5.2032463278458794e+00
20, 11, -4.5261269119731217e+01, 1.1317767594648362e+01
20, 12, -9.9972502196719674e+01, -3.7940575945893926e+01
20, 13, 1.2124921932646892e+01, 7.7172291387952811e+01
20, 14, 5.8539677175504060e+01, 4.6384427768181276e+01
20, 15, 1.7513058321373791e+01, -5.8987156241686989e+01
20, 16, 1.0242555954357774e+01, -6.8533140895321523e+01
20, 17, -1.0418749595188694e+02, -8.1359589101956658e+01
20, 18, 7.0609364825864134e+00, 1.6433652839599137e+02
20, 19, 4.4334656492882317e+01, 5.8845937790300340e+00
20, 20, -1.0538766619772787e+02, 1.9315983645290252e+01
21, 0, 3.1463995348498223e+01, 0.0000000000000000e+00
21, 1, -2.9246094984704829e+01, -9.4661380923127240e+01
21, 2, -2.7153147683342951e+01, -1.1717554623988592e+02
21, 3, -3.6401263199713263e+01, 5.5501203006901989e+01
21, 4, -8.5515898695679795e+01, -2.7756538506884006e+01
21, 5, 6.5268227230126769e+01, 3.8437999196742922e+01
21, 6, 1.3501810345341436e+01, 6.5575782712151081e+01
21, 7, 5.2138591974386401e+01, -6.1231182889553544e+01
21, 8, 5.8143508587022668e+00, 6.8689844804177156e+01
21, 9, -2.9011843108679805e+01, -2.6366360550006476e+01
21, 10, -5.7607005273367164e+01, 1.3728822643814667e+01
21, 11, -5.0724674226142696e+01, -2.5242904761453016e+01
21, 12, 5.6916661037400139e+01, 1.1942335937598102e+01
21, 13, 2.9764906942541938e+00, 2.6487360365583953e+01
21, 14, 2.9323101164612101e+01, -7.9815510342754607e+01
21, 15, -6.9948636528327143e+01, -1.2954521520612212e+02
21, 16, -5.8897580322293180e+01, 6.7246054802818414e+00
21, 17, -5.1078040416276529e+01, -7.1224848375533583e+01
21, 18, 5.0634661502812996e+01, 1.1937822876448656e+02
21, 19, 4.7338861783335446e+01, -1.6087512714945791e+02
21, 20, -1.6474563655412986e+01, -5.9863935041684179e+01
21, 21, 1.3702360938259238e+02, 7.4442292175764791e+01
22, 0, -7.0122665164756022e+00, 0.0000000000000000e+00
22, 1, -7.7544220120928841e+01, -1.5191361533992275e+01
22, 2, 2.7847392258714763e+01, 1.2330292917560643e+01
22, 3, -7.3255174563081013e+01, 7.4256666251603498e+00
22, 4, 3.3411690510247816e+01, -8.1855786620942098e+01
22, 5, 1.6125747896231317e+01, 3.6719043260653104e+00
22, 6, -6.0689573068716570e+01, -1.1629471157285968e+02
22, 7, 5.4248928705882165e+01, 9.1592452824875927e+00
22, 8, -7.9604419592596557e+01, -4.5761552969834213e+01
22, 9, 5.2631345267907665e+00, 4.7263240161864744e+00
22, 10, -4.9468093260080096e+01, 6.3198944021299688e+01
22, 11, -5.4095016412534100e+00, -2.3579274620199204e+01
22, 12, 7.8712232190668843e+01, -2.1757643127485899e+01
22, 13, -3.4719242167577505e+01, -3.6179561825824138e+01
22, 14, -3.4339366865858167e+01, -1.0865324510160110e+02
22, 15, -8.5725412382484222e+01, 5.5342801058172981e+01
22, 16, -3.8882383705727399e+01, -1.1440032570244698e+01
22, 17, 5.7482914732391308e+01, 4.2928144485407657e+01
22, 18, -2.2241263678551746e+01, 1.6246577034118189e+01
22, 19, 7.7702319138381156e+01, -8.9443817128169002e+01
22, 20, -8.1841371285802950e+01, 6.8041589352309559e+00
22, 21, 3.7277657447823699e+01, 1.1138209111164448e+02
22, 22, -2.8213565582481660e+01, -6.7262815537958389e+01
23, 0, 4.6007059357431483e+00, 0.0000000000000000e+00
23, 1, 4.8709988183255007e+01, 1.8354053434400647e+01
23, 2, 4.0021833435495509e+01, 9.4812000383460031e+01
23, 3, 1.3817180939815172e+01, -2.0879437764166145e+01
23, 4, 9.2940032133831210e+01, 1.6276088322007912e+01
23, 5, -5.7125834447960685e+01, 3.4971415668308985e+01
23, 6, 7.4673767161575711e+01, -9.1792213868764961e+01
23, 7, -6.1802145718064324e+01, 4.3317661755304719e+01
23, 8, -4.9025375572229763e+01, -5.1322625472633135e+01
23, 9, 3.1851710384896341e+00, 1.4084207024628764e+01
23, 10, -1.4008562591884269e+01, -9.1302585445266615e+00
23, 11, 7.1933525106743986e+01, -6.8379473042557990e+01
23, 12, 1.7185346692822765e+01, 1.1215396482585220e+01
23, 13, -4.0991274082250683e+01, -2.7860178944973896e+01
23, 14, -2.0496626758742220e+01, -5.0047231095603600e+01
23, 15, -5.2281510229432946e+01, 1.2755437632974615e+02
23, 16, 8.3880436292085591e+01, 3.3230317859546652e+01
23, 17, 5.8501962638867624e+01, 1.5202767212511546e+02
23, 18, -2.4279850324881139e+01, -1.2080092228818540e+02
23, 19, 6.9453515099728833e+01, 1.9473433001880796e+01
23, 20, -8.7022804764205191e+01, -7.7833705891047096e+00
23, 21, 8.2693041493769513e+01, 1.2433616315904510e+02
23, 22, 2.7652130234576457e+01, -4.5582313179677357e+01
23, 23, -1.0129995295406640e+02, 4.9125595406801338e+01
24, 0, 5.7274403155247086e+01, 0.0000000000000000e+00
24, 1, 3.0233900771548299e+01, 2.1091993523504833e+01
24, 2, 7.4283782455926781e+00, -1.7115139074135399e+01
24, 3, 5.3578206979294698e+01, -6.0540568631373802e+01
24, 4, 1.8574031188789014e+01, 1.6397931919926720e+01
24, 5, -7.2434089289622733e+01, -3.0135232276035541e+01
24, 6, 5.0909297733892359e+01, 1.4700897566036000e+01
24, 7, -7.1564580509132441e+01, 9.2349081203421505e+01
24, 8, 3.6376834579551954e+01, 2.9369864739080256e+01
24, 9, 2.1352632383165982e+01, 6.1250318990344006e+01
24, 10, -1.9961290799385900e+01, -6.5025533884041593e+01
24, 11, -1.7518797373760171e+00, 5.3271461202559557e+01
24, 12, -4.9315058605857750e+01, -5.8948588427512590e+01
24, 13, 3.0957671663000053e+00, -3.9350014064995182e+00
24, 14, -6.6156599601504551e-03, 7.2229027303544854e+01
24, 15, 3.4943647424166308e+01, -1.2789792310491785e+00
24, 16, 1.1099445042058586e+02, 5.6318239428813321e+01
24, 17, -1.5678084382857342e+01, -6.8997535497705558e+00
24, 18, 6.2545798773133555e+01, -8.8816618751252349e+01
24, 19, -3.9523152975886347e+01, 7.4562588577655617e+01
24, 20, -7.9038335014884824e+00, -3.1973792066469223e+01
24, 21, -1.1951374058733267e+01, 1.0108539158768968e+02
24, 22, -1.6649559548909046e+01, -1.2903311908024222e+02
24, 23, -1.0993314551475433e+02, 8.0361983103447976e-01
24, 24, 4.8520434458910252e+01, 2.7350938433654527e+01
25, 0, -2.6333819737587255e+01, 0.0000000000000000e+00
25, 1, -7.7288700313777339e+00, -4.7921169559372112e-01
25, 2, -2.5652744837918220e+01, -5.9268566231924282e+01
25, 3, 2.4801644517553548e+01, -2.3982008208901767e+01
25, 4, -1.0303181233220346e+02, 2.2836267596929197e+01
25, 5, 5.3312162110980935e+01, -5.8482337431332326e+01
25, 6, -2.5137301526396314e+01, 6.7375299549179402e+01
25, 7, 3.0161358645654662e+01, 3.8115655677233633e+01
25, 8, 5.0310595066456614e+01, 2.4666772695648241e+01
25, 9, 1.4713238831094372e+01, 3.7579735096283514e+01
25, 10, 4.7229986743611867e+01, -4.7625390039787533e+01
25, 11, -6.5973113127327210e+01, 6.9373870938892679e+01
25, 12, -5.9057415275938332e+01, -3.6370342546033200e+01
25, 13, -7.2882832347072846e+00, 4.8939339999405306e+01
25, 14, -1.2707296564668724e+01, 4.8295066505818085e+01
25, 15, 7.5844524232851640e+01, -3.2457576630991198e+01
25, 16, -1.2134469967685099e+01, 3.5561946687451801e+01
25, 17, -6.6991189289730755e+01, -1.4780416815038382e+02
25, 18, 1.6200272039647359e+01, 3.4712251880291403e+00
25, 19, -1.2044804810885776e+02, -1.0724147549386291e+01
25, 20, 1.0732917250193211e+02, 2.2128756037498011e+01
25, 21, -1.1911339737551762e+02, 1.0517690135278539e+01
25, 22, 6.4347135301411882e+01, -6.1165211448307517e+01
25, 23, -9.0146911239804567e+01, 6.9270563809283047e+01
25, 24, 6.7534669833860406e+01, 1.9121214679634782e+01
25, 25, 2.2317763748366271e+01, -4.9787700711911391e+01
26, 0, -1.6716135548907715e+01, 0.0000000000000000e+00
26, 1, -4.0620223755603170e+01, -6.0533555329138402e+01
26, 2, -3.8372739622954271e+01, 7.2196620274718732e+00
26, 3, -3.8502110460759383e+01, 2.3033099609269421e+01
26, 4, -6.5930108661215982e+01, 4.5669321463253851e+01
26, 5, 3.3219855163862896e+01, 5.1058091382804477e+01
26, 6, -5.2841257792018482e+01, 1.7691324707457579e+01
26, 7, 2.3949526079706907e+01, -4.4799124282077841e+01
26, 8, 2.5729703877021635e+01, -9.4232602349604715e+00
26, 9, -1.0937696742909198e+01, -8.9560045880732844e+01
26, 10, 3.2392542256984122e+01, 4.6659622968181766e+00
26, 11, -7.6259121872958829e+01, -3.9072286877092623e+01
26, 12, 3.6768729050938191e+01, -1.9771850148493755e+00
26, 13, 1.2912205711513195e+01, -3.7383929355800465e+00
26, 14, 2.4121217536750329e+01, -1.8222536355463351e+01
26, 15, 1.4999312082941959e+01, -5.9929703370712692e+00
26, 16, -8.9832047875323241e+01, -1.9814993820875337e+01
26, 17, -3.4125770940618878e+01, -4.5303429339026131e+00
26, 18, -4.6591993566230073e+01, 1.0105952199079357e+02
26, 19, -4.2979414944903223e+00, -4.0959456468881584e+01
26, 20, 1.9984176513971455e+01, 6.2302149561100464e+01
26, 21, -4.2643714162800435e+01, -1.0529817967636254e+02
26, 22, 6.2179894856870902e+01, 2.6579982932989687e+01
26, 23, -4.6528310671173223e+01, 2.7911591134166102e+01
26, 24, 1.1731861048353431e+02, 1.5400731518457215e+01
26, 25, 4.6865646571638216e+01, -7.0313126157257543e+01
26, 26, -2.6274939818635222e+01, 7.2523989165526302e+01
27, 0, -2.8203073577934273e+01, 0.0000000000000000e+00
27, 1, 1.1672600023923222e+01, -1.0036641713260909e+01
27, 2, -2.2960658959285314e+00, 3.6443442439776270e+01
27, 3, 1.9629815345424351e+01, 5.5371298295719015e+01
27, 4, 5.3428146882822588e+01, 1.1502331242945168e+01
27, 5, 1.5837081087018504e+01, 4.1567487718089623e+01
27, 6, 3.5406392522919852e+01, -5.2534339217343813e+01
27, 7, 5.8539078078056370e+00, -1.5577717705442740e+01
27, 8, -5.4133443790537100e+01, 1.1209527325386448e+00
27, 9, -1.7394499944171727e+01, -5.5889676404984741e+01
27, 10, -6.0730471774066977e+01, 6.2683949913460850e+00
27, 11, -3.0110574426798557e+01, -4.0842715143492853e+01
27, 12, 4.8720045573181192e+00, -9.8873703330808338e-01
27, 13, -7.0776274382440114e+00, -1.9330369072908795e+01
27, 14, 1.5342898727814998e+01, -8.2942371539186563e+00
27, 15, -1.2580849649461740e+01, 1.1458262551949392e+01
27, 16, -2.2363831716660428e+01, -3.0944240636585757e+01
27, 17, 3.9530686766588573e+01, 5.0179649897122808e+01
27, 18, -8.7572317264180910e+00, 2.1416238901823025e+01
27, 19, 1.1972448770933904e+02, 3.2342964325007557e+01
27, 20, -3.2721668615898857e+01, -1.4627025520431955e+01
27, 21, 4.3528119074984957e+01, -4.5899323321409533e+01
27, 22, -4.0384772101857166e+01, 6.2550972701222960e+01
27, 23, 2.3741752321868063e+01, -3.8237169331398647e+01
27, 24, 2.2245803572791505e+01, -5.0034340496948966e+00
27, 25, -1.7549916967364467e+01, -9.5573063567056266e+01
27, 26, -5.1772912701874141e+01, 4.4091142695449541e+01
27, 27, 8.5533227708606361e+01, -7.5180023563720884e+00
28, 0, 6.4730194485505610e+00, 0.0000000000000000e+00
28, 1, 2.3834213043667216e+01, 1.6999604053893790e+01
28, 2, 4.6071883454838584e+01, 3.8309210508094580e+01
28, 3, 3.4334155046358049e+01, -3.6984386218459008e+01
28, 4, 7.1896685028090275e+01, -7.9421722629071638e+00
28, 5, -3.1918567393908845e+00, -1.9492886176749543e+01
28, 6, 7.1328682926876127e+01, -4.0641325775288749e+01
28, 7, -2.2888855332802507e+01, 1.8254058933754557e+01
28, 8, -3.6006469231267694e+01, 5.1905281931599543e+00
28, 9, 1.7736981231172919e+01, 6.3828815797699789e+01
28, 10, -1.1501303084628940e+01, 1.1950880056589799e+01
28, 11, 3.7956537640468412e+01, 4.3725867707523435e+01
28, 12, 1.8249797504884679e+01, 1.2259338737623224e+00
28, 13, -2.2502445659414082e+01, -4.9300336602056749e-01
28, 14, 3.5944161365946625e+00, 1.3616106448062386e+01
28, 15, -1.2018035492911682e+01, 1.6385818391793173e+01
28, 16, 2.7269283426053367e+01, 5.0550413406237720e+00
28, 17, 3.7091885238560721e+01, 5.2904224495373676e+01
28, 18, 4.2964444160593224e+01, -5.7750590704478384e+01
28, 19, 4.4044351410863761e+01, 2.6798360607835963e+00
28, 20, -4.1125961504822982e+01, -6.6936317892915326e+01
28, 21, 4.2246467787167411e+01, 2.7325599877798851e+01
28, 22, -6.0610827506743384e+01, 1.1573955329010426e+01
28, 23, 6.4522584954708037e+01, 1.9135610829894816e+01
28, 24, -5.3311196988520066e+01, 2.9653930535204125e+01
28, 25, -5.7301254771511640e+00, -2.0176532092725708e+01
28, 26, -5.5256645667049135e+01, 7.6304010574663465e+01
28, 27, 1.4200036601944049e+01, 2.4676657127505051e+00
28, 28, -2.0567116511406372e+01, -9.4977964899276088e+01
29, 0, 1.1246899308645016e+01, 0.0000000000000000e+00
29, 1, 1.8210391356221585e+01, 3.4522865480461718e+01
29, 2, 7.0451330789157396e-01, -1.2573780314219594e+00
29, 3, 1.5716206502013879e+01, -4.3126243216513537e+01
29, 4, -3.3963968002077607e+01, -2.6886550361114931e+00
29, 5, -1.9309931329855793e+01, -3.0439080798500193e+01
29, 6, -1.7265534372853189e+01, -8.7391099261194114e+00
29, 7, -3.7490709643795306e+01, 2.5041687730612033e+01
29, 8, -4.9753543613312203e+00, -1.0590597946537788e+00
29, 9, 9.1456601555297308e+00, 4.5398263439256198e+01
29, 10, 1.7424459896435735e+01, 5.4208445756403556e+00
29, 11, 3.5036898867627421e+01, 3.1195870245835051e+00
29, 12, -1.4600010856564030e+01, 1.5487246026360140e+01
29, 13, 2.0045827081557274e+01, 5.2844852169621683e+00
29, 14, 2.1204337158241543e+01, 2.0746612876049074e+01
29, 15, 1.3482513077210712e-01, 2.2898997829506293e+01
29, 16, 2.7844197056098288e+01, 3.8226611091388829e-01
29, 17, -1.0470932471468309e+01, -8.5460461025368293e+00
29, 18, 1.0784221654357545e+01, -1.6508262345151564e+01
29, 19, -2.8902331608820568e+01, -1.7108211502857809e+00
29, 20, -2.1654256715764170e+01, -2.0626194590179097e+01
29, 21, -2.7484162096321285e+01, 3.0809997655899323e+01
29, 22, 3.5644323693707314e+00, -6.3481600647240661e+00
29, 23, 1.3889997602582142e+01, 4.9713988474674878e+01
29, 24, -2.3167946740501797e+01, -5.0575903328209840e+01
29, 25, 2.4996875000639871e+01, 4.0097739454880532e+01
29, 26, -1.1240465971336286e+00, 4.4726241218038055e+01
29, 27, 7.5541596581029353e+01, 1.1626402211893522e+01
29, 28, -8.1037962330018942e+00, -2.7689950975461741e+01
29, 29, -2.4627282941292904e+01, 2.2624950953894334e+01
30, 0, 6.6905192206968724e+00, 0.0000000000000000e+00
30, 1, -1.9637782612777286e+01, -1.9192989040508912e+00
30, 2, -2.3362115767516265e+01, -9.4898579961473715e+00
30, 3, -2.5586917272316327e+00, 7.9012591502114340e+00
30, 4, -3.5514966914096945e+01, 2.5528784306343340e+01
30, 5, -1.2052725306149856e+01, 2.3946994333338129e+01
30, 6, -2.8375289484897969e+01, 5.1452653803499473e+01
30, 7, -1.7956740404411882e+01, 8.6893665913018392e+00
30, 8, 1.1296847553980934e+01, 6.8016858097429962e+00
30, 9, -5.4853394210970841e+00, -1.3091675507438053e+01
30, 10, 8.9114364341874737e+00, -3.1253313309422829e+01
30, 11, 1.8972352273726809e+01, -2.2008381115898477e+01
30, 12, -4.4536067827326164e+01, 1.2897933291169590e+01
30, 13, 1.4293412392058872e+01, 1.3715930490882918e+01
30, 14, -2.2662312023868864e+01, 1.9717716087359744e+01
30, 15, 2.0030494257586369e+01, -4.7185188636368274e+00
30, 16, 1.8948104523159099e+01, 1.5296249999460102e+01
30, 17, -2.1409995501523149e+01, -3.4311472707030717e+01
30, 18, -1.3472343188721430e+01, 7.5924722780225604e+00
30, 19, -5.0465062225956757e+01, 6.8423150041712510e-02
30, 20, 1.2894307265068601e+01, 3.5668538194379920e+01
30, 21, 5.5068458365481998e-01, 8.8820454713442203e+00
30, 22, 2.5047952569296534e+01, -1.0745179888369256e+01
30, 23, -2.7000095378977207e+01, 1.5925548680991161e+01
30, 24, 2.2652789024929174e+01, -3.6794217295079548e+01
30, 25, -2.1496544930136377e+01, 4.1958513345010914e+01
30, 26, 1.2483552477481112e+01, -4.8715293048215621e+01
30, 27, 4.9164718493275217e+01, -2.6116028300326263e+01
30, 28, -3.6335378162838680e+01, -4.6103955328517607e+01
30, 29, 2.8777111035055265e+00, 2.0138033406567434e+01
30, 30, 9.4474147630791343e+00, -7.0559608253306765e+00
31, 0, 1.3090417132775938e+01, 0.0000000000000000e+00
31, 1, -1.1216840670835895e+01, -1.0399961870586038e+01
31, 2, 1.2051162523160137e+01, -6.6835932651884038e+00
31, 3, -1.0046411510072190e+01, 7.1824802145865405e+00
31, 4, -6.0440418871472135e-01, -1.5718820548525794e+00
31, 5, 1.6246594394720773e+01, 2.4215592860275152e+01
31, 6, 1.3166417627642419e+01, 2.0796041749978095e+01
31, 7, 3.9704255669650578e+01, -1.7990192587985725e+01
31, 8, 2.6105942904521706e+00, 1.5110040590188968e+01
31, 9, -1.9999662298202153e+01, -5.5857314552788848e+00
31, 10, -1.3105184920467535e+01, -2.5990310539657731e+01
31, 11, -3.2196020610979048e+01, 2.7680477870969128e+01
31, 12, -4.7388374959497579e+00, -1.5179231306680977e+01
31, 13, 2.0746310998434092e+00, 1.9046535203019250e+01
31, 14, -7.8723417102654691e+00, -2.4171329711474968e+01
31, 15, 1.6474130461644410e+01, -2.1408631529970488e+00
31, 16, -1.9105084668987828e+01, 1.6271929175930371e+00
31, 17, -2.6780701347568061e+00, 1.0761876609309869e+01
31, 18, 4.5935201463664281e+00, 1.2136982183984493e+01
31, 19, 8.1201786579335185e+00, 1.1141823385078926e+01
31, 20, 5.8216871190695620e+01, 2.4706606022881274e+01
31, 21, -9.1460419388260572e+00, 6.8973354026962808e+00
31, 22, 2.5489620374891253e+01, -1.4968074107898740e+01
31, 23, -2.5178641068806801e+01, -3.1048661600624364e+01
31, 24, -5.0985741802624425e+00, 1.7310926585085987e+01
31, 25, -2.2045774920181529e+00, 2.0219769653105413e+00
31, 26, 2.5882183477111276e+01, -5.6356756873201785e-01
31, 27, -1.2768351570323695e+01, -1.6328590430931548e+01
31, 28, -5.6289103279323086e+01, -4.1520350995081827e+01
31, 29, -1.0376068683394255e+01, 3.5172187108881303e+01
31, 30, 4.1089519211920056e+00, 2.4257284464344892e+01
31, 31, -4.0901813087225136e+01, 2.3091376486338248e+01
32, 0, 1.8348247860905119e+01, 0.0000000000000000e+00
32, 1, -1.5138046717141872e+01, -2.2774981415417844e+01
32, 2, 1.0915135985659147e+01, 2.6783799468436882e+01
32, 3, -1.7258137711414502e+01, 1.5699128809219905e+01
32, 4, 2.7559686427935489e+01, 9.6816147692198200e+00
32, 5, 1.2665978713462744e+01, -1.2814921043661464e+01
32, 6, 6.0639806330103108e+00, -3.0732156448971107e+01
32, 7, 2.0570111743083331e+01, -2.8128731903152509e+01
32, 8, -3.1935709482771845e+01, -8.2967049757839888e+00
32, 9, 4.6668421629059651e+00, -1.6378174723898375e+01
32, 10, 1.5736467578091982e+00, 2.1139982302540659e+01
32, 11, -1.2650536050130894e+01, 2.0148097559833374e+01
32, 12, 1.0620414002153575e+01, 1.0591025049055720e+01
32, 13, 1.0016707401048317e+01, -1.2669486727236072e+00
32, 14, 5.3267990710057234e+00, -2.2439634776750879e+01
32, 15, 1.1673769210660677e+01, 5.3592860725218960e+00
32, 16, -3.3032961109912527e+01, -1.2549982355738475e+01
32, 17, 1.2994953648210865e+00, 2.6838298138927508e-01
32, 18, 7.7012772411262578e+00, -5.0735910630801206e-01
32, 19, 3.1210856949687244e+01, -6.8881544498201333e+00
32, 20, 1.1285529172998544e+01, 4.5870033694562098e+00
32, 21, -2.2663249922018833e+00, -3.0460192364998633e+01
32, 22, -2.0239726897339061e+01, -1.3785563473281989e+01
32, 23, -1.0762288781465145e+01, 2.4703562581878618e+01
32, 24, -4.7484866962302688e+00, 1.8498573475197318e+01
32, 25, 8.4344454382079839e+00, -9.5789550489195872e+00
32, 26, 4.0172417158001075e+00, -9.1621051809523770e+00
32, 27, -6.4185423616324409e+00, -1.1539898289834847e+01
32, 28, -1.2346066408068189e+01, 3.2667178112843786e+01
32, 29, -5.1200943630244122e+00, 2.6154572447007972e+01
32, 30, 2.4392872319125125e+01, -8.8835633465332222e+00
32, 31, 1.5732650736185033e+01, 3.9036549402020375e+00
32, 32, 1.7166473567725458e+01, 2.0101125917403735e+01
33, 0, -1.6592897742709773e+01, 0.0000000000000000e+00
33, 1, 1.0132841949683469e-01, -9.0384281168964513e+00
33, 2, 7.3491308126593333e+00, 2.5502134729336607e+01
33, 3, -1.2705075334832134e+01, -2.0322434028910820e+01
33, 4, 1.7358641060916288e+01, 1.0619437942126109e+00
33, 5, -2.1250313413814958e+01, 1.1674653475330361e+01
33, 6, -1.7622137060202792e+01, -2.9076534589337122e+01
33, 7, -1.2889505903984848e+01, 3.7560799738665651e+01
33, 8, -7.6899074350402117e+00, -2.3465100303053017e+01
33, 9, 1.7149085091493710e+01, 1.7842172171278577e+01
33, 10, 4.5670476131673565e+00, -3.5404430257946524e+00
33, 11, 2.7465117613696020e+01, -2.2389032954697875e+01
33, 12, 2.0915166798221001e+01, -1.0277528333369251e+01
33, 13, -6.9790216741301334e+00, -1.8264659713160265e+00
33, 14, 9.7241218276729011e+00, 1.3425633064873406e+00
33, 15, -2.2525479794750119e+01, 1.4071746891711509e+01
33, 16, 7.2849810490173939e+00, -8.5634194144841818e+00
33, 17, 8.2388235495758657e+00, 7.6827035255630935e+00
33, 18, -1.2606221285386122e+01, 4.7871723166293396e+00
33, 19, 2.5329276764727354e+01, -2.9467076217908549e+01
33, 20, -2.6570627446145064e+01, -1.0981087395424366e+01
33, 21, -1.1506564438534792e+01, -3.0249527842206611e+01
33, 22, -7.2577061811483112e+00, 1.4278652119565834e+01
33, 23, -1.2871710963452492e+00, 1.3652004120145271e+01
33, 24, 2.8606958776646280e+01, 3.0707835628003096e+01
33, 25, 1.9309305435556603e+01, -1.3178439961871391e+01
33, 26, 2.3651523321466206e-01, -2.2328721451640504e+01
33, 27, -6.7608923055172276e+00, 5.2977680589909433e+00
33, 28, -1.4875691951024402e+01, 2.6308560121147543e+01
33, 29, 2.0760307971031047e+01, 1.0054621999839041e+01
33, 30, 1.0231644858127671e+01, -1.4861270643962033e+01
33, 31, -2.4190868217237210e+01, -4.6309207078214545e+00
33, 32, 2.9268200278132182e+00, -5.5593082175262822e+01
33, 33, 1.4629641960686795e+01, -2.2304864458073624e+01
34, 0, -6.5379343867643502e+00, 0.0000000000000000e+00
34, 1, 6.6249221014109576e+00, -6.4628463338607265e+00
34, 2, -1.7130720400415143e+01, 1.8541560854198231e+00
34, 3, 1.5826350237186382e+01, -1.4871447864087216e+01
34, 4, -1.4024018154871976e+00, 9.6111790259912198e+00
34, 5, -1.9130548246135767e+01, -5.2381913121913906e+00
34, 6, -6.4396881456759758e-01, 9.5908330841281924e+00
34, 7, -2.6885682646953288e+01, 2.9400452096433060e+01
34, 8, 2.8240517929780928e+00, 1.4744944483933953e+01
34, 9, -4.8225363162705399e+00, 2.0643066005413360e+01
34, 10, -5.8182239280828147e+00, -1.4734397317961577e+01
34, 11, 2.0779903655797199e+01, -2.2495384119062322e+01
34, 12, -5.9896634305842102e+00, -9.9945731618803535e+00
34, 13, 2.6873248140333486e+00, -2.3802038348769237e+01
34, 14, 8.6355247197937199e+00, 3.9807090784367816e-01
34, 15, -1.9507464103079322e+01, 5.7449939492831659e+00
34, 16, 2.7166468392145450e+01, 1.2547666745173858e+00
34, 17, -9.0630717436364030e+00, 8.3036930304314840e+00
34, 18, -4.0331901697282202e+00, -1.1838815987122786e+01
34, 19, -5.1119242437458379e-01, 2.4179995290050670e+01
34, 20, -2.8236403917067385e+01, -1.0800546939227022e+01
34, 21, -4.0947845306439223e-01, 2.7484296841035672e+01
34, 22, -2.3692713323891326e+00, 2.0605813409542428e+01
34, 23, 1.4458863450011140e+01, -7.8622722560217886e+00
34, 24, 2.0499236262040508e+01, -7.0901616406313197e+00
34, 25, -1.6619080884434275e+01, -1.9635919555769238e+01
34, 26, 4.8026020685635649e+00, -1.0426128880006969e+01
34, 27, -9.9402664193387480e+00, 1.3704688993509613e+01
34, 28, 1.3208387232392273e+01, -5.5614648159609636e+00
34, 29, 1.1737783981490800e+01, 9.6543291739161052e-01
34, 30, 7.4108579145620928e+00, -3.4972903713090105e+01
34, 31, -4.0945932377730095e+01, 1.1575913952715929e+01
34, 32, 2.1283032170658846e+01, 1.8740160302731041e+01
34, 33, -5.2255325180220346e+01, -1.5848787388250858e+00
34, 34, 3.9164447947453214e+00, 1.3191581170221006e+01
35, 0, 2.2831372147478159e+00, 0.0000000000000000e+00
35, 1, 9.1606544982558411e+00, 2.4653622897948971e+01
35, 2, -1.1217237317548697e+01, -4.8852800389924473e+00
35, 3, 1.3712096080182798e+01, -9.1380173304467593e-01
35, 4, -2.1246958336176540e+01, 8.4863086776086973e+00
35, 5, 1.9502445894610247e+01, -2.8252105164937120e+01
35, 6, 2.5473523933135937e+01, 2.7850580420735319e+01
35, 7, 5.9510880680665865e+00, -2.0127370215300441e+01
35, 8, 2.7099799381479063e+01, 1.3713158761195327e+01
35, 9, -6.8484402205420905e+00, -9.4208601465659410e+00
35, 10, -6.5327744365672480e+00, -6.9540424913089005e+00
35, 11, -1.3848685738883951e+01, 9.0257697705488216e+00
35, 12, -2.4206694752615835e+01, 8.2263201612845194e+00
35, 13, -1.4390445758120178e+01, 3.9135431712452848e+00
35, 14, -5.8080719692163321e+00, 1.9771820401086362e+01
35, 15, 1.0020017184287170e+01, -2.3070830435242456e+01
35, 16, 1.1263916769367677e+01, 5.5661303605765289e+00
35, 17, -1.7617412182955981e+01, -1.9236020765695624e+01
35, 18, 9.9131576346604611e+00, -9.1028747686640692e+00
35, 19, -2.2244425568416951e+01, 8.6629375516354390e+00
35, 20, 1.6061806451867575e+01, -3.0778658969456592e+00
35, 21, 4.6994909262067894e+00, 2.8757851242647050e+01
35, 22, 1.2512295683428128e+01, -8.5734340935609090e+00
35, 23, 1.0863113519838564e+01, -9.3365312268195666e-01
35, 24, -1.7827891052011712e+01, -6.2589695049187135e+00
35, 25, -8.6810954900388779e+00, -7.5415029525542963e+00
35, 26, -2.8852660842345426e+00, -4.2313865497942027e-01
35, 27, -1.7521154272022063e+01, 5.7955278758426250e+00
35, 28, 2.3576176600813611e+01, 2.8744817307422066e+00
35, 29, -2.1954127754368347e+01, -1.6230363183398538e+01
35, 30, 1.2050213182564910e+01, -1.7975536620291145e+01
35, 31, -5.4753553337442433e+00, 2.0955942247286967e+00
35, 32, 3.6193684579594638e+01, 4.0653555667268606e+01
35, 33, -1.5793359478922618e+01, -3.3604751502267803e+01
35, 34, 1.9042103414663934e+01, 5.9881341981968347e+01
35, 35, 1.4057149470302932e+01, -3.7173616614744480e+00
36, 0, 2.1193186006520637e+01, 0.0000000000000000e+00
36, 1, -1.3399170997909899e+01, -4.6868480499232534e+00
36, 2, 1.1483447557701936e+01, -1.6539455949732552e+01
36, 3, -1.9359136055596892e+01, 5.5487976633419542e+00
36, 4, -1.4644832836758191e+01, -1.7500884271079886e+00
36, 5, 6.6486488286055341e+00, 8.5004329296744796e-01
36, 6, -1.3916892723204688e+01, -1.3518282496740792e+00
36, 7, 2.5768508284253109e+01, -1.4903246183570289e+01
36, 8, 9.2236105603269998e+00, -9.3641234885715523e+00
36, 9, 7.7461269222293829e+00, -1.3857476880897270e+01
36, 10, 1.4351445861367370e+01, -2.6955310320848929e+00
36, 11, -1.1498819671406578e+01, 2.6786814844952125e+00
36, 12, 3.0059471180973398e+00, 4.9846871557871530e+00
36, 13, 1.2292023033853333e+01, 2.7450935125523163e+01
36, 14, -1.1838577791617968e+01, -4.2786313111855172e+00
36, 15, 2.7031857752785971e+01, -6.1396217934103152e+00
36, 16, -1.4206913390018453e+01, -2.9885636812820140e+00
36, 17, -3.7268557876183905e+00, -1.5943653688069144e+01
36, 18, -3.6310967597120127e+00, 1.8692734987062916e+01
36, 19, -1.6017441467031702e+01, -5.4603430645482547e+00
36, 20, 2.1530004040865457e+01, 1.0111578474163935e+01
36, 21, 8.6254028808783261e+00, -2.1070251911749249e+00
36, 22, 5.2951651062512575e+00, -1.2427909472223959e+01
36, 23, -1.3511908870458833e+00, 7.2860511612921979e+00
36, 24, -2.0673977523669969e+01, -1.1862803818683481e+01
36, 25, -6.5084726077374189e-01, 2.0330380607588296e+01
36, 26, 5.1789052352598937e+00, 1.9669902219839827e+01
36, 27, 1.1807329707281816e+01, -1.0929063057167426e+01
36, 28, 2.1827046168393833e+00, 2.4034862568551322e+01
36, 29, -2.1827719280558664e+01, -1.7379104007580931e+01
36, 30, -2.0413841652141979e+01, 2.7436495315492525e+01
36, 31, -1.6149057843059136e+01, -2.1516228513569022e+01
36, 32, 3.1104753044226300e+01, 6.1938730677553480e+00
36, 33, 2.0742002970992310e+01, -4.1243324203080661e+01
36, 34, -1.4920261854398436e+01, 1.6674374478827637e+01
36, 35, 3.0134082970921170e+01, -2.8517078344941613e+01
36, 36, -1.0180924395017581e+01, -2.2136725577732079e+01
37, 0, -5.4430951762536868e+00, 0.0000000000000000e+00
37, 1, -1.0986670871901790e+01, -2.2627603697624728e+01
37, 2, 2.9427609967209278e-02, -5.8178018518021757e-01
37, 3, -1.0697963344777834e+01, 1.0794623403230233e+01
37, 4, 1.7167321208463587e+01, -4.6043105954985419e+00
37, 5, 4.0171961095448987e+00, 1.9026010701164918e+01
37, 6, -2.7529960142851557e+01, -2.1883621282600600e+01
37, 7, -8.3622729439259782e+00, -3.5459383473433022e+00
37, 8, -4.0772932931291805e+01, -2.1717428312480521e+01
37, 9, -1.8147787813835453e+01, -8.7079108796192699e+00
37, 10, -3.5522809686344847e+00, 1.4786922917362418e+01
37, 11, 4.2363424109034096e+00, -3.2874889309893054e+00
37, 12, 1.4368341329817849e+01, -1.1914540093711672e+00
37, 13, 1.7625742240059004e+01, -3.6163608814555888e+00
37, 14, 4.5472490589459342e+00, -2.4843734332701157e+01
37, 15, 3.0542364570335661e+00, 7.9485078963971185e+00
37, 16, -1.4099414538862856e+01, 5.4031125308332695e-01
37, 17, 8.1760187678418923e+00, 1.5273959036233300e+01
37, 18, -1.1287669381002750e+01, 2.7567713423166609e+01
37, 19, 2.2361429866172838e+01, -6.3481954096291560e+00
37, 20, 7.2278259969981047e+00, 9.0077397598643856e+00
37, 21, 6.6101759598513254e-01, -1.6091455095512444e+01
37, 22, 1.3291104641512343e+00, 5.0733990162966300e+00
37, 23, -1.3010211055544318e+01, 9.6200854496659050e-02
37, 24, 1.2497470031694597e+01, -6.8710248293557914e+00
37, 25, 1.1608309002986905e+01, 8.1738287172544588e+00
37, 26, -1.0441271079323885e+01, -1.5100076569373041e+01
37, 27, 1.7153939941774052e+01, -9.4307120198827725e+00
37, 28, -2.1099111581816096e+01, -4.6751061435110630e-01
37, 29, 1.1189358931074466e+01, -1.2859286343908176e+01
37, 30, -7.1801610551493713e+00, 4.8021732686709342e+01
37, 31, 1.9353320061326748e+01, -1.5776035628124111e+01
37, 32, -2.4794965773671076e+00, 1.1119126588634748e+01
37, 33, -3.1774333176083214e+01, -3.0785461908709578e+01
37, 34, -2.2059842491307919e+01, 3.9988819620625695e+00
37, 35, 2.6499585811672279e+01, 1.2990211868428077e+01
37, 36, -3.9258495043375255e+01, -2.5309220113729879e+01
37, 37, -1.1280634036595865e+01, 1.3423091568895103e+01
38, 0, -2.3031686012831198e+01, 0.0000000000000000e+00
38, 1, -1.1159942606319376e+01, 2.8913011178790211e+00
38, 2, -1.0500334841111069e+01, 2.0660403154276509e+01
38, 3, -5.3275426063048785e+00, -2.2103856940326936e+00
38, 4, 2.3202186803433793e+01, 4.9646303509395135e+00
38, 5, 5.8461458385473364e-01, -2.7932337667897662e+00
38, 6, 2.1139282536408960e+01, -7.5792241383864667e+00
38, 7, -4.2782187493820913e+00, 2.3021660184757316e+01
38, 8, -4.4024972976902532e+00, 1.2751614373689264e+01
38, 9, -1.0941540598457236e+01, 1.9257780279953721e+01
38, 10, -1.1232548169155711e+01, 1.8389858345043046e+00
38, 11, 1.0046774125453786e+00, -1.2590749516047463e+01
38, 12, -1.2710882781725799e+00, -1.0353475475030370e+01
38, 13, -1.9150642519732973e+01, -8.1555447212935555e+00
38, 14, -1.7509069332685869e+00, 2.3186432358492834e+00
38, 15, -8.8171684661825225e+00, -5.3780061190153701e+00
38, 16, -7.1467630763186225e+00, 4.7846882500725059e+00
38, 17, 6.5942443275326923e+00, 1.3518466013029464e+01
38, 18, -4.9272067492627754e+00, -1.9358497733913783e+01
38, 19, 1.4989105241990575e+01, -1.3974394772420196e+01
38, 20, -6.5343619329402669e+00, -2.6236192838784991e+00
38, 21, -1.1819439626230137e+00, -8.2888001274803607e+00
38, 22, -1.0944349364110046e+01, 1.9566066410407014e+01
38, 23, -5.7386121770017757e+00, -1.3002657462492524e+01
38, 24, 2.8489509793569261e+00, 6.4192551809019758e+00
38, 25, -1.8987410915441896e+00, -3.8733465771869917e+00
38, 26, 1.5366095909651444e+01, -1.4667884553393652e+01
38, 27, -1.6731060825300337e+00, 5.4341934410781212e+00
38, 28, -2.2131360740620565e+01, -1.9641621038192948e+01
38, 29, 1.7059308397171936e+01, 3.5894288459119906e+01
38, 30, -1.4170540510958110e+01, -1.2295541135170884e+01
38, 31, 4.3814193771816122e+01, 4.9722635803321289e+00
38, 32, -1.5796134242761484e+01, 4.6951128065842349e+00
38, 33, 1.0100366107774439e+01, -1.4597035551639479e+00
38, 34, -2.0299527696169939e+01, 2.9858910180121796e+01
38, 35, 1.1908649936838357e+01, 6.2791343246053026e+00
38, 36, -2.0307080820113605e+01, -2.7459816104248848e+01
38, 37, 5.5992003040728022e-01, 4.6000848761931152e+01
38, 38, 1.4911697646394826e+01, -4.3322144202263746e-01
39, 0, 1.4562442744902304e+01, 0.0000000000000000e+00
39, 1, 1.8793717204573163e+01, 1.1093626085138080e+01
39, 2, 2.2552776679344455e-01, 1.7921782496189579e+01
39, 3, 3.3677544524359480e+00, -3.9724904944645250e+00
39, 4, -5.5200567474957118e+00, 3.3768114428800771e+00
39, 5, -1.9022016972135116e+01, -1.9670147073042436e+01
39, 6, 7.9703942267959489e+00, 3.5434894459869501e+00
39, 7, -9.9162650964270096e+00, -4.6918506660885972e+00
39, 8, 2.2411557826056644e+01, 6.6556816909902752e+00
39, 9, 1.9962559000039185e+01, 4.7064409995235943e+00
39, 10, 1.0807714460594152e+01, 2.4294933127041612e-01
39, 11, 3.2461887662107358e+00, 2.9939090783054159e+00
39, 12, -1.2284966024796805e+01, -4.0728314849926779e+00
39, 13, -7.0308302609867424e-02, -1.2405388633240614e+01
39, 14, -7.4459662504983344e+00, 3.1882465526014352e+00
39, 15, -6.1414224749250765e+00, 1.0005715009345659e+01
39, 16, 5.2105994555809874e+00, -3.0769334152009069e+00
39, 17, 7.6177483929388634e+00, 7.3706442811679596e+00
39, 18, 8.5653404566781823e+00, -2.6155144542360130e+01
39, 19, -1.0279897181717400e+01, 1.4181882008862376e+01
39, 20, -3.4625444733264548e+00, -1.4618644107779399e+01
39, 21, -2.3984536162203773e-01, 5.8628895972995192e+00
39, 22, -5.2036675589158383e+00, -4.4018393029901945e+00
39, 23, 1.5955885560420498e+01, -1.6610895500768461e+00
39, 24, -1.4665221937815202e+01, -7.7870442938269564e+00
39, 25, -1.1236329490949450e+01, -1.0822877872403552e+01
39, 26, -6.5823171660641009e+00, -1.0436890773602270e+00
39, 27, -9.0565966829186841e+00, 1.3819953258182140e+01
39, 28, 2.4481108319252407e+01, -1.4033016989922260e+01
39, 29, -9.1364028554943992e+00, 2.4894810244716624e+01
39, 30, 9.4009569091854193e+00, -3.4164014987280972e+01
39, 31, 3.7508867527005618e+00, 1.8261142958426710e+01
39, 32, -1.5642360061260419e+01, -3.5216998669205168e+01
39, 33, 2.2042601531135549e+01, 1.7169310430493248e+01
39, 34, -3.6485039758326754e-01, -7.7675009738712282e+00
39, 35, 1.5507628986345349e+01, 1.7817257970038028e+01
39, 36, -5.1028909160639504e+00, -9.5360673531562767e+00
39, 37, -1.0190628500822369e+01, 1.4518289751976486e+01
39, 38, 3.2230040746732755e+01, -1.1041922860241941e+01
39, 39, -8.5880054994793675e-01, -3.8541604200885402e+01
40, 0, 8.7424300203329004e+00, 0.0000000000000000e+00
40, 1, -2.0235425292980880e+00, -7.6088010245645110e-01
40, 2, -4.6588573129992419e+00, -1.8629301681768101e+01
40, 3, 9.0929882848654646e+00, 1.1503915884653442e+00
40, 4, -9.7239146736512954e+00, 7.6588802229843891e+00
40, 5, 9.0959547178549176e+00, -1.0099779873239225e+01
40, 6, -2.2052949276453283e+01, 5.9714301569259938e+00
40, 7, -1.8471261443022471e+00, -1.0694675680088119e+01
40, 8, -3.2458982613499749e+00, -4.0751301098347685e+00
40, 9, 6.8769863086328726e+00, -1.4394095074114670e+01
40, 10, 5.1011644425541025e+00, -6.6524892491233469e+00
40, 11, 1.8184059839063508e+01, -4.8976404711087973e+00
40, 12, 7.0502310995639406e-01, 3.4256566069506746e+00
40, 13, 5.8243485538644748e+00, 8.2867528976303362e+00
40, 14, 3.3545425711306223e+00, 9.6977367930726128e+00
40, 15, -1.3027087859868431e+01, -2.8289729709007929e+00
40, 16, 1.7752012510835733e+01, 1.1306558541033191e+00
40, 17, -1.5107443273952844e+01, -4.7750000803254915e+00
40, 18, 1.5265930191154800e+01, 1.6096448590371878e+01
40, 19, -9.7068430943536370e+00, -3.4868826841915362e-01
40, 20, 2.9933756108658511e+00, 8.4935383879182536e-01
40, 21, -4.0064242255282210e+00, 6.5871393519087977e+00
40, 22, 9.7579697088095969e+00, -8.6443641444547961e+00
40, 23, 1.0098996670905418e+01, 9.2665220858438211e+00
40, 24, 1.0601886074953502e+01, 5.4824118226323488e+00
40, 25, -1.1024714103713738e+01, -2.0190281338117897e+00
40, 26, 5.7630618941068841e+00, 2.1038472346826200e+01
40, 27, 4.8210443584836976e-01, -1.0967610903279810e+00
40, 28, 1.9878457813411949e+01, 1.8483771580810171e+01
40, 29, -1.5903512657162455e+00, -1.3163796375422054e+01
40, 30, 1.8698207198117565e+01, 1.1724128247158347e+00
40, 31, -2.8208951268263270e+01, -6.5159159596542118e+00
40, 32, 1.0896576746700756e+01, -6.2653589020292966e+00
40, 33, -7.9426924536874175e+00, 1.6464682073411694e+01
40, 34, 5.6063272337447643e+00, -2.7846760178388905e+01
40, 35, -1.5111844534856244e+01, 7.6072109350228878e+00
40, 36, 1.3926074181855153e-01, -6.7471999146657193e+00
40, 37, -1.1644334622668979e+00, 1.5597575802171630e+01
40, 38, 1.5423642654765978e+01, -3.0997343646757916e+00
40, 39, -1.6260007755644068e+01, -4.3504103054277294e+00
40, 40, -4.2770328515383412e+01, 8.1773722370282194e+00
41, 0, 1.0826288258141620e+01, 0.0000000000000000e+00
41, 1, -9.8191521001676954e+00, -4.9934525165614518e+00
41, 2, -2.3004243150533084e+00, -1.9969218824420992e+01
41, 3, -1.0309920749980753e+01, 9.3894968795749545e+00
41, 4, 1.8200353833484670e+00, -4.0463214008184467e+00
41, 5, 1.0957144079775590e+01, 1.8547895213335213e+01
41, 6, -1.2200350565148566e+00, 1.2695880165538609e+01
41, 7, 6.9280998247450185e+00, 2.1409210989827855e+01
41, 8, -2.8217719872143046e+00, -7.1370997805971310e+00
41, 9, -1.0709404464178730e+01, -3.9523363990115494e+00
41, 10, -1.4398726212896916e+01, -1.1614270000985927e+01
41, 11, -3.3135131448363624e+00, -4.6894862020264254e+00
41, 12, -1.1617838596108605e+01, -1.2861601380457548e+00
41, 13, 7.3095524570454584e+00, 3.5982923900531998e+00
41, 14, 2.1151840606080716e+00, 3.2716197006628240e+00
41, 15, 1.4281181147365009e+01, -1.3036993606565400e+01
41, 16, 2.6174249542138694e+00, 1.8943501064256671e+00
41, 17, 7.4127532464562929e-01, -2.0890284770273428e+01
41, 18, -1.6361401822232555e+01, 1.7534930843595834e+01
41, 19, 1.5255611885115883e+00, 5.9088806744040987e+00
41, 20, 8.4173943245175877e+00, 5.0217993794856834e+00
41, 21, 1.8512018380196562e+01, 1.0513403641852197e+01
41, 22, 8.5541907452837265e+00, -2.6042591132932773e+00
41, 23, -1.0014186931816832e+01, -3.0597543694261096e+00
41, 24, -3.6485859471753233e+00, -9.9083425932641536e+00
41, 25, 5.5534547740060267e+00, -6.7517903402311719e+00
41, 26, 1.8409334679490414e+00, 1.6783764529324955e+01
41, 27, 1.9443435339601081e+01, -6.3174340160820268e+00
41, 28, -7.0007192341974758e+00, -1.7689254443759124e+00
41, 29, -3.4257802848317778e+00, -1.3271067461588807e+01
41, 30, -5.0687660918388833e+00, 1.7539690614474857e+01
41, 31, -6.9209558300061538e+00, -1.3644579223870714e+01
41, 32, 5.4017415868014629e+00, 2.0298272583136576e+01
41, 33, -1.8329635158869806e+01, -1.0848681329052676e+00
41, 34, 2.0278286375397574e+01, -6.5768946084787174e+00
41, 35, -2.7922512269341318e+01, 1.2575082737417036e+00
41, 36, -8.1991910636785903e-02, -7.7004005593064342e+00
41, 37, 1.0803689279166647e+01, 1.2603725721450806e+01
41, 38, 3.7224333790487192e+00, -2.2168526035488572e+01
41, 39, -6.8309977840849800e+00, -2.1869657002276455e-01
41, 40, 1.5717960619848805e+01, 1.9938017947786754e+01
41, 41, 5.8228692319643311e+00, 2.0476675967168298e+01
42, 0, -3.3129133770632953e+00, 0.0000000000000000e+00
42, 1, -1.1388495880850078e+01, -2.7247100551151955e+00
42, 2, -2.0909634969911410e+00, 1.0520302252276441e+01
42, 3, -1.6129276088593816e+01, 1.2564568026467264e+00
42, 4, 1.2895103568981337e+01, 2.0943609839176953e+00
42, 5, 2.5127421977239703e+00, 1.4822405441230804e+00
42, 6, 1.7883753405705470e+01, -5.4529620423550611e+00
42, 7, 1.1999799169168966e+01, -4.6004127882013828e+00
42, 8, 1.2904307811547516e+01, 6.8325719837445069e+00
42, 9, -2.8209061047541759e+00, 1.4862637551606220e+01
42, 10, -3.3509781211836058e+00, 7.5843786058501550e+00
42, 11, -1.6286309050226613e+01, 1.8348841509954369e+01
42, 12, -3.6860552655394367e+00, 6.9778002924402449e-02
42, 13, 2.6767115147443010e-01, 6.7560549247140038e+00
42, 14, -2.4453175572777783e+00, -1.3814383009962672e+01
42, 15, 1.2030243546774427e+01, 2.1975893347074242e+00
42, 16, -1.9562643773872228e+01, 2.0147512677096637e+00
42, 17, 1.0243475799255831e+01, 3.1828069480238081e+00
42, 18, -5.2483478430371147e+00, -6.3650013476307734e+00
42, 19, 1.1494554245055363e+01, -4.4910642459897092e+00
42, 20, 3.0292919754065464e+00, 5.2364313942698484e+00
42, 21, -2.2106550861322471e+00, -1.2331507250133356e+01
42, 22, -2.1043738564412762e-01, -1.0411479945996135e+01
42, 23, 4.6403620717709648e-01, 1.2176495629187516e+00
42, 24, -1.0449143300733713e+01, 2.9693610166882376e+00
42, 25, 4.8334223778061036e-01, 1.3361752482388209e+01
42, 26, -8.2892398882967089e-01, -1.3298968008366094e+01
42, 27, 9.3359996536609025e+00, -1.2854638849837841e+01
42, 28, -1.6841873622006478e+01, -6.5223936072826332e+00
42, 29, 2.3906784006003359e+00, -5.4742390296365144e+00
42, 30, -1.3150317975420919e+01, 1.6313581416118566e+01
42, 31, 1.1560592722541019e+01, 9.9664940880891741e+00
42, 32, -2.4183047153928001e+00, 1.0381989278108563e+01
42, 33, 1.3025469150305767e+01, -2.1672664517500145e+01
42, 34, -9.3917228721244228e-01, 8.4109891483230061e+00
42, 35, -1.1005799792972059e+01, -5.8847741680322603e+00
42, 36, 1.2414862860482550e+01, 1.1934230024465318e+01
42, 37, 7.5308556845317720e-01, 8.4896300405048351e+00
42, 38, 4.7154495100620668e+00, -2.0168134471370287e+01
42, 39, -5.6695420686874511e+00, 2.8269244950864247e+00
42, 40, 1.8931197295852886e+00, 1.8934698492301603e+01
42, 41, 1.1886875737525656e+01, -1.5702326319674480e+01
42, 42, 1.6436248843643366e+01, -1.2029258127616767e+01
43, 0, 5.7500505112391553e-01, 0.0000000000000000e+00
43, 1, 1.3792970291994484e+01, -5.8507706726530788e+00
43, 2, -9.9513829221479337e+00, 2.1103342158522501e+01
43, 3, -2.8764548921711581e+00, 2.7827020926731447e+00
43, 4, 3.7430355268579811e+00, 8.1931950164964764e+00
43, 5, -9.3583895548846598e+00, -1.4925264029454244e+01
43, 6, -3.7697201375374085e+00, -1.1859298233511405e+01
43, 7, 1.4387274587883376e+00, -7.1547148304810246e+00
43, 8, -2.6826460226338180e+00, -8.1329517513420928e+00
43, 9, 5.3899359516271552e+00, -5.5408023073941881e-01
43, 10, 1.0683076529249504e+01, 5.0873175668527812e+00
43, 11, 5.1503275701345945e+00, 6.0599530123373615e+00
43, 12, 1.9176850288681180e+01, 2.8105633626271644e+00
43, 13, -7.1477276731344448e+00, -1.5757844699491719e+00
43, 14, -2.1060927252377568e+00, -5.7607333465915778e-01
43, 15, -7.3886708587433167e+00, 1.4383698677711044e+01
43, 16, -1.3507121375686935e+01, -1.1474163236400022e+01
43, 17, -1.6329502459853191e+00, 1.7701188040838389e+01
43, 18, 3.4695205484414804e+00, -5.9517646648086115e+00
43, 19, -2.0392704043461896e-01, -6.4499271941283745e+00
43, 20, -5.3821847820955587e-02, -9.1327773090401809e+00
43, 21, -6.8200721300341982e+00, -1.8724985339293049e+01
43, 22, -1.1372335786196965e+01, 4.1274916690787826e+00
43, 23, -1.1724186060233748e+01, 5.8910364962532293e+00
43, 24, -1.4347088339726359e+00, 1.2382000433470546e+00
43, 25, 2.9288364472844712e+00, 4.7243820172306297e+00
43, 26, 8.7400754556830602e+00, -8.1534122955013064e+00
43, 27, -5.6213850931595140e+00, 1.1914567928464180e+01
43, 28, -5.8439593431926706e+00, -6.9466764570032264e+00
43, 29, -1.9371015294984228e-01, 1.9002209786378486e+01
43, 30, -2.0314730923427033e+00, -3.4638838010315904e+00
43, 31, 2.0609733117780380e+01, 3.1841360415785003e+00
43, 32, -4.7072107844094777e+00, -7.5265392765227439e+00
43, 33, 2.5676401653017582e+01, -4.1680524489753052e+00
43, 34, -2.3039613131029704e+01, 2.2587800149507671e+00
43, 35, 1.6585321605511261e+01, 1.4548892487103631e+00
43, 36, -3.4715296411286667e-01, 1.9932170221200586e+01
43, 37, 8.0741229439376507e+00, -6.7181929977164110e+00
43, 38, -6.7769907967907335e+00, 5.8113193366027067e+00
43, 39, -8.3805239142643764e+00, 6.1931347979570504e+00
43, 40, -3.0267729705185911e+00, 5.8979521224924447e+00
43, 41, 1.6703719571424216e+01, -5.3366310142983497e+00
43, 42, -2.3692367688992388e+01, -1.3647948124668920e+01
43, 43, -1.3746762784686760e+01, 1.7947176383536636e+00
44, 0, 9.1562103899447393e+00, 0.0000000000000000e+00
44, 1, 2.7495151755378990e+00, 2.1737635061941951e+00
44, 2, -2.3205574270614040e+00, -3.4571405045072590e+00
44, 3, 1.4831533248449752e+01, -2.6921470202078057e-01
44, 4, 1.6702164556000954e+00, 1.8469916835620421e+00
44, 5, 2.7094351854504364e+00, -2.1585832025048766e+00
44, 6, -1.5876521846062575e+01, 6.7644271271004781e+00
44, 7, -1.7934629216064554e+01, -5.4424384372200585e+00
44, 8, -1.0199396207198266e+01, 2.3812054617589391e+00
44, 9, 5.7462766066295670e+00, -7.1230601955163531e+00
44, 10, 9.9074099178984234e+00, -4.8212060410739603e+00
44, 11, 8.6843916941213841e+00, -2.2312698200496463e+01
44, 12, 1.2713880456785226e+01, 2.1766430173091939e-01
44, 13, -1.3808298873181160e+00, -6.3061999329008502e+00
44, 14, 1.1504714688136371e+01, 2.5932898501063226e+00
44, 15, -4.5705297934622156e+00, -3.7666403131613992e+00
44, 16, 2.1877927249534018e+01, -2.3341122318096019e+00
44, 17, -1.8596623111743624e+00, -4.1183735709363187e+00
44, 18, 4.4933689362299791e+00, 8.1023934893622318e-01
44, 19, -7.0001217609753761e+00, 1.8166882360725705e+00
44, 20, -9.4667207385268579e+00, -1.5493115860298741e+00
44, 21, -9.3321746232449474e+00, 1.2248336515647042e+01
44, 22, 9.2680627067716048e-01, 2.6894911134423753e+00
44, 23, -8.3326293040020238e-01, -3.1306481570482214e+00
44, 24, 1.9008758578009971e+01, 4.3033130064861043e+00
44, 25, -6.3421354479435532e+00, -2.0692396302269187e+00
44, 26, -5.6631476995403389e+00, -5.4778322931961725e+00
44, 27, -6.4937070276400384e+00, 7.2433283473200145e+00
44, 28, -2.2003611614306400e+00, -1.9006979736004050e+00
44, 29, -4.5295808925796379e+00, 8.4629222981037273e+00
44, 30, 1.3304092851932932e+01, -6.3356723034094866e+00
44, 31, -4.3435007184578458e+00, 4.4443980920951391e+00
44, 32, -8.8757236392137724e+00, -2.0678740402204653e+01
44, 33, -1.4512298251484793e+01, 1.0048916220887204e+01
44, 34, -3.1992782577430843e+00, -3.5427058073420437e+00
44, 35, 1.1823332756903536e+01, 9.0277777606254546e+00
44, 36, 4.3567305538583092e+00, -8.5472051685368111e+00
44, 37, 4.5512749987388643e+00, -5.1303376252242581e+00
44, 38, -1.5312670591737556e+01, 4.5964429829063402e-01
44, 39, 5.9570110193997134e+00, 4.5256595570475264e+00
44, 40, 1.1961593634022256e+01, 6.3566337299711710e+00
44, 41, -1.4760220833151403e+00, -9.3238868843553728e+00
44, 42, 1.2827076933360566e+01, -3.5390835773556257e+00
44, 43, -4.2417168910333443e+00, 1.7925421415305159e+01
44, 44, 5.6433571438471164e+00, 1.9430700467851086e+01
45, 0, -6.2426324368940067e+00, 0.0000000000000000e+00
45, 1, -4.2478530746231851e+00, 6.2930686230294892e+00
45, 2, -8.2929075991293981e+00, -7.5578823574285714e+00
45, 3, -4.9624628524896401e+00, -8.4828688018333622e+00
45, 4, 1.1618575080295848e+01, -3.4813713792186527e+00
45, 5, 7.9928930912332437e+00, 3.3558758006686111e+00
45, 6, 9.9351728569146740e+00, 8.5986806889260752e+00
45, 7, 9.1104360956300958e+00, 1.5179112561701483e+01
45, 8, 1.2203458431393294e-01, 6.9107733604454777e+00
45, 9, -1.0211789528926596e+01, 9.8522521921051638e+00
45, 10, -1.7609011028502149e+01, -9.1474282167740153e+00
45, 11, -2.5591315902872340e+00, -2.6021547092497443e+00
45, 12, -1.3416567474152021e+01, -8.2963677548229029e+00
45, 13, -1.2294237311782979e+01, -9.4399597421714212e+00
45, 14, -8.3545480914717518e-01, 5.4069645990747466e+00
45, 15, 1.8517730089013285e-01, -1.3780208550397390e+01
45, 16, 7.1426469701772888e+00, 9.3866600153839830e+00
45, 17, 4.1598110982297145e+00, -5.9206950765622874e+00
45, 18, 4.7556907358649712e+00, -1.2294196650413118e+01
45, 19, 9.1726321868647798e+00, -1.6863181859933900e+00
45, 20, -3.0456603105149632e-01, -7.1827253366224113e+00
45, 21, 6.2766262737433820e-01, 4.4704644257497606e+00
45, 22, 2.3547559030356857e+00, 8.5901912626533594e+00
45, 23, 4.5797393624413321e+00, -3.8466223264276120e+00
45, 24, -3.3624157540993833e+00, 1.1614442510153996e+01
45, 25, 5.7969191551032599e+00, -9.1962295250422450e+00
45, 26, -4.7924030523343024e+00, 6.3120165547877320e+00
45, 27, -5.9842585683570473e+00, -5.8552173252378239e+00
45, 28, 1.2032798472953445e+01, 2.7676355696687467e+00
45, 29, -8.2523143611826222e-02, 1.3210942593691974e+00
45, 30, 7.9829448344974985e+00, -4.4856781678412183e+00
45, 31, -1.2328861117195817e+01, -4.6188020761389286e+00
45, 32, -1.9399530633138569e+00, 7.5280217227184885e+00
45, 33, -1.0646678179776845e+01, 6.5678611776795028e+00
45, 34, 4.1464833875560032e+00, 2.5260707923814101e+00
45, 35, -9.1663417272275147e+00, 5.0644007150415318e+00
45, 36, 7.1619246473186529e+00, -3.9679223411073417e+00
45, 37, -1.2342389448906221e+01, 6.9393355593958717e+00
45, 38, -7.2633874249401940e+00, -6.5265959754061686e+00
45, 39, 1.2211183854924800e+01, 8.2030966449428677e-01
45, 40, 2.5962133328520349e+00, -1.0888516856016834e+01
45, 41, -1.3840961965488530e+01, -2.0533880250635391e+01
45, 42, -9.4678988671965438e+00, 8.8854198226448382e+00
45, 43, 4.8917485296952234e+00, -1.5207916119562540e+01
45, 44, 1.5867840539718694e+00, -3.6449841992176366e+00
45, 45, 1.6599065633432048e+01, -1.2719440281406206e+01
