0, 0, 0.0000000000000000e+00, 0.0000000000000000e+00
1, 0, 4.4024050529399340e+05, 0.0000000000000000e+00
1, 1, 2.5660739577780980e+04, 1.9921761154405324e+05
2, 0, 0.0000000000000000e+00, 0.0000000000000000e+00
2, 1, -2.7359073011039471e+05, -1.4772019699980592e+05
2, 2, -3.7734822149794325e+06, 2.0026002893282501e+06
3, 0, -1.2104915782419275e+06, 0.0000000000000000e+00
3, 1, 5.9860761207519076e+05, 2.5685048800986405e+06
3, 2, -1.1658021165533406e+06, 3.9663784665888263e+05
3, 3, 2.8431837447817959e+06, 1.5590229279039658e+06
4, 0, 4.3982797905039380e+05, 0.0000000000000000e+00
4, 1, 6.5074042367203592e+05, 5.0210121053114691e+05
4, 2, -5.1743705322191783e+05, -9.9357625625725742e+05
4, 3, 1.1521586586452292e+06, -5.8241286814701583e+04
4, 4, 1.4098589966128781e+05, -1.4746735303611287e+06
5, 0, 6.7864919557560701e+04, 0.0000000000000000e+00
5, 1, -1.7699172639890719e+04, 1.5418196354602871e+04
5, 2, -4.5340503399691323e+05, -2.4651918087836739e+05
5, 3, 3.7561514323740895e+05, -2.8234008623738092e+05
5, 4, -7.1102215806909371e+05, -1.0329562458381394e+05
5, 5, -5.8194803638153151e+05, 5.4209741622221144e+05
6, 0, 8.9061152095670957e+04, 0.0000000000000000e+00
6, 1, 4.1219704514737893e+05, -1.9962713059175265e+05
6, 2, 3.4340216499843914e+05, 1.9402591064860742e+05
6, 3, 3.3809353506932355e+05, 1.3779174606958509e+05
6, 4, 1.1672639831989065e+05, 3.7049783109861903e+05
6, 5, 1.2378596151556910e+05, 3.3243735999624286e+05
6, 6, 3.3137172165999829e+05, 1.0093765946499759e+05
7, 0, 2.5854652637431573e+04, 0.0000000000000000e+00
7, 1, 3.5833095521681814e+05, -2.3859776455875195e+05
7, 2, 4.1226759731975931e+05, 1.6045004983666469e+04
7, 3, 1.2192069524446804e+05, -4.4967604294403391e+04
7, 4, 6.0250257480250299e+05, 6.5104344203957531e+04
7, 5, -5.2873624333065512e+04, -3.4373104919561604e+05
7, 6, -2.2594452951466577e+05, -4.3155838182867027e+05
7, 7, 2.9074894231269252e+04, -2.7819394301513850e+05
8, 0, 1.2673767697570962e+05, 0.0000000000000000e+00
8, 1, -1.0038350205223735e+04, 8.3163267941340135e+04
8, 2, 4.6776280809812818e+05, 1.2086364333907621e+05
8, 3, -3.4972474404735805e+05, -3.8343852628085198e+05
8, 4, 3.7543447416838130e+05, -8.2238285208406989e+04
8, 5, -7.7787947965995094e+05, -5.3046169148935925e+05
8, 6, -1.2242487937179604e+05, -3.9180565099089645e+05
8, 7, -1.6230542601058423e+05, 3.4440187329286395e+05
8, 8, 6.7568380053518340e+03, -7.3222576087378577e+04
9, 0, -7.8487560669879167e+04, 0.0000000000000000e+00
9, 1, 1.9636044630828983e+04, 6.4838502270164288e+04
9, 2, 4.0859953132893733e+05, 5.8633281852208718e+04
9, 3, -2.5499945162935313e+05, -2.1692571688498068e+05
9, 4, 1.1802428907051124e+05, 4.6682059273169620e+05
9, 5, -5.8262141685070947e+05, -4.9895309637400671e+05
9, 6, 1.8642210717369666e+05, 1.9681198608214385e+04
9, 7, -2.1729385174040246e+05, 4.2647571112465393e+05
9, 8, 4.6455386785469606e+05, -1.0624006866042835e+05
9, 9, -2.8738422195475968e+05, -1.1708335091569927e+05
10, 0, 1.7468503101640529e+05, 0.0000000000000000e+00
10, 1, 2.2849826658534934e+05, 8.7667276150227786e+04
10, 2, 6.5795130707832272e+04, -3.6950587483130861e+05
10, 3, -2.3551715890642552e+05, 1.0995649441860191e+05
10, 4, -4.0751063926214661e+05, 8.1061579731082689e+04
10, 5, 1.9361070493534324e+05, -3.4166111791552138e+05
10, 6, 1.8475893066367693e+05, 4.5694893361120741e+05
10, 7, 1.3372605620586112e+05, -1.3982533622753288e+05
10, 8, 1.7953919391390475e+05, 2.6196981686793925e+05
10, 9, -4.2182717536586820e+05, -3.8448187209729059e+05
10, 10, -1.0546228550714790e+05, 2.0387283067746874e+05
11, 0, -1.0381834065554674e+05, 0.0000000000000000e+00
11, 1, -2.0078301816291071e+05, -5.9976551698391762e+04
11, 2, -9.4178690735398501e+04, -4.3251203790384607e+05
11, 3, -4.8007151014920877e+05, 3.3936575583443232e+05
11, 4, -6.1785947876442119e+05, -2.8071171050014254e+05
11, 5, 4.4999982731242082e+05, 3.6045227518936293e+05
11, 6, -1.6174140711170904e+05, -5.1387509465045521e+04
11, 7, 2.7742002725200454e+05, -2.7849040042288025e+05
11, 8, -4.8114844703651173e+05, 2.2989241931654944e+05
11, 9, -1.2844811449429388e+05, -1.5094385165954978e+05
11, 10, 3.4695457610065423e+04, 7.3296609566733812e+05
11, 11, -3.8846937713780004e+04, -1.3481993610819438e+05
12, 0, 3.9582111784542765e+04, 0.0000000000000000e+00
12, 1, -4.9533462664984883e+05, 1.2528882485814447e+04
12, 2, -7.0758500814501022e+04, 2.0271284407921173e+05
12, 3, -5.9703007977995113e+05, 1.1383530347297885e+05
12, 4, -9.0837934368941540e+04, 7.8513119206399133e+04
12, 5, 2.2049564718691923e+05, 4.2972184495967906e+05
12, 6, -1.4191786669361044e+05, -6.2731838086437783e+05
12, 7, 1.0415915783118019e+05, -1.0823992444264915e+05
12, 8, -5.6721185680769547e+05, -9.8042698717018749e+04
12, 9, 2.1003976023759000e+05, 1.4038538787874641e+05
12, 10, 1.0494332107352933e+05, 5.1225603540922009e+05
12, 11, 3.3842670413657371e+05, -7.3161746882079449e+05
12, 12, -2.6932568590192390e+04, -3.6568540351191157e+04
13, 0, -1.7947336258227431e+05, 0.0000000000000000e+00
13, 1, -3.0227957265548385e+05, -2.0559932908610979e+04
13, 2, 1.5089177568667004e+05, 4.2100317200536729e+05
13, 3, 1.7453896835582447e+04, 1.3280584465574560e+04
13, 4, 1.6364157935614712e+04, 2.7969535122217453e+05
13, 5, 2.5517260623249436e+04, -2.0287427568271622e+05
13, 6, 1.3409347479534510e+05, -4.9482440662151785e+05
13, 7, -3.4585679181044421e+05, 1.7276936034237428e+05
13, 8, -9.5103762838648356e+04, -1.3515906076243604e+04
13, 9, 4.0925616369796207e+05, 3.0513686579867813e+05
13, 10, -2.6872582706314992e+04, -2.5814523175887711e+05
13, 11, 3.3243958856583037e+05, -3.9679371531794756e+05
13, 12, -5.7600451656578132e+05, -1.9382408609749435e+05
13, 13, 2.6214191476270749e+05, 4.0254989734640054e+05
14, 0, 5.1074489111152841e+04, 0.0000000000000000e+00
14, 1, 3.4436693413758068e+05, 1.0947306214510665e+05
14, 2, 1.9461061946888611e+05, -2.2456298686137146e+05
14, 3, 1.7721590141135544e+05, -1.2048440177301702e+05
14, 4, 1.5194900326527815e+05, -5.0137214346822572e+05
14, 5, -2.1674498354054851e+05, -4.6890361356500961e+05
14, 6, -1.1282356555416925e+04, -7.1660768112345831e+04
14, 7, -1.7154889053285576e+05, 1.2299720437530462e+05
14, 8, 4.3446648185290670e+05, 2.1131187263560435e+05
14, 9, 5.1453111296615549e+04, 4.9359956048188469e+05
14, 10, -2.1663750260706518e+04, -7.5454680125004391e+05
14, 11, -3.7254631153417320e+05, 1.2418056497813298e+05
14, 12, -1.8027844963591004e+05, -1.0713146638124218e+05
14, 13, 3.5244867131939007e+05, 9.6565362445093121e+05
14, 14, -1.6043264912217528e+03, -3.3711462874913379e+05
15, 0, 2.2777974799967610e+05, 0.0000000000000000e+00
15, 1, 1.0168162651375425e+05, 1.8299964978067129e+05
15, 2, -2.2566138596294855e+05, -3.8153962122445321e+05
15, 3, -2.7197742371701263e+05, -1.4534543669385038e+05
15, 4, -3.6882574305009685e+05, -4.7771881600706454e+05
15, 5, -4.5846160472744680e+05, -2.7888860620409460e+05
15, 6, -2.6690666971936662e+04, 3.2696668654901022e+05
15, 7, 4.8705251478119986e+05, 2.0752394488574404e+05
15, 8, 5.6419321628215513e+05, 2.8328782774262846e+05
15, 9, -3.7950063994748169e+04, -1.7826116025347367e+05
15, 10, -1.1872517527151029e+05, -8.9415119597341269e+04
15, 11, -3.9944818194595654e+05, 2.9710425779402809e+05
15, 12, 3.9281041000803525e+05, 3.8382507529888372e+05
15, 13, 6.8168256446264946e+04, 3.8656744893847330e+05
15, 14, 1.0215998007736707e+05, -6.6853152082351758e+05
15, 15, -2.4669418507861384e+05, 4.2138863791789983e+04
16, 0, 2.7423848187771661e+05, 0.0000000000000000e+00
16, 1, -1.2176404308217639e+05, -2.9800176806819852e+05
16, 2, -3.5671175569663814e+05, -1.0873441888100679e+05
16, 3, -2.6806789747197024e+05, 2.4556225710819865e+05
16, 4, -4.8657110323475377e+05, -4.3126812040458572e+04
16, 5, -2.0156373418681131e+05, 3.2596006015828019e+05
16, 6, 8.3672404566499506e+04, 1.2142705660397616e+05
16, 7, 2.4484080253274072e+05, 1.4854247746586433e+05
16, 8, 1.4720175047070062e+05, 2.5359320432490460e+05
16, 9, -2.4117994396269778e+05, -5.2450249893058604e+05
16, 10, -3.1903789861122437e+05, 1.6768797101568012e+05
16, 11, -1.0139629893578742e+04, -1.0143962425614719e+05
16, 12, 3.0038919314102846e+05, 3.5260674778192793e+05
16, 13, -4.7795562627197738e+04, -3.4534288132494548e+05
16, 14, -5.0856790117666518e+04, -5.0777591411268903e+05
16, 15, -5.4279449542379542e+05, 1.7236815817643952e+05
16, 16, 1.1014966198044013e+05, 4.0553194655004692e+04
17, 0, -5.7919499920974209e+04, 0.0000000000000000e+00
17, 1, -2.6202630682883746e+05, -3.7698023836633115e+05
17, 2, -1.4440862152506894e+05, 2.2888636248229566e+04
17, 3, -9.7853627659047139e+04, 8.5817860182318807e+04
17, 4, 2.6255119771954842e+05, 4.0000644928486709e+03
17, 5, 4.0114010770925705e+05, 1.4471208908463968e+05
17, 6, 3.5496352512829227e+05, -1.4943558094357257e+05
17, 7, 1.8629693973988411e+05, -1.8302868993195990e+05
17, 8, -2.0849457643308229e+05, -1.1519623719076198e+05
17, 9, -8.0491169681696425e+04, -2.5041339240971330e+05
17, 10, -3.0939450306842267e+05, 1.4210867462631565e+05
17, 11, 1.6138721727317787e+05, -7.2356963896506553e+04
17, 12, 1.7550875894725003e+05, -2.1868737778193892e+04
17, 13, -3.1454956649552874e+05, -5.0846296971619601e+05
17, 14, -1.8102777433569648e+05, -2.6636714030420996e+05
17, 15, -1.9825501762497210e+05, 2.5764825115758405e+05
17, 16, 6.5686695380744024e+05, 3.3451304444936919e+05
17, 17, 7.3634712912192655e+04, 1.7810227596128877e+05
18, 0, -1.9176659590254872e+05, 0.0000000000000000e+00
18, 1, -1.1052097057878174e+05, -4.0361081251912983e+05
18, 2, -3.6455829706312339e+04, 2.1843205645007489e+04
18, 3, -2.1402888275635373e+05, -2.6741104511366296e+05
18, 4, 5.9544105888444441e+05, 1.0292772873688898e+05
18, 5, 1.3415573065054324e+05, -4.1292415505622572e+05
18, 6, 1.5179194260918116e+05, -4.4253256599676475e+05
18, 7, -1.1182523012973445e+05, -1.0596669981635091e+05
18, 8, 6.1439040994643932e+04, -1.8930822607470688e+05
18, 9, 2.8842281165049095e+04, 2.5383081513918284e+05
18, 10, 4.4120889553037845e+05, -8.5872756146351458e+04
18, 11, 1.9959795849345665e+05, -1.6362444146069224e+05
18, 12, 6.0477492446274569e+04, -1.3143619823039911e+05
18, 13, -2.2875846658932080e+05, -1.5498671344029979e+05
18, 14, -2.5662402037797848e+05, 1.4515648040857475e+05
18, 15, 2.7770878365927591e+05, 4.8935544888449914e+05
18, 16, 3.0530448324773012e+05, 1.1930684098085912e+05
18, 17, 1.0743655446892718e+05, -6.6967963094588055e+05
18, 18, 2.7120301517206774e+05, 2.2143927375118757e+05
19, 0, -7.2816629090431943e+03, 0.0000000000000000e+00
19, 1, 4.1778484692550199e+04, 3.2991420184468036e+05
19, 2, -2.9168652946423343e+04, 4.3765068964636157e+04
19, 3, -8.6858284894493117e+03, -1.3151633514186007e+05
19, 4, 1.2904739900598365e+05, 1.8083202300768660e+05
19, 5, -1.7709585909226551e+05, -2.7280296377237234e+05
19, 6, -1.4281560513312402e+05, -1.4052731941975874e+05
19, 7, -3.1245684353823611e+05, 1.3240947523754527e+05
19, 8, 2.9320703955189441e+05, -6.0829369472379796e+04
19, 9, 1.5295566706692119e+05, 3.2134186944302154e+05
19, 10, 4.0689976626884623e+05, -1.9262338498007099e+04
19, 11, 9.3136036132798872e+03, -2.7893083286371414e+05
19, 12, -1.3266536483578733e+04, 1.1692953720315210e+04
19, 13, -1.5870897317281860e+05, 2.8180741412059142e+03
19, 14, 1.1590985082170194e+05, 3.5256620578077179e+05
19, 15, 5.8246573572829482e+05, 3.7555665003072587e+05
19, 16, 1.7525122208264725e+04, -1.1002671026494565e+05
19, 17, -1.1032164623202200e+05, -3.1499398486002069e+05
19, 18, -4.4730122467394162e+05, 4.1266360249777487e+05
19, 19, -2.3767278471605916e+05, -5.3068448310265399e+05
20, 0, 2.1015525567477357e+05, 0.0000000000000000e+00
20, 1, 7.9998355848223087e+04, 4.1652757840849005e+05
20, 2, 4.0374757225862137e+04, -1.7455201784289390e+05
20, 3, 2.4662219089188671e+05, 1.4448446644187116e+05
20, 4, -2.7297354279738816e+05, 1.2256240889400410e+05
20, 5, 1.3190312556558003e+05, -5.8394163319208146e+03
20, 6, 1.3740038172972313e+05, 2.4985723619188886e+05
20, 7, 2.5734900203135654e+04, 1.0667659819584020e+05
20, 8, 2.0974673054331494e+05, 2.2713318565467262e+05
20, 9, 9.9430704049295251e+04, 1.2553418510913024e+05
20, 10, -2.8356956137067056e+05, -2.7465132009222896e+04
20, 11, -5.2891995872711341e+04, -3.3787933730827972e+04
20, 12, -3.7901097026767646e+05, -1.2609015702439133e+05
20, 13, -8.5667195815934712e+04, 2.4376137991728075e+05
20, 14, 2.3073410030038704e+05, 2.0955498664962861e+05
20, 15, 5.7225174790068071e+04, -2.4178337700733007e+05
20, 16, 3.5457742461283975e+04, -1.4944777686266421e+05
20, 17, -3.8093767379117006e+05, -2.9462719257938425e+05
20, 18, 3.1553558102841853e+04, 5.0442818003047199e+05
20, 19, 9.0259207817926974e+04, -8.5175951104770094e+04
20, 20, -3.4599404433874576e+05, 2.1539938082659450e+04
