0, 0, 6.5000000000000000e+04, 0.0000000000000000e+00
1, 0, -1.7355575770910314e+03, 0.0000000000000000e+00
1, 1, -1.0116218401629463e+02, -7.8537442840332119e+02
2, 0, -0.0000000000000000e+00, 0.0000000000000000e+00
2, 1, 1.6829443456939850e+02, 9.0848978403074483e+01
2, 2, -1.9214295107421440e+03, 1.2211065994376906e+03
3, 0, -2.2530549942643668e+02, 0.0000000000000000e+00
3, 1, -7.2243270281811405e+01, 4.7236860703991124e+02
3, 2, -6.1383857389149807e+02, 4.6823953834059995e+02
3, 3, 1.1577151333938668e+03, 1.1961921449380488e+03
4, 0, 3.2538577689054057e+02, 0.0000000000000000e+00
4, 1, 6.0234213149697382e+01, 1.1018673375312464e+02
4, 2, 2.5180112143063172e+02, -4.0955839848385000e+02
4, 3, -1.9237864680799561e+01, 1.7605306192869211e+01
4, 4, -6.2341966911653429e+01, -5.5088445080485417e+02
5, 0, -3.2181204533395584e+02, 0.0000000000000000e+00
5, 1, 8.9203614047167591e+01, 3.2322467480004059e+02
5, 2, -3.4475930584443324e+02, -2.9414411025653564e+00
5, 3, 2.4652479365230937e+02, 2.4984093154363146e+02
5, 4, -2.0978911209665461e+02, -4.5714073260122251e+02
5, 5, -2.7440601598223242e+02, 1.9806323417858533e+02
6, 0, 1.8450508431330817e+02, 0.0000000000000000e+00
6, 1, 3.0508619381453521e+01, -1.3478429717554440e+02
6, 2, -9.3545940530736971e+01, 1.2975210799884385e+02
6, 3, -7.2142457776284687e+01, -3.9895478103903201e+01
6, 4, 1.0123402512156565e+02, 2.1680639965473929e+02
6, 5, 2.1669829760265497e+02, 5.6075469771995898e+01
6, 6, 2.6863138654639249e+02, 7.8200304430907295e+01
7, 0, 2.0404734110155158e+02, 0.0000000000000000e+00
7, 1, 2.5892521722998325e+01, 1.2754088419509624e+02
7, 2, 2.8898610746573689e+02, -1.4422903408883775e+02
7, 3, 9.5626143113627847e+01, -5.0441810891445208e+01
7, 4, 7.6592396915257780e+01, -1.3666551346820111e+02
7, 5, -1.4231157272877333e+00, -3.3166764719366178e+01
7, 6, 4.8407049758350155e+01, -8.2824815194236251e+01
7, 7, 7.1349729486897317e+01, -1.6906456279600354e+02
8, 0, -5.8099567238891069e+01, 0.0000000000000000e+00
8, 1, -2.3466059186784577e+01, 1.1383589127346167e+02
8, 2, 8.1564854157004532e+01, 3.0196983058668081e+01
8, 3, -2.6998875745792141e+01, -3.3802776526291083e+01
8, 4, 9.6777921275636700e+01, 9.3779825774476961e+01
8, 5, -8.4846295265770536e+01, 5.4951690552410923e+00
8, 6, -1.2337067359362828e+02, -1.3173784963117421e+02
8, 7, 7.4309826654419240e+00, 1.3227062075264541e+02
8, 8, -7.6850901341552060e+01, -5.1120199120983401e+00
9, 0, -1.6811152040088231e+01, 0.0000000000000000e+00
9, 1, 9.1698591075685812e+01, -1.6845912639967696e+02
9, 2, -1.9770510845747005e+00, 5.4566858231311556e+01
9, 3, -6.9681532293584979e+01, -9.9976778436546482e+01
9, 4, -9.1242978202935809e+00, 7.8608939913809849e+01
9, 5, -1.5957167705510716e+02, -3.7463846993956416e+01
9, 6, 7.1519499366782810e+01, 1.3097734672474166e+02
9, 7, -2.0953783156573031e+00, -8.2185679357465801e+01
9, 8, -2.3943344505360127e+01, 3.8080254103345915e+01
9, 9, -9.1545842473391389e+01, -8.2585555017712267e+01
10, 0, 7.5694420311637401e+01, 0.0000000000000000e+00
10, 1, 9.1855696133125051e+01, 1.4320318154209488e-01
10, 2, -4.2808616698125832e+01, -4.7359935605685799e+01
10, 3, 8.0040151421399202e+01, 4.3910401454289484e+01
10, 4, -4.7764319966450287e+01, -7.3766419963355972e+01
10, 5, -1.8807599784929458e+01, -5.2111685325928590e+01
10, 6, 5.3508259535894624e+01, -1.1678060006097390e+01
10, 7, -5.8247842896613928e+00, -7.0860534574676436e+01
10, 8, 2.2538767221588657e+01, 4.1498236349292753e+01
10, 9, -1.0310342985681072e+02, -1.3029895531576602e+02
10, 10, -1.8870441427985760e+00, 6.2918351351679100e+01
11, 0, -7.3907362109678045e+00, 0.0000000000000000e+00
11, 1, -9.9682259870222055e+01, -2.3377522420315000e+01
11, 2, -2.7089960035328673e+01, 1.6424177154816917e+00
11, 3, -5.4615852644182098e+01, -5.4624859432837845e+00
11, 4, -4.1180672805546450e+01, 1.2070078369554693e+00
11, 5, 8.9331970957922991e+01, 1.8648796781914687e+01
11, 6, 3.6492972594722907e+01, 3.9394211935015001e+01
11, 7, 5.4583800410843217e+00, -6.2470616319482474e+01
11, 8, -1.9764791990638052e+01, 6.6503908651034308e+01
11, 9, -3.3387567047029272e+01, -1.9957316037880275e+01
11, 10, 7.1369603086804830e+01, 7.6959395135160904e+01
11, 11, 1.2706310912139569e+01, -3.3330277126047045e+00
12, 0, 5.2332078876972410e+01, 0.0000000000000000e+00
12, 1, -2.3690670523590189e+01, -2.3027819615385312e+01
12, 2, 1.5413115427628906e+01, 3.0959489320592557e+01
12, 3, -5.3411393822556732e+01, 2.1948250873066282e+01
12, 4, 2.6827508338490130e+01, -1.2541467899354952e+01
12, 5, 7.5308197671628079e+01, 2.7733676621167273e+01
12, 6, -3.0585730726548586e+01, -9.0104611217381731e+01
12, 7, 5.4625829759677366e+01, 3.4366804337267737e+01
12, 8, -1.2003358293442716e+02, -5.3666745405487163e+01
12, 9, 7.8347878561196310e+01, 5.3410560532936159e+01
12, 10, 7.8906697411038564e+01, 8.7652596148279429e+01
12, 11, 4.4458067184856290e+01, -3.2150718867331449e+01
12, 12, 1.4891367404658046e+01, -3.5295740576818524e+00
13, 0, -4.3958170907334562e+01, 0.0000000000000000e+00
13, 1, 5.2491785407909362e+00, 8.2026676094407875e+01
13, 2, -3.1115560676239372e+01, 1.1348188820927939e+01
13, 3, 5.6241737328049027e+01, 4.8109433532488843e+01
13, 4, 4.3107787302601182e+01, 4.5384242580717007e+01
13, 5, -1.3415319388345562e+01, -3.5053720983915224e+00
13, 6, -6.6754236876763514e+01, 8.5437283389137075e+00
13, 7, -3.0812876160576650e+01, 1.9225457853114200e+01
13, 8, -1.4845514425197901e+01, 6.1235801510073493e+00
13, 9, 9.6850719286347939e+01, 6.5913154977607036e+01
13, 10, -3.2643201228583756e+01, -4.5340111703753855e+01
13, 11, 3.6293491997220663e+01, -1.6503720723234760e+01
13, 12, -1.0472989073837574e+02, -1.6758316098674168e+01
13, 13, -2.5011042623483547e+01, 2.8702599518271899e+01
14, 0, 6.7256321158594787e+01, 0.0000000000000000e+00
14, 1, 4.4192460846187842e+01, 3.6645579005948512e+01
14, 2, 3.2807819399250086e+01, -3.8937146034857093e+01
14, 3, 3.5026200294899368e+01, -3.1014372102885972e+01
14, 4, -1.4174077644499178e+01, -2.0564156630638919e+01
14, 5, -2.1170982362640441e+01, -4.0427795059132201e+01
14, 6, -1.4748287297754285e+01, 1.4414766719526618e+01
14, 7, -4.4950141027345261e+01, 6.8684364584571149e+00
14, 8, 1.3142019104204904e+01, -1.2025104424692796e+00
14, 9, 3.7770240087490436e+01, 8.6723682106047534e+01
14, 10, 2.0615842861427517e+01, -7.5737831569431108e+01
14, 11, -8.4159262471553603e+01, -1.9795943865492063e+01
14, 12, -4.0304973249503099e+01, -3.6292625831325829e+01
14, 13, 3.9479526803604465e+01, 1.0885513287787501e+02
14, 14, 1.6054974534239854e+01, -4.5518439218582017e+01
15, 0, 3.8829635233277898e+01, 0.0000000000000000e+00
15, 1, 2.2039934556378338e+01, -1.4148162084499265e+01
15, 2, 6.7619424387064511e+00, -5.0248470296588330e+01
15, 3, -3.6495611553150901e+01, -1.9549503562197447e+01
15, 4, -3.6070937939880523e+01, -1.5583327941813245e+01
15, 5, -5.9129936563029517e+01, -4.2159757579353698e+00
15, 6, -5.9658618448478808e+00, 3.0265046214110153e+01
15, 7, 3.9370292951626773e+01, 6.0976379774575697e+00
15, 8, 7.4898206322256470e+01, 1.6646192714589261e+00
15, 9, -7.8949372966753856e+01, -2.6080538191219343e+01
15, 10, 1.1869481306691014e+01, -3.1020186078272829e+00
15, 11, -3.7299035611410289e+01, 2.6592519376846766e+01
15, 12, 1.0882477717075538e+02, 4.1031277093622755e+01
15, 13, 2.1932783337286207e+01, 2.3258919543451857e+01
15, 14, 1.7796153038447812e+01, -8.4387217629745905e+01
15, 15, 2.2810356940245619e+01, 1.8759880350924107e+01
16, 0, 6.9245026830332478e+01, 0.0000000000000000e+00
16, 1, -1.6101357494067212e+01, -3.2948714385454046e+01
16, 2, 2.2697258485036205e+01, 2.7176152958085076e+01
16, 3, -4.2272058470824298e+01, 1.6742473863204751e+01
16, 4, -9.8009941489351231e+00, 3.9463023389104053e+00
16, 5, -1.2001448078247130e+01, 2.9998368025888851e+01
16, 6, 5.0417801640043765e+00, 1.2848094977861246e+01
16, 7, 3.9299383684242524e+00, 2.8352733875090799e+01
16, 8, 2.9960660412121420e+00, 2.2739078728006001e-01
16, 9, 4.5675782030157492e+00, -4.4777964259941456e+01
16, 10, -8.2998013863681166e+00, 2.8649264048576221e+01
16, 11, -1.7395414364496840e+01, -5.3348502195279401e+01
16, 12, -1.7781419120022740e+01, 4.3746850515174160e+01
16, 13, 2.9296517106983662e+00, -2.2614424756628580e+01
16, 14, -3.1212425189411555e+01, -5.4666189127639683e+01
16, 15, -7.9115767348242203e+00, 2.0026192399925488e+01
16, 16, 1.3805369030348988e+01, 1.9778537190615189e+01
17, 0, 1.0273492885873990e+01, 0.0000000000000000e+00
17, 1, 8.5582559267768099e-01, -3.4365047494266875e+01
17, 2, 1.5411195370324822e+00, 3.9587437234392695e+01
17, 3, 3.2960402544375242e+01, 2.4048271774982840e+01
17, 4, 2.8683771409164095e+01, -5.2478888513381090e+00
17, 5, 4.3725504865431951e+01, 3.6953387928331210e+01
17, 6, 4.4803565281601742e+01, -3.3281102654926485e+01
17, 7, 2.5222434516154966e+01, 7.4276924229720400e+00
17, 8, -2.5322825800216613e+01, -1.3695687641232833e+01
17, 9, -2.7806721826571891e+01, 1.0431502589455050e+01
17, 10, -4.4199635711965541e+01, 2.2308791179444189e+01
17, 11, 4.2091717737939142e+01, 5.4325313883287222e+01
17, 12, -1.7526123009735855e+01, 9.9513607814008900e+00
17, 13, 1.9935442203530300e+00, -2.5895438501549734e+01
17, 14, -3.3102494285203939e+01, -3.1151636427124583e+01
17, 15, -2.8385607757204230e+01, 1.3188943000334056e+01
17, 16, 4.6089699841705155e+01, 3.0597482125149103e+01
17, 17, -1.7729829858452003e+01, 1.3306737630025516e+01
18, 0, -2.0424660438720323e+01, 0.0000000000000000e+00
18, 1, -1.1758287918866447e+01, -1.4465272944113623e+01
18, 2, -2.0306437671975868e+01, 5.2578489942565154e+00
18, 3, -2.6382788274395557e+00, -3.7384498189263745e+01
18, 4, 2.8018638369019776e+01, -1.9517041764497687e+00
18, 5, 9.6432128683539275e+00, -2.4016946845492345e+01
18, 6, 7.3396206930409793e+00, -3.1530130427101273e+01
18, 7, -1.7217590767608311e+01, -1.0080875420957913e+01
18, 8, -7.5484752015277712e+00, -3.0792006797903202e+00
18, 9, 1.1144507157745815e+01, -3.9723740470205001e+01
18, 10, 2.7812302093945224e+01, 1.7203253860359808e+01
18, 11, 2.9289467224449952e+00, -2.9722581152543338e+01
18, 12, -2.4973920915320340e+00, 2.6899754416884228e+01
18, 13, 2.3399061700324877e+00, -2.1789564663045997e+01
18, 14, -8.3340116427710367e+00, -8.0512479580234630e-01
18, 15, -4.5568923665898016e+00, 3.4866292522316826e+01
18, 16, 1.4967943585450778e+00, 2.2772856549694527e+01
18, 17, -2.6064685465090321e+01, -7.5096792319465180e+01
18, 18, 3.7476419157835480e+01, 1.7367165676010124e+01
19, 0, 6.0434630089430383e+00, 0.0000000000000000e+00
19, 1, -2.1910189315685011e+00, 3.4080767637675891e+01
19, 2, -5.7035436858046360e+00, 1.2191341207639752e+01
19, 3, -1.5257942709399273e+01, -1.2843118266109007e+01
19, 4, -8.7280695528037828e+00, 9.3273023055306155e+00
19, 5, -2.2642076392856637e+01, -3.8048422109149982e+01
19, 6, -3.4889866554917809e+01, 8.6508635814646659e+00
19, 7, -3.5595718747697319e+01, 8.0015201038235517e+00
19, 8, 2.1959246326580264e+01, -2.0597677229053513e+01
19, 9, 6.8644079826354281e+00, -3.1143514281851230e+00
19, 10, 3.3781638947990132e+01, -2.0053259981207859e+01
19, 11, 1.2032666959320105e+01, -1.5417852912152377e+01
19, 12, -3.5386689404556471e+01, -1.3351585787191404e+01
19, 13, -7.3403356070120085e-01, -1.5863150262170626e+01
19, 14, 3.1211176011463633e+00, 2.7239065789557170e+01
19, 15, 3.5228638208035257e+01, 1.2214106551317002e+01
19, 16, -1.0335030699958279e+01, 6.6588500906557335e-01
19, 17, 7.8492836462618429e+00, -1.5032929875889213e+01
19, 18, -5.9437032565085353e+01, 2.7336309393247820e+01
19, 19, -2.4729221420662860e+01, -6.1622751605332404e+01
20, 0, 1.9184425671355054e+01, 0.0000000000000000e+00
20, 1, 3.3612212203237057e+01, 2.2797487722132207e+01
20, 2, 8.3327913249081789e+00, -1.2123491033626872e+01
20, 3, 5.0144322248337978e+01, 1.5038184008683167e+01
20, 4, -1.4094742689858279e+01, 2.3346641340577023e+01
20, 5, 4.9899313919760280e+00, 7.8958616641819042e+00
20, 6, 1.4895933183943873e+01, 3.1493523468563303e+01
20, 7, 1.4481781512290365e+01, -3.1982271598352241e+01
20, 8, 2.3999836744194695e+01, 1.8599365528202092e+01
20, 9, -2.2097331555888054e+01, 1.2673445118732447e+01
20, 10, -3.2325595893187362e+01, 1.6450088106239076e+00
20, 11, -3.7297006603313584e+01, 2.2369168956801946e+01
20, 12, -9.6442629973550122e+00, -8.5839648664866157e+00
20, 13, 3.7688683613813055e+01, 2.0986104179563696e+01
20, 14, 3.2055616021161457e+00, -4.8758901033989277e+00
20, 15, 4.2333356747235547e+00, -6.5400564816321860e-01
20, 16, 1.9239481053025111e+00, -3.7231453003622313e+01
20, 17, -1.3949556289445525e+01, -1.1682563805179784e+01
20, 18, -6.4617966734455168e-01, 4.8755312131988482e+01
20, 19, 2.5866360556774968e+01, 3.0387021657722713e+01
20, 20, -2.5021944081053277e+01, 1.6203571217742510e+01
21, 0, 1.9951458132888991e+01, 0.0000000000000000e+00
21, 1, -3.1926941251338787e+00, -3.7196662628855549e+01
21, 2, -2.4493154485617705e+01, -3.1345437790952246e+01
21, 3, -1.6526937521170822e+01, 2.2795639527201075e+01
21, 4, -2.6365363117050343e+01, -3.2909607584378442e+00
21, 5, 9.9490340037906417e+00, 1.8131359003579750e+01
21, 6, 4.3726776805201837e+00, 3.4146779120640872e+01
21, 7, 1.6949112546327044e+01, -1.0565437786518181e+01
21, 8, -4.7926511943330690e+00, 2.5743393304635131e+01
21, 9, 1.1720113015557436e+01, -1.8465705983747032e+01
21, 10, -1.0151584506330805e+01, -1.6277572591477714e+01
21, 11, 5.4484260415997472e+00, 1.8013695426728660e+01
21, 12, 2.3238164355232428e+01, -6.8233489768006885e+00
21, 13, 6.2296267034409070e+00, 1.8842187662042697e+01
21, 14, 1.0147603324660208e+01, -1.5413666825648933e+01
21, 15, -2.0040742880920821e+01, -5.2005145871795236e+01
21, 16, -1.3073147371290993e+01, 2.3897276052693282e+01
21, 17, -3.7181060763530356e+00, -2.3895900920394286e+01
21, 18, 1.1947450732534458e+01, 4.4177981246179272e+01
21, 19, 3.3141272674604494e+01, -3.8874528344693609e+01
21, 20, 1.7529122202794202e+01, -2.0406581138379338e+00
21, 21, 2.7988592470804772e+01, -4.6018927887892902e-01
22, 0, 2.7542031343440353e+01, 0.0000000000000000e+00
22, 1, -1.7572855533930714e+01, 1.1853412852215483e+01
22, 2, 2.2620216813019354e+01, -1.5354085102688413e+00
22, 3, -1.7377361062236773e+01, 1.0925526512941486e+01
22, 4, -1.1107630558726249e+00, -3.5704526981556334e+01
22, 5, 7.7506394900430688e+00, -4.0598356872347159e+00
22, 6, -3.1406997052763796e+01, -5.4433052687201048e+01
22, 7, 1.9464809125125324e+01, 1.5630413529303484e+01
22, 8, -3.3516430201619364e+01, -1.9980593555762439e+01
22, 9, 1.2053303704762541e+01, 2.2450875446906153e+01
22, 10, -1.2196821042041345e+01, 3.3409902185659305e+01
22, 11, 2.1498029424779048e+01, 9.7004117998741588e+00
22, 12, 2.8644942579937613e+01, -2.1450226460798170e+01
22, 13, -1.1741363968312907e+01, -1.3871282770596652e+01
22, 14, -2.0276564752419812e+01, -4.1486740203901135e+01
22, 15, -2.8868123484122989e+01, 2.2978028349244852e+01
22, 16, -8.9988520528297187e+00, -8.8961977042707101e+00
22, 17, 2.6119751676850456e-01, 4.5974702390356761e+00
22, 18, -4.5302090022849804e+00, 1.5975148345186916e+01
22, 19, 1.4583077951956549e+01, -3.7485434654844013e+01
22, 20, -1.3662185715817223e+01, -6.8145762278076880e+00
22, 21, -4.7895116962138369e+00, 2.2226215975524379e+01
22, 22, -1.8636879716686618e+01, -2.4344960181918761e+01
23, 0, -6.1615666264926352e+00, 0.0000000000000000e+00
23, 1, 1.9526633292207542e+01, 1.2881241714690420e+01
23, 2, 1.7633204959982518e+01, 3.9362914060208929e+01
23, 3, -4.5938094334846999e+00, 3.3002725621569629e-01
23, 4, 4.4281143058873518e+01, 9.0531689806262552e+00
23, 5, -1.3308876161158778e+01, 1.0006450859175851e+01
23, 6, 2.7394678578635688e+01, -2.5365055797146816e+01
23, 7, -3.0344415592410027e+01, -3.6952730626869914e+00
23, 8, -2.9281418399439602e+01, -1.1948822610104386e+01
23, 9, -1.4984593532839621e+00, -4.9514317467366507e+00
23, 10, 7.3490821324329514e-01, 2.8773244377812269e+01
23, 11, 3.7048490404484724e+01, -3.6945519019412934e+01
23, 12, 1.0387472367613755e+01, 2.5463551899591138e+01
23, 13, -9.6307148442686223e+00, -2.4598000227137128e+01
23, 14, -1.4209258937759106e+01, 2.9348546150825414e+00
23, 15, -1.6179450119034783e+01, 3.1302947503956347e+01
23, 16, 2.8342703604750604e+01, 2.2203556971259413e+01
23, 17, 1.7307514267208347e+01, 5.3601050324473682e+01
23, 18, -6.2022624345967463e+00, -4.8934600744015697e+01
23, 19, 6.8922512007985972e+00, 1.0546275257134752e+01
23, 20, -1.7502484833515329e+01, -1.7069088782622710e+01
23, 21, 2.4540905069133011e+01, 3.9877703564110405e+01
23, 22, 5.9073840731360905e-01, -3.1007844974809867e+01
23, 23, -2.6672217069983922e+01, 2.5774224728343906e+01
24, 0, 3.3661054751744402e+01, 0.0000000000000000e+00
24, 1, 4.3011518954916843e+00, -6.8275819285455634e+00
24, 2, 8.4488169016933092e+00, 5.9584381868016560e+00
24, 3, 8.6304196077257576e+00, -3.3766506908874916e+01
24, 4, 1.8422643817359670e+01, -1.6232380824781485e+00
24, 5, -3.9442006174033736e+01, -1.0572817886199957e+01
24, 6, 8.2590634308515138e+00, 1.7068673185125323e+01
24, 7, -2.1766322645302377e+01, 3.2865031853190416e+01
24, 8, 1.6635256189509125e+01, 2.2378002713210488e+01
24, 9, 8.8970490285760722e+00, 2.2768712777314168e+01
24, 10, -3.7487490145716968e+00, -3.6930576565737837e+01
24, 11, -2.2898039380965964e+00, 1.4363308684643783e+01
24, 12, -1.0545304148787526e+01, -2.1989349519184024e+01
24, 13, -1.5106924011193012e+01, -1.0764914707161506e+00
24, 14, -8.1147730404933138e-01, 2.4963695147870283e+01
24, 15, 6.2011805985911170e+00, 5.6798959160417155e+00
24, 16, 4.1636715595975005e+01, 1.5560067847463658e+01
24, 17, -5.0627048726611401e-01, -6.5558075624728795e+00
24, 18, 1.7716100570931115e+01, -1.5594208593834749e+01
24, 19, 3.5321228684583197e+00, 2.8966674642283110e+01
24, 20, 7.4475116709924265e+00, -1.8613125685835868e+01
24, 21, -1.1639717049065004e+01, 5.2167952713928742e+01
24, 22, -2.1152760167312770e+00, -4.6935616177982858e+01
24, 23, -4.3094035363900232e+01, 5.6402119980105780e+00
24, 24, 1.5276616946538816e+01, 1.4221757399356999e+01
25, 0, -1.2217390876128855e+01, 0.0000000000000000e+00
25, 1, 4.7216858923414726e+00, 2.9873144085689729e+00
25, 2, -4.0073143082688425e+00, -1.7567306412833023e+01
25, 3, 1.7079572047014267e+01, -7.1919362021271338e+00
25, 4, -3.3146979018944990e+01, 3.2236568169684832e+00
25, 5, 2.5019618032174566e+01, -2.6358431330065578e+01
25, 6, -6.2268783583454237e+00, 3.4102735359420343e+01
25, 7, 2.3807025274617573e+01, 4.8362801428195672e+00
25, 8, 2.9100705175370557e+01, 5.7170552100075414e+00
25, 9, 6.8158409762182703e+00, 1.4983185784545887e+01
25, 10, 3.0906283773524002e+01, -2.3655159659085580e+01
25, 11, -1.5590152143974150e+01, 2.5213580449315781e+01
25, 12, -2.4739837988145720e+01, -7.3759857764942138e+00
25, 13, -8.3722436237360629e+00, 1.9199758956508969e+01
25, 14, -4.1272652489798638e+00, 2.1110337718475346e+01
25, 15, 2.7650612852071454e+01, -2.1800072345329745e+01
25, 16, -3.5322180339889930e-01, 4.7377643275057251e+00
25, 17, -3.3024554187326203e+01, -6.3465668621615578e+01
25, 18, -1.9451907300596707e+00, -4.9212051648865698e+00
25, 19, -5.0570793455311595e+01, -5.2496800650684516e+00
25, 20, 5.2838571049390723e+01, 1.1029849044624488e+01
25, 21, -4.4575641200996309e+01, -1.2049951867857713e+01
25, 22, 3.2493262485984339e+01, -1.0001559317401338e+01
25, 23, -3.5454811623286879e+01, 2.0174006264340090e+01
25, 24, 3.9537304451614979e+01, 8.4951411183355283e+00
25, 25, 6.1008507188741063e+00, -1.9497963639680581e+01
26, 0, 8.8050112611083797e+00, 0.0000000000000000e+00
26, 1, -2.7162192771982070e+01, -2.0220611790027174e+01
26, 2, -2.1103334826044328e+01, 8.6306266665778395e+00
26, 3, -3.1446105606417067e+01, 1.1702272970604280e+01
26, 4, -3.1514687688399512e+01, 3.1216786905012025e+01
26, 5, 1.2617596828522101e+01, 3.6132212222061504e+01
26, 6, -1.9296884234280345e+01, 1.6877320622737923e+01
26, 7, 1.3981634710170887e+01, -2.5740549068161382e+01
26, 8, 2.4123221134689672e+01, -1.9687021256974369e+01
26, 9, -7.0585550735050973e+00, -4.1326233722881426e+01
26, 10, 2.2705977603829460e+01, -1.1422554832800123e+00
26, 11, -3.0102177357098174e+01, -1.8755048980688642e+01
26, 12, 1.3542850247825367e+01, 8.3616938904041813e+00
26, 13, 1.0244543640378286e+01, -4.3140467285477673e+00
26, 14, 1.2785765645100136e+01, -1.2841441261904086e+01
26, 15, 5.3329744389561577e+00, 1.0026299944825828e-01
26, 16, -4.3906100860295894e+01, -8.6861004243468987e+00
26, 17, -6.1950007066173916e+00, 3.5901548773368530e+00
26, 18, -2.0332881281587369e+01, 5.8021622247422286e+01
26, 19, -4.1991654180730258e+00, -3.1976786426363255e+01
26, 20, 7.4654337968513254e+00, 2.7217684695283012e+01
26, 21, -1.5907500904328545e+01, -5.3629579686666361e+01
26, 22, 1.9420847622651149e+01, 2.5958862221993318e+01
26, 23, -2.2056154112346960e+01, 4.2454824167135996e+00
26, 24, 4.2766298602845211e+01, 1.0745786545913848e+01
26, 25, 2.0008037268332405e+01, -3.0156381569409564e+01
26, 26, -1.0631292559271975e+01, 2.9740664543191798e+01
27, 0, -4.0121073638905811e+00, 0.0000000000000000e+00
27, 1, 7.7676336403129582e+00, -7.9265339885112258e+00
27, 2, -3.1949682135029596e+00, 8.5982469654148641e+00
27, 3, 8.5876450213909692e+00, 2.9756260105574199e+01
27, 4, 2.1486067488711303e+01, 1.6884314486104945e+00
27, 5, 7.3035699129036491e+00, 1.3755585726540797e+01
27, 6, 6.6076843992864349e+00, -2.3852640945778731e+01
27, 7, 8.5317734382139125e+00, -4.2178382115555442e+00
27, 8, -2.1675323495673464e+01, -7.7323801225549538e+00
27, 9, -1.9470215844213381e+01, -1.7303837947371811e+01
27, 10, -3.7959771333517544e+01, 5.0790037961594550e+00
27, 11, -1.2163922000595923e+01, -2.3278756923439659e+01
27, 12, -3.0507288047977408e+00, -3.7407199280215025e-01
27, 13, 1.3140017361897114e+00, -1.0217431765656961e+01
27, 14, -6.9023113524319948e+00, -6.8027697369449642e+00
27, 15, -1.0182640664852984e+01, 2.2815681357083348e+00
27, 16, -1.5870044225513729e+01, -6.8791218367602323e+00
27, 17, 2.1397624748603594e+01, 1.2614531793227279e+01
27, 18, -7.5212131563533600e+00, 6.4582347236968625e+00
27, 19, 5.3173782508474709e+01, 1.6366622547879313e+01
27, 20, -6.5061405171166253e+00, -8.9655457723608354e+00
27, 21, 1.6364835068633628e+01, -1.9796280752732677e+01
27, 22, -2.0690770001533483e+01, 2.9147904493984434e+01
27, 23, 1.0614525915295154e+01, -1.3240169564807308e+01
27, 24, 5.6913803171615962e+00, -1.1123475679727349e+01
27, 25, -9.9172875124512245e+00, -4.2859515629577572e+01
27, 26, -2.8631089105358846e+01, 1.0876860940851563e+01
27, 27, 4.2794066864369626e+01, -5.4293265347658597e+00
28, 0, 3.8188523113670279e+00, 0.0000000000000000e+00
28, 1, 1.0590057612622845e+01, 9.0418596192850220e+00
28, 2, 1.9424927960511052e+01, 1.6955981545277695e+01
28, 3, 1.9326427852114971e+01, -1.1153753456596853e+01
28, 4, 4.2418107882534883e+01, -1.4683049317674753e+01
28, 5, 2.8411422533713924e+00, -2.2383789418124017e+01
28, 6, 3.2933026293973157e+01, -1.8752913583103894e+01
28, 7, -6.6053242471465570e+00, -3.6716833708818730e+00
28, 8, -1.4295737836205188e+01, 7.9380597754352973e+00
28, 9, 1.1411990660851707e+01, 2.7185339696665199e+01
28, 10, -3.8805829360468476e+00, 1.5382222748110657e+01
28, 11, 2.2647149184254598e+01, 2.0067365739094257e+01
28, 12, 1.2581706492479581e+01, 4.2613924756419577e+00
28, 13, -1.2580424134646554e+01, -6.2362537907347031e+00
28, 14, -7.1995523354402158e+00, 1.0669518356951346e-01
28, 15, -4.0635876384698273e+00, 3.8268569077642582e+00
28, 16, 1.2999356696195756e+01, -2.6680815819410180e+00
28, 17, 2.9219259927761467e+01, 1.8419880990791114e+01
28, 18, 1.9738407285884005e+01, -3.1880631109263522e+01
28, 19, 1.5169832678895007e+01, -3.5111969008745678e+00
28, 20, -1.8926338283952713e+01, -3.2336679769193630e+01
28, 21, 2.7785699722596608e+01, 1.6107005730136109e+01
28, 22, -3.0766147279471134e+01, 6.0570829478503532e+00
28, 23, 3.4386012463584400e+01, 6.9309254710771171e+00
28, 24, -3.1740712517577371e+01, 1.6366640399081724e+01
28, 25, -6.2827397159024034e-01, -1.2183398710328175e+01
28, 26, -2.2086358982649397e+01, 3.1588711234708509e+01
28, 27, 1.2606616054255884e+01, -2.9679997824875217e+00
28, 28, -8.7912439100185722e+00, -4.7196208058479819e+01
29, 0, 2.4226972865605383e+00, 0.0000000000000000e+00
29, 1, 1.5583272215522173e+01, 2.0654511597225671e+01
29, 2, -9.9311439636757921e+00, -2.1726222794323333e+00
29, 3, 7.6762229839323215e+00, -1.8332205319228621e+01
29, 4, -2.1841169118863494e+01, -1.0238342211078944e+01
29, 5, -9.8883065797548575e+00, -1.8775473667396533e+01
29, 6, -1.1847331048231181e+01, -1.3221333753779607e+01
29, 7, -1.7030731252030169e+01, 1.2099509294592366e+01
29, 8, -1.3406430724915892e+00, 5.6389069320644435e-02
29, 9, 5.6589599173819638e-01, 1.7807291314228987e+01
29, 10, 5.3132474530523748e+00, 1.0974901288985063e+01
29, 11, 8.7604061189772899e+00, -3.5527180490717494e+00
29, 12, -1.2664932769283959e+00, 7.6118103812990219e+00
29, 13, 4.1631865875597152e+00, 3.4452983285042147e+00
29, 14, 2.0044449248974050e+01, 9.8829172196008077e+00
29, 15, -5.6546610383018843e+00, 1.3188690059615375e+01
29, 16, 1.8874692787335860e+01, -2.7818717185352249e+00
29, 17, -1.0701080114729191e+01, -1.9861391579974874e+00
29, 18, 1.1128826382250523e+01, -1.0320433324771525e+01
29, 19, -1.3669365974569828e+01, 1.4979635812473733e+00
29, 20, -1.2868948842470102e+01, -1.5453702723589688e+01
29, 21, -1.4701227696779339e+01, 8.6197493699976775e+00
29, 22, -5.7914720214635631e+00, -7.0213671425606181e+00
29, 23, 1.0253862655709964e+01, 2.5458793848501262e+01
29, 24, -1.7211893719026300e+01, -2.7252365168016510e+01
29, 25, 2.0178593111793010e+01, 1.7049760630893054e+01
29, 26, 1.7035695409275714e-01, 2.6053238649990980e+01
29, 27, 4.0607460092073822e+01, 6.4477198312010149e+00
29, 28, -6.1355696975110918e+00, -7.9224655143967349e+00
29, 29, -1.3284973668178445e+01, 9.7923214104594134e+00
30, 0, 7.3047015713339460e+00, 0.0000000000000000e+00
30, 1, -8.7061035344277578e+00, -2.3454094047868059e+00
30, 2, -8.1210411331422225e+00, -7.4409804517035436e+00
30, 3, 9.3349257616060077e-01, 9.6366198462266475e+00
30, 4, -1.5995178394197346e+01, 8.3491289750807187e+00
30, 5, -4.8384306186876866e+00, 1.4302068558319746e+01
30, 6, -2.0734016460847887e+01, 2.5219200388747545e+01
30, 7, -1.3855946271246751e+01, 8.1468116753311293e+00
30, 8, 8.6609232518155519e+00, -2.3190874180476846e+00
30, 9, 1.8152627472878562e+00, -1.5745647748516491e+01
30, 10, 3.8199601418281444e+00, -1.3060513658128773e+01
30, 11, 9.1756508521160445e+00, -1.5600477785618583e+01
30, 12, -2.2901880242725234e+01, 4.4642523054147665e+00
30, 13, 7.3075468614881407e+00, 1.0806033224846509e+01
30, 14, -1.3955404060523627e+01, 2.2267015646125390e+01
30, 15, 1.2162682205463042e+01, -4.1907971861798261e+00
30, 16, 1.7333096827439775e+01, 1.2842353020370822e+01
30, 17, -1.2881725617476098e+01, -2.3207049653641558e+01
30, 18, -9.4707133086708648e+00, 9.6537819720005427e+00
30, 19, -3.6442206725728255e+01, -5.1563269660450946e+00
30, 20, 2.3669249051085925e+00, 2.5535104987768925e+01
30, 21, 4.8868731817037281e+00, 2.5319546931681760e+00
30, 22, 9.1599299607201754e+00, -1.4156224322350292e+01
30, 23, -1.6509648410096737e+01, 1.1595647274526456e+01
30, 24, 1.6737504092645054e+01, -2.1980368330133071e+01
30, 25, -6.5075824891141183e+00, 2.4733281858611889e+01
30, 26, 2.6746973790298161e+00, -2.5689194674721303e+01
30, 27, 2.8093995917233705e+01, -9.7742923531321626e+00
30, 28, -2.1851655595060762e+01, -2.0840961966187770e+01
30, 29, 1.7192149243584869e+00, 1.7370964779051732e+01
30, 30, 2.5746762733504625e+00, -8.5692274575423841e+00
31, 0, 4.0885340012878508e+00, 0.0000000000000000e+00
31, 1, -7.6007758210275620e+00, -4.4886822315378119e+00
31, 2, 6.5757300741328253e+00, -1.0259299055221199e+01
31, 3, -9.0442544121967003e+00, 3.6306101246266929e+00
31, 4, 2.4754244054034897e+00, -2.7290806191871888e+00
31, 5, 1.1344106907133725e+01, 1.2179406266836214e+01
31, 6, 1.0830046241237691e+01, 1.4496911102046143e+01
31, 7, 2.5434201455156416e+01, -8.7575979683376008e+00
31, 8, 3.8162866819799568e+00, 1.3432018660463411e+01
31, 9, -1.1655358627897222e+01, -2.5256811895252187e+00
31, 10, -8.1228103358281736e+00, -9.2812546460670990e+00
31, 11, -2.0890553969807161e+01, 1.5479613294962979e+01
31, 12, 3.0777700513266999e+00, -1.4791574084536689e+01
31, 13, -5.6627380698988683e-01, 9.3280903884445099e+00
31, 14, -7.9778269508745927e+00, -1.8502454603281333e+01
31, 15, 1.2025769864158061e+01, -4.5476834888404243e+00
31, 16, -1.0603917758174607e+01, 2.9652761741797247e+00
31, 17, 1.8129530380031735e+00, 8.6796580872808118e+00
31, 18, 2.6342409517400998e+00, -1.1221327771257132e+00
31, 19, 3.3534435243350060e+00, 3.4330079810276888e+00
31, 20, 3.2127707603906948e+01, 1.3936892785518042e+01
31, 21, -1.0476959846964256e+01, 6.1624787511126078e+00
31, 22, 1.8239986727181201e+01, -3.5157511992099857e+00
31, 23, -1.9500468786022875e+01, -2.0966862731290703e+01
31, 24, -8.7641758678270492e+00, 9.7963228513510785e+00
31, 25, -3.3113897330894679e+00, 3.5196450387732390e+00
31, 26, 1.4528235638626001e+01, 2.6838034910681219e+00
31, 27, -6.4746383814787052e+00, -6.7260659024735041e+00
31, 28, -3.1778745249990166e+01, -3.5025195835181677e+01
31, 29, -5.1053715089485188e+00, 2.3428801507178203e+01
31, 30, 2.7179332727667540e+00, 9.1266345348545475e+00
31, 31, -3.1633501428212785e+01, 2.1616593553888290e+01
32, 0, 8.9443366070783217e+00, 0.0000000000000000e+00
32, 1, -1.2457720248152587e+01, -1.0763736233101978e+01
32, 2, 4.8395552169816175e-01, 1.5967507250676723e+01
32, 3, -6.6015204833393692e+00, 1.6211595803588306e+01
32, 4, 1.5378053721841670e+01, 5.5684519673189197e+00
32, 5, 6.8963069376976556e+00, -9.8981754439922387e+00
32, 6, 6.8496308891411184e+00, -1.8214390439236180e+01
32, 7, 9.8886497280670422e+00, -1.9200263970278101e+01
32, 8, -1.7094584295641283e+01, -6.5827249159200587e+00
32, 9, 6.5655884029668039e+00, -1.1002045893352784e+01
32, 10, 4.3102307929115771e+00, 1.6245050111402399e+01
32, 11, -1.0359519363790739e+01, 1.7405073365195225e+01
32, 12, 6.8127154956149658e+00, 1.0792887958185991e+01
32, 13, 7.9140341915015329e+00, -3.4234485976729689e+00
32, 14, 4.9100396300889351e+00, -1.0350904894957122e+01
32, 15, 1.0345045364015002e+01, -8.6840911737596205e-01
32, 16, -2.4086907975847772e+01, -9.7648417662476135e+00
32, 17, 4.8392374171133778e-01, 2.2590371973187029e+00
32, 18, 2.1633731256438535e+00, -1.7238477144370006e+00
32, 19, 1.8042396401429706e+01, 1.0667753409591780e+00
32, 20, -1.4450584230867680e+00, 9.5917507768743371e-01
32, 21, 3.9084763207747675e+00, -1.6138962993480128e+01
32, 22, -1.3509865676897078e+01, -1.0019826663044240e+01
32, 23, -9.6017436412868964e+00, 1.8458996134999950e+01
32, 24, -3.1228795880518092e+00, 8.3380159437153232e+00
32, 25, 4.8076048343066696e-01, -2.9586144184510721e-01
32, 26, 1.7635172167232822e+00, -5.1834183729345025e+00
32, 27, -3.1752204495017935e+00, -3.7572608715039775e+00
32, 28, -1.0014900917792609e+01, 1.4623872995511922e+01
32, 29, -1.0733416963785462e+01, 1.4151438347189313e+01
32, 30, 1.4933687550480119e+01, -5.4034625451785558e+00
32, 31, 9.2080808821360431e+00, -4.8430685460174250e-01
32, 32, 1.3247376661900187e+01, 1.6752391889633028e+01
33, 0, -1.1682634277969944e+01, 0.0000000000000000e+00
33, 1, 3.9108284737387744e+00, -2.5904564699495207e+00
33, 2, 3.8691452883252970e+00, 1.2972110728197810e+01
33, 3, -4.5952086335602331e+00, -1.4705818713022346e+01
33, 4, 1.3514289842363320e+01, -1.7191094826502831e+00
33, 5, -1.2818420455887694e+01, 9.6172816484641164e+00
33, 6, -9.2912510692260692e+00, -1.2203863884334831e+01
33, 7, -8.0525884032400299e+00, 2.0891056784155410e+01
33, 8, 4.6708057962353050e-01, -1.5326774687095915e+01
33, 9, 1.3682172235396951e+01, 1.2322531787498047e+01
33, 10, 5.1821604309330223e+00, -3.5367627408812470e+00
33, 11, 1.8414673291873275e+01, -1.3581338103125910e+01
33, 12, 1.0054431125428888e+01, -9.6058627288848228e+00
33, 13, -8.5861292949777965e+00, -4.4140610595794438e-01
33, 14, 6.6689826929909488e+00, 3.0587640406722261e+00
33, 15, -1.6616383185101501e+01, 8.5735139388242754e+00
33, 16, 6.3775757724367015e+00, -5.5890792615340228e+00
33, 17, 6.3205886581348150e+00, 7.0785119443489339e+00
33, 18, -4.3662220523731508e+00, 2.3019816593295279e+00
33, 19, 1.1999416318445409e+01, -1.8842268545201339e+01
33, 20, -1.8302706474829474e+01, -8.8312102528438103e+00
33, 21, -1.0179968079188143e+01, -1.6035731056615997e+01
33, 22, -3.1932923140528220e+00, 7.3352450057383001e+00
33, 23, -5.6568831004449371e-02, 6.3662492412239740e+00
33, 24, 2.3236416509118023e+01, 2.4729916675760791e+01
33, 25, 1.9661556013672080e+01, -1.1363791886001545e+01
33, 26, 2.4848092220776401e+00, -1.6867831837119155e+01
33, 27, -3.5747462354264550e+00, 2.9870394415358961e+00
33, 28, -1.1867839028705603e+01, 1.5969011082744681e+01
33, 29, 1.1568961930795556e+01, 9.7441917697630753e+00
33, 30, 1.0302940521067829e+00, -4.7876967956627112e+00
33, 31, -1.5331520344029489e+01, -3.5543603740385414e+00
33, 32, -1.1563723052178126e-01, -3.3329059681127490e+01
33, 33, 1.2963295067877121e+01, -1.9285897830588002e+01
34, 0, 2.1846324524339917e+00, 0.0000000000000000e+00
34, 1, 2.3221531809061720e+00, -3.5125243316621453e+00
34, 2, -1.2202847584507216e+01, -1.7551539535949578e+00
34, 3, 1.1975394963654349e+01, -4.8147566834897875e+00
34, 4, 5.6313149233850646e-01, 3.5973785924965469e+00
34, 5, -1.1951591778816230e+01, -1.4947627749761407e+00
34, 6, -1.1052396061304555e-01, 9.3547665934485167e+00
34, 7, -1.8249322513851229e+01, 1.7104926200262536e+01
34, 8, 1.6971978324268466e+00, 1.4961952918796229e+01
34, 9, -9.0437180797330026e+00, 1.5193372047254821e+01
34, 10, -5.2937528471443276e+00, -8.8567983065404992e+00
34, 11, 1.5393664174469780e+01, -9.8049447450585312e+00
34, 12, -1.6048426652444518e+00, -8.1414335511649476e+00
34, 13, 6.6522120590139746e+00, -1.8980101019191817e+01
34, 14, 7.2655097271563314e+00, -5.9548192547739998e+00
34, 15, -1.4475892226080216e+01, 1.2653720007945766e+00
34, 16, 1.4377874261098764e+01, 1.7541767338799554e+00
34, 17, -4.1297489952653024e+00, 4.4074434212475486e+00
34, 18, -2.5273214466195459e+00, -6.3863908796820610e+00
34, 19, -1.5270296772056751e+00, 1.3112132989585520e+01
34, 20, -2.0357205952788110e+01, -5.7552025976571288e+00
34, 21, -3.2641033027503363e+00, 2.2018002487302130e+01
34, 22, 2.8528708256992350e+00, 1.5074893697600835e+01
34, 23, 6.9454966044692759e+00, -5.6541888113658860e+00
34, 24, 1.5832579998393145e+01, -7.2554043996988664e+00
34, 25, -1.1093947706255996e+01, -1.5573120395121357e+01
34, 26, -1.6585825412485067e-01, -4.1954799260801936e+00
34, 27, -2.9916168682225628e+00, 7.1420060918701962e+00
34, 28, 9.4927660080970799e+00, -5.6030492627060511e+00
34, 29, 5.7764783346631861e+00, -4.5593118095449725e+00
34, 30, 6.0583710023567345e+00, -2.3602438021867705e+01
34, 31, -2.7005288077990677e+01, 7.2549652450526372e+00
34, 32, 1.6145516258225339e+01, 1.3560723958576876e+01
34, 33, -3.2311981294546847e+01, -2.1374685417480825e+00
34, 34, 4.3625382006855808e+00, 1.1374288102933074e+01
35, 0, 6.9317726293018989e-01, 0.0000000000000000e+00
35, 1, 5.5898714372592790e+00, 1.7944525839250115e+01
35, 2, -1.0345768492778300e+01, -1.2481965523336265e+00
35, 3, 1.1131858530917045e+01, 3.2871881229172972e+00
35, 4, -1.2005584787158593e+01, 4.1505431294803659e+00
35, 5, 1.7361536193540321e+01, -1.7798995229955654e+01
35, 6, 1.8276169228367685e+01, 1.9134263988373149e+01
35, 7, 4.3320682258179080e+00, -1.6184866215800820e+01
35, 8, 1.8770436048582830e+01, 9.2147265889666290e+00
35, 9, -5.3733097437729249e+00, -7.5936147974776578e+00
35, 10, -3.7716390111452403e+00, -3.0685296048122059e+00
35, 11, -1.2423675023938801e+01, 8.1879990076572984e+00
35, 12, -1.7049924678130196e+01, 6.4563179263997110e+00
35, 13, -1.2539281503702327e+01, 3.7022029059160739e+00
35, 14, -2.1722146149775279e+00, 1.6232131894803242e+01
35, 15, 6.0800118025292393e+00, -1.4856146360088406e+01
35, 16, 5.0050064946057100e+00, 5.5052521590295722e-01
35, 17, -1.0206841516963580e+01, -1.6540723717521910e+01
35, 18, 3.1954798048596422e+00, -6.5887076831851363e+00
35, 19, -1.8398667751530336e+01, 4.8690360068939844e+00
35, 20, 8.3944638852489497e+00, 3.1583773587949402e+00
35, 21, 1.8558244367104164e+00, 1.7243476803078270e+01
35, 22, 9.6678440037594111e+00, -2.7606637520509358e+00
35, 23, 1.0781399776198331e+01, -5.4315852299804801e+00
35, 24, -1.0720641308919129e+01, -6.4178971252761947e+00
35, 25, -6.4342426588132637e+00, -5.4136572779288779e+00
35, 26, -3.5649203231384314e+00, -3.3949838943465820e+00
35, 27, -1.3890661433499346e+01, 7.6985963258991292e+00
35, 28, 1.6826704784334162e+01, 2.9189515154817336e+00
35, 29, -1.6689501890340281e+01, -1.4295135600569713e+01
35, 30, 6.6795850097842928e+00, -1.2844029138680963e+01
35, 31, -1.8958253181709737e+00, 9.8697318309450199e-01
35, 32, 2.6648395891535465e+01, 2.9672325557000253e+01
35, 33, -1.2702471061110460e+01, -2.3574161128931170e+01
35, 34, 1.2212478110399504e+01, 4.5247931791087396e+01
35, 35, 8.6240791643028700e+00, -5.8111841032103007e+00
36, 0, 1.2780036070510587e+01, 0.0000000000000000e+00
36, 1, -9.6671532146601162e+00, -3.7257579443972513e+00
36, 2, 5.8381992851979430e+00, -1.0900539810238044e+01
36, 3, -1.4830438569740984e+01, 3.0070883788753764e+00
36, 4, -6.5978484049176469e+00, -6.4808315542506312e-01
36, 5, 2.3892296584393242e+00, 2.5739257889576406e-01
36, 6, -8.4285862659235882e+00, -1.8927249057442930e+00
36, 7, 2.3213323718977360e+01, -9.3436959119849732e+00
36, 8, 6.1340402119519579e+00, -7.8966346078757574e+00
36, 9, 1.2177515817113523e+01, -1.1680427448670706e+01
36, 10, 1.1751968142525605e+01, -5.5810698524102538e+00
36, 11, -8.3084792204589117e+00, 6.9629948781060147e-01
36, 12, 6.3952476562061271e+00, 5.5536052988065192e+00
36, 13, 4.3044443218633024e+00, 1.9532093243793764e+01
36, 14, -6.9153302521563340e+00, -1.5627417800103423e+00
36, 15, 1.4236152200566876e+01, -1.5256092881536096e+00
36, 16, -6.8232403220483491e+00, -2.5627745074117114e+00
36, 17, -4.0516271316392176e+00, -1.0657307471592947e+01
36, 18, -1.8929151682334013e+00, 1.1591009028544393e+01
36, 19, -1.2162008757951343e+01, -1.0801122464348887e+00
36, 20, 1.2665011778492799e+01, 5.4458011399660000e+00
36, 21, 4.4054696985198278e+00, -2.2884518528619956e-02
36, 22, 2.4797431072327969e+00, -7.6532060042760186e+00
36, 23, -1.5695766879094646e+00, 2.3005804594000820e+00
36, 24, -1.5405469723408816e+01, -8.8778604359262978e+00
36, 25, -2.4200131078628955e+00, 1.6011631202788490e+01
36, 26, 6.0399905862729328e+00, 1.8059549553538243e+01
36, 27, 9.4245459667544296e+00, -8.5557327993679024e+00
36, 28, 2.9065950538968295e+00, 1.5019640930167490e+01
36, 29, -1.5793787874420795e+01, -7.5448865320102954e+00
36, 30, -1.7278597865222647e+01, 1.8898583133068211e+01
36, 31, -1.1348079127508386e+01, -1.3874798926178435e+01
36, 32, 2.2708761167903550e+01, 4.3326335304579437e+00
36, 33, 1.8099327096975788e+01, -2.8527572989244629e+01
36, 34, -1.1509101796899152e+01, 9.8906931563574467e+00
36, 35, 2.2337606267484702e+01, -2.0635078642940826e+01
36, 36, -7.0850980315696210e+00, -1.2080596029989621e+01
37, 0, -2.2991299304294950e+00, 0.0000000000000000e+00
37, 1, -6.3527823788287856e+00, -1.4289940481090508e+01
37, 2, -3.5965957487309184e+00, 9.1455486043642642e-01
37, 3, -4.5441188396635770e+00, 8.6506778624261695e+00
37, 4, 1.3577633934095996e+01, -5.6894380278583734e+00
37, 5, 1.5567204144037694e-01, 1.4046090884424503e+01
37, 6, -2.0729572542712837e+01, -1.7667309090125553e+01
37, 7, -1.0990589852874685e+01, -2.8505361434079544e+00
37, 8, -3.1202712751732971e+01, -1.8586253650652012e+01
37, 9, -1.4524395637871354e+01, -6.6980048743653695e+00
37, 10, -3.8813077874956758e+00, 1.3749663820264807e+01
37, 11, 6.0454371407337448e-02, -8.6797393176224835e-01
37, 12, 1.1919988011672848e+01, 4.0819765625140585e+00
37, 13, 1.5630910481812171e+01, -6.9353259870765305e+00
37, 14, 5.1676687629840847e+00, -1.5062366518239450e+01
37, 15, 6.4499232712214771e-01, 6.7147028523326648e+00
37, 16, -7.5806247502529462e+00, 1.1380719538853372e+00
37, 17, 5.6037558267149681e+00, 1.0325562704050309e+01
37, 18, -5.5684814489276002e+00, 2.2958853410324490e+01
37, 19, 1.8391301601416497e+01, -3.0320369027512948e+00
37, 20, 4.3242922336225424e+00, 4.5145177603498645e+00
37, 21, 9.8060434019752496e-01, -1.1638900051864434e+01
37, 22, -1.1630104936219532e+00, 2.7123687028359713e+00
37, 23, -6.9309373298935819e+00, -1.1831825824862412e+00
37, 24, 1.1639521119954269e+01, -7.0831636658868922e+00
37, 25, 8.9286867636263114e+00, 5.6223632574150360e+00
37, 26, -9.4844288891163941e+00, -1.1965938959061935e+01
37, 27, 1.0859267170202660e+01, -6.8764142105530466e+00
37, 28, -1.3333291807909211e+01, -9.0058993525231862e-02
37, 29, 7.7586345783127992e+00, -8.7900656048327992e+00
37, 30, -2.4068771334377326e+00, 3.6452974919301312e+01
37, 31, 1.2833258021359187e+01, -1.1004666499819267e+01
37, 32, -1.8157400254050007e+00, 6.5757355439322041e+00
37, 33, -2.2238109979869911e+01, -2.2868449925522810e+01
37, 34, -1.7345044328611834e+01, 2.7754675452217299e+00
37, 35, 1.7254115675786068e+01, 8.6226041664182524e+00
37, 36, -2.6770175575203311e+01, -1.7516308759831961e+01
37, 37, -7.6378391207943857e+00, 1.0346273148654936e+01
38, 0, -1.7341725376808771e+01, 0.0000000000000000e+00
38, 1, -1.1546443339422741e+01, 4.2906261276779354e+00
38, 2, -1.1040319903541089e+01, 1.6786330501076655e+01
38, 3, -4.7000765893438873e-01, -1.7862693567642554e+00
38, 4, 1.6465427314264748e+01, 1.8408151638856030e+00
38, 5, 3.8873880494636053e+00, -9.7046123281362007e-01
38, 6, 1.8353340340244678e+01, -1.7562498490032890e+00
38, 7, -1.6890872440758005e+00, 1.7094767844825430e+01
38, 8, -2.5531144487085777e-01, 1.0671549009515175e+01
38, 9, -1.0676869431070330e+01, 1.3956545316699282e+01
38, 10, -1.0009599606217190e+01, 2.1292133650844813e+00
38, 11, -1.4036302096467026e+00, -8.8925172477125347e+00
38, 12, -1.0893243052284176e+00, -6.5803344151821701e+00
38, 13, -1.9187350070882683e+01, -4.0175843420534472e+00
38, 14, -4.2983606453354577e+00, 4.6693912782509850e+00
38, 15, -5.9675825301451679e+00, -1.6169538480546743e+00
38, 16, -4.8065360177587957e+00, 4.7627908403431283e+00
38, 17, 3.8213612214228596e+00, 1.0360278566612335e+01
38, 18, -4.0929076016972239e+00, -1.6452720570014055e+01
38, 19, 9.8508759995430388e+00, -1.2773179574131719e+01
38, 20, -8.5461757948514379e+00, -8.6744246573748418e-01
38, 21, -6.4627067435587293e-01, -4.9032540164967298e+00
38, 22, -6.5418224424274465e+00, 1.8976929820347944e+01
38, 23, -4.5157770335224861e+00, -8.8838116043763211e+00
38, 24, 1.2098991002455936e-01, 4.7526407882313402e+00
38, 25, -9.2824274121993711e-01, -1.9026117277318129e+00
38, 26, 1.5103568741276735e+01, -1.0111598341742537e+01
38, 27, -9.7842599233984096e-01, 1.8131165756934911e-01
38, 28, -1.8659390639094031e+01, -1.4461323840932231e+01
38, 29, 1.1980523036118274e+01, 2.8191231182094828e+01
38, 30, -8.7503055075825351e+00, -7.7779910381655268e+00
38, 31, 3.2378136659106794e+01, 2.3186591138352308e+00
38, 32, -1.0900516425107792e+01, 4.7954692226197846e+00
38, 33, 6.9226735005690117e+00, -2.7104960475490203e+00
38, 34, -1.9520611409054769e+01, 2.3547905990324544e+01
38, 35, 5.8737201411563289e+00, 3.2560651520118769e+00
38, 36, -1.7243776335340350e+01, -2.0500729567279294e+01
38, 37, -8.4054838144628541e-01, 3.3632740335197347e+01
38, 38, 9.1623788738342515e+00, -2.2630038809646886e+00
39, 0, 1.3180167463607594e+01, 0.0000000000000000e+00
39, 1, 1.4025070645321453e+01, 6.4747075406096108e+00
39, 2, 2.4343442352617625e-01, 1.5043152094914884e+01
39, 3, 2.8400037924275510e+00, -3.3407699533630715e+00
39, 4, -5.4412491495149533e+00, 1.5983082712340946e+00
39, 5, -1.5540403100551188e+01, -1.1787702878419205e+01
39, 6, 5.3049176582512558e+00, 4.3008513134643662e+00
39, 7, -6.7332128540971103e+00, -5.2430522718616839e+00
39, 8, 1.8041842470163356e+01, 5.7607717612733564e+00
39, 9, 1.7161682657997826e+01, 4.3165928235142053e+00
39, 10, 7.7290304849717861e+00, -4.3288118770271033e-01
39, 11, 1.0544770070514815e+00, 5.2151588516452518e+00
39, 12, -9.7747404119528554e+00, -2.6742245905870154e+00
39, 13, 1.0820697368364418e+00, -9.2412375477822977e+00
39, 14, -7.0523760583688562e+00, 8.1732153827135379e-01
39, 15, -4.0544760151782393e+00, 9.9668413894343235e+00
39, 16, 2.0855938600255093e+00, -2.4730677122837923e+00
39, 17, 6.2604804694216067e+00, 7.1424225153551841e+00
39, 18, 6.0852555681709575e+00, -1.9830416982665298e+01
39, 19, -7.2647435899581279e+00, 1.2533473668787648e+01
39, 20, -4.2387834547934089e+00, -1.0719947176640078e+01
39, 21, 1.7461685128236972e+00, 2.8468092265323772e+00
39, 22, -2.5026432933439087e+00, -4.2808113504817618e+00
39, 23, 1.3306129254572987e+01, -2.0501950438169780e+00
39, 24, -1.5735491220661899e+01, -8.1952254551436798e+00
39, 25, -1.0646956475656445e+01, -7.0777952763784535e+00
39, 26, -6.5985882689264796e+00, -7.7244467154538654e-01
39, 27, -5.2570432376459184e+00, 9.0750749751019715e+00
39, 28, 1.7065080182994802e+01, -1.4132272883269604e+01
39, 29, -6.3917356117493389e+00, 1.6701207864659285e+01
39, 30, 3.8767410633132657e+00, -2.5858354338722375e+01
39, 31, 1.8301694105991622e+00, 1.1508624293531815e+01
39, 32, -1.3559115473335014e+01, -2.5861384808580297e+01
39, 33, 1.6558760281589088e+01, 1.1792513982770101e+01
39, 34, 1.7281258081986559e+00, -4.8408123970888512e+00
39, 35, 1.0651711411384090e+01, 1.4171362774273739e+01
39, 36, -3.8242595897543596e+00, -6.9893352239181459e+00
39, 37, -8.2791825241368144e+00, 1.1925807733896033e+01
39, 38, 2.3549033319702250e+01, -6.2588910504461204e+00
39, 39, -2.4879972966076147e-01, -3.1133782638514337e+01
40, 0, 3.8559291528885034e+00, 0.0000000000000000e+00
40, 1, -4.1888863341955593e+00, -2.8944502967195662e-01
40, 2, -3.4242417475828413e+00, -1.6635761654430006e+01
40, 3, 9.1022861262548638e+00, 1.7020050614737721e+00
40, 4, -6.3387521294382001e+00, 5.7328912877070843e+00
40, 5, 7.5897223399995495e+00, -4.8441650073725180e+00
40, 6, -1.9109479823839777e+01, 3.0399293896371105e+00
40, 7, -3.2022154031244883e+00, -9.9069758105978192e+00
40, 8, -6.7975222940052067e+00, -8.5861806879287705e-01
40, 9, 4.4957268344231416e+00, -1.0266926870690755e+01
40, 10, 5.1731793055780155e+00, -1.7331664983381774e+00
40, 11, 1.5513523910015833e+01, -2.5228196137037013e+00
40, 12, 1.0911195922798917e+00, 3.2449091152578053e+00
40, 13, 6.1667254096204136e+00, 7.7856455883497286e+00
40, 14, 3.7101997432500000e+00, 8.5180375339010475e+00
40, 15, -9.5825898202545172e+00, -1.2905651049521765e+00
40, 16, 1.3176861472730986e+01, 1.2552407267548114e+00
40, 17, -1.3001363503364411e+01, -3.2137944510692229e+00
40, 18, 1.4216279403154461e+01, 1.4804252498644257e+01
40, 19, -5.4754205966710208e+00, -2.7687021282070806e-01
40, 20, 7.8224140220111738e-01, 1.0885510203328117e+00
40, 21, -4.7928352351424639e+00, 3.2281553593042389e+00
40, 22, 8.8652807139411216e+00, -8.0752569055238403e+00
40, 23, 7.4486723245382800e+00, 6.4760505245531252e+00
40, 24, 9.3564933095088012e+00, 6.0278527419138683e+00
40, 25, -8.7826375353021628e+00, 3.5625661010465265e-01
40, 26, 5.7307023630548013e+00, 1.7347537595489708e+01
40, 27, 2.0001308263905956e-01, -3.3708372704195999e-01
40, 28, 1.3986532936948754e+01, 1.3769260248407296e+01
40, 29, 1.9895912446281447e+00, -6.8683439940462563e+00
40, 30, 1.2690184482438374e+01, 3.5769493867556790e+00
40, 31, -2.1030907353417241e+01, -5.3019002117839182e+00
40, 32, 6.8570824815640998e+00, -4.7464339415526506e+00
40, 33, -4.3752902088784671e+00, 1.2427143106626295e+01
40, 34, 4.4278864451218887e+00, -2.0462703331443436e+01
40, 35, -1.2529878396186565e+01, 5.0387580199247726e+00
40, 36, 5.1399309784996106e-01, -4.2281330434000060e+00
40, 37, 6.0966319273161906e-01, 1.1809111981946035e+01
40, 38, 1.1894881115043818e+01, -1.9817574317530677e+00
40, 39, -1.1437284405970097e+01, -3.4983127044661089e+00
40, 40, -3.3763724071222398e+01, 7.3804927973148713e+00
41, 0, 8.3372735904202937e+00, 0.0000000000000000e+00
41, 1, -9.0783970838987393e+00, -2.5780679329623966e+00
41, 2, -5.2834992511262433e+00, -1.6790939390442752e+01
41, 3, -7.3872275534712477e+00, 7.3070993538052829e+00
41, 4, 1.6361193606851376e-01, -4.1699204129040330e+00
41, 5, 6.9047677737003941e+00, 1.6530624006082110e+01
41, 6, 9.0019758478277956e-01, 1.1798297377227735e+01
41, 7, 4.2189816326798093e+00, 1.8267398559976435e+01
41, 8, -3.9571201986835822e+00, -4.9679275466780446e+00
41, 9, -8.4912038999287773e+00, -3.5223744632805913e+00
41, 10, -1.2377687035315864e+01, -9.3926995777553000e+00
41, 11, -2.4194020584006797e+00, -4.7533537634093239e+00
41, 12, -9.2005165743513508e+00, -1.9074078920328517e+00
41, 13, 6.0004891373386773e+00, 4.0488396273885980e+00
41, 14, 5.0027223079121130e+00, 9.6733057211469697e-01
41, 15, 1.0927579076629664e+01, -1.1918480782999920e+01
41, 16, 4.8113169180488313e+00, 2.0901205349366863e+00
41, 17, 2.2264208778278047e-01, -1.8594535243838969e+01
41, 18, -1.2913181347038732e+01, 1.4535453334676353e+01
41, 19, 1.3259906849183256e+00, 5.8913023617476465e+00
41, 20, 7.7327682465814123e+00, 2.6477194285992871e+00
41, 21, 1.5793499006574237e+01, 1.0997870869415706e+01
41, 22, 6.4883501092545979e+00, -1.6460980224140165e+00
41, 23, -8.9571411291936140e+00, -1.4645680420048215e+00
41, 24, -2.9912694108683242e+00, -6.9824333403485994e+00
41, 25, 5.3713956699916157e+00, -4.8222290714113027e+00
41, 26, 3.2459095904303656e+00, 1.4168914432014139e+01
41, 27, 1.5505018547539041e+01, -4.3738540577903118e+00
41, 28, -3.2064875506626942e+00, -4.2886987658052718e+00
41, 29, -2.3601189532893314e+00, -9.9066904782213001e+00
41, 30, -4.1238192906335742e+00, 1.4709088121212627e+01
41, 31, -4.7815258459381660e+00, -9.7424683958465135e+00
41, 32, 1.5545711605310610e+00, 1.4561985400805042e+01
41, 33, -1.3566188726423119e+01, 1.1274278658556174e+00
41, 34, 1.5691011437435538e+01, -4.6181060810350019e+00
41, 35, -2.2076047092927755e+01, 3.2067697094321634e-01
41, 36, -1.5393820785909618e+00, -6.3357991443403421e+00
41, 37, 8.7283597774038135e+00, 8.8284298148399127e+00
41, 38, 2.2113683569517626e+00, -1.9468279595868776e+01
41, 39, -5.3111243354472402e+00, 1.2311941816972141e+00
41, 40, 1.4031125167605911e+01, 1.4612278682485170e+01
41, 41, 3.2133223067258370e+00, 1.5033677077468786e+01
42, 0, -2.9587982956924104e+00, 0.0000000000000000e+00
42, 1, -1.1490983822660157e+01, -2.3397925054549491e+00
42, 2, -2.2743815117139374e+00, 8.0459683958996262e+00
42, 3, -1.2625020377155206e+01, 5.5257318008647627e-01
42, 4, 8.4550803196335220e+00, 4.2950331554838533e-01
42, 5, 8.8995484553934878e-01, 3.3632201979421037e+00
42, 6, 1.7551071458284817e+01, -5.2019839360440825e+00
42, 7, 9.9599110052043347e+00, -4.2009785471705845e+00
42, 8, 1.2226804922038228e+01, 7.8841541291082038e+00
42, 9, -2.1008026065933860e+00, 1.4154253626077280e+01
42, 10, -2.9585972658724469e+00, 6.9146410413245629e+00
42, 11, -1.3269787002137997e+01, 1.6027401291094748e+01
42, 12, -2.9149426095937816e+00, -4.4031908245159251e-01
42, 13, 3.1211692983345762e-01, 7.2099447410453088e+00
42, 14, -3.3907077840666605e-01, -1.1433659072078399e+01
42, 15, 8.5827899512053794e+00, 1.5995013856410634e+00
42, 16, -1.5047010581761539e+01, 2.1700921708218481e+00
42, 17, 9.7305427118805632e+00, 2.1897071006615665e+00
42, 18, -2.6031853914105563e+00, -8.0460031740899680e+00
42, 19, 9.3380435674112192e+00, -3.0791875758449101e+00
42, 20, 2.2409051235241897e+00, 4.8546785260586001e+00
42, 21, -4.2491236288647078e+00, -1.0414890672651806e+01
42, 22, 8.8943168121492888e-01, -8.1618475530442414e+00
42, 23, 2.9178827578685924e+00, 2.0675105881797071e+00
42, 24, -8.8637172387627778e+00, 4.1835266422311106e+00
42, 25, -4.2136614741487138e-04, 1.1640055118559383e+01
42, 26, -1.6353589713114625e+00, -1.0705485382511938e+01
42, 27, 8.2353043360536731e+00, -1.2268927716327230e+01
42, 28, -1.2750307542324760e+01, -4.9158183798550370e+00
42, 29, 2.4393979436898685e+00, -5.1195276357338653e+00
42, 30, -9.7905100334202793e+00, 1.4026921705545872e+01
42, 31, 8.6431022354966096e+00, 9.0719385011930349e+00
42, 32, -2.2799576605862750e+00, 6.6737441660782011e+00
42, 33, 8.9672611670280578e+00, -1.6380014184329376e+01
42, 34, -7.4365634380518175e-01, 7.5582555068978818e+00
42, 35, -6.7537531768369377e+00, -4.5826751551837424e+00
42, 36, 1.0650894062469138e+01, 9.6004480554983669e+00
42, 37, 3.6082271470393840e-01, 8.6795055988538792e+00
42, 38, 4.0557601436860446e+00, -1.6552522145192103e+01
42, 39, -5.6674527976163320e+00, 3.1089286151357935e+00
42, 40, 4.0654459649821852e+00, 1.4696326263197433e+01
42, 41, 8.7407603382822039e+00, -1.1106101336622453e+01
42, 42, 1.4070525247221688e+01, -9.1474204365838414e+00
43, 0, -7.7597290679703479e-01, 0.0000000000000000e+00
43, 1, 1.0915184329676885e+01, -4.4678264332787991e+00
43, 2, -9.4618003496119218e+00, 1.6718141121422249e+01
43, 3, -9.5913480596010681e-01, 2.1867832911767362e+00
43, 4, 1.6486557742219554e+00, 6.2446275120240387e+00
43, 5, -7.7885583692302500e+00, -1.2513176400646900e+01
43, 6, -3.1957219856343770e+00, -1.0168420988049853e+01
43, 7, 1.9540758211049385e+00, -5.3339440332311376e+00
43, 8, -2.8169274226198975e+00, -7.0055343342955831e+00
43, 9, 3.2314734786035322e+00, -2.3444582372658269e+00
43, 10, 9.3091567407083176e+00, 4.6855873594371609e+00
43, 11, 4.9708620628796716e+00, 6.1369470043337770e+00
43, 12, 1.7492534187306752e+01, 2.1330189829919055e+00
43, 13, -5.8715063224889343e+00, -1.6752275547962494e+00
43, 14, -2.6810200315699722e+00, 3.7851866624151559e-01
43, 15, -7.6943647248315283e+00, 1.2547885139624128e+01
43, 16, -1.1658022132111480e+01, -8.3129429442070624e+00
43, 17, -2.0349891112814933e+00, 1.5093034330099087e+01
43, 18, 3.2619022221002316e+00, -5.5283270805093609e+00
43, 19, -2.8011517171339062e-01, -3.8668915758075886e+00
43, 20, -6.9893090604163002e-02, -7.6082188720887194e+00
43, 21, -6.1487688060674888e+00, -1.6184667043454457e+01
43, 22, -9.7492994278213221e+00, 3.1625653717066604e+00
43, 23, -8.4941708563423592e+00, 5.3168029913093875e+00
43, 24, -7.9937862075766464e-01, 1.5398659140295052e+00
43, 25, 1.7694628221187023e+00, 2.4787133530812593e+00
43, 26, 7.8958230151027760e+00, -5.2327241640089914e+00
43, 27, -4.0815951471855607e+00, 8.7235061606474389e+00
43, 28, -3.0177027585302816e+00, -5.4785210948159495e+00
43, 29, -6.8205046635270050e-02, 1.4784597820637366e+01
43, 30, -3.8700419263999897e+00, -2.2706521548511254e+00
43, 31, 1.6819483955081477e+01, 2.6173090664446210e+00
43, 32, -4.0093015877988298e+00, -5.2933047676742362e+00
43, 33, 2.2802372136550737e+01, -2.3542966230943296e+00
43, 34, -1.7471876933130684e+01, 2.8470390661042777e+00
43, 35, 1.3484469647445213e+01, 4.4584797376195429e-01
43, 36, -5.8121656175956438e-01, 1.6900716605943217e+01
43, 37, 6.8143978961333014e+00, -4.9745405640483744e+00
43, 38, -4.6575350707789323e+00, 5.6946222617478153e+00
43, 39, -5.7626290558850553e+00, 5.1966256912201132e+00
43, 40, -3.2886541309395882e+00, 3.6388272235410342e+00
43, 41, 1.4546915634276488e+01, -4.9513502945294050e+00
43, 42, -2.0397181236176014e+01, -1.1880075391631721e+01
43, 43, -1.0328663949256958e+01, 2.7161815916637773e+00
44, 0, 7.0523500568629585e+00, 0.0000000000000000e+00
44, 1, -4.5201598271763031e-02, 2.3101200713842474e+00
44, 2, -1.0839440493741537e+00, -3.3979389149292616e+00
44, 3, 1.2573510653439726e+01, 5.9677537145606130e-01
44, 4, 1.5823003934065438e-01, 1.0634038054262638e+00
44, 5, 1.6322010794697599e+00, -4.5345327043622191e-01
44, 6, -1.3411149166774218e+01, 4.9803306540616950e+00
44, 7, -1.5565433311188096e+01, -6.2853183346322714e+00
44, 8, -9.6256902611970663e+00, 7.2050778503226043e-01
44, 9, 6.0316511198630263e+00, -7.9093673017373138e+00
44, 10, 9.8273618990588698e+00, -3.6813729384456382e+00
44, 11, 7.1783225587825523e+00, -1.8580122573343928e+01
44, 12, 1.2738048397662920e+01, -2.9032245721532102e-01
44, 13, -1.2008094596272979e-01, -4.6866132784938976e+00
44, 14, 1.0557660018493907e+01, 5.5018089815108862e-01
44, 15, -2.9473387525437120e+00, -5.0479474357979006e+00
44, 16, 1.9492901663325021e+01, -2.3633416670199812e+00
44, 17, -2.6338482294364565e+00, -4.3414309470072183e+00
44, 18, 2.6654816073478078e+00, 1.6160924689071521e+00
44, 19, -7.5049970586034664e+00, 1.9395062925782216e+00
44, 20, -7.5990520879651093e+00, 2.9955544004779600e-01
44, 21, -8.5330041656667923e+00, 1.1046049392367493e+01
44, 22, 8.1739461394110113e-01, 2.0451537863017473e+00
44, 23, -6.8208944737019706e-01, -3.3310375430908254e+00
44, 24, 1.6931146936053278e+01, 3.1398620174943654e+00
44, 25, -5.7604551890791793e+00, -8.8085716870537489e-01
44, 26, -6.1154264688590798e+00, -3.7930983227836426e+00
44, 27, -4.3577842381760599e+00, 6.3628275556297007e+00
44, 28, -1.8865618813416021e+00, -2.1476916794183478e+00
44, 29, -4.1630051212567079e+00, 6.2385793366108420e+00
44, 30, 1.0129991821246517e+01, -4.9480721890715280e+00
44, 31, -4.8330350010988710e+00, 4.6474052218158466e+00
44, 32, -8.6773150856241337e+00, -1.7902258746539342e+01
44, 33, -1.1722165698330571e+01, 8.9538689853945161e+00
44, 34, -1.4519068900797516e+00, -2.3161662079804564e+00
44, 35, 9.6287724495254974e+00, 6.0826022598799945e+00
44, 36, 4.3063800204393017e+00, -7.3259936825269962e+00
44, 37, 1.9517182449056394e+00, -4.5180653846133962e+00
44, 38, -1.2267649319668953e+01, -5.9678219482731287e-01
44, 39, 4.6056167607439287e+00, 3.3775106824750210e+00
44, 40, 9.2163859552563565e+00, 5.7401910837445183e+00
44, 41, -8.4718689204435527e-01, -7.6654397230507341e+00
44, 42, 1.1511123679067369e+01, -3.1186567877956484e+00
44, 43, -3.8764256835936490e+00, 1.5541604353850252e+01
44, 44, 5.5410176073262365e+00, 1.3376648246387020e+01
45, 0, -6.7671134369092751e+00, 0.0000000000000000e+00
45, 1, -4.3229846276952930e+00, 4.5787235557073211e+00
45, 2, -6.4988043865146361e+00, -6.0655334775294518e+00
45, 3, -4.4004163957603684e+00, -8.9938638840065082e+00
45, 4, 1.1380172197521667e+01, -3.3478050762033047e+00
45, 5, 6.7015130285321609e+00, 3.1740443007992947e+00
45, 6, 9.7658746503572100e+00, 7.5537887328506068e+00
45, 7, 8.4012336142384427e+00, 1.2988672121343244e+01
45, 8, 3.7939509538018235e-01, 6.2903129562862725e+00
45, 9, -9.5399780220271033e+00, 8.2667742889352471e+00
45, 10, -1.6007670820814599e+01, -6.4933216090780421e+00
45, 11, -1.7431591662797477e+00, -1.5204004116651770e+00
45, 12, -1.0431902554332613e+01, -8.7391653944808549e+00
45, 13, -1.0601717783020881e+01, -9.3355564322678042e+00
45, 14, -7.0548252792909427e-01, 3.3606227479325348e+00
45, 15, 7.3594892515925048e-01, -1.0605065238383363e+01
45, 16, 5.4035620031680027e+00, 8.1547326563390961e+00
45, 17, 4.1359085184557216e+00, -4.1819658061339657e+00
45, 18, 2.5674639589809858e+00, -1.2495076403378270e+01
45, 19, 9.2431668788542911e+00, -1.6543267273701050e+00
45, 20, -3.1169439977135038e-01, -6.6309684772731661e+00
45, 21, 3.4590253854634539e-01, 2.4484218537376479e+00
45, 22, 4.5384966924932507e-01, 9.6243197155697544e+00
45, 23, 3.3904742562447452e+00, -3.2766317191891083e+00
45, 24, -3.1323044674706209e+00, 1.1881149870959517e+01
45, 25, 4.4293609660457083e+00, -7.8347554831434447e+00
45, 26, -4.6700397550483945e+00, 6.2162854530944376e+00
45, 27, -4.8724569982680155e+00, -6.1922112701126855e+00
45, 28, 1.0261701863940369e+01, 1.0910050964667775e+00
45, 29, 4.2174914447348477e-01, 2.3470711274730824e+00
45, 30, 6.8577547343596876e+00, -3.3982843035469887e+00
45, 31, -1.0088136997612077e+01, -3.4825772758436249e+00
45, 32, -8.6454225893010983e-01, 6.5314585865479131e+00
45, 33, -7.6480964319568248e+00, 5.0942647001377210e+00
45, 34, 2.8877686788521451e+00, 1.8219403569482615e+00
45, 35, -8.7856785951363729e+00, 4.8780905220253201e+00
45, 36, 6.2715831263997757e+00, -1.3247391535773156e+00
45, 37, -9.0594182555390415e+00, 6.1693894124276705e+00
45, 38, -6.8948413588612327e+00, -5.4783980546773545e+00
45, 39, 9.8698025948840353e+00, 8.7340208377544593e-01
45, 40, 2.3927616493406907e+00, -9.9266386293554465e+00
45, 41, -1.2419445132928406e+01, -1.7340903043637393e+01
45, 42, -8.1640334879659662e+00, 7.0779054487570967e+00
45, 43, 5.1257769049880020e+00, -1.3016893236086542e+01
45, 44, 7.5453405113357397e-01, -3.7813835384968386e+00
45, 45, 1.2697387757889421e+01, -9.7993932580435494e+00
