0, 0, 0.0000000000000000e+00, 0.0000000000000000e+00
1, 0, 4.3168328506546514e+05, 0.0000000000000000e+00
1, 1, 2.5161956305561755e+04, 1.9534529867214832e+05
2, 0, 0.0000000000000000e+00, 0.0000000000000000e+00
2, 1, -3.1381131013112841e+05, -1.6942793543414335e+05
2, 2, -2.3483849536228348e+06, 1.1523132732482478e+06
3, 0, -9.7558188120635331e+05, 0.0000000000000000e+00
3, 1, 5.4109720606482006e+05, 2.0718777066152818e+06
3, 2, -8.1282135516933457e+05, 1.9370036464178545e+05
3, 3, 2.0906987360435387e+06, 9.6711971593150240e+05
4, 0, 2.9289655674895050e+05, 0.0000000000000000e+00
4, 1, 5.3879124689645413e+05, 3.9977335620928265e+05
4, 2, -5.0344750939251186e+05, -7.4314119727435487e+05
4, 3, 9.8546310198712326e+05, -5.3978793538356083e+04
4, 4, 1.3560547243924608e+05, -1.1172417678753012e+06
5, 0, 1.2390453707528097e+05, 0.0000000000000000e+00
5, 1, -3.3419457086333307e+04, -5.4885280308729562e+04
5, 2, -3.0513255147307465e+05, -2.0455773929160129e+05
5, 3, 2.6097001115867600e+05, -2.8733040345568198e+05
5, 4, -5.4782028598754108e+05, 9.8025510867126286e+03
5, 5, -4.2685630210743181e+05, 4.0968355769596773e+05
6, 0, 3.8644963371196965e+04, 0.0000000000000000e+00
6, 1, 3.2943858005592617e+05, -1.3760112935196742e+05
6, 2, 2.9621065695933695e+05, 1.3396891318962042e+05
6, 3, 2.8798195155163715e+05, 1.1928745328180966e+05
6, 4, 7.6357987613669524e+04, 2.6147878282107855e+05
6, 5, 6.0980757891713729e+04, 2.5993760260214887e+05
6, 6, 2.2020136319242205e+05, 6.7737695648257810e+04
7, 0, -1.3046038643138134e+04, 0.0000000000000000e+00
7, 1, 2.8045313126244355e+05, -2.1057527025024657e+05
7, 2, 2.8000005967070663e+05, 3.6490878316779912e+04
7, 3, 8.1131866218923125e+04, -2.7426012388092749e+04
7, 4, 4.6611618644086254e+05, 7.4226398716329160e+04
7, 5, -4.1776996841612083e+04, -2.6765518691542506e+05
7, 6, -1.8749495668753466e+05, -3.2926483923394210e+05
7, 7, 1.1356559895702376e+04, -1.9321130981060694e+05
8, 0, 1.0755158729924046e+05, 0.0000000000000000e+00
8, 1, -4.2615512557179682e+03, 4.7525380051744389e+04
8, 2, 3.5205578558611649e+05, 8.9582976787653708e+04
8, 3, -2.6837030394623114e+05, -2.9360423642908549e+05
8, 4, 2.7781674429457169e+05, -7.8294523426299274e+04
8, 5, -5.9316533704458596e+05, -4.1410823804415710e+05
8, 6, -7.6667341141893587e+04, -2.8526879169517494e+05
8, 7, -1.2757681144896902e+05, 2.4825641053830506e+05
8, 8, 1.6920389590423452e+04, -5.6271255979070404e+04
9, 0, -5.7829421092761884e+04, 0.0000000000000000e+00
9, 1, 2.0237385742813058e+03, 7.3707911205290337e+04
9, 2, 3.1378376896581275e+05, 3.7226030943533515e+04
9, 3, -1.8574042632497029e+05, -1.5221905109420395e+05
9, 4, 9.1853203344360794e+04, 3.4699283311742556e+05
9, 5, -4.2432703176862129e+05, -3.7749889949347754e+05
9, 6, 1.3286227649846813e+05, -3.5282109610606276e+03
9, 7, -1.6642312095330769e+05, 3.3890749471512029e+05
9, 8, 3.5983961442901264e+05, -8.6930016755305376e+04
9, 9, -2.0747825661223280e+05, -7.8087419286612843e+04
10, 0, 1.2245174328842320e+05, 0.0000000000000000e+00
10, 1, 1.6114138603203307e+05, 6.6568497898939167e+04
10, 2, 5.5760697989503184e+04, -2.7425789891104447e+05
10, 3, -1.8970549561221720e+05, 7.7582882346918326e+04
10, 4, -3.0306983750833914e+05, 7.1540517733852699e+04
10, 5, 1.4959936877974588e+05, -2.5246612740913182e+05
10, 6, 1.3310200459518773e+05, 3.4865483467038826e+05
10, 7, 1.0235914948455108e+05, -9.6627325868996544e+04
10, 8, 1.3332308132013216e+05, 1.9337092227757914e+05
10, 9, -3.0646453269769403e+05, -2.7442317309742479e+05
10, 10, -7.9849040411653856e+04, 1.4634816702829229e+05
11, 0, -7.7530227570397750e+04, 0.0000000000000000e+00
11, 1, -1.3886341727246752e+05, -4.2310573396826498e+04
11, 2, -6.7686534248376891e+04, -3.2720251918757963e+05
11, 3, -3.5585935128563514e+05, 2.5727734408340376e+05
11, 4, -4.6177349959517916e+05, -2.1238135638553693e+05
11, 5, 3.2862017723639822e+05, 2.7009092272314563e+05
11, 6, -1.2701516699310599e+05, -4.3961409827462106e+04
11, 7, 2.0902796043701094e+05, -2.0244010038542381e+05
11, 8, -3.6119531360544264e+05, 1.6517556486519694e+05
11, 9, -9.2777949559695480e+04, -1.1152777991414667e+05
11, 10, 1.6970700857311866e+04, 5.4415471666180040e+05
11, 11, -3.1017800141805230e+04, -1.0149464348383436e+05
12, 0, 2.3370705617163447e+04, 0.0000000000000000e+00
12, 1, -3.7170579980583664e+05, 1.2368047243180859e+04
12, 2, -5.5458003532974930e+04, 1.4944888987165320e+05
12, 3, -4.4489884224462113e+05, 8.3351620480153477e+04
12, 4, -7.2079441385829748e+04, 6.0963221365697238e+04
12, 5, 1.5733246192221844e+05, 3.2156754531962017e+05
12, 6, -1.0350940174147680e+05, -4.6320288858605915e+05
12, 7, 7.1929977165195567e+04, -8.6189122647052413e+04
12, 8, -4.1397987064952229e+05, -6.7423783928765290e+04
12, 9, 1.4904183166969998e+05, 9.9484715276022413e+04
12, 10, 6.9474845281659364e+04, 3.7647550039778859e+05
12, 11, 2.5041063801454045e+05, -5.4937227987563517e+05
12, 12, -2.2241781012392348e+04, -2.7217987063459481e+04
13, 0, -1.3106590098341100e+05, 0.0000000000000000e+00
13, 1, -2.3044234244653740e+05, -2.5658699025617185e+04
13, 2, 1.1851591127046138e+05, 3.1866984638781374e+05
13, 3, 6.3928230594434135e+03, 4.2144145070176819e+03
13, 4, 7.1701224850567960e+03, 2.0708284299515025e+05
13, 5, 2.1039013897358876e+04, -1.5380159514195466e+05
13, 6, 1.1010257460564360e+05, -3.7722258771731652e+05
13, 7, -2.5916192863498890e+05, 1.2899315106902749e+05
13, 8, -7.0485286575223945e+04, -1.1023798041063912e+04
13, 9, 2.9928600044985814e+05, 2.2391427744246519e+05
13, 10, -1.6438285126232215e+04, -1.9070529214303748e+05
13, 11, 2.4829177530194307e+05, -2.9963489334003138e+05
13, 12, -4.2508901739666582e+05, -1.4530111732508347e+05
13, 13, 2.0234474915391093e+05, 3.0251946317204100e+05
14, 0, 3.1111165968704314e+04, 0.0000000000000000e+00
14, 1, 2.5876162801153585e+05, 7.9554269894158439e+04
14, 2, 1.4529507869681693e+05, -1.6752805124209600e+05
14, 3, 1.3169166813453581e+05, -8.8671624905089993e+04
14, 4, 1.1820757317822117e+05, -3.8197797397027363e+05
14, 5, -1.6366024940329412e+05, -3.5470396063357743e+05
14, 6, -6.8854629923185057e+03, -5.6673350367519386e+04
14, 7, -1.2615831416449400e+05, 9.3488974997312660e+04
14, 8, 3.3156489467293839e+05, 1.6217268380612397e+05
14, 9, 3.4931366844316442e+04, 3.6809795915751765e+05
14, 10, -1.9079224101568452e+04, -5.6950101598121948e+05
14, 11, -2.7558431215973420e+05, 9.7588433678271525e+04
14, 12, -1.3340801398147189e+05, -7.7801045341085046e+04
14, 13, 2.6552270651131001e+05, 7.2740792726867518e+05
14, 14, -3.1521555560660890e+03, -2.5304200173928082e+05
15, 0, 1.7203058492082823e+05, 0.0000000000000000e+00
15, 1, 7.6240644185260899e+04, 1.4355173575743366e+05
15, 2, -1.7575860926685741e+05, -2.8990017757894471e+05
15, 3, -2.0657331362660902e+05, -1.1038787479905051e+05
15, 4, -2.8171276461326698e+05, -3.6855418798886612e+05
15, 5, -3.4849392303316359e+05, -2.1573413792573224e+05
15, 6, -1.9991332131649346e+04, 2.4994207836293540e+05
15, 7, 3.7298890382814058e+05, 1.6018131075724275e+05
15, 8, 4.2861341292212543e+05, 2.1944552396266715e+05
15, 9, -2.0123998748514714e+04, -1.3513910682763896e+05
15, 10, -9.3449377778657654e+04, -6.8960840477748323e+04
15, 11, -3.0531060260984517e+05, 2.2722144041871981e+05
15, 12, 2.9173877146195289e+05, 2.9275789730287949e+05
15, 13, 5.0269338198404686e+04, 2.9697763511816232e+05
15, 14, 7.7111421881509465e+04, -5.0839229430190148e+05
15, 15, -1.9395639462507440e+05, 3.0461715761763418e+04
16, 0, 2.0726144390432182e+05, 0.0000000000000000e+00
16, 1, -9.3730823234568670e+04, -2.3014595424717281e+05
16, 2, -2.8272264145875908e+05, -8.8539472148304252e+04
16, 3, -2.0555714978699852e+05, 1.9085897461579370e+05
16, 4, -3.8090044778153178e+05, -3.4321432517325084e+04
16, 5, -1.5686463261783673e+05, 2.5244153375396837e+05
16, 6, 6.5110115064431855e+04, 9.3845033670507168e+04
16, 7, 1.9178437189793677e+05, 1.1332995810513185e+05
16, 8, 1.1522973090575691e+05, 1.9908762264721547e+05
16, 9, -1.8989940254227631e+05, -4.0661045070397248e+05
16, 10, -2.4953298343254105e+05, 1.2832792237847608e+05
16, 11, -5.9358633751900197e+03, -7.3435700003986378e+04
16, 12, 2.3792739398645741e+05, 2.7176290519955958e+05
16, 13, -3.7868824864529408e+04, -2.6852013783307589e+05
16, 14, -3.6296986444706774e+04, -3.9232585421254422e+05
16, 15, -4.2526543979509693e+05, 1.3300672188189230e+05
16, 16, 8.4878884529390052e+04, 2.9538235351051433e+04
17, 0, -4.7272023742389982e+04, 0.0000000000000000e+00
17, 1, -2.0858341467609419e+05, -2.9597626416155801e+05
17, 2, -1.1507866857831739e+05, 1.3635164592750880e+04
17, 3, -8.1668802737038175e+04, 6.5501969652281441e+04
17, 4, 2.0558615775751969e+05, 3.7893773409893402e+03
17, 5, 3.1411725812350831e+05, 1.1087001079547372e+05
17, 6, 2.7725166000454163e+05, -1.1505284615316955e+05
17, 7, 1.4531365657380884e+05, -1.4648771539323599e+05
17, 8, -1.6296387564305848e+05, -9.0074038543107556e+04
17, 9, -6.0829230835762035e+04, -2.0045044110304760e+05
17, 10, -2.4106391955859278e+05, 1.1049154443993540e+05
17, 11, 1.2354377215875992e+05, -6.3851933524814478e+04
17, 12, 1.4167180716547131e+05, -1.8550548394982223e+04
17, 13, -2.5050572178473850e+05, -4.0157124851146509e+05
17, 14, -1.4021021412169412e+05, -2.0833706491878460e+05
17, 15, -1.5446257423106726e+05, 2.0347633029213021e+05
17, 16, 5.1731618184808368e+05, 2.6262226037593075e+05
17, 17, 6.0638009386686244e+04, 1.4017097192416230e+05
18, 0, -1.5226423299984689e+05, 0.0000000000000000e+00
18, 1, -8.7756053943353501e+04, -3.2375805398909317e+05
18, 2, -2.7053070790693200e+04, 1.7005782044296226e+04
18, 3, -1.7226422958357152e+05, -2.1130027574366660e+05
18, 4, 4.7686566370178445e+05, 8.3214089551215089e+04
18, 5, 1.0705621922142171e+05, -3.3016624092026334e+05
18, 6, 1.2154157368134771e+05, -3.5317302084098232e+05
18, 7, -8.8178363753581856e+04, -8.4277368166833621e+04
18, 8, 5.0407511465167277e+04, -1.5228150196878135e+05
18, 9, 2.1970476954486974e+04, 2.0923902603674855e+05
18, 10, 3.5253431999424880e+05, -7.1220966433011810e+04
18, 11, 1.6059528191561208e+05, -1.2850185302159103e+05
18, 12, 4.9049989096363381e+04, -1.0907581919666825e+05
18, 13, -1.8471431360779927e+05, -1.2245182101736590e+05
18, 14, -2.0595151460142736e+05, 1.1713034526753232e+05
18, 15, 2.2443778802088910e+05, 3.9054106321450497e+05
18, 16, 2.4598998498787516e+05, 9.3570319515623079e+04
18, 17, 8.9629000253324863e+04, -5.3129642081998079e+05
18, 18, 2.1434708975210306e+05, 1.7654131571311012e+05
19, 0, -6.6441108953165167e+03, 0.0000000000000000e+00
19, 1, 3.4371273762217737e+04, 2.6549066617824457e+05
19, 2, -2.3162259695518613e+04, 3.4333588094872757e+04
19, 3, -5.3321888246131675e+03, -1.0592039766019880e+05
19, 4, 1.0639391382631382e+05, 1.4659983518742403e+05
19, 5, -1.4201189141099996e+05, -2.1839284378012794e+05
19, 6, -1.1260328055797092e+05, -1.1576007530011536e+05
19, 7, -2.5105926365535773e+05, 1.0720860315081413e+05
19, 8, 2.3691285621136738e+05, -4.7298873456625603e+04
19, 9, 1.2411888978416215e+05, 2.6278317865014874e+05
19, 10, 3.2839542412812787e+05, -1.3416010562574877e+04
19, 11, 6.2171262725276392e+03, -2.2600921274178021e+05
19, 12, -6.7497386055698589e+03, 1.1090102020722910e+04
19, 13, -1.2952490009012897e+05, 4.1323226910874619e+03
19, 14, 9.4297492902788683e+04, 2.8477909394671192e+05
19, 15, 4.7160429253912286e+05, 3.0528843008601398e+05
19, 16, 1.5504765872993456e+04, -8.9930128691210761e+04
19, 17, -9.1000104377537558e+04, -2.5550460049461975e+05
19, 18, -3.5842808412426477e+05, 3.3384638634786225e+05
19, 19, -1.9124111414461615e+05, -4.2627071241641522e+05
20, 0, 1.7146382050444590e+05, 0.0000000000000000e+00
20, 1, 6.2216916295968113e+04, 3.4160806199737615e+05
20, 2, 3.2402142068467379e+04, -1.4285767422355225e+05
20, 3, 1.9801047901049431e+05, 1.1766907947843234e+05
20, 4, -2.2397278233735135e+05, 9.8586697147924468e+04
20, 5, 1.0843683182201438e+05, -5.7424505146798056e+03
20, 6, 1.1183070096720202e+05, 2.0284849839754953e+05
20, 7, 1.9588977395359616e+04, 9.1877884864534950e+04
20, 8, 1.7056738347539792e+05, 1.8556370794368820e+05
20, 9, 8.4742182614869031e+04, 1.0228137946379148e+05
20, 10, -2.3061465403172298e+05, -2.2890396956617467e+04
20, 11, -3.9386334895942346e+04, -3.0520999186719819e+04
20, 12, -3.1212751585317455e+05, -1.0321543938102064e+05
20, 13, -7.5176132930333129e+04, 1.9902968619143713e+05
20, 14, 1.9032615942923425e+05, 1.7375975179131591e+05
20, 15, 4.6804465387423013e+04, -1.9975430631779673e+05
20, 16, 2.9082010740192003e+04, -1.1919579274920108e+05
20, 17, -3.1322030485096516e+05, -2.4214910478149436e+05
20, 18, 2.6153509842583451e+04, 4.1124430376477155e+05
20, 19, 7.1596206882944476e+04, -7.3922816093391739e+04
20, 20, -2.8305505964570271e+05, 1.5922103889296155e+04
21, 0, 5.2934814496598381e+04, 0.0000000000000000e+00
21, 1, -1.0506489096617095e+05, -2.4232199125762907e+05
21, 2, -1.9210513891898925e+04, -3.5343615756741399e+05
21, 3, -8.5093341122345999e+04, 1.3848613681600278e+05
21, 4, -2.4524561474614631e+05, -9.8764516951368292e+04
21, 5, 2.2419710070966597e+05, 8.7381342302667152e+04
21, 6, 3.7957087794453080e+04, 1.3737779409228108e+05
21, 7, 1.4634374996029961e+05, -2.0584782106703002e+05
21, 8, 4.0635891271415385e+04, 1.8037854310799378e+05
21, 9, -1.5839231270454318e+05, -3.8003084920341011e+04
21, 10, -1.9289444974842246e+05, 1.1400115836040581e+05
21, 11, -2.2219878710046445e+05, -1.6625548314327156e+05
21, 12, 1.4252314998086522e+05, 7.2473382471948571e+04
21, 13, -1.0792054309637417e+04, 3.7115959712841541e+04
21, 14, 8.0065862399621954e+04, -2.6235205867402820e+05
21, 15, -2.0615045586440194e+05, -3.2761411004590394e+05
21, 16, -1.8741295059524549e+05, -6.0124186675466233e+04
21, 17, -1.9025508951425861e+05, -1.9721465639153490e+05
21, 18, 1.5854271935673142e+05, 3.1553138335175166e+05
21, 19, 6.8277390279425366e+04, -5.0038700898694142e+05
21, 20, -1.2950963371265915e+05, -2.3141138678904795e+05
21, 21, 4.4483739707291318e+05, 2.9867365798234066e+05
22, 0, -1.5004039520995278e+05, 0.0000000000000000e+00
22, 1, -2.8501363853177347e+05, -1.2108525732185684e+05
22, 2, 3.2780321205979380e+04, 6.3789341973503419e+04
22, 3, -2.6593698365964188e+05, -1.2134426492551816e+04
22, 4, 1.5984187985762052e+05, -2.2768316361526662e+05
22, 5, 4.1796406249928652e+04, 3.4364040838932124e+04
22, 6, -1.4775774310647964e+05, -3.0766374599492841e+05
22, 7, 1.6880168377036660e+05, -2.4156799046979650e+04
22, 8, -2.2656580285385804e+05, -1.2720140236497132e+05
22, 9, -2.6984166891613004e+04, -7.3829837120584954e+04
22, 10, -1.7761170282507787e+05, 1.5086279435354032e+05
22, 11, -1.1681770062302903e+05, -1.5083937803488798e+05
22, 12, 2.4320475904274531e+05, -9.5014265602974119e+03
22, 13, -1.1108752232285462e+05, -1.0878086025497183e+05
22, 14, -7.2914829600127938e+04, -3.2741660344765492e+05
22, 15, -2.7480927673055057e+05, 1.5889305459017499e+05
22, 16, -1.4211257715597464e+05, -1.5157704963786466e+04
22, 17, 2.6573274678711157e+05, 1.7966909149294073e+05
22, 18, -8.3923457566605124e+04, 7.2734232051316649e+03
22, 19, 2.9850128046725021e+05, -2.5531133886796952e+05
22, 20, -3.2164388986152777e+05, 6.0655681052954882e+04
22, 21, 1.9348116617840168e+05, 4.2224548387645261e+05
22, 22, -5.1472185141273134e+04, -2.0839707583012688e+05
23, 0, 5.5490764306644523e+04, 0.0000000000000000e+00
23, 1, 1.6502361226463967e+05, 3.4649986217563412e+04
23, 2, 1.2766685793164902e+05, 3.1445731207605032e+05
23, 3, 9.7316303984323487e+04, -1.1410131310773069e+05
23, 4, 2.7986072342559212e+05, 4.2538567695044738e+04
23, 5, -2.4134273885492561e+05, 1.3847982733929652e+05
23, 6, 2.6564701364401274e+05, -3.6796307118808670e+05
23, 7, -1.8161811834458617e+05, 2.5172683004399878e+05
23, 8, -1.1810097949177382e+05, -2.1686573056537492e+05
23, 9, 2.4624135938689611e+04, 1.0053701878876677e+05
23, 10, -7.9112952034584931e+04, -1.9259147904973052e+05
23, 11, 2.0277009286922065e+05, -1.8414126732517977e+05
23, 12, 4.0785178968139866e+04, -6.6513404807621861e+04
23, 13, -1.7277549636284538e+05, -2.7449361407033248e+04
23, 14, -3.9570545901594276e+04, -2.8418199521390686e+05
23, 15, -2.0094332338485104e+05, 5.3098098903443012e+05
23, 16, 3.1050870368895424e+05, 6.8307602901714083e+04
23, 17, 2.2882391595148997e+05, 5.5165215171636851e+05
23, 18, -9.9856638596607314e+04, -4.0672458065325883e+05
23, 19, 3.3972217481257784e+05, 5.2317247842524215e+04
23, 20, -3.8146494384196977e+05, 4.3157267216082510e+04
23, 21, 3.2306292368146242e+05, 4.7090811914406595e+05
23, 22, 1.4598951148702105e+05, -9.0951575176074650e+04
23, 23, -4.1265625724325882e+05, 1.3612185768380761e+05
24, 0, 1.6144710910071645e+05, 0.0000000000000000e+00
24, 1, 1.6336963148032315e+05, 1.7099800821461843e+05
24, 2, -2.7520169568079837e+03, -1.4118312767717603e+05
24, 3, 2.8366093027433183e+05, -1.8118013688052434e+05
24, 4, 8.8021262480759106e+03, 1.1156115427648912e+05
24, 5, -2.2233328954825029e+05, -1.2636440689590811e+05
24, 6, 2.6919108115781349e+05, -7.4673134278052166e+03
24, 7, -3.1947824938292633e+05, 3.8454564843089163e+05
24, 8, 1.3006666527127595e+05, 5.3098716806630262e+04
24, 9, 8.1381163566220974e+04, 2.4941459674827807e+05
24, 10, -1.0258693322835931e+05, -1.9075777654475369e+05
24, 11, 2.3738878786810455e+03, 2.4848578605298363e+05
24, 12, -2.4599493806355697e+05, -2.3959931292797081e+05
24, 13, 1.0693968019225793e+05, -1.8264854174087810e+04
24, 14, 4.6672947686012394e+03, 3.0506469390644686e+05
24, 15, 1.8168188362665425e+05, -4.0923686902708672e+04
24, 16, 4.4979072299038281e+05, 2.6052007028656302e+05
24, 17, -9.4721005143206668e+04, -4.9391555071721341e+03
24, 18, 2.8680132386759261e+05, -4.6275394977959269e+05
24, 19, -2.6668393618469994e+05, 2.9637358874797414e+05
24, 20, -9.2446203899101572e+04, -9.1163811353964353e+04
24, 21, -6.9068337362137136e+03, 3.2696103502133471e+05
24, 22, -9.1436241839418872e+04, -5.3140709221120912e+05
24, 23, -4.3472393852959608e+05, -2.7720943378783450e+04
24, 24, 2.1359233693636392e+05, 8.7848525777436444e+04
25, 0, -1.0686220618827129e+05, 0.0000000000000000e+00
25, 1, -8.7257631540911330e+04, -2.3539695664561506e+04
25, 2, -1.5721136299088388e+05, -3.0732126967233629e+05
25, 3, 6.3148330472189213e+04, -1.2378961888321079e+05
25, 4, -5.1669560359862377e+05, 1.4226311963226221e+05
25, 5, 2.1441686142157868e+05, -2.4252823707236481e+05
25, 6, -1.3857711015500122e+05, 2.5426994807274785e+05
25, 7, 5.6364726161618470e+04, 2.4111112130696038e+05
25, 8, 1.6540886501415577e+05, 1.3862914353449311e+05
25, 9, 5.9775131438192722e+04, 1.6899322669709704e+05
25, 10, 1.3114343734845979e+05, -1.8276913558379011e+05
25, 11, -3.6875907759147312e+05, 3.2842653162069892e+05
25, 12, -2.5754719225307071e+05, -2.1149307314690054e+05
25, 13, 4.0039399018434306e+03, 2.2217937334567832e+05
25, 14, -6.3462749580642660e+04, 2.0469909742149847e+05
25, 15, 3.5848563830205268e+05, -8.6353524525502784e+04
25, 16, -8.4742618447588335e+04, 2.2343965646063708e+05
25, 17, -2.5876643996465579e+05, -6.3414797640780953e+05
25, 18, 1.2939710116583871e+05, 5.8032366710363924e+04
25, 19, -5.2450442772316642e+05, -4.1672959612938190e+04
25, 20, 4.1505972018993978e+05, 8.4662045688798506e+04
25, 21, -5.5525882929315942e+05, 1.5658583787780473e+05
25, 22, 2.4335814167919493e+05, -3.7184194307764259e+05
25, 23, -4.0866121340361406e+05, 3.6159203089638549e+05
25, 24, 2.1884935393304494e+05, 8.0123454053661495e+04
25, 25, 1.1918223802840151e+05, -2.2626378396637412e+05
26, 0, -2.0626028244204877e+05, 0.0000000000000000e+00
26, 1, -1.2389593809221467e+05, -3.4204090361003089e+05
26, 2, -1.5244266439786874e+05, -7.5295115719072273e+03
26, 3, -7.3142271783906719e+04, 9.9001016234760507e+04
26, 4, -2.9878195508183388e+05, 1.3402533018655184e+05
26, 5, 1.7588908409566717e+05, 1.4026669595079360e+05
26, 6, -2.8578755634494091e+05, 1.4740431080562623e+04
26, 7, 8.8846421176837306e+04, -1.6940205511600256e+05
26, 8, 2.4721939672214423e+04, 7.5270849040746558e+04
26, 9, -3.5345164685746218e+04, -4.1739617719784990e+05
26, 10, 9.0676536657105054e+04, 4.7351501004155201e+04
26, 11, -3.9493122724241624e+05, -1.7645822250884067e+05
26, 12, 1.9796370422988571e+05, -8.1277446309197447e+04
26, 13, 2.6870739806185291e+04, 2.6947860064212236e+03
26, 14, 9.9554546336038678e+04, -5.0481117422398936e+04
26, 15, 8.2245845860142246e+04, -5.0197402436159100e+04
26, 16, -3.9959258778885799e+05, -9.5901148069705581e+04
26, 17, -2.3326527908513197e+05, -6.5254269509947771e+04
26, 18, -2.2620573924429464e+05, 3.8249200742221670e+05
26, 19, -2.8119489859545884e+03, -8.9282076979320263e+04
26, 20, 1.0678127215978515e+05, 3.0225494761616644e+05
26, 21, -2.2803489536754417e+05, -4.5157199306258973e+05
26, 22, 3.6183116469626583e+05, 1.7469764999848921e+04
26, 23, -2.1229013369727851e+05, 1.9717133869890423e+05
26, 24, 6.3510479351406218e+05, 4.3496398708101668e+04
26, 25, 2.3098645435566289e+05, -3.4547907376578962e+05
26, 26, -1.3405530412343703e+05, 3.6694023292749596e+05
27, 0, -2.3030958771102072e+05, 0.0000000000000000e+00
27, 1, 4.0735245589798935e+04, -2.3875499604471170e+04
27, 2, 6.8868467323692375e+03, 2.6708857910371543e+05
27, 3, 1.0850309122220715e+05, 2.5661461322088883e+05
27, 4, 3.1219379243179160e+05, 9.3463402304204530e+04
27, 5, 8.4185680729399523e+04, 2.6935166189740156e+05
27, 6, 2.7509269763241231e+05, -2.8260628266633017e+05
27, 7, -2.1009007981089915e+04, -1.0931776507683666e+05
27, 8, -3.1715855630110984e+05, 7.9690065967202798e+04
27, 9, 9.8598585528782351e+03, -3.7280491812955384e+05
27, 10, -2.3387046485079429e+05, 1.3763142188591859e+04
27, 11, -1.7545199915935838e+05, -1.7739473701433590e+05
27, 12, 7.3247018920249844e+04, -5.9878974932847414e+03
27, 13, -7.8540169047228337e+04, -9.1110224852383981e+04
27, 14, 2.0649202715668021e+05, -1.7475439043676753e+04
27, 15, -2.7721934719820300e+04, 8.7746124442120068e+04
27, 16, -6.9216540834619460e+04, -2.3055463271004139e+05
27, 17, 1.8182564548950142e+05, 3.6082836830960924e+05
27, 18, -1.5423645633479304e+04, 1.4439501840943276e+05
27, 19, 6.5465147861035203e+05, 1.5895722901626123e+05
27, 20, -2.5066293919692666e+05, -5.7911148329084026e+04
27, 21, 2.6453419482542074e+05, -2.5624287003911223e+05
27, 22, -1.9620393108682660e+05, 3.2981089109288709e+05
27, 23, 1.2919391112079052e+05, -2.4252817687422907e+05
27, 24, 1.5907815666570270e+05, 5.2199720318329462e+04
27, 25, -7.6989682984708852e+04, -5.1890757514543337e+05
27, 26, -2.3271112384220920e+05, 3.1889855386894580e+05
27, 27, 4.2474061658866581e+05, -2.2425296510966138e+04
28, 0, 3.0566712663301456e+04, 0.0000000000000000e+00
28, 1, 1.4809477826568039e+05, 9.0384937916183859e+04
28, 2, 2.9697833052293787e+05, 2.3870777500151770e+05
28, 3, 1.7164984072616795e+05, -2.8386233965461486e+05
28, 4, 3.3949205263300531e+05, 6.4868327748173644e+04
28, 5, -6.3447970967397821e+04, 1.9398729964324433e+04
28, 6, 4.3050451088602870e+05, -2.4540875539016823e+05
28, 7, -1.7872274939072522e+05, 2.3407215687328251e+05
28, 8, -2.4116316090320906e+05, -2.5417344233295400e+04
28, 9, 7.4051729362922284e+04, 4.0863651449154364e+05
28, 10, -8.4055706701101008e+04, -2.8880706478943499e+04
28, 11, 1.7663498943907226e+05, 2.6514889103033865e+05
28, 12, 6.7593598743832874e+04, -3.0440990399387512e+04
28, 13, -1.1337941232582476e+05, 5.8552102237411411e+04
28, 14, 1.1241043038455673e+05, 1.4546218784850024e+05
28, 15, -8.7743526011676047e+04, 1.3717953562882671e+05
28, 16, 1.6039667312563752e+05, 8.1729933729042037e+04
28, 17, 1.0003084811630717e+05, 3.8080867107341881e+05
28, 18, 2.6032192695388288e+05, -2.9513533333872096e+05
28, 19, 3.1872696772792045e+05, 6.4798196456364261e+04
28, 20, -2.4884920537692463e+05, -3.8933452297630243e+05
28, 21, 1.7019083197224225e+05, 1.2918088639506485e+05
28, 22, -3.3733319985672389e+05, 6.2550597790399035e+04
28, 23, 3.4236979160542879e+05, 1.3499120042084847e+05
28, 24, -2.4878539463358861e+05, 1.5158286563545777e+05
28, 25, -5.5241820409210646e+04, -9.2410313294937951e+04
28, 26, -3.6858429266809276e+05, 4.9782125475939619e+05
28, 27, 2.3749589258454944e+04, 5.6952264699830579e+04
28, 28, -1.3134954806847716e+05, -5.3899647930567840e+05
29, 0, 1.0926939970607939e+05, 0.0000000000000000e+00
29, 1, 4.0658781550823966e+04, 1.8094358521393457e+05
29, 2, 1.2467276173977990e+05, 1.0007870859089891e+04
29, 3, 1.0254914900968378e+05, -3.1332512012832612e+05
29, 4, -1.6023952370756844e+05, 8.6754771425256811e+04
29, 5, -1.2066015539896199e+05, -1.5294583713046910e+05
29, 6, -7.2758481459786592e+04, 4.7599896176613096e+04
29, 7, -2.5959579929916686e+05, 1.6493552819015138e+05
29, 8, -4.5195766901850533e+04, -1.3614205217544302e+04
29, 9, 1.0526384170273312e+05, 3.4725235221081489e+05
29, 10, 1.5105939414771521e+05, -6.1939868731522780e+04
29, 11, 3.2622526899914292e+05, 7.9678022639677569e+04
29, 12, -1.6379859317226504e+05, 1.0050104645108801e+05
29, 13, 1.9656553058573522e+05, 2.4382453335378748e+04
29, 14, 2.5150084863967662e+04, 1.3829774610877375e+05
29, 15, 6.7729231719406846e+04, 1.2599638654141122e+05
29, 16, 1.2004372478968292e+05, 3.7184922262019383e+04
29, 17, -3.0366054212795789e+03, -8.1332038898011640e+04
29, 18, 1.8703926106519939e+03, -8.1338150853957108e+04
29, 19, -1.9381671256777240e+05, -3.8433191075014227e+04
29, 20, -1.1450621272664347e+05, -7.1724913383422274e+04
29, 21, -1.6441029637042354e+05, 2.7616221543257136e+05
29, 22, 1.1128162967427514e+05, 4.3955172859952254e+03
29, 23, 5.0087430910718147e+04, 3.1063078685480560e+05
29, 24, -8.2271523083499167e+04, -3.0021486258515052e+05
29, 25, 6.9975775459421522e+04, 2.9126464874011360e+05
29, 26, -1.5740994720945659e+04, 2.4267012840801838e+05
29, 27, 4.4954808732439147e+05, 6.6875663692850649e+04
29, 28, -2.7432158480182148e+04, -2.4614377387953870e+05
29, 29, -1.4601295717711584e+05, 1.6233374073012403e+05
30, 0, -4.3468458605274245e+03, 0.0000000000000000e+00
30, 1, -1.5642846441126690e+05, 4.5673807897205643e+03
30, 2, -2.1580495040134934e+05, -3.2629526271535233e+04
30, 3, -4.7854829417593108e+04, -1.8552604861902968e+04
30, 4, -2.7957740707848012e+05, 2.4279544072515573e+05
30, 5, -1.0271702557225218e+05, 1.4178879320964019e+05
30, 6, -1.1769238483455710e+05, 3.7785727650564391e+05
30, 7, -6.4716411950800859e+04, 1.2160559066088663e+04
30, 8, 4.1458774812457836e+04, 1.2505349319713794e+05
30, 9, -1.0012079114573686e+05, 2.7798988206635979e+04
30, 10, 7.2723326097798388e+04, -2.5951844377051189e+05
30, 11, 1.4097009839503482e+05, -9.7677398042284476e+04
30, 12, -3.1281028603229910e+05, 1.1939928993418030e+05
30, 13, 1.0095917223538148e+05, 4.6477423377203260e+04
30, 14, -1.2859427693016919e+05, -2.2631994816537619e+04
30, 15, 1.1594625755228913e+05, -9.7004116158853758e+03
30, 16, 3.2255672105884063e+04, 4.1319739923551933e+04
30, 17, -1.2550719806321916e+05, -1.6708637822888396e+05
30, 18, -6.0843173404695699e+04, -2.3059093026818791e+04
30, 19, -2.1506647535555356e+05, 6.9454147304992613e+04
30, 20, 1.4721378774614949e+05, 1.5495939259358685e+05
30, 21, -5.7296024964350130e+04, 8.9428315927181698e+04
30, 22, 2.2536098874715800e+05, 3.9194642739879258e+04
30, 23, -1.5476227663975474e+05, 6.6602670752849328e+04
30, 24, 9.1499815427240130e+04, -2.1778415913481574e+05
30, 25, -2.1139219936727287e+05, 2.5276463041088026e+05
30, 26, 1.3743345697937359e+05, -3.3368481326338981e+05
30, 27, 3.0796215692996065e+05, -2.3199766827499669e+05
30, 28, -2.1313665258458853e+05, -3.6191556374277943e+05
30, 29, 1.7031657774948082e+04, 4.8239927173067925e+04
30, 30, 9.6694342221356463e+04, 1.6083655029386875e+04
31, 0, 1.4323401826636217e+05, 0.0000000000000000e+00
31, 1, -6.1068582667625698e+04, -9.5126775465940635e+04
31, 2, 8.9546009374129804e+04, 4.9852217255423406e+04
31, 3, -2.1036342306293634e+04, 5.7711442786535481e+04
31, 4, -4.6708752747574625e+04, 1.6483908225975523e+04
31, 5, 8.3409839426590886e+04, 1.9549293108143681e+05
31, 6, 4.2965007910864122e+04, 1.0712522255019861e+05
31, 7, 2.3829160156630806e+05, -1.4961008925881732e+05
31, 8, -1.6598117407403442e+04, 3.4208954751215992e+04
31, 9, -1.3743250723651936e+05, -4.9363356308439223e+04
31, 10, -8.2750311864634423e+04, -2.6687009736703936e+05
31, 11, -1.8922552966090967e+05, 2.0002480628527419e+05
31, 12, -1.2044626360215980e+05, -1.4830340397526124e+04
31, 13, 4.0974429320583782e+04, 1.5754805433535093e+05
31, 14, -3.0781440178760458e+03, -9.9640473565273758e+04
31, 15, 7.6710211898936497e+04, 3.4953144384311476e+04
31, 16, -1.3926306885790400e+05, -1.9173390472687497e+04
31, 17, -6.9175819870854233e+04, 3.7714990726257878e+04
31, 18, 3.2209015616456069e+04, 2.0673907654148157e+05
31, 19, 7.6550557362524734e+04, 1.2261885260884858e+05
31, 20, 4.2713762329040113e+05, 1.7672387445473042e+05
31, 21, 1.4609390164506407e+04, 1.5147197355204298e+04
31, 22, 1.2421174498894314e+05, -1.8122526182986595e+05
31, 23, -1.0037739227697664e+05, -1.7012967790783866e+05
31, 24, 5.2144511340545389e+04, 1.2335223810179546e+05
31, 25, 1.5350631533465847e+04, -2.1341121551842210e+04
31, 26, 1.8621316322033509e+05, -4.9206016671734978e+04
31, 27, -1.0228595478201010e+05, -1.5419265442862205e+05
31, 28, -4.0223452743583010e+05, -1.2235792269301382e+05
31, 29, -8.5472031156971221e+04, 1.9757995706115238e+05
31, 30, 2.3369669290173206e+04, 2.4208843208359726e+05
31, 31, -1.6372655193604028e+05, 3.5880529688789087e+04
32, 0, 1.7103946877490438e+05, 0.0000000000000000e+00
32, 1, -5.4844679052988598e+04, -2.1805569515456242e+05
32, 2, 1.8391865523954391e+05, 2.0022163827353215e+05
32, 3, -1.9164991080059178e+05, 9.5064117392605840e+02
32, 4, 2.2389327685489564e+05, 7.5829479670858607e+04
32, 5, 1.0580590585458529e+05, -5.7432026991274855e+04
32, 6, -9.6167084762156301e+03, -2.3155487206742639e+05
32, 7, 1.9410914657979159e+05, -1.6897854975917336e+05
32, 8, -2.7176438072010718e+05, -3.4220329460990797e+04
32, 9, -2.9385346550224760e+04, -1.0140374723725335e+05
32, 10, -4.5521133290318205e+04, 9.6158137137834245e+04
32, 11, -4.6701035981304354e+04, 5.8991435814010212e+04
32, 12, 7.1217703126443026e+04, 3.0852215906343481e+03
32, 13, 4.1881408078339839e+04, 3.5855315911446349e+04
32, 14, 1.0356384675516687e+04, -2.1916573531550096e+05
32, 15, 2.9752808520885570e+04, 1.0909250785980596e+05
32, 16, -1.7229384506479191e+05, -5.5033359906080135e+04
32, 17, 1.4654236458406745e+04, -3.3652140992285953e+04
32, 18, 9.8814884176296269e+04, 2.0353627835085234e+04
32, 19, 2.4290331229399008e+05, -1.3937515513901552e+05
32, 20, 2.2320879574226806e+05, 6.4450959199371115e+04
32, 21, -1.0629148768927799e+05, -2.6202481327260187e+05
32, 22, -1.2677615919195957e+05, -7.2451719992335959e+04
32, 23, -2.6335144282855745e+04, 1.2127764953014662e+05
32, 24, -3.0536565381629494e+04, 1.8398583533378961e+05
32, 25, 1.4030512093855953e+05, -1.6359308699565355e+05
32, 26, 4.0757235930767805e+04, -7.3225455503522404e+04
32, 27, -5.9045534366595428e+04, -1.3930950936403347e+05
32, 28, -4.7195806409648489e+04, 3.2661291499456752e+05
32, 29, 9.2209754502845957e+04, 2.1999666758365830e+05
32, 30, 1.7569646227972856e+05, -6.4584150311432473e+04
32, 31, 1.2051639884609982e+05, 7.6943779489694454e+04
32, 32, 7.7136575145057490e+04, 6.9252338784427280e+04
33, 0, -1.0441515382727761e+05, 0.0000000000000000e+00
33, 1, -7.2740253101037873e+04, -1.2898907571453576e+05
33, 2, 7.1190308025681734e+04, 2.5571641541949959e+05
33, 3, -1.6308662881352252e+05, -1.2029102696794452e+05
33, 4, 8.4532036910612631e+04, 5.3826463984606307e+04
33, 5, -1.7468613829729924e+05, 4.6758472229539198e+04
33, 6, -1.7044383202445990e+05, -3.4098806323450495e+05
33, 7, -1.0065355929319511e+05, 3.4251612197299133e+05
33, 8, -1.6079144922727579e+05, -1.7048695219834935e+05
33, 9, 7.7185135264325028e+04, 1.1685724517890328e+05
33, 10, -8.8454728803722119e+03, -2.3263537449007163e+03
33, 11, 1.9046766903649797e+05, -1.8259384041200252e+05
33, 12, 2.2089112575277171e+05, -1.9385440445574077e+04
33, 13, 2.6266924509281929e+04, -2.7634260816674425e+04
33, 14, 6.4584281792860136e+04, -3.1943472824475124e+04
33, 15, -1.2728456017990364e+05, 1.1404555331088981e+05
33, 16, 2.1983860208730024e+04, -6.2300486022313562e+04
33, 17, 4.1910015219096531e+04, 1.6442460804967275e+04
33, 18, -1.6551065054248841e+05, 5.0545885885463023e+04
33, 19, 2.7089224995390035e+05, -2.2183160787523349e+05
33, 20, -1.7494258298042661e+05, -4.8084427171995951e+04
33, 21, -3.2685232542221580e+04, -2.9092074820432591e+05
33, 22, -8.2301285880257696e+04, 1.4179667544213901e+05
33, 23, -2.4338716184773941e+04, 1.4794010665240494e+05
33, 24, 1.2086724202405586e+05, 1.3381375876355777e+05
33, 25, 5.5721555023666879e+03, -4.3077918438023327e+04
33, 26, -4.2817300557780603e+04, -1.1859332679327048e+05
33, 27, -6.5199795613817361e+04, 4.7537033276327784e+04
33, 28, -6.6963227281744155e+04, 2.1436727100852630e+05
33, 29, 1.8888810016763955e+05, 1.2339693303295600e+04
33, 30, 1.8237029789420438e+05, -2.0198974843439594e+05
33, 31, -1.8472915509093739e+05, -2.3525444262971410e+04
33, 32, 6.0010580505787737e+04, -4.6092096561518987e+05
33, 33, 4.1168403114002715e+04, -7.1909595246755198e+04
34, 0, -1.9124120332618157e+05, 0.0000000000000000e+00
34, 1, 9.6578277995521523e+04, -6.7487307703657119e+04
34, 2, -1.1689851626494908e+05, 7.8572722971869895e+04
34, 3, 9.2959575833564275e+04, -2.2532477515565004e+05
34, 4, -4.3047383653162149e+04, 1.3521527617112023e+05
34, 5, -1.6645922638003592e+05, -8.3677204012121772e+04
34, 6, -1.1856602634867682e+04, 1.1379821080045673e+04
34, 7, -2.0280361267350102e+05, 2.8288015667996852e+05
34, 8, 2.6010647648867027e+04, 5.0667615185299364e+03
34, 9, 8.7285505517587488e+04, 1.3039637558510355e+05
34, 10, -1.5074306510886327e+04, -1.3567274174807043e+05
34, 11, 1.2912666987466262e+05, -2.8679282073175034e+05
34, 12, -9.7918064715635817e+04, -4.6301234864600818e+04
34, 13, -8.3200064017924567e+04, -1.1902486139009320e+05
34, 14, 3.5051777090592775e+04, 1.3641050563757477e+05
34, 15, -1.2068724006325591e+05, 9.9788493549389605e+04
34, 16, 2.9197477791943413e+05, -9.8758714397014992e+03
34, 17, -1.1169844306649501e+05, 8.8972573046286343e+04
34, 18, -3.4930141259376702e+04, -1.2465258966475837e+05
34, 19, 2.1433413829555011e+04, 2.5312975072533466e+05
34, 20, -1.8746711871705638e+05, -1.1524422532824603e+05
34, 21, 6.0907322653992611e+04, 1.3526075380613492e+05
34, 22, -1.1347664851886386e+05, 1.3211256590636633e+05
34, 23, 1.7054713418462488e+05, -5.2502738303555780e+04
34, 24, 1.1352038300393947e+05, -1.1313698447667739e+03
34, 25, -1.2936115537943773e+05, -1.0001022426602599e+05
34, 26, 1.0964367045293255e+05, -1.4039961664661032e+05
34, 27, -1.5546681583449856e+05, 1.4967609228175017e+05
34, 28, 8.8333913541864196e+04, -2.7740128411897203e+03
34, 29, 1.3549177460389113e+05, 1.1903651440663439e+05
34, 30, 3.3869035126452218e+04, -2.6672772836303798e+05
34, 31, -3.2574541304999753e+05, 1.0023076863513081e+05
34, 32, 1.2412787935437421e+05, 1.2335042812058949e+05
34, 33, -4.6184197191107849e+05, 1.0798005575601877e+04
34, 34, -6.9791060391241035e+03, 4.7639954205164540e+04
35, 0, 3.9645860073888340e+04, 0.0000000000000000e+00
35, 1, 9.1782756375224228e+04, 1.7751406105079220e+05
35, 2, -2.8512629665100518e+04, -9.0461483534357583e+04
35, 3, 7.1148984049640218e+04, -1.0126860318155691e+05
35, 4, -2.3586349776941419e+05, 1.0965115533183013e+05
35, 5, 6.4564366457650613e+04, -2.6966158810406132e+05
35, 6, 1.8976966549181650e+05, 2.2777847911675167e+05
35, 7, 4.2838367485489194e+04, -1.0815200228874129e+05
35, 8, 2.1799695506826867e+05, 1.1710553223158936e+05
35, 9, -4.0001797553900775e+04, -5.0188424017356287e+04
35, 10, -7.0596882723931849e+04, -9.7821254856172207e+04
35, 11, -4.3565188011525701e+04, 2.6213850866441237e+04
35, 12, -1.8793517980549141e+05, 4.8004034629343609e+04
35, 13, -5.4143617148398691e+04, 7.7266964499464593e+03
35, 14, -9.1060131912481665e+04, 9.8259431588246458e+04
35, 15, 1.0121338637027789e+05, -2.1250749359510717e+05
35, 16, 1.5761592899853911e+05, 1.2395126872516968e+05
35, 17, -1.8953123351585242e+05, -7.7664976299007030e+04
35, 18, 1.6768772945078305e+05, -6.6429182961454324e+04
35, 19, -1.0727497438650858e+05, 9.6789465342974610e+04
35, 20, 1.9462423944782716e+05, -1.5150170079322235e+05
35, 21, 7.1326473315403622e+04, 2.9543140244823019e+05
35, 22, 7.6662440024414289e+04, -1.4509631405391212e+05
35, 23, 9.3507876700111738e+03, 1.0712538091303696e+05
35, 24, -1.8240756087048919e+05, -4.5209805501087249e+02
35, 25, -5.9737857294355432e+04, -5.6111129600342232e+04
35, 26, 1.4319432816813094e+04, 7.0911056430628523e+04
35, 27, -9.8903174116988172e+04, -4.1649175847370730e+04
35, 28, 1.7774807666963452e+05, 8.9088351396762846e+02
35, 29, -1.4107043881184765e+05, -5.7409785374853374e+04
35, 30, 1.3686972612356447e+05, -1.3517350109227665e+05
35, 31, -8.9484213073309336e+04, 2.7986377176909537e+04
35, 32, 2.5331693536786491e+05, 2.9075426043449255e+05
35, 33, -8.4799526553564909e+04, -2.6318177341303084e+05
35, 34, 1.7658263103858320e+05, 3.9133849572371494e+05
35, 35, 1.3973156484624970e+05, 4.7633568126218481e+04
36, 0, 2.3953729603562274e+05, 0.0000000000000000e+00
36, 1, -1.0906306090626979e+05, -2.8954136263912835e+04
36, 2, 1.5880916858641745e+05, -1.6218849864996676e+05
36, 3, -1.3452031025610110e+05, 7.1767678291527045e+04
36, 4, -2.2516348592468337e+05, -3.0656027625257917e+04
36, 5, 1.1840903375212742e+05, 1.6422631328381431e+04
36, 6, -1.5632606650821635e+05, 1.3495275282140457e+04
36, 7, 8.6318175520554345e+04, -1.5892079554719498e+05
36, 8, 8.8976741769126544e+04, -4.5759548444679182e+04
36, 9, -1.1289870333742208e+05, -6.7861080063707632e+04
36, 10, 7.9488217351427040e+04, 7.5163189693831926e+04
36, 11, -9.3264484547133354e+04, 5.4817177138757448e+04
36, 12, -8.8397706301028884e+04, -1.1693933180896207e+04
36, 13, 2.2192586917948042e+05, 2.3072920294289064e+05
36, 14, -1.3977821303610806e+05, -7.5527528415866240e+04
36, 15, 3.6066608564010105e+05, -1.2752079161062291e+05
36, 16, -2.0714318165516225e+05, -1.3467649518628992e+04
36, 17, 6.0570502694452480e+03, -1.5235537919535354e+05
36, 18, -4.8964514735006022e+04, 2.0276236258016096e+05
36, 19, -1.1419627579340868e+05, -1.2080118883833660e+05
36, 20, 2.5183960908780099e+05, 1.3169072152376367e+05
36, 21, 1.1874193735416864e+05, -5.7133323361006675e+04
36, 22, 7.8898854461084207e+04, -1.3622512195711781e+05
36, 23, 4.8834434210526179e+03, 1.3824474325354100e+05
36, 24, -1.5519887440915703e+05, -8.8035045928708656e+04
36, 25, 4.6786747160950596e+04, 1.2959553134894236e+05
36, 26, -1.9359613681688836e+04, 5.6807391779346086e+04
36, 27, 7.1916136505403498e+04, -7.1047304562990452e+04
36, 28, -1.7798784400736862e+04, 2.5760927774231846e+05
36, 29, -1.7644834840856370e+05, -2.7480845021585515e+05
36, 30, -9.8049958253655583e+04, 2.4725062474201602e+05
36, 31, -1.3953835908806225e+05, -2.1915611578643293e+05
36, 32, 2.4603527438568379e+05, 5.4049249812331014e+04
36, 33, 8.5126813262591750e+04, -3.6850492980571004e+05
36, 34, -1.0156246299734269e+05, 1.9285281704210647e+05
36, 35, 2.2934467699441960e+05, -2.3049361886712525e+05
36, 36, -8.9815666160318739e+04, -2.8407336295585451e+05
37, 0, -9.7249595313104292e+04, 0.0000000000000000e+00
37, 1, -1.4547858481936355e+05, -2.6382358443941444e+05
37, 2, 1.0764442158006111e+05, -4.4832884305487554e+04
37, 3, -1.9038336433772024e+05, 7.1436357539800054e+04
37, 4, 1.1895329976074780e+05, 2.8879393214707998e+04
37, 5, 1.1751664341406533e+05, 1.6155993735139060e+05
37, 6, -2.2173951586791035e+05, -1.4096097425741705e+05
37, 7, 7.1966163850929603e+04, -2.3203093324390706e+04
37, 8, -3.1352236020817299e+05, -1.0863313586861522e+05
37, 9, -1.2066237355865927e+05, -6.5949674484308518e+04
37, 10, 7.1981603965202421e+03, 4.1474711474752265e+04
37, 11, 1.2700560703281392e+05, -7.4189273296120897e+04
37, 12, 8.3054515974148875e+04, -1.5738064861576926e+05
37, 13, 7.1948115408762067e+04, 9.5895502006275798e+04
37, 14, -1.5127756213468854e+04, -3.0827567396958382e+05
37, 15, 7.3715829892801601e+04, 4.2365502861923524e+04
37, 16, -2.0367380701785322e+05, -1.7351455679601320e+04
37, 17, 8.2256404698636412e+04, 1.5791229320250507e+05
37, 18, -1.7790866693556233e+05, 1.5672058644213981e+05
37, 19, 1.3399940927912950e+05, -1.0301463449815798e+05
37, 20, 9.1403417688628688e+04, 1.3987311355312006e+05
37, 21, -9.0077923525731603e+03, -1.4378623441637255e+05
37, 22, 7.4928747355928674e+04, 7.3744268363520794e+04
37, 23, -1.8984135146684162e+05, 3.8042615023820756e+04
37, 24, 3.4497819035371045e+04, 1.3300297513715268e+03
37, 25, 8.7923788625685003e+04, 8.1637536541022360e+04
37, 26, -3.5946815719635400e+04, -1.0393802127636902e+05
37, 27, 1.9922966952912399e+05, -8.2630084805964463e+04
37, 28, -2.4574603071603354e+05, -1.1540972436343420e+04
37, 29, 1.0991425541430668e+05, -1.3007234975633361e+05
37, 30, -1.4686458231049587e+05, 3.7807995804322010e+05
37, 31, 2.0750911937753565e+05, -1.5302089381407201e+05
37, 32, -2.1492996324830179e+04, 1.4288829092183520e+05
37, 33, -3.0600906774687493e+05, -2.5723487705059539e+05
37, 34, -1.5588379336928396e+05, 3.9202290371509385e+04
37, 35, 2.9356667861397873e+05, 1.3902333707569729e+05
37, 36, -3.9903913882924942e+05, -2.4959321849138799e+05
37, 37, -1.1627464632410098e+05, 1.0102461009084134e+05
38, 0, -2.0432894838640781e+05, 0.0000000000000000e+00
38, 1, 4.4184894444378806e+03, -4.3889170711475599e+04
38, 2, 9.9586830762854588e+03, 1.4282165527484866e+05
38, 3, -1.6377799408998573e+05, -1.5597248127703117e+04
38, 4, 2.3889624975109828e+05, 1.0646737599993395e+05
38, 5, -1.0822924528284014e+05, -6.2047531514662827e+04
38, 6, 1.0737734114656484e+05, -1.9721591181546275e+05
38, 7, -8.8365485733262612e+04, 2.1211673880734417e+05
38, 8, -1.3971913937144887e+05, 7.7916979990177919e+04
38, 9, -1.6843205885734285e+04, 1.8873356535995068e+05
38, 10, -4.8587679446787814e+04, -8.1813885716547320e+03
38, 11, 7.9982273395215758e+04, -1.3103637412555475e+05
38, 12, -6.9252679189121709e+03, -1.3183746457872560e+05
38, 13, -1.3031275482194862e+04, -1.4220609882952843e+05
38, 14, 8.2511446242619844e+04, -7.5617544261702191e+04
38, 15, -1.0030947046391832e+05, -1.2774034722493759e+05
38, 16, -8.2309162668307501e+04, 4.2779783771855982e+03
38, 17, 9.6133085341382888e+04, 1.1395824278294644e+05
38, 18, -3.1112619346506595e+04, -1.0999595038158160e+05
38, 19, 1.8019667809016301e+05, -4.9911265958734883e+04
38, 20, 6.1331842607909144e+04, -5.9730365921058874e+04
38, 21, -1.8502889876823636e+04, -1.1755013899857212e+05
38, 22, -1.5298409855166567e+05, 3.3930932499420072e+04
38, 23, -4.4499068478376648e+04, -1.4518116565562447e+05
38, 24, 9.1870394305150738e+04, 5.9605840221511404e+04
38, 25, -3.3341943113904097e+04, -6.7718702481374305e+04
38, 26, 2.0062434567788347e+04, -1.6081144559377088e+05
38, 27, -2.4099533760659855e+04, 1.7686452264123640e+05
38, 28, -1.3068584969186244e+05, -1.8504001019182670e+05
38, 29, 1.7978017430096009e+05, 2.8012512558627554e+05
38, 30, -1.8886627249971847e+05, -1.5777309915478699e+05
38, 31, 4.0883249086350703e+05, 9.1002738114002903e+04
38, 32, -1.7281461212749709e+05, 1.8912694249484412e+02
38, 33, 1.1205853524760931e+05, 4.0066759377099064e+04
38, 34, -4.0720185061066295e+04, 2.2983799671225547e+05
38, 35, 2.0740845637315919e+05, 1.0413011727617646e+05
38, 36, -1.1588402211651861e+05, -2.4937664392190415e+05
38, 37, 4.6492859157141102e+04, 4.4112356657066924e+05
38, 38, 2.0024446387092047e+05, 5.9879212591223011e+04
39, 0, 6.1407830105499590e+04, 0.0000000000000000e+00
39, 1, 1.8782464621350143e+05, 1.7649527875049322e+05
39, 2, -4.7907959991410047e+02, 1.1840641920498814e+05
39, 3, 2.1770626552064030e+04, -2.6014694077549655e+04
39, 4, -7.0840096798386985e+03, 6.7275481674165116e+04
39, 5, -1.4118138532619481e+05, -3.0176313268345653e+05
39, 6, 1.0304987679026292e+05, -2.4842944695581162e+04
39, 7, -1.2336406839590320e+05, 1.6466229653195780e+04
39, 8, 1.7607694006424502e+05, 3.7638521286383155e+04
39, 9, 1.1713713576809320e+05, 1.7776967152694466e+04
39, 10, 1.2024857995166787e+05, 2.4769925694422091e+04
39, 11, 8.2206748581515960e+04, -7.8513863282568724e+04
39, 12, -1.0069868864892906e+05, -5.3987956368247113e+04
39, 13, -4.1973136495053768e+04, -1.2457817731784339e+05
39, 14, -2.0006058762123572e+04, 8.8681623240081346e+04
39, 15, -8.0607689029283167e+04, 9.0583521362186875e+03
39, 16, 1.1765745520675968e+05, -2.4317237160091936e+04
39, 17, 5.5192473031929374e+04, 1.3932997297122649e+04
39, 18, 9.6760518758122751e+04, -2.5005340634785066e+05
39, 19, -1.1753432293656713e+05, 7.0798061238920636e+04
39, 20, 2.5591468243769581e+04, -1.5298925264918825e+05
39, 21, -7.2427373056583179e+04, 1.1419348551284392e+05
39, 22, -1.0222922383496456e+05, -7.7655291473353245e+03
39, 23, 1.0857886628915687e+05, 1.2885220292847984e+04
39, 24, 2.7728511270041869e+04, 8.8989561766205552e+03
39, 25, -3.0023742994374254e+04, -1.4450138046113538e+05
39, 26, -4.4369406254930727e+03, -1.0664276641145885e+04
39, 27, -1.4513341510457566e+05, 1.8316013397539873e+05
39, 28, 2.8847209953199228e+05, -7.1105099672951328e+03
39, 29, -1.0682137151822652e+05, 3.1707355400477478e+05
39, 30, 2.0813359778011005e+05, -3.2823141721979418e+05
39, 31, 7.2734518132298370e+04, 2.5958398834158876e+05
39, 32, -8.7731650950617768e+04, -3.6722945647168328e+05
39, 33, 2.1632300547433592e+05, 2.0870594916608380e+05
39, 34, -7.6413785526925538e+04, -1.1239683378652859e+05
39, 35, 1.8848871683552020e+05, 1.4623693260247604e+05
39, 36, -5.0410626439944288e+04, -9.9926534551774093e+04
39, 37, -7.7317158136964194e+04, 1.0539712198924180e+05
39, 38, 3.4040766308074951e+05, -1.8242563591376768e+05
39, 39, -2.2845779253851484e+04, -2.9891565408051212e+05
40, 0, 2.0290450053959305e+05, 0.0000000000000000e+00
40, 1, 8.5287690965573376e+04, -1.9510875841632173e+04
40, 2, -5.3186846096985719e+04, -9.4590971965339282e+04
40, 3, 6.7577607128576274e+03, -2.1228834809853597e+04
40, 4, -1.4343981858494715e+05, 8.3277699267601827e+04
40, 5, 6.7563842363875287e+04, -2.1877796512753097e+05
40, 6, -1.3538742046755436e+05, 1.2229597522116565e+05
40, 7, 5.2918260589353209e+04, -3.9989724124143671e+04
40, 8, 1.3994729724967052e+05, -1.3224366226379859e+05
40, 9, 1.0093019097640477e+05, -1.7687181291253690e+05
40, 10, 1.1111052879843373e+03, -2.0258238098493745e+05
40, 11, 1.2140319039954837e+05, -9.9119651897159405e+04
40, 12, -1.4937480086222586e+04, 9.9380981883648310e+03
40, 13, -9.1688129187204813e+03, 2.6603189112134365e+04
40, 14, -1.1638466844628325e+04, 5.4935108821360605e+04
40, 15, -1.4841076028897971e+05, -6.3940120125652480e+04
40, 16, 1.9747839188751351e+05, -4.1117318496156258e+03
40, 17, -9.6344247585692981e+04, -6.6380866720992519e+04
40, 18, 5.4084127448841951e+04, 6.4466453520156843e+04
40, 19, -1.7737876160508778e+05, -3.1548168895648241e+03
40, 20, 9.1059130019037970e+04, -8.9306286260697088e+03
40, 21, 2.8409294100007857e+04, 1.3992963894672610e+05
40, 22, 4.3467362815328721e+04, -2.9611818539260770e+04
40, 23, 1.1425192125067234e+05, 1.1922185742651871e+05
40, 24, 5.8279803011190888e+04, -1.7583984181083615e+04
40, 25, -9.8598791458484717e+04, -9.6880832364134039e+04
40, 26, 5.8177183003615100e+03, 1.6458050414811424e+05
40, 27, 1.1695702374613444e+04, -3.1338686992269024e+04
40, 28, 2.5197552712096908e+05, 2.0364344102390640e+05
40, 29, -1.4487607298081004e+05, -2.6289954114043369e+05
40, 30, 2.5570786275531794e+05, -9.5551674908000045e+04
40, 31, -3.1010804225580394e+05, -5.3816692410260352e+04
40, 32, 1.7061151309200953e+05, -6.5853298570508807e+04
40, 33, -1.4935450875427350e+05, 1.7489961847030956e+05
40, 34, 5.1676102244033522e+04, -3.1808934077285475e+05
40, 35, -1.1544047462932227e+05, 1.0901312418643867e+05
40, 36, -1.4925221602341469e+04, -1.0635730631696541e+05
40, 37, -7.2090715327420708e+04, 1.6422661965944667e+05
40, 38, 1.5367084736573845e+05, -4.7284574886140341e+04
40, 39, -2.0624106250454549e+05, -3.7598166370465609e+04
40, 40, -3.9488986346576957e+05, 3.8383923080236011e+04
41, 0, 1.1858605038292843e+05, 0.0000000000000000e+00
41, 1, -4.0597692425973706e+04, -1.1064490343405388e+05
41, 2, 1.2984045310000649e+05, -1.5636685351129703e+05
41, 3, -1.3731590851048840e+05, 9.9480138071645211e+04
41, 4, 7.4587891297748385e+04, 2.2023913109535151e+03
41, 5, 1.8770723359560524e+05, 1.0397013365675016e+05
41, 6, -9.4580637366577663e+04, 4.9834413624375375e+04
41, 7, 1.2516784321982048e+05, 1.5591500723783456e+05
41, 8, 4.7851699389559566e+04, -1.0149953697213336e+05
41, 9, -1.0653673142627862e+05, -2.2159453808217899e+04
41, 10, -1.0079977148091135e+05, -1.0741317671194140e+05
41, 11, -4.2135986714850573e+04, -9.5172916193231868e+02
41, 12, -1.1605767004156092e+05, 2.6391207456323828e+04
41, 13, 6.3667969493182114e+04, -1.6996101849893705e+04
41, 14, -1.2577187096484288e+05, 1.0435582517237389e+05
41, 15, 1.5953238414641711e+05, -5.9861879553319617e+04
41, 16, -9.4746361265185682e+04, -7.1190454676113577e+03
41, 17, 2.3491635560693896e+04, -1.1814751600714415e+05
41, 18, -1.6538227916800301e+05, 1.4651586833481913e+05
41, 19, 1.0037046912606504e+04, 5.5278472982087042e+03
41, 20, 3.6992558334005749e+04, 1.0884427086350208e+05
41, 21, 1.3489848845329368e+05, -1.2932495378576539e+04
41, 22, 9.8077478593353910e+04, -4.4393157555207246e+04
41, 23, -5.4717466805550532e+04, -7.2881490023045975e+04
41, 24, -3.1951947388868648e+04, -1.3713494067905244e+05
41, 25, 1.2503165567373075e+04, -9.0611843456400151e+04
41, 26, -6.0543432912364427e+04, 1.2893208156627211e+05
41, 27, 1.8950094664129804e+05, -9.0881407464635675e+04
41, 28, -1.7312951571943529e+05, 1.0981502666816056e+05
41, 29, -4.9799504197293056e+04, -1.5919573297070916e+05
41, 30, -4.5791722648219322e+04, 1.3906456254000525e+05
41, 31, -1.0001271976479515e+05, -1.8323483116500796e+05
41, 32, 1.7418066727608006e+05, 2.6955693693175889e+05
41, 33, -2.2502689103040702e+05, -9.8536154546939200e+04
41, 34, 2.1881672562350228e+05, -9.1761457400230021e+04
41, 35, -2.8055214443714649e+05, 4.2368497822841957e+04
41, 36, 6.4271811946627407e+04, -6.6434061177862473e+04
41, 37, 1.0030538738342474e+05, 1.7679943731677925e+05
41, 38, 6.9700799288731461e+04, -1.3703232524896861e+05
41, 39, -7.2589518013333756e+04, -6.4182553118759242e+04
41, 40, 8.7106968632950375e+04, 2.5114323263891984e+05
41, 41, 1.1988337291446242e+05, 2.5675294120233989e+05
42, 0, -1.9892159881309155e+04, 0.0000000000000000e+00
42, 1, -4.4161388957209710e+03, -2.0900394864899485e+04
42, 2, 7.1667352865863986e+03, 1.2858912576485920e+05
42, 3, -1.8312674858210929e+05, 3.5149675736223340e+04
42, 4, 2.2581495286271555e+05, 8.2414645115802516e+04
42, 5, 8.0720380786120237e+04, -8.9942350359515331e+04
42, 6, 3.0858731888463284e+04, -1.6656770453542998e+04
42, 7, 1.0875227040579342e+05, -2.3149408815703289e+04
42, 8, 4.3468119193591403e+04, -4.5336449356745405e+04
42, 9, -3.7224785251074041e+04, 4.6578326793491156e+04
42, 10, -2.1778112635775287e+04, 3.8708515956162453e+04
42, 11, -1.5961761932407707e+05, 1.2762914606667202e+05
42, 12, -4.0409818791479032e+04, 2.4779871834435489e+04
42, 13, -1.9335680738009055e+03, -1.6431720862597707e+04
42, 14, -1.0409618574589834e+05, -1.2676631648323280e+05
42, 15, 1.7699646013730980e+05, 3.0797606896686688e+04
42, 16, -2.3497305225490555e+05, -5.8687427425753003e+03
42, 17, 3.3299735472216744e+04, 5.0754014898915753e+04
42, 18, -1.3252478834564378e+05, 7.6227166710503210e+04
42, 19, 1.1398821402206185e+05, -7.2128376455581805e+04
42, 20, 4.0705903539429230e+04, 2.2816497655900916e+04
42, 21, 9.6975048741750827e+04, -1.0305109044534148e+05
42, 22, -5.3479670707631856e+04, -1.1760907638160480e+05
42, 23, -1.1854586246074557e+05, -4.0186130401823291e+04
42, 24, -8.5448665673936965e+04, -5.6399239923632944e+04
42, 25, 2.3844340525588745e+04, 9.4452980226886080e+04
42, 26, 3.8401725220485285e+04, -1.3665321918881941e+05
42, 27, 6.1038539475891972e+04, -3.8978413629050847e+04
42, 28, -2.1217847978661134e+05, -8.3238315208205138e+04
42, 29, -3.9149130851864902e+02, -2.1701841626429617e+04
42, 30, -1.7367148625301220e+05, 1.2426656131518495e+05
42, 31, 1.5092429389088386e+05, 5.1567248724969264e+04
42, 32, -8.6976458203792172e+03, 1.8827794310350766e+05
42, 33, 2.0741729556666550e+05, -2.7437049600957561e+05
42, 34, -1.0249693334328063e+04, 4.8258678101131118e+04
42, 35, -2.1514781819802188e+05, -6.7956208724472584e+04
42, 36, 9.5721538063340879e+04, 1.2294211142507743e+05
42, 37, 1.9631912197829311e+04, -2.2076540431629910e+03
42, 38, 3.5857723217922729e+04, -1.9185149761040369e+05
42, 39, -4.7725639431572381e+03, -1.1338431956079825e+04
42, 40, -1.0372422630686924e+05, 2.2101793174527312e+05
42, 41, 1.6227366963412979e+05, -2.3569838525236491e+05
42, 42, 1.2819954318715613e+05, -1.4958249192303035e+05
43, 0, 7.2214571227692446e+04, 0.0000000000000000e+00
43, 1, 1.6442842564655683e+05, -7.8361634327229389e+04
43, 2, -3.4387634553240576e+04, 2.5062988053363335e+05
43, 3, -1.0422540974457629e+05, 3.3987109717827596e+04
43, 4, 1.1435723007686730e+05, 1.1036886492763546e+05
43, 5, -9.1242804905701487e+04, -1.4065740533259959e+05
43, 6, -3.3655739550503822e+04, -9.9779075907284860e+04
43, 7, -2.6148706400889154e+04, -1.0270765179824085e+05
43, 8, 4.8669432764436815e+03, -6.6719447411700414e+04
43, 9, 1.1914874695041231e+05, 9.4592001743008543e+04
43, 10, 8.1958277690078859e+04, 2.5620571480013954e+04
43, 11, 1.3872669806633425e+04, 1.0232852341369653e+03
43, 12, 1.0560268028136017e+05, 3.8344483663955238e+04
43, 13, -7.3789143284934908e+04, 3.9507969109086939e+03
43, 14, 2.8749137371145400e+04, -5.1169532868545153e+04
43, 15, 9.9987320313974924e+03, 1.0960360244749452e+05
43, 16, -1.0956965491095549e+05, -1.7752145743511256e+05
43, 17, 1.9968771528996840e+04, 1.5340879245607788e+05
43, 18, 1.3949760239750231e+04, -2.7502230272488010e+04
43, 19, 3.8731739823454955e+03, -1.4258531897239698e+05
43, 20, 8.0789975954305305e+02, -8.8648776156806460e+04
43, 21, -4.1394924652388087e+04, -1.5067061920432292e+05
43, 22, -9.5766366723499174e+04, 5.4713660060902839e+04
43, 23, -1.8138497418536758e+05, 3.5457452893542431e+04
43, 24, -3.4942680898140956e+04, -1.4972461957373866e+04
43, 25, 6.4026754226307450e+04, 1.2321756231117273e+05
43, 26, 5.2197003075240689e+04, -1.6194963076523325e+05
43, 27, -8.6495814149223908e+04, 1.7947733546373007e+05
43, 28, -1.5498792842422597e+05, -8.3810219871310444e+04
43, 29, -6.8270230453377017e+03, 2.3995961866982866e+05
43, 30, 9.5904570500651243e+04, -6.6275715024430159e+04
43, 31, 2.1862483746962011e+05, 3.2781080050394819e+04
43, 32, -4.1025465826444793e+04, -1.2492084667883515e+05
43, 33, 1.7425202028413603e+05, -9.9816104293319353e+04
43, 34, -3.1504921026829927e+05, -2.9328196946885604e+04
43, 35, 1.7862721696546709e+05, 5.4801727733061874e+04
43, 36, 1.2134699531006863e+04, 1.7776543080851273e+05
43, 37, 7.3694644359754049e+04, -9.8244903020842641e+04
43, 38, -1.1824760763402504e+05, 1.1097518634737455e+04
43, 39, -1.4606451062807208e+05, 5.8132795512538141e+04
43, 40, 1.1351544116587454e+04, 1.2492185910979354e+05
43, 41, 1.2860326166990513e+05, -2.4957475727726534e+04
43, 42, -1.9493973703340651e+05, -1.0537574864526941e+05
43, 43, -1.9307712827248947e+05, -4.7410977712061860e+04
44, 0, 1.3001881183426180e+05, 0.0000000000000000e+00
44, 1, 1.6459250873026712e+05, -6.0394710282171955e+03
44, 2, -7.3781731087671840e+04, -6.4189988823873391e+03
44, 3, 1.4386355776698736e+05, -5.0498982425785391e+04
44, 4, 8.9204786228297555e+04, 4.7077130481010441e+04
44, 5, 6.4866002482887423e+04, -1.0083720877070518e+05
44, 6, -1.5680082697429840e+05, 1.0939450638842903e+05
44, 7, -1.5299382560979767e+05, 4.4229860458282012e+04
44, 8, -4.2100425033089065e+04, 9.8450187369545252e+04
44, 9, -1.1607116752254684e+04, 3.9496128519293212e+04
44, 10, 1.3193956103335200e+04, -7.0321498222999799e+04
44, 11, 9.4912739067898176e+04, -2.3590885851204631e+05
44, 12, 9.5659615472892110e+03, 2.9674070660205758e+04
44, 13, -7.4371946534840114e+04, -9.9450140228681848e+04
44, 14, 6.4897745236008901e+04, 1.2083036781126808e+05
44, 15, -9.8161922656646071e+04, 7.1124315119150604e+04
44, 16, 1.5731471428516251e+05, -3.1710311342565365e+02
44, 17, 4.3333504069168943e+04, 9.3943554179372404e+03
44, 18, 1.0997702578348097e+05, -4.6077019980002988e+04
44, 19, 2.3266377469312982e+04, -5.5616870344658655e+03
44, 20, -1.1657686709107173e+05, -1.0865483824668988e+05
44, 21, -5.4439408933789935e+04, 8.0354362813000975e+04
44, 22, 7.1504354788660839e+03, 3.9721139514353024e+04
44, 23, -9.4938126272170030e+03, 8.9307356171487954e+03
44, 24, 1.3699540390078671e+05, 7.1245599244707642e+04
44, 25, -3.9235476126474125e+04, -7.0765326993846116e+04
44, 26, 2.1366855884964873e+04, -1.0251697313242216e+05
44, 27, -1.2958283567685549e+05, 5.7358123340540202e+04
44, 28, -2.0112941270243849e+04, 1.2697030582870491e+04
44, 29, -2.5185888268196359e+04, 1.3641414256374227e+05
44, 30, 1.9571988819028408e+05, -8.6009821291195767e+04
44, 31, 2.4667881058570172e+04, -7.9492562754480859e+03
44, 32, -1.9174158776393750e+04, -1.7900234022931565e+05
44, 33, -1.7447466301999619e+05, 7.2232050899989961e+04
44, 34, -1.0418698013335868e+05, -7.4251393583974001e+04
44, 35, 1.3758456447191504e+05, 1.7874246301212811e+05
44, 36, 6.6813501243898500e+03, -7.8259713072930506e+04
44, 37, 1.5481882584280867e+05, -3.9965730327328478e+04
44, 38, -1.8996028943707288e+05, 6.1717227656838491e+04
44, 39, 8.3581551780903101e+04, 7.0549209966443232e+04
44, 40, 1.6966638175977650e+05, 4.1265780255189486e+04
44, 41, -3.7774401497123763e+04, -1.0430929827353460e+05
44, 42, 8.7451459818560470e+04, -2.7457147236419201e+04
44, 43, -2.4862972907343163e+04, 1.5383457218722050e+05
44, 44, 1.0809098176312684e+04, 3.6817342023445375e+05
45, 0, 2.7711888438245005e+04, 0.0000000000000000e+00
45, 1, 1.0124341697152377e+03, 1.1412338263779841e+05
45, 2, -1.2093817780274815e+05, -1.0117911446973472e+05
45, 3, -3.9971897865333944e+04, 2.4882301797368389e+04
45, 4, 2.5344191726091354e+04, -1.1529055092211094e+04
45, 5, 8.8834827663342396e+04, 1.4475153428400235e+04
45, 6, 1.9483149628996216e+04, 7.3758278116645786e+04
45, 7, 5.2949449672965835e+04, 1.5211166687114423e+05
45, 8, -1.6191711379999833e+04, 4.5389469454481878e+04
45, 9, -5.1552576732995010e+04, 1.0910044633922388e+05
45, 10, -1.1694512172979581e+05, -1.7615800906586935e+05
45, 11, -5.3934394943739069e+04, -7.0805004921265703e+04
45, 12, -2.0085776112825033e+05, 2.0727637363781712e+04
45, 13, -1.1803307050163996e+05, -1.4936494260527659e+04
45, 14, -8.9682111132327282e+03, 1.3436823466395639e+05
45, 15, -3.4718535141770531e+04, -2.1324192949586484e+05
45, 16, 1.1643940223702119e+05, 8.6298583260597166e+04
45, 17, 5.1820229703998666e+03, -1.1533933207417221e+05
45, 18, 1.4277987646105839e+05, 1.8809658437257312e+03
45, 19, 3.6214713401559275e+03, -3.5131349074049494e+03
45, 20, 1.8288575513346018e+02, -4.1278104651432855e+04
45, 21, 1.8398100196619878e+04, 1.3200347123398428e+05
45, 22, 1.2246590910672967e+05, -5.7919087047713700e+04
45, 23, 7.9357825562265032e+04, -3.9491050283788834e+04
45, 24, -1.7538607499158083e+04, -6.6494244553537719e+03
45, 25, 9.1722934401003455e+04, -9.4335192803928294e+04
45, 26, -1.1975634396220848e+04, 1.1628974022874954e+04
45, 27, -7.5690388938988748e+04, 1.6179466572146106e+04
45, 28, 1.2277902320904178e+05, 1.0862601609079840e+05
45, 29, -3.2009672697727605e+04, -6.3812868617402106e+04
45, 30, 7.8300803780336893e+04, -7.2823104360278390e+04
45, 31, -1.5278285385560078e+05, -7.6033088576389200e+04
45, 32, -6.9819311285642369e+04, 6.9753356055626879e+04
45, 33, -1.9929660396729282e+05, 9.9118453511568165e+04
45, 34, 8.3374198910421532e+04, 4.6821991334962506e+04
45, 35, -3.2191479695091351e+04, 1.6265414256844564e+04
45, 36, 6.2703227188298479e+04, -1.7089880234928132e+05
45, 37, -2.1880305612249259e+05, 5.4881984944062147e+04
45, 38, -2.9746008509916508e+04, -7.2140445623135136e+04
45, 39, 1.5905396735404403e+05, -2.6391174243552000e+03
45, 40, 1.5174530638038274e+04, -7.0520024194750265e+04
45, 41, -1.0223368509293644e+05, -2.2032692754722119e+05
45, 42, -9.0926247093619633e+04, 1.2231003200819319e+05
45, 43, -1.0507990946407675e+04, -1.5217395412413491e+05
45, 44, 5.4107860634931640e+04, 5.4243081299026835e+03
45, 45, 2.6174101883747670e+05, -1.9615059682428057e+05
