0, 0, 0.0000000000000000e+00, 0.0000000000000000e+00
1, 0, 0.0000000000000000e+00, 0.0000000000000000e+00
1, 1, 0.0000000000000000e+00, 0.0000000000000000e+00
2, 0, 0.0000000000000000e+00, 0.0000000000000000e+00
2, 1, 4.7470874390101841e+01, 2.5633763741973002e+01
2, 2, 1.2877002030417191e+03, -7.1343370831984680e+02
3, 0, 3.2064014290369971e+02, 0.0000000000000000e+00
3, 1, -1.3554307635707579e+02, -6.7964204360917540e+02
3, 2, 3.5854098070247483e+02, -1.5449610325516562e+02
3, 3, -8.3188875682149035e+02, -5.2651388669969049e+02
4, 0, -1.3159584053925147e+02, 0.0000000000000000e+00
4, 1, -1.4843174952853786e+02, -1.2152652110132080e+02
4, 2, 8.5102911279342592e+01, 2.6151997443356311e+02
4, 3, -2.4897469839238113e+02, 1.0758419296002135e+01
4, 4, -2.3876327160447499e+01, 3.8188991311062324e+02
5, 0, 1.7169203670271038e+01, 0.0000000000000000e+00
5, 1, -4.9664540033073212e+00, -3.2819524772551873e+01
5, 2, 1.1643160649476224e+02, 4.6210286932276588e+01
5, 3, -9.2834482494538932e+01, 2.9465345558318575e+01
5, 4, 1.5193258462335854e+02, 6.1602273105804599e+01
5, 5, 1.3386687475041643e+02, -1.1936781185594899e+02
6, 0, -2.6946299895749902e+01, 0.0000000000000000e+00
6, 1, -6.3922970441935398e+01, 3.9817820892333721e+01
6, 2, -4.4471681638882451e+01, -3.8608286008111811e+01
6, 3, -4.5257590691176574e+01, -1.7670261333053215e+01
6, 4, -2.4937760261035454e+01, -7.1437987755602094e+01
6, 5, -3.4518361666962917e+01, -5.3877299719451194e+01
6, 6, -6.9410245910790209e+01, -2.0875025608635063e+01
7, 0, -1.4381818896671032e+01, 0.0000000000000000e+00
7, 1, -4.2295752328271469e+01, 2.0049475032259391e+01
7, 2, -6.3187460133571577e+01, 6.2536419257926141e+00
7, 3, -1.9256121735169994e+01, 7.9524243439695699e+00
7, 4, -7.2969124841115516e+01, 2.3770249656740106e-01
7, 5, 6.1066085257714926e+00, 4.1039212429799136e+01
7, 6, 2.3041817226625739e+01, 5.3833127835717946e+01
7, 7, -7.3125496218167934e+00, 4.1184563555076735e+01
8, 0, -8.2521909424596895e+00, 0.0000000000000000e+00
8, 1, 1.8128495537525278e+00, -1.1691039616246568e+01
8, 2, -4.2682150685702169e+01, -1.1405231137439438e+01
8, 3, 3.0507935756812394e+01, 3.3622441137623177e+01
8, 4, -3.5550665500161017e+01, 3.0385818556292139e+00
8, 5, 6.8881647114455546e+01, 4.4356063939845271e+01
8, 6, 1.5384604013554934e+01, 3.8370469038122252e+01
8, 7, 1.3334165369929455e+01, -3.4408389716310580e+01
8, 8, 2.6061286348567165e+00, 6.3651730490426752e+00
9, 0, 5.3036888784281437e+00, 0.0000000000000000e+00
9, 1, -3.9611080741561890e+00, 1.1087188267183752e+00
9, 2, -2.4916054407968911e+01, -5.2268468581780310e+00
9, 3, 1.7684768900089274e+01, 1.6269646344360108e+01
9, 4, -6.9395012799690257e+00, -3.0901087523857683e+01
9, 5, 4.0417017260187514e+01, 3.1626386484025300e+01
9, 6, -1.3548327408259976e+01, -5.1464715438804154e+00
9, 7, 1.3345138658574490e+01, -2.3593814314315232e+01
9, 8, -2.7674893642984973e+01, 5.3473877907473950e+00
9, 9, 2.0322572587172523e+01, 9.6431837220824459e+00
10, 0, -9.4307587832943653e+00, 0.0000000000000000e+00
10, 1, -1.2178530435319800e+01, -3.9003271116850122e+00
10, 2, -1.9830775969541805e+00, 1.7467999630867865e+01
10, 3, 8.7088358865982087e+00, -5.8540556040692344e+00
10, 4, 1.9166366634851631e+01, -1.9806624587651711e+00
10, 5, -8.1930368638730329e+00, 1.6334722501691907e+01
10, 6, -9.3904895237077728e+00, -2.0056371253681611e+01
10, 7, -5.8165363890956652e+00, 7.7747541040367061e+00
10, 8, -8.4771206915110238e+00, -1.2558615090168628e+01
10, 9, 2.1020258491975223e+01, 1.9958406108053257e+01
10, 10, 4.7297541644541701e+00, -1.0447204516755443e+01
11, 0, 3.5041649582203322e+00, 0.0000000000000000e+00
11, 1, 8.1636851551951111e+00, 2.3346850689233811e+00
11, 2, 3.5098528750003095e+00, 1.4071819408524567e+01
11, 3, 1.6535721050341834e+01, -1.0973515540034333e+01
11, 4, 2.0808979451849087e+01, 9.1306912557931668e+00
11, 5, -1.6119260572410859e+01, -1.2052427538182533e+01
11, 6, 4.6796115196672377e+00, 1.0353166057471745e+00
11, 7, -9.1316368742188043e+00, 1.0092388612002958e+01
11, 8, 1.6004855286875021e+01, -8.5737512273495238e+00
11, 9, 4.7291962945033239e+00, 5.2443813626281326e+00
11, 10, -2.2899797820550609e+00, -2.5142117751111670e+01
11, 11, 1.0599378160014099e+00, 4.4488206447681584e+00
12, 0, -1.5941442990209911e+00, 0.0000000000000000e+00
12, 1, 1.2275741007111117e+01, -2.3263335197920232e-02
12, 2, 1.5250672813398083e+00, -5.2822876821625853e+00
12, 3, 1.5098218914197032e+01, -3.0217870330709786e+00
12, 4, 1.8722492564873656e+00, -1.7476498792582444e+00
12, 5, -6.2518061726346303e+00, -1.0736979085906256e+01
12, 6, 3.8064277079966042e+00, 1.6277317826780877e+01
12, 7, -3.1848767173318069e+00, 2.2017436396478307e+00
12, 8, 1.5186512793621796e+01, 3.0251908999381873e+00
12, 9, -6.0357140667448750e+00, -4.0468236270104425e+00
12, 10, -3.4990395406576660e+00, -1.3462852605846363e+01
12, 11, -8.7308401798160133e+00, 1.8096937468516586e+01
12, 12, 4.7076665574811888e-01, 9.2791481709878842e-01
13, 0, 3.6771273952410359e+00, 0.0000000000000000e+00
13, 1, 5.4603830635850841e+00, -3.8348709181292651e-01
13, 2, -2.4623262897933924e+00, -7.7774757466387632e+00
13, 3, -8.3793791690135033e-01, -6.8671344770886433e-01
13, 4, -6.9667931316620335e-01, -5.5168069466058238e+00
13, 5, -3.4104061234984501e-01, 3.7296880077660117e+00
13, 6, -1.8267727906771829e+00, 8.9389694258529477e+00
13, 7, 6.5878829828378329e+00, -3.3263427881024032e+00
13, 8, 1.8704397855397719e+00, 1.8972001300563207e-01
13, 9, -8.3537019357113067e+00, -6.1702176094570014e+00
13, 10, 7.9146498277247124e-01, 5.1236583343800470e+00
13, 11, -6.3940187881077390e+00, 7.3839230633299335e+00
13, 12, 1.1465439672350632e+01, 3.6872510996742345e+00
13, 13, -4.5462320764581046e+00, -7.6015824074104579e+00
14, 0, -1.1912637295149309e+00, 0.0000000000000000e+00
14, 1, -5.1104592876895429e+00, -1.7859017731539972e+00
14, 2, -2.9439703319599397e+00, 3.4047831749841855e+00
14, 3, -2.7176000888623895e+00, 1.8990273632432153e+00
14, 4, -2.0145737119678966e+00, 7.1279487645982815e+00
14, 5, 3.1691038676298047e+00, 6.8176468717788206e+00
14, 6, 2.6237471927532857e-01, 8.9491429867204175e-01
14, 7, 2.7095323900945241e+00, -1.7616543265167492e+00
14, 8, -6.1433661072169032e+00, -2.9337434222774235e+00
14, 9, -9.8605445822045801e-01, -7.4919907799865380e+00
14, 10, 1.5448559650848848e-01, 1.1047025292358434e+01
14, 11, 5.7881277533380722e+00, -1.5877925305783660e+00
14, 12, 2.7979249115674989e+00, 1.7507776684010867e+00
14, 13, -5.1893477352526114e+00, -1.4222899572902449e+01
14, 14, -9.2266833725071828e-02, 5.0189427381629228e+00
15, 0, -2.6748628805872574e+00, 0.0000000000000000e+00
15, 1, -1.2204062005660408e+00, -1.8952322306394525e+00
15, 2, 2.3968536355732777e+00, 4.3977085194186847e+00
15, 3, 3.1386563072960674e+00, 1.6775643305386823e+00
15, 4, 4.1811916891599248e+00, 5.2413973508470537e+00
15, 5, 5.2773374042272927e+00, 3.0325687358602282e+00
15, 6, 3.2135792172510830e-01, -3.6970748513590457e+00
15, 7, -5.4752242057257643e+00, -2.2731346905934564e+00
15, 8, -6.5063400849156272e+00, -3.0657539417077606e+00
15, 9, 8.5129059693292253e-01, 2.0692483850182977e+00
15, 10, 1.2145172695920190e+00, 9.8207457787667141e-01
15, 11, 4.5184551668140429e+00, -3.3543309634651259e+00
15, 12, -4.8471339837819762e+00, -4.3707825009401216e+00
15, 13, -8.5822539450998414e-01, -4.3009071651252428e+00
15, 14, -1.2018168518790966e+00, 7.6851681954256819e+00
15, 15, 2.5339647093157542e+00, -5.5963290059988369e-01
16, 0, -2.6314886104498063e+00, 0.0000000000000000e+00
16, 1, 1.1032303405632322e+00, 2.6712764065720913e+00
16, 2, 2.9210158824585735e+00, 8.0024317462990757e-01
16, 3, 2.4591720047887051e+00, -2.1548900004727569e+00
16, 4, 4.1658013037861581e+00, 3.4780361051451530e-01
16, 5, 1.7610394110172152e+00, -2.8950061736851667e+00
16, 6, -7.3130233389297405e-01, -1.0858971627892804e+00
16, 7, -2.0917572295882838e+00, -1.3846179415417865e+00
16, 8, -1.2604125736554679e+00, -2.1494289763856602e+00
16, 9, 2.0229255962031001e+00, 4.6428132839914795e+00
16, 10, 2.7397953821260068e+00, -1.5481363762266545e+00
16, 11, 1.6331819936503369e-01, 1.0968078615942924e+00
16, 12, -2.4657339651866059e+00, -3.1819403230345320e+00
16, 13, 3.9188129579240311e-01, 3.0263541838672317e+00
16, 14, 5.6976100347028935e-01, 4.5451136600430182e+00
16, 15, 4.6337117932220382e+00, -1.5494105042108517e+00
16, 16, -9.9461640593587763e-01, -4.3158477356264197e-01
17, 0, 3.5325847914033165e-01, 0.0000000000000000e+00
17, 1, 1.7617260392172294e+00, 2.6622609361411831e+00
17, 2, 9.6709207077346659e-01, -2.9611648992077128e-01
17, 3, 5.4086868736976101e-01, -6.6423409757030272e-01
17, 4, -1.8711878827413460e+00, -8.1226585054004763e-03
17, 5, -2.8585479057365237e+00, -1.1071741730283713e+00
17, 6, -2.5514060386429001e+00, 1.1258192338720061e+00
17, 7, -1.3451894748487176e+00, 1.2060964997448713e+00
17, 8, 1.4950546010566057e+00, 8.2497929420111171e-01
17, 9, 6.4183536380453721e-01, 1.6491733389604559e+00
17, 10, 2.2423247222941463e+00, -1.0371253614205571e+00
17, 11, -1.2379098377709929e+00, 2.9253116176739441e-01
17, 12, -1.1192362372030755e+00, 1.1160516144532187e-01
17, 13, 2.1114000043627037e+00, 3.5174497760954986e+00
17, 14, 1.3379579424635546e+00, 1.9057385164570999e+00
17, 15, 1.4370721937421511e+00, -1.7826024410414161e+00
17, 16, -4.5893926616781178e+00, -2.3627264556835268e+00
17, 17, -4.3236548271175934e-01, -1.2472681938031027e+00
18, 0, 1.0983579415861890e+00, 0.0000000000000000e+00
18, 1, 6.3297914033859171e-01, 2.2282909611270210e+00
18, 2, 2.5683846804823052e-01, -1.3368217353051623e-01
18, 3, 1.1669113256673564e+00, 1.5576566848734203e+00
18, 4, -3.3068968332567206e+00, -5.5175535599308234e-01
18, 5, -7.5480055173807781e-01, 2.3066688963216131e+00
18, 6, -8.4358205242301254e-01, 2.4890042360960094e+00
18, 7, 6.5601018279683587e-01, 6.0340689084554633e-01
18, 8, -3.1068065017004637e-01, 1.0343121483544722e+00
18, 9, -1.8880663415815693e-01, -1.2585830848336230e+00
18, 10, -2.4709614364854851e+00, 4.1477752552685698e-01
18, 11, -1.0896025859591472e+00, 9.7313218664639201e-01
18, 12, -3.2024598166969015e-01, 6.3319241694970407e-01
18, 13, 1.2321278208273858e+00, 9.0314759039103143e-01
18, 14, 1.4142680777703682e+00, -7.8382261048356150e-01
18, 15, -1.4907619510298806e+00, -2.7523575957089679e+00
18, 16, -1.6579276486938801e+00, -7.1277884856070217e-01
18, 17, -5.0565107563130773e-01, 3.8466697278790005e+00
18, 18, -1.5784630989654778e+00, -1.2501247875027570e+00
19, 0, 1.7470516815417572e-02, 0.0000000000000000e+00
19, 1, -1.7859825590366610e-01, -1.5342989395774007e+00
19, 2, 1.4214185468384621e-01, -2.2203738228004011e-01
19, 3, 7.5037389222549086e-02, 6.0983802212149396e-01
19, 4, -5.4693385928226257e-01, -8.1841463292705197e-01
19, 5, 8.3409026414968279e-01, 1.2925009985823468e+00
19, 6, 7.1275522745082365e-01, 5.9764781601084560e-01
19, 7, 1.4611167447460063e+00, -6.0208942822050437e-01
19, 8, -1.3434946500175087e+00, 3.1742325219045298e-01
19, 9, -6.8977829359777032e-01, -1.4068408069719824e+00
19, 10, -1.8724215087419351e+00, 1.3315684181825702e-01
19, 11, -7.0019963747261202e-02, 1.2648791990082828e+00
19, 12, 1.4375662038484233e-01, -1.9256571278518486e-02
19, 13, 7.0031224125704017e-01, 2.5864101736056633e-02
19, 14, -5.1769473083924533e-01, -1.6174948211271498e+00
19, 15, -2.6486480412157478e+00, -1.6824393812074590e+00
19, 16, -5.2203276488661653e-02, 4.8266508331160557e-01
19, 17, 4.6663429739243850e-01, 1.4226789429565023e+00
19, 18, 2.1121343906502754e+00, -1.8822420196830878e+00
19, 19, 1.1057484118582350e+00, 2.4844101008017727e+00
20, 0, -7.9756547934279542e-01, 0.0000000000000000e+00
20, 1, -3.5649460956674245e-01, -1.5501647628482580e+00
20, 2, -1.6256951037521186e-01, 6.5478568732162412e-01
20, 3, -9.9150963437929129e-01, -5.5205301944029916e-01
20, 4, 1.0142084774732636e+00, -4.8958197474211085e-01
20, 5, -4.8641375685107863e-01, 5.2163164900993209e-03
20, 6, -5.2618211441861706e-01, -9.6569891035842814e-01
20, 7, -1.2205765268025778e-01, -3.2097876459706653e-01
20, 8, -8.0577065805006165e-01, -8.5770692690365025e-01
20, 9, -3.1468152529365617e-01, -4.7885811568306436e-01
20, 10, 1.0891273405610920e+00, 9.5886247048001930e-02
20, 11, 2.6600476778051863e-01, 7.7059126631609770e-02
20, 12, 1.3882270571126771e+00, 4.7264482426933419e-01
20, 13, 2.3362922660917254e-01, -9.2255959086940642e-01
20, 14, -8.3976524471135705e-01, -7.4702814014592855e-01
20, 15, -2.1518530505262567e-01, 8.7454140020276538e-01
20, 16, -1.3192723293615558e-01, 6.1459455321788070e-01
20, 17, 1.4038406549215838e+00, 1.0875636601651060e+00
20, 18, -1.1266002254689753e-01, -1.9198112633847753e+00
20, 19, -3.7798098666474927e-01, 2.4653386302760022e-01
20, 20, 1.2998972437141258e+00, -1.1036847841472563e-01
21, 0, -2.3151720524678787e-01, 0.0000000000000000e+00
21, 1, 3.8268251884572524e-01, 9.4557904273234028e-01
21, 2, 1.2042910434980525e-01, 1.3308210991980369e+00
21, 3, 3.3936029142411578e-01, -5.4364049362539657e-01
21, 4, 9.3318228228387312e-01, 3.6034580764246832e-01
21, 5, -8.2322155605726555e-01, -3.5093318316376154e-01
21, 6, -1.4504660179151135e-01, -5.6362977629241673e-01
21, 7, -5.5941835091436853e-01, 7.5886473809301336e-01
21, 8, -1.3528964698402582e-01, -6.9976138480776440e-01
21, 9, 5.4202785364317496e-01, 1.7495277595878983e-01
21, 10, 7.1164140883325133e-01, -3.7356882127948443e-01
21, 11, 7.8357673316092069e-01, 5.5688214114115331e-01
21, 12, -5.5901968706905991e-01, -2.4492548953016666e-01
21, 13, 2.5469433315749697e-02, -1.7257296936787192e-01
21, 14, -3.0790810047615791e-01, 9.7128061555266398e-01
21, 15, 7.7994408540224525e-01, 1.2820240189098182e+00
21, 16, 6.9819302385673421e-01, 1.6470501259923526e-01
21, 17, 6.8862015381461472e-01, 7.5610570905298158e-01
21, 18, -5.9251349588170765e-01, -1.2222711697908002e+00
21, 19, -3.1425170107230815e-01, 1.8725320025462984e+00
21, 20, 4.2642023523672801e-01, 8.3234617486135054e-01
21, 21, -1.6507901500565418e+00, -1.0677472925138740e+00
22, 0, 3.9450529251945743e-01, 0.0000000000000000e+00
22, 1, 8.7423475742327328e-01, 3.3690206109604059e-01
22, 2, -1.3734295984746508e-01, -1.8589605714701318e-01
22, 3, 8.1747184322242483e-01, 1.6368726829594858e-02
22, 4, -4.7070231430677267e-01, 7.3708344959805161e-01
22, 5, -1.3744516280965147e-01, -9.4370022155726929e-02
22, 6, 4.9305069500982079e-01, 1.0070562030748977e+00
22, 7, -5.3395077019881698e-01, 4.3517491297215383e-02
22, 8, 7.2987076341451229e-01, 4.1185120770439010e-01
22, 9, 5.8268108629441415e-02, 1.7822839437787491e-01
22, 10, 5.4702167153554715e-01, -5.0581061173543906e-01
22, 11, 3.0705462275567574e-01, 4.2873703816246939e-01
22, 12, -7.7037416125405267e-01, 6.6412470406073870e-02
22, 13, 3.4948200050901573e-01, 3.4646520576018308e-01
22, 14, 2.5184295418026653e-01, 1.0423446878752665e+00
22, 15, 8.6423407970274269e-01, -5.1092421777606578e-01
22, 16, 4.3633095671418720e-01, 6.0715081339930449e-02
22, 17, -7.8629470864822981e-01, -5.3953172573209185e-01
22, 18, 2.5627141409582721e-01, -5.0044120066000175e-02
22, 19, -9.0878019023387369e-01, 8.2196691545568679e-01
22, 20, 9.7557288761074856e-01, -1.6719942335397436e-01
22, 21, -5.6360978719705390e-01, -1.2883703678453073e+00
22, 22, 1.8550367032722043e-01, 6.5975975475771786e-01
23, 0, -1.2739364139090251e-01, 0.0000000000000000e+00
23, 1, -4.3658862826868150e-01, -1.0506452477859596e-01
23, 2, -3.4161134033944696e-01, -8.3521841270505170e-01
23, 3, -2.3289031531358931e-01, 2.8077110367758473e-01
23, 4, -7.5743514748664376e-01, -1.1867191875582925e-01
23, 5, 6.1524116919696881e-01, -3.5663357988217292e-01
23, 6, -6.9663949993576946e-01, 9.4576602208270055e-01
23, 7, 4.9399665334578158e-01, -6.1490277763942813e-01
23, 8, 3.3579729473185205e-01, 5.5282768068180199e-01
23, 9, -5.8416072216597732e-02, -2.4028431068902392e-01
23, 10, 1.9390270074332921e-01, 4.3087492472545119e-01
23, 11, -5.5636476767464749e-01, 5.1028524023477650e-01
23, 12, -1.1638480881565132e-01, 1.2512445489836738e-01
23, 13, 4.4060372808089576e-01, 1.0518568748253812e-01
23, 14, 1.1921997263875742e-01, 6.9606882823032745e-01
23, 15, 5.2002988610332535e-01, -1.3566833741257431e+00
23, 16, -8.0867539646423570e-01, -2.0225428077698263e-01
23, 17, -5.9047979544699669e-01, -1.4416518791935309e+00
23, 18, 2.5561987475360598e-01, 1.0772689094479966e+00
23, 19, -8.4797189209378443e-01, -1.4505507317872388e-01
23, 20, 9.6705706322257956e-01, -8.0352673960440421e-02
23, 21, -8.3382426906448648e-01, -1.2216751004867179e+00
23, 22, -3.6078408625547947e-01, 2.7150382893829522e-01
23, 23, 1.0579343269134416e+00, -3.7487154928736244e-01
24, 0, -3.7863113544921534e-01, 0.0000000000000000e+00
24, 1, -3.4405805153674590e-01, -3.4524547827142854e-01
24, 2, -5.3943708201821747e-03, 2.8462721548584186e-01
24, 3, -5.9891900596413683e-01, 4.1964532394526266e-01
24, 4, -4.2425685371285077e-02, -2.2896017770290308e-01
24, 5, 5.1234452890565896e-01, 2.7564004956435784e-01
24, 6, -5.6845797087105765e-01, -6.9465424954946314e-03
24, 7, 6.9036238490113000e-01, -8.3972019315924684e-01
24, 8, -2.9127024432617588e-01, -1.3937743065722852e-01
24, 9, -1.8025950775209670e-01, -5.4654633693085208e-01
24, 10, 2.1742515226975928e-01, 4.4363985449372645e-01
24, 11, -1.9103835403130112e-03, -5.3358437613691734e-01
24, 12, 5.2341093436467878e-01, 5.2519114152156732e-01
24, 13, -2.0168029322969477e-01, 3.9248130719638147e-02
24, 14, -8.6023703005281629e-03, -6.6470441809808933e-01
24, 15, -3.8448583440423578e-01, 7.7311960073129585e-02
24, 16, -9.8639019174001508e-01, -5.6008421428447852e-01
24, 17, 1.9687335645220608e-01, 1.8840241503876847e-02
24, 18, -6.1735546024668952e-01, 9.7904363187060506e-01
24, 19, 5.4778037724370887e-01, -6.5195806643331333e-01
24, 20, 1.8171633264697459e-01, 2.1328280451576870e-01
24, 21, 2.9592358674059481e-02, -7.4578596221450344e-01
24, 22, 1.9218212711614310e-01, 1.1624118193203106e+00
24, 23, 9.5709406301638311e-01, 5.0015431845861665e-02
24, 24, -4.6250417933616372e-01, -2.0064865076315727e-01
25, 0, 2.0130880553843883e-01, 0.0000000000000000e+00
25, 1, 1.4763427827354741e-01, 3.7875649410974835e-02
25, 2, 2.8024735205957996e-01, 5.5892381011653813e-01
25, 3, -1.3019194055081301e-01, 2.2526752678091652e-01
25, 4, 9.4382580216651080e-01, -2.5314172938382556e-01
25, 5, -4.0449809857747238e-01, 4.5531871188875589e-01
25, 6, 2.5009918534878767e-01, -4.8473074538484834e-01
25, 7, -1.2596003186522442e-01, -4.2831643843493589e-01
25, 8, -3.2320778689149021e-01, -2.4960965797237425e-01
25, 9, -1.1258470485759563e-01, -3.1341108036736753e-01
25, 10, -2.6517754091755519e-01, 3.4744700593540445e-01
25, 11, 6.6440748776930825e-01, -6.0464388705494221e-01
25, 12, 4.7981177661040353e-01, 3.7927202504799540e-01
25, 13, 2.5161345842072691e-03, -4.1148049617770260e-01
25, 14, 1.1598850286181490e-01, -3.8300393304646529e-01
25, 15, -6.6013104957810653e-01, 1.7626147707508580e-01
25, 16, 1.4900515697173047e-01, -3.9721592328767058e-01
25, 17, 4.9138746930177657e-01, 1.1843256295451985e+00
25, 18, -2.2469200141246579e-01, -9.6158215808822584e-02
25, 19, 9.7736775795841646e-01, 7.9057023657992442e-02
25, 20, -7.8803131149070382e-01, -1.6102629118982559e-01
25, 21, 1.0244685366119364e+00, -2.6085859237770009e-01
25, 22, -4.6376259040636597e-01, 6.6344721106684312e-01
25, 23, 7.5700808616810500e-01, -6.5706127299166228e-01
25, 24, -4.2880883883038989e-01, -1.5018007044500037e-01
25, 25, -2.1594520088212463e-01, 4.1898253212787040e-01
26, 0, 2.9954203313868616e-01, 0.0000000000000000e+00
26, 1, 2.1222086080881117e-01, 5.3138164969183244e-01
26, 2, 2.4886132872997241e-01, 2.6661377023315044e-03
26, 3, 1.4062067272959572e-01, -1.5962519386328655e-01
26, 4, 4.7795998572612403e-01, -2.3139638664444789e-01
26, 5, -2.7546317419400995e-01, -2.4561697801441024e-01
26, 6, 4.4637870317372519e-01, -3.8827892817889384e-02
26, 7, -1.4671501461858316e-01, 2.7882565280811450e-01
26, 8, -6.0958091069702458e-02, -9.2918955103596546e-02
26, 9, 5.9855659980245744e-02, 6.6502019249903654e-01
26, 10, -1.5813227820276812e-01, -6.9641171787446096e-02
26, 11, 6.2027185836369592e-01, 2.8242135849755412e-01
26, 12, -3.0937957002981942e-01, 1.1316722378694703e-01
26, 13, -5.0359084934371190e-02, 2.6498979880771635e-04
26, 14, -1.6153077399728780e-01, 8.8234507278724394e-02
26, 15, -1.2824250056356845e-01, 7.4931937359910133e-02
26, 16, 6.4097584709288158e-01, 1.5199027847585914e-01
26, 17, 3.5483403690074383e-01, 9.3965086615924898e-02
26, 18, 3.5835073569354914e-01, -6.2946162194112798e-01
26, 19, 8.3817677679862909e-03, 1.6527345986929076e-01
26, 20, -1.6703845388002148e-01, -4.7887516734121505e-01
26, 21, 3.5668107054900344e-01, 7.2834716151203382e-01
26, 22, -5.6016694691636015e-01, -5.1944701821745931e-02
26, 23, 3.3926547745732705e-01, -2.9894323941860362e-01
26, 24, -9.9186946240002549e-01, -7.5708799482573946e-02
26, 25, -3.6517337067497913e-01, 5.4640803535026772e-01
26, 26, 2.1095624314355296e-01, -5.7807305025878497e-01
27, 0, 2.9882181761128507e-01, 0.0000000000000000e+00
27, 1, -5.9028311338241359e-02, 3.7549141326465058e-02
27, 2, -6.0352293158526405e-03, -3.4999371865019879e-01
27, 3, -1.4664021522455964e-01, -3.5507518338005217e-01
27, 4, -4.1910512087680163e-01, -1.2131950337283209e-01
27, 5, -1.1433606115330805e-01, -3.5740778800990153e-01
27, 6, -3.5851531444323564e-01, 3.8323747535892677e-01
27, 7, 1.9473912167370162e-02, 1.4386158789814182e-01
27, 8, 4.2563671020415145e-01, -9.5416358846385149e-02
27, 9, 4.3922079973806663e-03, 4.9316384957775700e-01
27, 10, 3.3308920622791699e-01, -2.2091337603106845e-02
27, 11, 2.3561355927841088e-01, 2.4782920452564128e-01
27, 12, -9.1250915214752357e-02, 8.0051886725743000e-03
27, 13, 9.9557487440247019e-02, 1.2576436668556157e-01
27, 14, -2.5873280700020324e-01, 2.8359540846469165e-02
27, 15, 4.4455097347347747e-02, -1.1450754375894742e-01
27, 16, 1.0263705362270709e-01, 3.0164443250918971e-01
27, 17, -2.5186483997936776e-01, -4.7370430171097577e-01
27, 18, 2.6357235513389768e-02, -1.9079911876031097e-01
27, 19, -8.8594136326908157e-01, -2.1814037764354705e-01
27, 20, 3.2710172418253286e-01, 8.2099972065943716e-02
27, 21, -3.5351353716967771e-01, 3.4588433263914659e-01
27, 22, 2.6968277251929779e-01, -4.4839791832987508e-01
27, 23, -1.7494411540343252e-01, 3.2256276699172282e-01
27, 24, -2.0895544983218445e-01, -5.7200274084318090e-02
27, 25, 1.0739587893779037e-01, 7.0286130609229136e-01
27, 26, 3.2344080282439841e-01, -4.1842000627257847e-01
27, 27, -5.8205965708910401e-01, 3.3504779424076536e-02
28, 0, -3.6776348654793845e-02, 0.0000000000000000e+00
28, 1, -1.7205731372067429e-01, -1.0700516664042398e-01
28, 2, -3.4362909929427010e-01, -2.7724400282166750e-01
28, 3, -2.0488100375053439e-01, 3.2271589953952212e-01
28, 4, -4.0846279367274319e-01, -6.0411959372520259e-02
28, 5, 6.8004437038093904e-02, -4.1419932190029027e-03
28, 6, -5.0182491068535540e-01, 2.8604900379415804e-01
28, 7, 2.0286250882429419e-01, -2.5615178300606750e-01
28, 8, 2.7790213325298901e-01, 2.1980459965240864e-02
28, 9, -9.0767171433971838e-02, -4.7318074634857116e-01
28, 10, 9.6007940124010732e-02, 2.0051768049185226e-02
28, 11, -2.1296670275035368e-01, -3.0890802798760281e-01
28, 12, -8.4526665371162685e-02, 3.0384209819149112e-02
28, 13, 1.3518617629564172e-01, -5.9959955323065778e-02
28, 14, -1.1880696708793420e-01, -1.6103171497832389e-01
28, 15, 1.0023001263975051e-01, -1.5474614031435330e-01
28, 16, -1.8753343351394336e-01, -8.8366755988759996e-02
28, 17, -1.3329266582780633e-01, -4.3560685352598100e-01
28, 18, -3.0331258036643904e-01, 3.5122893546113765e-01
28, 19, -3.6440037815579063e-01, -6.8979884435767358e-02
28, 20, 2.8998995661124005e-01, 4.5581017469471052e-01
28, 21, -2.0981300599963706e-01, -1.5539909345526196e-01
28, 22, 3.9705703106234258e-01, -7.3897561965901304e-02
28, 23, -4.0543114752138248e-01, -1.5472695394491140e-01
28, 24, 2.9983596786871297e-01, -1.8038707243606580e-01
28, 25, 6.1609465399344407e-02, 1.1167731022980223e-01
28, 26, 4.2491834387888749e-01, -5.7526836276354598e-01
28, 27, -3.6033981390973427e-02, -6.0718979979425110e-02
28, 28, 1.5213722311462499e-01, 6.3290552022141011e-01
29, 0, -1.0657083393831766e-01, 0.0000000000000000e+00
29, 1, -4.9760185602655466e-02, -1.8793013072816198e-01
29, 2, -1.1285552539098698e-01, -8.1125591007542922e-03
29, 3, -1.0373512715302852e-01, 3.1342359709797396e-01
29, 4, 1.6887012948899466e-01, -7.6241192284195916e-02
29, 5, 1.2264505051616212e-01, 1.5975775030126771e-01
29, 6, 7.8005804598304848e-02, -3.6597638859541329e-02
29, 7, 2.6094534894571775e-01, -1.6667327491562897e-01
29, 8, 4.4312632691496802e-02, 1.3031404698383271e-02
29, 9, -1.0144728452941995e-01, -3.4563388631988529e-01
29, 10, -1.4868058641719731e-01, 5.1910851399908031e-02
29, 11, -3.1921998661972889e-01, -7.4048950599729671e-02
29, 12, 1.5812536536554986e-01, -1.0172452594567645e-01
29, 13, -1.9157682671757037e-01, -2.5779605922019840e-02
29, 14, -3.7941819538548159e-02, -1.3957418011864153e-01
29, 15, -6.1130827004480581e-02, -1.3003972562874358e-01
29, 16, -1.2823861243724771e-01, -3.3784338674824735e-02
29, 17, 1.0280862184785678e-02, 7.9449291848453507e-02
29, 18, -9.4556674386025857e-03, 8.5191683905254362e-02
29, 19, 1.9548098129915939e-01, 3.5866448496867889e-02
29, 20, 1.1878858982810826e-01, 7.9495813626740353e-02
29, 21, 1.6795980200374297e-01, -2.7106050605188403e-01
29, 22, -1.0284881855489271e-01, 6.1294796596706065e-04
29, 23, -5.5143839453986390e-02, -3.1574217850623149e-01
29, 24, 9.0831177743996155e-02, 3.0697696860870916e-01
29, 25, -8.1068725499174946e-02, -2.9136189270397561e-01
29, 26, 1.4994768803879382e-02, -2.5090620714179973e-01
29, 27, -4.5953559101046276e-01, -6.8641477102645843e-02
29, 28, 3.0559176247334469e-02, 2.4176157926784372e-01
29, 29, 1.4932275926173108e-01, -1.6258740239134020e-01
30, 0, -8.5572606023824778e-04, 0.0000000000000000e+00
30, 1, 1.3632783197306320e-01, -2.3807474159221113e-03
30, 2, 1.8568097866367977e-01, 3.1898191655334460e-02
30, 3, 3.9492181980764512e-02, 9.6030908903319331e-03
30, 4, 2.4392025706704787e-01, -2.0841922522474737e-01
30, 5, 8.8977659904191431e-02, -1.2751433675659377e-01
30, 6, 1.1129759761921451e-01, -3.3188167981033645e-01
30, 7, 6.2710670621820230e-02, -1.5194825640232107e-02
30, 8, -4.0041235919356322e-02, -1.0327438370151973e-01
30, 9, 8.2709429356078612e-02, -1.3585309493694658e-02
30, 10, -6.3238582923808573e-02, 2.2531989416224724e-01
30, 11, -1.2367420666786878e-01, 9.1380919776016492e-02
30, 12, 2.7599482568740308e-01, -1.0271468638108183e-01
30, 13, -8.9025325855443149e-02, -4.5563167166972993e-02
30, 14, 1.1625385069301722e-01, 5.2461315279316648e-03
30, 15, -1.0456105204362244e-01, 1.0700621477824357e-02
30, 16, -3.7672552739460623e-02, -4.2497980332488389e-02
30, 17, 1.1300846658149943e-01, 1.5417474476254381e-01
30, 18, 5.6769219986157249e-02, 1.3365603429856038e-02
30, 19, 2.0249085574734069e-01, -5.4977658598382426e-02
30, 20, -1.2471183129715153e-01, -1.4545401125573582e-01
30, 21, 4.4964041607955488e-02, -7.6432289016124033e-02
30, 22, -1.9432111406564928e-01, -2.4104456104283155e-02
30, 23, 1.3973492506433341e-01, -6.2899013755472813e-02
30, 24, -8.6908414931149008e-02, 1.9586677693311111e-01
30, 25, 1.8099350285371024e-01, -2.2684838162205362e-01
30, 26, -1.1671260940535752e-01, 2.9518734661695262e-01
30, 27, -2.7513081568036357e-01, 2.0025576220210684e-01
30, 28, 1.9189642833379431e-01, 3.1584015926155262e-01
30, 29, -1.5317781525899432e-02, -5.1078731798433197e-02
30, 30, -8.2542085949613681e-02, -8.1928013611364519e-03
31, 0, -1.0734321504482953e-01, 0.0000000000000000e+00
31, 1, 4.9004622053518382e-02, 7.2270784664255697e-02
31, 2, -6.9330269738876793e-02, -3.0902167426764181e-02
31, 3, 2.0433164523563713e-02, -4.4346837661353597e-02
31, 4, 3.2899155668797572e-02, -1.0584615903371120e-02
31, 5, -6.7464610190328192e-02, -1.5015560661733005e-01
31, 6, -3.7508266636752399e-02, -8.6606257246815227e-02
31, 7, -1.8888231964598404e-01, 1.1460219698696984e-01
31, 8, 1.0067362510989259e-02, -3.2522884598914975e-02
31, 9, 1.0727014813958861e-01, 3.7611464362353846e-02
31, 10, 6.5199914868009939e-02, 2.0091892696450780e-01
31, 11, 1.5037336001058219e-01, -1.5530485522351592e-01
31, 12, 8.6663326575486074e-02, 1.9057464115095374e-02
31, 13, -2.9747636843881323e-02, -1.2074123305294795e-01
31, 14, 6.6686641934602733e-03, 8.3329500485658875e-02
31, 15, -6.2926306134858959e-02, -2.3129099327917943e-02
31, 16, 1.0803186053004774e-01, 1.2427165015544840e-02
31, 17, 4.9748245840063259e-02, -3.2467813427850364e-02
31, 18, -2.5086280902728311e-02, -1.5105276896562866e-01
31, 19, -5.8014836031662673e-02, -9.1856603005459947e-02
31, 20, -3.3112867182987049e-01, -1.3735737428124786e-01
31, 21, -4.9261085315384281e-03, -1.4519483844296329e-02
31, 22, -1.0121099382943290e-01, 1.3489865375724674e-01
31, 23, 8.4421871591611533e-02, 1.3640596699696733e-01
31, 24, -3.3410449937350956e-02, -9.5912492394968796e-02
31, 25, -9.4312737923102630e-03, 1.3711037499357915e-02
31, 26, -1.4464605823000543e-01, 3.4616062578650332e-02
31, 27, 7.8620982114645965e-02, 1.1684107755434113e-01
31, 28, 3.1266571884886496e-01, 1.0913034839466770e-01
31, 29, 6.5528553991190758e-02, -1.5790576982014051e-01
31, 30, -1.8647605178336871e-02, -1.8265249956150312e-01
31, 31, 1.3760520491235720e-01, -3.8273923112143650e-02
32, 0, -1.1490448384984356e-01, 0.0000000000000000e+00
32, 1, 4.1628812958453915e-02, 1.4617111332933644e-01
32, 2, -1.1900001436418804e-01, -1.3725150081758936e-01
32, 3, 1.2704411838775889e-01, -8.7014942986929772e-03
32, 4, -1.5224250717696289e-01, -5.1742037974998767e-02
32, 5, -7.1760632961789181e-02, 4.2022588232800272e-02
32, 6, 2.7924799301187828e-03, 1.5860468896962246e-01
32, 7, -1.3027196328625570e-01, 1.1869020757570319e-01
32, 8, 1.8400982235958890e-01, 2.5380490027181180e-02
32, 9, 1.5699040362429167e-02, 7.0966378239694330e-02
32, 10, 2.7243274413030871e-02, -7.0194856105365327e-02
32, 11, 3.5323608600593061e-02, -4.6774565045009556e-02
32, 12, -4.9384895269646213e-02, -7.3765304574666783e-03
32, 13, -3.0991508999406770e-02, -2.1444333704157985e-02
32, 14, -9.1367715914044446e-03, 1.4668192654272877e-01
32, 15, -2.4372705145616506e-02, -7.0009165501865214e-02
32, 16, 1.2326878798275448e-01, 4.0407221257966267e-02
32, 17, -9.7038441938666307e-03, 2.0602618531721118e-02
32, 18, -6.4885273077220834e-02, -1.2282597836251246e-02
32, 19, -1.6584671438296553e-01, 8.9464088879908713e-02
32, 20, -1.4340780201904840e-01, -4.2095305250918397e-02
32, 21, 6.6683880644231835e-02, 1.7724412063336695e-01
32, 22, 8.8600765352873950e-02, 5.1781681496685258e-02
32, 23, 2.1795057624124196e-02, -8.7519334837395879e-02
32, 24, 2.1275787142284737e-02, -1.2296163310001362e-01
32, 25, -9.0836615302470253e-02, 1.0578170396347662e-01
32, 26, -2.7197242327742125e-02, 4.9868501113130008e-02
32, 27, 3.9710497183666378e-02, 9.1828319479455259e-02
32, 28, 3.5471164544900326e-02, -2.1819361726291769e-01
32, 29, -5.4186297588706411e-02, -1.4911448296473201e-01
32, 30, -1.2089953486733779e-01, 4.4398477971620276e-02
32, 31, -8.2412682019258637e-02, -4.9441950339166853e-02
32, 32, -5.6416913748313258e-02, -5.3074548317726580e-02
33, 0, 6.4868947674467867e-02, 0.0000000000000000e+00
33, 1, 3.9743190807069687e-02, 7.4782275590111691e-02
33, 2, -4.2375897933853546e-02, -1.5179612947195953e-01
33, 3, 9.5147304664272028e-02, 7.5295694046647016e-02
33, 4, -5.4350168052680996e-02, -2.9940364790180522e-02
33, 5, 1.0548449189644256e-01, -3.1031857295194327e-02
33, 6, 1.0146891530677427e-01, 2.0011142598878320e-01
33, 7, 6.1081193324405980e-02, -2.0491082272989447e-01
33, 8, 9.1548901572120145e-02, 1.0422210549433991e-01
33, 9, -5.0233354036436126e-02, -7.2258658714689117e-02
33, 10, 2.7051244015755972e-03, 2.9265226177735701e-03
33, 11, -1.1702065025882009e-01, 1.1034214483054634e-01
33, 12, -1.3060307477640082e-01, 1.5405521531609031e-02
33, 13, -1.1108264437408217e-02, 1.5969804963189282e-02
33, 14, -3.9871757802647775e-02, 1.6846593477979354e-02
33, 15, 8.0150487699214013e-02, -6.8959206749063556e-02
33, 16, -1.5428914288472118e-02, 3.8080236506456082e-02
33, 17, -2.6774559526036731e-02, -1.2583446529249488e-02
33, 18, 9.6427117447401192e-02, -2.9886096176658092e-02
33, 19, -1.6001689421215073e-01, 1.3511265485259857e-01
33, 20, 1.0811021416508079e-01, 3.1433177199001114e-02
33, 21, 2.3254959303368537e-02, 1.7327147346950394e-01
33, 22, 4.8411138604454569e-02, -8.4236342388830682e-02
33, 23, 1.3915131808636389e-02, -8.7304189867364559e-02
33, 24, -7.9481100383189562e-02, -8.7544578408675855e-02
33, 25, -1.2068639968079296e-02, 2.9721022828058215e-02
33, 26, 2.3311519912016396e-02, 7.5304273031854857e-02
33, 27, 3.8824153252146720e-02, -2.8478717481987895e-02
33, 28, 4.3579704447677003e-02, -1.2955396304716002e-01
33, 29, -1.1302436792574989e-01, -1.1447208925824267e-02
33, 30, -1.0454040881934433e-01, 1.1743546123132127e-01
33, 31, 1.1235195572301215e-01, 1.5032322315330667e-02
33, 32, -3.4194410110594958e-02, 2.7810486407167473e-01
33, 33, -2.9354420174534310e-02, 4.9756094185372177e-02
34, 0, 9.5930970774404697e-02, 0.0000000000000000e+00
34, 1, -4.9854724314705987e-02, 3.5614937629171617e-02
34, 2, 6.4207153152075327e-02, -3.9061160848490629e-02
34, 3, -5.1992808078744630e-02, 1.1606700816394383e-01
34, 4, 2.1564195248396898e-02, -6.9941950587417340e-02
34, 5, 8.9197456572028155e-02, 4.2982335976933288e-02
34, 6, 6.0487081727551078e-03, -9.6093948175482394e-03
34, 7, 1.1018960536481191e-01, -1.5026338311070436e-01
34, 8, -1.3867790324630319e-02, -8.7191541852914937e-03
34, 9, -4.0474893599589688e-02, -7.2271388282424812e-02
34, 10, 9.8097253872174751e-03, 7.2336737105404697e-02
34, 11, -7.1710887965749676e-02, 1.4924201776211590e-01
34, 12, 5.0238062150260367e-02, 2.6791815165882818e-02
34, 13, 3.9389956981856405e-02, 6.8071203154433310e-02
34, 14, -2.0735713843491765e-02, -6.6618369631601046e-02
34, 15, 6.7060351816716504e-02, -5.1045478236042746e-02
34, 16, -1.5374656647177176e-01, 4.2788836358983555e-03
34, 17, 5.8253837254255536e-02, -4.6861458958403587e-02
34, 18, 1.8725343863258678e-02, 6.5740938363556337e-02
34, 19, -1.0224137487417474e-02, -1.3355791143550433e-01
34, 20, 1.0329136929460511e-01, 6.0717679852071299e-02
34, 21, -2.9496172260138159e-02, -7.7541248585462130e-02
34, 22, 5.6282278638832908e-02, -7.3091602692742855e-02
34, 23, -8.9208279994022560e-02, 2.8908782359646376e-02
34, 24, -6.3989615476973127e-02, 3.5569329194304125e-03
34, 25, 7.0061170143551441e-02, 5.7042420457982343e-02
34, 26, -5.5446709379296875e-02, 7.2812887421904574e-02
34, 27, 7.9946590973326986e-02, -7.8721649892499385e-02
34, 28, -4.8629649089623729e-02, 3.7090361304424040e-03
34, 29, -7.0978195871495953e-02, -5.8395510109987607e-02
34, 30, -1.9640378816244742e-02, 1.4475744505396776e-01
34, 31, 1.7603892390131057e-01, -5.3732888668821088e-02
34, 32, -6.9489125272875887e-02, -6.8032378449762676e-02
34, 33, 2.4713011564322032e-01, -4.5881345931235457e-03
34, 34, 1.7393890789461327e-03, -2.8799287385040350e-02
35, 0, -1.8135039141105046e-02, 0.0000000000000000e+00
35, 1, -4.3480439691643599e-02, -8.6773085280491935e-02
35, 2, 1.6740612981468346e-02, 4.1254185785633390e-02
35, 3, -3.6258838845575944e-02, 4.4423383535083759e-02
35, 4, 1.1085007206129109e-01, -5.0996027152883094e-02
35, 5, -3.5629699413078794e-02, 1.2826401605146703e-01
35, 6, -9.2423191609205924e-02, -1.0988208873322564e-01
35, 7, -2.0941021604903680e-02, 5.4839691661790591e-02
35, 8, -1.0533535786753287e-01, -5.6258792150405176e-02
35, 9, 2.0053172503509478e-02, 2.5479760235415254e-02
35, 10, 3.3245738243234853e-02, 4.5256046884326634e-02
35, 11, 2.4307573479974379e-02, -1.4893821774104161e-02
35, 12, 9.1135571874645577e-02, -2.4067788006914198e-02
35, 13, 2.9120375299263413e-02, -4.8740417893488285e-03
35, 14, 4.1871113346282698e-02, -5.0397283364581866e-02
35, 15, -4.7916404138477128e-02, 1.0139034403464517e-01
35, 16, -7.2942299411419026e-02, -5.6091357580652139e-02
35, 17, 8.9285201402512837e-02, 4.1227971797489285e-02
35, 18, -7.6803686035218338e-02, 3.2424660606305361e-02
35, 19, 5.5275683541067364e-02, -4.5467047227029204e-02
35, 20, -9.0900780646127582e-02, 6.7119827370791571e-02
35, 21, -3.2855183884786775e-02, -1.3967395232602509e-01
35, 22, -3.8194812107933254e-02, 6.6454834197402765e-02
35, 23, -8.2649192270757652e-03, -4.6258624360569101e-02
35, 24, 8.6266387090511112e-02, 2.6141175973479133e-03
35, 25, 2.9349802630701277e-02, 2.7331370302789357e-02
35, 26, -5.1172219116588195e-03, -3.0695912473142413e-02
35, 27, 4.9808165630898710e-02, 1.5886665408714737e-02
35, 28, -8.6458788141823034e-02, -1.4978953640556111e-03
35, 29, 6.9870800069034927e-02, 3.1252381140373625e-02
35, 30, -6.4217576597938114e-02, 6.5767916377686780e-02
35, 31, 4.1056795524135603e-02, -1.2988587844884851e-02
35, 32, -1.2421832707165439e-01, -1.4223295718935716e-01
35, 33, 4.3003169504198288e-02, 1.2751143301662665e-01
35, 34, -8.4200431732380232e-02, -1.9343183765679217e-01
35, 35, -6.6238131707108225e-02, -1.9293615871001722e-02
36, 0, -1.0089469210945738e-01, 0.0000000000000000e+00
36, 1, 4.7262319774872906e-02, 1.2946163825732892e-02
36, 2, -6.5984831145698433e-02, 6.9088181615688971e-02
36, 3, 5.9294437851697940e-02, -2.9946185822262817e-02
36, 4, 9.2976894999181270e-02, 1.2572711091703562e-02
36, 5, -4.8522922277307215e-02, -6.7043848156483829e-03
36, 6, 6.5875895145996788e-02, -4.7852326570568416e-03
36, 7, -4.2760960022963299e-02, 6.7236072243796935e-02
36, 8, -3.7954823539128858e-02, 2.1151415471752703e-02
36, 9, 4.1290553916993877e-02, 3.1356995899484180e-02
36, 10, -3.6065575298366431e-02, -2.8358797246203080e-02
36, 11, 4.0430373159180737e-02, -2.2322558161431992e-02
36, 12, 3.3410121579154642e-02, 2.7998253363421752e-03
36, 13, -9.0883448946756956e-02, -9.9669817762908786e-02
36, 14, 5.8688911176591897e-02, 3.0963819064239197e-02
36, 15, -1.5019216822500722e-01, 5.1896390488795505e-02
36, 16, 8.5795022275776636e-02, 6.3072805442859897e-03
36, 17, -1.0458659168465019e-03, 6.5043236955253700e-02
36, 18, 2.0376594602953529e-02, -8.5670852343383952e-02
36, 19, 5.0188723776385322e-02, 4.9036116740101762e-02
36, 20, -1.0581106561971645e-01, -5.4925208539037970e-02
36, 21, -4.9350837690995478e-02, 2.3023883500777057e-02
36, 22, -3.2637497163459324e-02, 5.7511467388731349e-02
36, 23, -1.4271770562012576e-03, -5.6483180595426355e-02
36, 24, 6.7822616238760611e-02, 3.8519636719213254e-02
36, 25, -1.8015169814618918e-02, -5.7716962506934366e-02
36, 26, 5.7205550323652750e-03, -2.9099159184779972e-02
36, 27, -3.2214295879537697e-02, 3.1565322907108923e-02
36, 28, 6.1700082555563559e-03, -1.0894561019928770e-01
36, 29, 7.6516534553006665e-02, 1.1330212223585839e-01
36, 30, 4.5444885989449207e-02, -1.0610743254453689e-01
36, 31, 6.0117634837252763e-02, 9.3060904968307434e-02
36, 32, -1.0692894790182839e-01, -2.3264495447971108e-02
36, 33, -4.0521251295852996e-02, 1.5826783054687618e-01
36, 34, 4.4874554514874432e-02, -8.1093724273378132e-02
36, 35, -1.0007746704047830e-01, 9.9954460394483025e-02
36, 36, 3.8620049447436938e-02, 1.1859524576913466e-01
37, 0, 3.5844855181597336e-02, 0.0000000000000000e+00
37, 1, 5.4542960846416182e-02, 9.9788929946657820e-02
37, 2, -3.7733601157188809e-02, 1.5900224555427177e-02
37, 3, 7.0186327004305937e-02, -2.8532581350373572e-02
37, 4, -4.7249800431205816e-02, -8.6289225823659478e-03
37, 5, -4.2485439288792552e-02, -6.2783577446512598e-02
37, 6, 8.6628991623688548e-02, 5.6490574512766928e-02
37, 7, -2.2511063439966342e-02, 9.2804906245123071e-03
37, 8, 1.2308532462360006e-01, 4.5107410369204036e-02
37, 9, 4.8166435914284489e-02, 2.5933635798483796e-02
37, 10, -1.3715957923642161e-03, -1.9326079551377641e-02
37, 11, -4.5881860967961180e-02, 2.7064892195357893e-02
37, 12, -3.3762124189454526e-02, 5.5540216260282764e-02
37, 13, -3.0925336183201771e-02, -3.2434880784718303e-02
37, 14, 3.8281403575397572e-03, 1.1608526448503712e-01
37, 15, -2.6823395491353281e-02, -1.7422485029812952e-02
37, 16, 7.5946105468056219e-02, 5.9057594558603200e-03
37, 17, -3.1475998410515543e-02, -6.0289523721764535e-02
37, 18, 6.6005635868062809e-02, -6.3855293137986990e-02
37, 19, -5.4205707810835377e-02, 3.8158486594142074e-02
37, 20, -3.4374343781157612e-02, -5.1937309051281084e-02
37, 21, 2.9426054675875820e-03, 5.5603919966644162e-02
37, 22, -2.6689490555612354e-02, -2.7487607808364799e-02
37, 23, 7.0745589245208310e-02, -1.3363233043430576e-02
37, 24, -1.6139197404771592e-02, 1.7602292977853323e-03
37, 25, -3.4574262793377886e-02, -3.1258405996311196e-02
37, 26, 1.5980752838848221e-02, 4.1317859615201125e-02
37, 27, -7.5378376998367858e-02, 3.2013498708727564e-02
37, 28, 9.2958378326546756e-02, 4.1960242996307278e-03
37, 29, -4.2145090344964012e-02, 4.9750596596112889e-02
37, 30, 5.3795305057395632e-02, -1.4805832713948000e-01
37, 31, -7.8992556096120312e-02, 5.8738011344717733e-02
37, 32, 8.3356390153501419e-03, -5.3678108563804977e-02
37, 33, 1.1753657295820352e-01, 1.0012320965909458e-01
37, 34, 6.1777386289021907e-02, -1.5034183013721151e-02
37, 35, -1.1146701285381815e-01, -5.2929898924481480e-02
37, 36, 1.5256403617332870e-01, 9.5670781162088506e-02
37, 37, 4.4403668802320981e-02, -3.9753478366869772e-02
38, 0, 7.1398591180456744e-02, 0.0000000000000000e+00
38, 1, 1.9329599193185359e-03, 1.2998422025935539e-02
38, 2, -1.3423596752449793e-05, -5.1266624972665861e-02
38, 3, 5.3311975520913137e-02, 5.5850314801234591e-03
38, 4, -8.2366214292166257e-02, -3.5104352168490692e-02
38, 5, 3.4005749543886098e-02, 2.0428423854968382e-02
38, 6, -4.0215703560816912e-02, 6.4543622747746651e-02
38, 7, 2.9182838645959226e-02, -7.3855079597005407e-02
38, 8, 4.5438009686198641e-02, -2.8410203112989606e-02
38, 9, 8.5825240209547737e-03, -6.5347840145066241e-02
38, 10, 1.8694604197884608e-02, 2.0353173471098704e-03
38, 11, -2.5559008547024684e-02, 4.5137974425820973e-02
38, 12, 2.5661764066829684e-03, 4.4723717644992472e-02
38, 13, 9.8269756771583242e-03, 4.7342740937652734e-02
38, 14, -2.5535918807543016e-02, 2.3189417798765072e-02
38, 15, 3.4308602721969582e-02, 4.1945900500137259e-02
38, 16, 2.8125701122604020e-02, -2.7780361576922345e-03
38, 17, -3.2326678617688814e-02, -4.0021178437868538e-02
38, 18, 1.1295245935155188e-02, 4.0511585850259497e-02
38, 19, -6.1378686190924445e-02, 1.9930344828396417e-02
38, 20, -1.7420512474266417e-02, 1.9646048596552491e-02
38, 21, 6.1959430100135895e-03, 3.9595832632416589e-02
38, 22, 5.1578304676756434e-02, -1.6551237697875247e-02
38, 23, 1.5764844537072373e-02, 4.9727919499831449e-02
38, 24, -2.9863462421717675e-02, -2.0738742907717520e-02
38, 25, 1.1096075340680881e-02, 2.2541584197310831e-02
38, 26, -1.0918787148366912e-02, 5.5160793203631125e-02
38, 27, 8.1099165004105966e-03, -5.7476667595297889e-02
38, 28, 4.7872693062900595e-02, 6.4295848421613191e-02
38, 29, -6.1864572411754852e-02, -9.9172120475547271e-02
38, 30, 6.3872518090937025e-02, 5.3493712277887663e-02
38, 31, -1.4218152009450757e-01, -3.0222708758489269e-02
38, 32, 5.9288030921747649e-02, -1.4600121167852430e-03
38, 33, -3.8401804138922233e-02, -1.2218221875780868e-02
38, 34, 1.8914115433610764e-02, -8.1490828005570712e-02
38, 35, -6.9053771804415923e-02, -3.4758258883683106e-02
38, 36, 4.2654018290736409e-02, 8.6945856955656237e-02
38, 37, -1.4850000195489616e-02, -1.5303158702317532e-01
38, 38, -6.7686933519648038e-02, -1.8781375474741051e-02
39, 0, -2.1532102827949994e-02, 0.0000000000000000e+00
39, 1, -5.8769543138758609e-02, -5.3416584060879090e-02
39, 2, 7.4604876439060628e-05, -3.8721331054442233e-02
39, 3, -7.1394297833257785e-03, 8.5169634865742416e-03
39, 4, 3.5413063668238908e-03, -2.0126496672736052e-02
39, 5, 4.5522993146179712e-02, 9.1522616797505701e-02
39, 6, -3.1599354734458601e-02, 6.1131218838206495e-03
39, 7, 3.7931689576757688e-02, -3.4066741789749453e-03
39, 8, -5.6413551518932833e-02, -1.2572565786132240e-02
39, 9, -3.8921065667454818e-02, -6.3684608215635909e-03
39, 10, -3.7288157503949731e-02, -7.1348640489970480e-03
39, 11, -2.4351089487154760e-02, 2.1579162914387134e-02
39, 12, 3.2116452110842658e-02, 1.6526616404533897e-02
39, 13, 1.1996174652952486e-02, 3.8963497452997382e-02
39, 14, 7.7588356252914830e-03, -2.6182707092368876e-02
39, 15, 2.4691994898625298e-02, -5.3397791778380024e-03
39, 16, -3.5007654800241518e-02, 7.7860156614192374e-03
39, 17, -1.7846394820724084e-02, -6.0051796657155654e-03
39, 18, -2.9968534811319576e-02, 7.8553129015121931e-02
39, 19, 3.6368326464023562e-02, -2.4106770736222451e-02
39, 20, -6.3489969845533156e-03, 4.7679858907765771e-02
39, 21, 2.0732813445798224e-02, -3.4198834075432151e-02
39, 22, 3.0603380775668713e-02, 3.4278785825732614e-03
39, 23, -3.5375789790724560e-02, -3.2193573706024393e-03
39, 24, -3.8741875586952267e-03, -3.9514543769278172e-04
39, 25, 1.1660987914839733e-02, 4.4212742817960456e-02
39, 26, 3.0784673285681897e-03, 3.3303705044155892e-03
39, 27, 4.3906753553381417e-02, -5.6069046851272952e-02
39, 28, -8.9054764907844627e-02, 5.8928708575150882e-03
39, 29, 3.2996585969209451e-02, -9.7329951619247082e-02
39, 30, -6.1978345055663457e-02, 1.0306602076455573e-01
39, 31, -2.1787204098274948e-02, -7.9099055408822061e-02
39, 32, 2.9340817874595818e-02, 1.1448384188747414e-01
39, 33, -6.7795966044797901e-02, -6.4280641421286311e-02
39, 34, 2.1904734991216254e-02, 3.4210594482704276e-02
39, 35, -5.8054223597708232e-02, -4.6633842582776530e-02
39, 36, 1.5789465889963442e-02, 3.1139225901546781e-02
39, 37, 2.4867988527340346e-02, -3.4072060537605753e-02
39, 38, -1.0600793848780760e-01, 5.5094544314217189e-02
39, 39, 6.7553905763014076e-03, 9.5906268835033004e-02
40, 0, -5.4671791144446182e-02, 0.0000000000000000e+00
40, 1, -2.1527780966701757e-02, 5.2367896073655220e-03
40, 2, 1.4934446136977720e-02, 2.9197270017731342e-02
40, 3, -4.0646625891614723e-03, 5.1935843185058218e-03
40, 4, 3.9552631391829532e-02, -2.3476574082997095e-02
40, 5, -1.9781485321694679e-02, 5.9120503415474535e-02
40, 6, 4.0614381309817760e-02, -3.3131144328113774e-02
40, 7, -1.3206483666920638e-02, 1.3062176574144636e-02
40, 8, -3.5343606591195030e-02, 3.5218828357357033e-02
40, 9, -2.7839748893949804e-02, 4.9384083942125054e-02
40, 10, -1.5875972193970323e-03, 5.4055755545989827e-02
40, 11, -3.6013708188544193e-02, 2.6867206791457938e-02
40, 12, 3.6810436064902523e-03, -3.4419099464833946e-03
40, 13, 8.8501353428210600e-04, -8.9884231142123364e-03
40, 14, 2.1529427975544432e-03, -1.6670846348070076e-02
40, 15, 4.1679495538678668e-02, 1.7247274935939711e-02
40, 16, -5.5566123188425673e-02, 7.7449338409501882e-04
40, 17, 2.8752612572034760e-02, 1.8374207980893998e-02
40, 18, -1.7870376311473944e-02, -2.0765534533331541e-02
40, 19, 4.8320209307085138e-02, 9.0429019407344165e-04
40, 20, -2.4298421198361324e-02, 2.0917066345220803e-03
40, 21, -6.3213842621484126e-03, -3.7845737966463948e-02
40, 22, -1.3722223756675219e-02, 9.8572040900293013e-03
40, 23, -3.2104284746813740e-02, -3.3176605519153454e-02
40, 24, -1.7765813990305697e-02, 3.1471847346693119e-03
40, 25, 2.8294533512464415e-02, 2.5554724162669438e-02
40, 26, -2.9728129857208366e-03, -4.7901070138228134e-02
40, 27, -3.1457964743334763e-03, 8.3794550557513749e-03
40, 28, -7.0193652124781750e-02, -5.7346098924819962e-02
40, 29, 3.7850393207420147e-02, 7.1305354831158657e-02
40, 30, -7.0857442986687016e-02, 2.4397606589782145e-02
40, 31, 8.7342361111281575e-02, 1.5570649763097497e-02
40, 32, -4.6874426012532992e-02, 1.8617782592973850e-02
40, 33, 4.0627274960949852e-02, -4.9402192589717134e-02
40, 34, -1.4785510699903418e-02, 8.9312892281704193e-02
40, 35, 3.3689385183015487e-02, -3.0115033773319075e-02
40, 36, 3.8221027003657393e-03, 2.9209366523065335e-02
40, 37, 1.8929560614993162e-02, -4.6422579292151649e-02
40, 38, -4.3649972345493407e-02, 1.3011472098555153e-02
40, 39, 5.7450590721171452e-02, 1.0826732393710896e-02
40, 40, 1.1296731853891231e-01, -1.2005412196021305e-02
41, 0, -3.0390726240171390e-02, 0.0000000000000000e+00
41, 1, 1.1850795630225192e-02, 2.7146830479081854e-02
41, 2, -2.9925370252164209e-02, 4.1420452356559598e-02
41, 3, 3.4663879053359992e-02, -2.5567109526925667e-02
41, 4, -1.7934312874315433e-02, 4.4072479053895892e-04
41, 5, -4.6642417985289772e-02, -2.8788114996018056e-02
41, 6, 2.2484036933322845e-02, -1.4699162123125494e-02
41, 7, -3.1012774855007363e-02, -4.1655191297824613e-02
41, 8, -1.0561625313515429e-02, 2.5507973857102514e-02
41, 9, 2.7535442139908477e-02, 6.1354974072276615e-03
41, 10, 2.7062222861338033e-02, 2.7955254659219175e-02
41, 11, 1.0672229266286418e-02, 1.3331097465005804e-03
41, 12, 2.9984709502395443e-02, -5.8888765511588299e-03
41, 13, -1.6670819824914522e-02, 3.1369534314567896e-03
41, 14, 2.9014429844899138e-02, -2.5263495675435389e-02
41, 15, -4.0817236182939677e-02, 1.7133040251303674e-02
41, 16, 2.1614792769639634e-02, 1.2223343736735004e-03
41, 17, -5.6882241423609307e-03, 3.2669459308880489e-02
41, 18, 4.2682319965219678e-02, -3.8532639457138355e-02
41, 19, -2.7164260078920361e-03, -2.6955607836453409e-03
41, 20, -1.0673049947706173e-02, -2.6730982841568527e-02
41, 21, -3.6037607116398890e-02, 5.4688282515359329e-04
41, 22, -2.5040271120964627e-02, 1.1034076465110860e-02
41, 23, 1.5210449640987406e-02, 1.7827249726868291e-02
41, 24, 8.3616273726283621e-03, 3.4526377732567066e-02
41, 25, -4.2483529171248053e-03, 2.2861766434911890e-02
41, 26, 1.3772120210740469e-02, -3.4228474331110995e-02
41, 27, -4.9071630514098269e-02, 2.2822234838478058e-02
41, 28, 4.2285165233090449e-02, -2.5351766199278696e-02
41, 29, 1.2497201208738595e-02, 4.0499190620479270e-02
41, 30, 1.1945504339687649e-02, -3.6785161818190915e-02
41, 31, 2.5107910788851322e-02, 4.6228857038478392e-02
41, 32, -4.2153441847204300e-02, -6.8060732567758589e-02
41, 33, 5.7144952244364576e-02, 2.3380294146300114e-02
41, 34, -5.6148755854612452e-02, 2.3090158214917004e-02
41, 35, 7.2445262880233077e-02, -1.0240239384810378e-02
41, 36, -1.5063315409624314e-02, 1.7412435012431948e-02
41, 37, -2.6095440022640911e-02, -4.4472339957959052e-02
41, 38, -1.7237657380849803e-02, 3.7403668706892046e-02
41, 39, 1.8651196988564267e-02, 1.5113526881798862e-02
41, 40, -2.4161118352296840e-02, -6.3654319246044047e-02
41, 41, -2.9511111110338595e-02, -6.5098227547100096e-02
42, 0, 4.9776886734021171e-03, 0.0000000000000000e+00
42, 1, 3.4512435437769381e-03, 5.0634585875624213e-03
42, 2, -1.0699854129172849e-03, -2.9777772946425477e-02
42, 3, 4.2659841370109211e-02, -7.7830987406611596e-03
42, 4, -5.1063831138362194e-02, -1.8061296215785561e-02
42, 5, -1.7791620516082365e-02, 1.8881177630741409e-02
42, 6, -1.0528675122737367e-02, 4.7580713390962355e-03
42, 7, -2.5867355724597405e-02, 5.9568434252375404e-03
42, 8, -1.2124817453483252e-02, 8.1770383759788776e-03
42, 9, 8.5707962653319928e-03, -1.3220311760015051e-02
42, 10, 5.3888261524288571e-03, -9.9367418368644378e-03
42, 11, 3.7673938376318640e-02, -3.1296890249244320e-02
42, 12, 9.4415123761491405e-03, -5.3072280871153069e-03
42, 13, 3.5397193158024308e-04, 2.0211467961172972e-03
42, 14, 2.2768786437959269e-02, 3.0113978199791971e-02
42, 15, -4.0447934658168420e-02, -7.0609647613521422e-03
42, 16, 5.4488019054766350e-02, 8.0957755118839128e-04
42, 17, -9.3672995516256140e-03, -1.1539731703534728e-02
42, 18, 2.9457178817760568e-02, -1.4876875056651407e-02
42, 19, -2.6874243510938759e-02, 1.6392454370375550e-02
42, 20, -9.3600998244212329e-03, -6.0258227954629959e-03
42, 21, -2.0222621047008584e-02, 2.4722895439008328e-02
42, 22, 1.1467186017820078e-02, 2.7408964163781309e-02
42, 23, 2.5213839982719553e-02, 8.3137706876324369e-03
42, 24, 2.0549249052886270e-02, 1.1390368188085854e-02
42, 25, -5.1985225907737577e-03, -2.3113624778779492e-02
42, 26, -8.0183137395876940e-03, 3.2111860787321873e-02
42, 27, -1.5091195323653377e-02, 1.1155080409773553e-02
42, 28, 4.9020917464539335e-02, 1.9212406766938923e-02
42, 29, -4.4290841836084087e-04, 5.8401564390702914e-03
42, 30, 3.9984551165872406e-02, -3.0130556764205792e-02
42, 31, -3.4776664542085819e-02, -1.3207413287279866e-02
42, 32, 2.3900215469085081e-03, -4.2494144646314833e-02
42, 33, -4.7163634379427374e-02, 6.3366234468884244e-02
42, 34, 2.3957106405740262e-03, -1.2158274097515489e-02
42, 35, 4.8369720814179298e-02, 1.5808412934822165e-02
42, 36, -2.3175992278144826e-02, -2.8883223641731036e-02
42, 37, -4.3583454917919835e-03, -1.3982664020221426e-03
42, 38, -8.6961001282758101e-03, 4.5412555070139006e-02
42, 39, 2.2678407491382498e-03, 1.7987861925288634e-03
42, 40, 2.1733872974702979e-02, -5.1369540038140538e-02
42, 41, -3.7272237399991845e-02, 5.3792736816247175e-02
42, 42, -3.0997479678065501e-02, 3.4593333255302873e-02
43, 0, -1.4182748436756834e-02, 0.0000000000000000e+00
43, 1, -3.4858028512353881e-02, 1.6463842857546776e-02
43, 2, 8.7418551356057677e-03, -5.3148635145795112e-02
43, 3, 2.0890049411656758e-02, -7.1910736675502539e-03
43, 4, -2.3041372909992693e-02, -2.3178859184797309e-02
43, 5, 1.9693223809639976e-02, 3.0460974509812413e-02
43, 6, 7.3293141409466380e-03, 2.1869561444748071e-02
43, 7, 4.7971801515865296e-03, 2.1473398755672665e-02
43, 8, -3.9675493781079888e-04, 1.4665257700797088e-02
43, 9, -2.4312924397741926e-02, -1.8309044003541344e-02
43, 10, -1.8157106876227354e-02, -6.0350677159036539e-03
43, 11, -3.7599742390428759e-03, -1.4442878352188999e-03
43, 12, -2.4507134814555208e-02, -8.0454462051890684e-03
43, 13, 1.5839752016766007e-02, -4.4572487216792619e-04
43, 14, -5.1665365872822257e-03, 1.0084205282729686e-02
43, 15, -4.2939709084543424e-04, -2.4301627905853593e-02
43, 16, 2.4114927194955352e-02, 3.6931657701262520e-02
43, 17, -3.5536647084258568e-03, -3.3514755079263527e-02
43, 18, -3.4296739075177218e-03, 6.5791392907250685e-03
43, 19, -7.1244912839934442e-04, 2.9095236284586642e-02
43, 20, -1.4629027831485189e-04, 1.9141655888545737e-02
43, 21, 9.4632909207677616e-03, 3.3191799183059915e-02
43, 22, 2.0987995959779990e-02, -1.1504088339240567e-02
43, 23, 3.7735488021250388e-02, -8.1160338094224613e-03
43, 24, 7.1002426956141926e-03, 2.6616758389391140e-03
43, 25, -1.3071661695634767e-02, -2.4968637667724482e-02
43, 26, -1.1961576034512209e-02, 3.3216631826122507e-02
43, 27, 1.8000941403841508e-02, -3.7403066634142765e-02
43, 28, 3.1386293255556405e-02, 1.7750166525693327e-02
43, 29, 1.3694379691914886e-03, -5.0638810634972713e-02
43, 30, -1.8261157812719048e-02, 1.3619595787854034e-02
43, 31, -4.6813876023264006e-02, -7.0386584346834643e-03
43, 32, 8.9572562949978094e-03, 2.5876063000603702e-02
43, 33, -3.9212686146921222e-02, 2.0296639761968095e-02
43, 34, 6.6092837114656994e-02, 5.2479461347085480e-03
43, 35, -3.8197082570663850e-02, -1.0972165849500660e-02
43, 36, -2.2920508466776385e-03, -3.8716835492747667e-02
43, 37, -1.6011671193377451e-02, 2.0514545704880843e-02
43, 38, 2.4422381634599161e-02, -3.3552796316859280e-03
43, 39, 3.0169481566878428e-02, -1.2594381691071160e-02
43, 40, -1.5890059341315580e-03, -2.5541673952811584e-02
43, 41, -2.8478667804731045e-02, 5.9571425878748221e-03
43, 42, 4.2834245043280615e-02, 2.3327048091609064e-02
43, 43, 4.0428198844551941e-02, 8.8651147369897387e-03
44, 0, -2.4900896679990403e-02, 0.0000000000000000e+00
44, 1, -2.9824129118522537e-02, 6.5744213030989108e-04
44, 2, 1.3578221284162272e-02, 1.8065626514427303e-03
44, 3, -2.8455238713815903e-02, 9.0400820079152046e-03
44, 4, -1.6198472992454888e-02, -8.7340775264075163e-03
44, 5, -1.2065995012101408e-02, 1.8362745359134316e-02
44, 6, 3.0958676572089908e-02, -2.0770545928449020e-02
44, 7, 3.0676379387822458e-02, -6.8271557887509340e-03
44, 8, 9.4525739427949347e-03, -1.7980637318097507e-02
44, 9, 9.6223571401533002e-04, -5.6617843754267700e-03
44, 10, -4.2513943690334465e-03, 1.3442647879575886e-02
44, 11, -1.8561700788288383e-02, 4.6275448506043787e-02
44, 12, -4.1447022676447520e-03, -5.3235303348698271e-03
44, 13, 1.3502774235635668e-02, 1.8912521779682688e-02
44, 14, -1.3761017047798056e-02, -2.2004847962132847e-02
44, 15, 1.8349847899716065e-02, -1.1936013241922212e-02
44, 16, -3.2202876734400712e-02, 5.0477114328661629e-04
44, 17, -7.3557816641467546e-03, -8.8106673119687172e-04
44, 18, -2.0438010870796469e-02, 8.0456733777291949e-03
44, 19, -2.7966459641528144e-03, 6.4098680281552507e-04
44, 20, 2.2567991398953765e-02, 1.9637187081791411e-02
44, 21, 1.1482230453438467e-02, -1.6654990956373829e-02
44, 22, -1.4507325378722933e-03, -7.5866011041667101e-03
44, 23, 1.8498653973183870e-03, -9.8826597881603679e-04
44, 24, -2.8035117582398489e-02, -1.3507654272909560e-02
44, 25, 8.2017467851123963e-03, 1.2993055643971940e-02
44, 26, -2.7153500805837455e-03, 1.9299280414229056e-02
44, 27, 2.4311890758571965e-02, -1.1600516178413407e-02
44, 28, 4.0025646440128796e-03, -1.8948784656592922e-03
44, 29, 5.3528941779307764e-03, -2.5906044167287812e-02
44, 30, -3.7391820286836373e-02, 1.6525924907441317e-02
44, 31, -3.5563773655815914e-03, 5.6123001452542927e-04
44, 32, 5.1176541807385102e-03, 3.5832745867548359e-02
44, 33, 3.3842426834432275e-02, -1.4786832954790479e-02
44, 34, 1.9158868747145934e-02, 1.3896563814523685e-02
44, 35, -2.6759826930441752e-02, -3.3548606474282580e-02
44, 36, -2.0260495322451397e-03, 1.5571259124643744e-02
44, 37, -2.8430576917985971e-02, 8.0989669145400418e-03
44, 38, 3.6752464535865233e-02, -1.1073407563208848e-02
44, 39, -1.6020982246421421e-02, -1.3426410832423359e-02
44, 40, -3.2496663277003381e-02, -8.5659077428652843e-03
44, 41, 7.0070193060878128e-03, 2.0357037584351218e-02
44, 42, -1.8029374225430741e-02, 5.5669062878870631e-03
44, 43, 5.2401260078177737e-03, -3.0824256231035241e-02
44, 44, -3.0078837119298907e-03, -6.9263804242506541e-02
45, 0, -3.3932996139416269e-03, 0.0000000000000000e+00
45, 1, 5.9941958211704545e-04, -1.9733248848014424e-02
45, 2, 2.1203866542550985e-02, 1.7851099316918223e-02
45, 3, 7.4079807088516560e-03, -2.5289623962282694e-03
45, 4, -6.2216570196510865e-03, 2.5055996616506013e-03
45, 5, -1.5917410114092884e-02, -2.9631949439809522e-03
45, 6, -4.9634350659596678e-03, -1.3569127024011342e-02
45, 7, -1.0269628426048782e-02, -2.7524003089961210e-02
45, 8, 2.6170964207162272e-03, -8.6415945309775543e-03
45, 9, 1.0240151817217947e-02, -1.9555072541550433e-02
45, 10, 2.2229551285096356e-02, 3.0357823767736249e-02
45, 11, 9.2512043797256405e-03, 1.2008656668816578e-02
45, 12, 3.5151856290906523e-02, -1.8853635416604519e-03
45, 13, 2.1450438976994789e-02, 4.1332665294034040e-03
45, 14, 1.6120589946518782e-03, -2.2873458997368791e-02
45, 15, 5.6253866006338383e-03, 3.7235769355579797e-02
45, 16, -2.0263620924822132e-02, -1.5754851523604455e-02
45, 17, -1.5931990083711055e-03, 1.9864422696562266e-02
45, 18, -2.4127255323255502e-02, 1.9058616406290394e-03
45, 19, -2.2409439019799842e-03, 8.7606559451877382e-04
45, 20, 2.5000823513717028e-05, 8.0204305671557757e-03
45, 21, -3.1116255848424282e-03, -2.2319499990134675e-02
45, 22, -2.0384251844633969e-02, 7.8942542374767152e-03
45, 23, -1.3758547125488086e-02, 7.1288040098586702e-03
45, 24, 3.4636786499328588e-03, -1.0063321974024680e-03
45, 25, -1.5992954679297802e-02, 1.7030454395534855e-02
45, 26, 2.8143172099775559e-03, -3.0312820018061374e-03
45, 27, 1.3413552535853275e-02, -1.5833695921915044e-03
45, 28, -2.2176925186919952e-02, -1.8202813855611767e-02
45, 29, 5.2320488412811962e-03, 1.0163001795718576e-02
45, 30, -1.4198698512525820e-02, 1.2676537790821686e-02
45, 31, 2.7120473594723141e-02, 1.3223683950449809e-02
45, 32, 1.1728831896570244e-02, -1.2723698629776790e-02
45, 33, 3.4398942893354142e-02, -1.7337073893116905e-02
45, 34, -1.4335200689355700e-02, -8.0860171418987176e-03
45, 35, 6.8963854247165420e-03, -3.5624487099272283e-03
45, 36, -1.1508728955857851e-02, 2.8568542671830722e-02
45, 37, 3.7883420447486764e-02, -1.0193902304042456e-02
45, 38, 6.1553510292003790e-03, 1.2932551608791223e-02
45, 39, -2.8121413999521762e-02, 2.8252379510678241e-04
45, 40, -2.9404779575750621e-03, 1.3453403850533617e-02
45, 41, 1.9153671170139941e-02, 3.9605916300894640e-02
45, 42, 1.6523725575979500e-02, -2.1534089765022312e-02
45, 43, 8.3236987110131208e-04, 2.7539338601183086e-02
45, 44, -9.1044956930292284e-03, -2.2815467462678537e-04
45, 45, -4.5647822824661947e-02, 3.4259190678404994e-02
