0, 0, 0.0000000000000000e+00, 0.0000000000000000e+00
1, 0, 7.9695877092335621e+01, 0.0000000000000000e+00
1, 1, 4.6453134659282966e+00, 3.6063974335212428e+01
2, 0, 0.0000000000000000e+00, 0.0000000000000000e+00
2, 1, -1.0758762005766572e+01, -5.8083042204348683e+00
2, 2, 9.8048733119053537e+00, -1.2712970508335520e+01
3, 0, -1.0326319206117828e+01, 0.0000000000000000e+00
3, 1, 1.2162563104577506e+01, 2.2130095063619105e+01
3, 2, 5.3014876719567514e+00, -1.1769372858218183e+01
3, 3, 1.0721451459848552e-01, -2.1508579269593831e+01
4, 0, -6.2600400793205395e+00, 0.0000000000000000e+00
4, 1, 7.2643803524128296e+00, 3.1052138069542141e+00
4, 2, -1.7535671122251109e+01, 1.3699647289394736e+00
4, 3, 1.7801259551431659e+01, -1.5524823414181370e+00
4, 4, 4.5320673144458716e+00, -2.0265741696444373e-01
5, 0, 1.3802188544020908e+01, 0.0000000000000000e+00
5, 1, -3.8108800607031945e+00, -1.2737900563882963e+01
5, 2, 7.7057385913722332e+00, -3.1999686745489049e+00
5, 3, -4.8183023827044345e+00, -1.3806199714780670e+01
5, 4, -1.1670626758763545e+00, 1.6918648137561842e+01
5, 5, 3.1580385711504180e+00, -6.3677837208944865e-01
6, 0, -6.4916982607716145e+00, 0.0000000000000000e+00
6, 1, 3.6171462101375540e+00, 3.1542770371849711e+00
6, 2, 7.8767425381125040e+00, -3.0146574887187159e+00
6, 3, 6.9391036898259291e+00, 3.2570477507758673e+00
6, 4, -2.7610319281083520e+00, -4.4909500486268872e+00
6, 5, -7.3979927727398467e+00, 1.6307040810264577e+00
6, 6, -7.0713263194225906e+00, -2.0057190109150280e+00
7, 0, -8.2386760273084185e+00, 0.0000000000000000e+00
7, 1, 2.5489361036509113e+00, -7.7286964591493650e+00
7, 2, -7.8652598048543361e+00, 6.1708771015870409e+00
7, 3, -2.7494194808158889e+00, 1.6461244128723804e+00
7, 4, 2.9087197609067617e+00, 6.3524444306267069e+00
7, 5, -4.7598498552216267e-01, -2.0980946820439663e+00
7, 6, -4.3039602195897277e+00, -9.1851508462289333e-01
7, 7, -2.6780195805337819e+00, 4.2267485595557357e+00
8, 0, 3.5576528409422679e+00, 0.0000000000000000e+00
8, 1, 9.0620257413068650e-01, -4.0973148778739201e+00
8, 2, 6.0226311505656849e-01, -2.3046521230344974e-01
8, 3, -1.8886520315999134e+00, -1.8929022415790375e+00
8, 4, -8.4193564896916584e-01, -4.6821219992140151e+00
8, 5, -3.1514485945263839e+00, -4.8305991406893254e+00
8, 6, 4.1605625186900737e+00, 2.1797302481688474e+00
8, 7, -1.7213751756451774e+00, -2.6131734465687400e+00
8, 8, 3.3113264814019989e+00, -4.1832010626970395e-01
9, 0, 1.3002446334644729e-01, 0.0000000000000000e+00
9, 1, -3.7828424089450747e+00, 7.7087476029446202e+00
9, 2, 3.1592179984306439e+00, -1.8977867151668111e+00
9, 3, 1.0681251226184496e+00, 2.6531910596554509e+00
9, 4, 1.2791702090033898e+00, 1.4303870905156746e-01
9, 5, 2.4560353922139675e+00, -2.1484709935862032e+00
9, 6, -1.6629127410060440e+00, -5.4661574218299149e+00
9, 7, -1.5451926635983770e+00, 6.7318092722965854e+00
9, 8, 4.5218106456253526e+00, -2.4316764439521048e+00
9, 9, 1.7616460762082844e+00, 2.6589847215014064e+00
10, 0, -2.1109183199279693e+00, 0.0000000000000000e+00
10, 1, -2.4513761019824996e+00, 5.7891683736677679e-01
10, 2, 2.2923225249774104e+00, -4.1597224272328304e-01
10, 3, -5.0368502830807920e+00, -1.1670029623493661e+00
10, 4, -6.5212093210705357e-01, 3.7343800471151369e+00
10, 5, 2.1063944032854081e+00, -2.4424990473600028e-02
10, 6, -1.0832422025297279e+00, 3.5553498116068658e+00
10, 7, 1.1446806102762996e+00, 2.1343225795399023e+00
10, 8, 2.2259076113653875e-01, -4.8000447513819600e-02
10, 9, 1.6479594606339596e+00, 3.0745082741439016e+00
10, 10, -6.2219477814769841e-01, -1.3630340181551910e+00
11, 0, -3.0644915392533389e-01, 0.0000000000000000e+00
11, 1, 3.1326673367851008e+00, 6.5659868218768203e-01
11, 2, 6.1138126198875031e-01, -2.6916484744504965e+00
11, 3, -5.2531166560165299e-01, 2.2940655997075772e+00
11, 4, -1.9461282634853112e+00, -1.7531038826723417e+00
11, 5, -1.1714447999160829e+00, 1.3698734491349174e+00
11, 6, -2.5718820260826236e+00, -2.0299753361713693e+00
11, 7, 1.4423667964662130e+00, 1.0384772614575839e+00
11, 8, -2.0523162678057583e+00, -1.5088296593172483e+00
11, 9, 6.7854194206367835e-01, -4.3663211944593106e-02
11, 10, -2.9035388356310827e+00, 1.0824473683504414e+00
11, 11, -7.8967046197676638e-01, -6.7127457985617645e-01
12, 0, -2.0752810881336132e+00, 0.0000000000000000e+00
12, 1, -1.7401870200482925e+00, 1.0812754334296362e+00
12, 2, -1.0738137450072465e+00, -2.2136667658140952e-01
12, 3, -1.0062082357917419e+00, -3.2461746996440055e-01
12, 4, -1.6876240360376740e+00, 9.9127002583993273e-01
12, 5, -2.0685231994635824e+00, 1.1944187335041727e+00
12, 6, 5.4619135110519024e-01, 4.3467029289193482e-01
12, 7, -1.8135185024831002e+00, -2.1162841967166988e+00
12, 8, 2.0859619538434098e+00, 1.8057441691524414e+00
12, 9, -2.2606566763937712e+00, -1.5568340731948109e+00
12, 10, -2.8750803029166967e+00, -9.7285135877493190e-01
12, 11, -5.2230890475541747e-02, -2.6949998938039137e+00
12, 12, -8.0491984149678164e-01, -5.0300677326754722e-02
13, 0, 9.9031487004591745e-01, 0.0000000000000000e+00
13, 1, -1.8308229772496565e+00, -3.7284768281384757e+00
13, 2, 2.1713604705458436e+00, 1.7265050616406443e+00
13, 3, -2.3895196381420587e+00, -2.0527326251373639e+00
13, 4, -1.8157045749964347e+00, -5.2302898217645266e-01
13, 5, 7.2699357709302193e-01, -9.1860312725108095e-01
13, 6, 3.6551683049871535e+00, -2.9948487385672506e+00
13, 7, -4.7000378106420038e-01, 6.5633283270045584e-02
13, 8, 1.5197023780036123e-01, -3.4172859609683798e-01
13, 9, -2.1087316184804363e+00, -1.2943408654956869e+00
13, 10, 1.2983251525113990e+00, 6.3509068415101710e-01
13, 11, 1.5717035238183508e-01, -1.3709215422965306e+00
13, 12, 1.5742584816077967e+00, -2.8589259591244076e-01
13, 13, 2.4905375112232448e+00, 8.6305711097888937e-01
14, 0, -2.7228104239369388e+00, 0.0000000000000000e+00
14, 1, -2.1823797231798658e-01, -1.0709229881752180e+00
14, 2, -4.7053063790414140e-01, 5.9081319775290675e-01
14, 3, -6.5676890631231744e-01, 7.6568313749658179e-01
14, 4, 1.3961927820938320e+00, -1.6225413143200877e+00
14, 5, -1.5710878276459117e-01, -5.7804215908978640e-01
14, 6, 5.9665391574667648e-01, -1.0010751523548787e+00
14, 7, 1.1252612383953295e+00, 3.1721723442282240e-01
14, 8, 1.6133580876819755e+00, 1.1212911192675472e+00
14, 9, -1.4140095705049829e+00, -1.3490762566484227e+00
14, 10, -1.0232299578041952e+00, -4.5669633935274367e-01
14, 11, 1.8472319168018263e+00, 1.5050214082432340e+00
14, 12, 8.7525715424924133e-01, 1.0671140159399648e+00
14, 13, 3.1495497484185675e-02, 5.5822402005415661e-02
14, 14, -7.1969983753664502e-01, 3.1366216029725025e-01
15, 0, -6.1637050194272347e-01, 0.0000000000000000e+00
15, 1, -4.8453990669207403e-01, 1.5222480422433970e+00
15, 2, -1.4017483017269152e+00, 3.7429255813057161e-01
15, 3, 2.9690556913908894e-01, 1.6072060608819705e-01
15, 4, -1.9446688040543747e-01, -1.6372370969002206e+00
15, 5, 3.9417875269885450e-01, -1.1729913600550304e+00
15, 6, 1.3522082830860760e-01, 2.4857082061078861e-01
15, 7, 6.2444596692528376e-01, 7.4111772588755409e-01
15, 8, -5.7992274033807778e-01, 1.3079676690810365e+00
15, 9, 3.3274623682233422e+00, 2.9071785519815652e-01
15, 10, -1.1073000469262504e+00, -2.9820028679723132e-01
15, 11, -2.8921919884318181e-01, 2.6628339663664513e-01
15, 12, -2.9254754561364273e+00, 4.6947021276899203e-02
15, 13, -6.4326870806653424e-01, 8.5105072627803802e-01
15, 14, -2.9339258173977933e-01, 4.9308824529578876e-01
15, 15, -2.2183810886537643e+00, -6.2908571622525289e-01
16, 0, -1.7897839995167630e+00, 0.0000000000000000e+00
16, 1, 1.4091562499201937e-01, 5.6595489512527131e-02
16, 2, -2.7062970730228058e+00, -1.7293154508918682e+00
16, 3, 6.1489528104033142e-01, 4.1802679009687838e-01
16, 4, -1.8717835930106319e+00, -3.8086394723963390e-01
16, 5, -4.2086072327417756e-01, 2.0781322547192427e-01
16, 6, 1.7203724928782901e-01, 2.7229172999279072e-03
16, 7, 9.8660265006411174e-01, -5.6076901829292936e-01
16, 8, 5.6488514211767882e-01, 1.1934385294702159e+00
16, 9, -1.3485889264075845e+00, -4.9030741365933661e-01
16, 10, -1.1436656313371532e+00, -4.8313995740585525e-01
16, 11, 7.2847286052480253e-01, 1.9002315159218222e+00
16, 12, 2.2195203851553345e+00, -2.7950192952718855e-01
16, 13, -3.5763538962270580e-01, -6.2945402758896107e-01
16, 14, 1.1520668764383972e+00, 3.0527096936388887e-02
16, 15, -2.2229786947662138e+00, -7.5960615781203500e-02
16, 16, -9.3537562676654695e-02, -6.9051727883192782e-01
17, 0, -7.2909753885007311e-01, 0.0000000000000000e+00
17, 1, -1.2553901568768679e+00, -2.1205350343989138e-01
17, 2, -7.3976668736298246e-01, -1.6665084798765122e+00
17, 3, -1.9305594007346194e+00, -6.7833202853653607e-01
17, 4, -6.5027029042514117e-02, 2.5359283050106046e-01
17, 5, -9.4912442379253115e-02, -9.8270170311907745e-01
17, 6, -3.5767238528528988e-01, 7.9630805651228975e-01
17, 7, -2.6420698058742098e-01, -1.1827649235949127e+00
17, 8, 1.6559879071751249e-01, 7.8260878670846190e-02
17, 9, 8.7138609128853795e-01, -1.6302724698707003e+00
17, 10, 5.4228670651444899e-01, -3.3897332227747878e-01
17, 11, -1.1353557296070331e+00, -2.7689049117795235e+00
17, 12, 1.6000685758025899e+00, -5.4722249079975926e-01
17, 13, -1.5503008925429893e+00, -1.2020564566898915e+00
17, 14, 6.4156958655391394e-01, 1.5781968993525819e-01
17, 15, 3.5031851267771841e-01, 6.0609589404097508e-01
17, 16, 9.8701749780384862e-01, 1.8352193373905679e-01
17, 17, 1.1360047820439498e+00, 2.3134427902243770e-01
18, 0, 4.1661126503198309e-02, 0.0000000000000000e+00
18, 1, 2.3423584717764845e-02, -1.1932882956518231e+00
18, 2, 7.4552020515275241e-01, -1.3639634376863671e-01
18, 3, -8.5879521563604044e-01, 4.5794204333185573e-01
18, 4, 1.4605144364056362e+00, 5.5763397087863664e-01
18, 5, 1.7948582073472485e-01, -8.0683910553587301e-01
18, 6, 3.6347158754811082e-01, -6.0461037105813031e-01
18, 7, 2.6265084228888858e-01, -3.1115288103774730e-02
18, 8, 6.1954788391654481e-01, -7.2611533919839100e-01
18, 9, -3.6881330054421846e-01, 2.9430559046005262e+00
18, 10, 7.6553765909961324e-01, -1.1647209391444524e+00
18, 11, 7.7984761068457864e-01, 5.8774054201687143e-01
18, 12, 3.8830821110892766e-01, -1.8082487685123236e+00
18, 13, -1.1496275508568365e+00, 2.7090191032941979e-01
18, 14, -7.9748902099669139e-01, 6.9896177595881304e-01
18, 15, 1.4727079178104983e+00, 6.6857924197470475e-01
18, 16, 1.3268363312819371e+00, -4.7798132332297139e-01
18, 17, 1.6611595934622998e+00, 3.1482915730300842e-01
18, 18, -4.4475569028002981e-01, 2.3114317241223503e-01
19, 0, -3.0494511932773866e-01, 0.0000000000000000e+00
19, 1, 2.8684224132691283e-01, -4.8728360846169716e-02
19, 2, 1.2545994252484183e-01, -3.5187183911276337e-01
19, 3, 6.4796857836820021e-01, -1.4023235761099762e-02
19, 4, 9.7428978079716366e-01, 3.9447209032395270e-01
19, 5, 2.2194295721673252e-01, 4.8463666814560535e-01
19, 6, 9.2788536869890936e-01, -1.0225204577702276e+00
19, 7, 1.9557989429199774e-01, 2.3607142521522295e-01
19, 8, 3.3178930757801117e-01, 6.5356301997040811e-01
19, 9, 3.7982082949426588e-01, 1.5876195312230506e+00
19, 10, 3.1149716866920230e-01, 8.1627152797057612e-01
19, 11, -4.9990136369819593e-01, -5.6205699163481160e-01
19, 12, 1.5337678057031894e+00, 6.5391139074744353e-01
19, 13, -6.8179575379266855e-01, 7.2703750884438789e-01
19, 14, 3.8152725462680676e-01, 3.6139326899823399e-01
19, 15, 1.0371134721422075e+00, 1.1415451920254382e+00
19, 16, 5.4433983632767979e-01, -5.2556377617629524e-01
19, 17, -8.5037279016427958e-01, -7.4182491389934058e-01
19, 18, 6.6183393327444895e-01, 6.2770248399671646e-01
19, 19, 4.3082490165661236e-02, 3.8468906056748775e-01
20, 0, 7.0077609999505741e-02, 0.0000000000000000e+00
20, 1, -1.1610942228222751e+00, 8.2629143627660251e-01
20, 2, -1.9633593567025881e-01, -2.3024979164075166e-01
20, 3, -1.1651946812062579e+00, -3.5279933767867977e-02
20, 4, -5.7969509439067890e-01, -5.0803184152509562e-01
20, 5, 3.6231433415377295e-01, -3.8248119147523407e-01
20, 6, -6.0415426620950896e-02, -3.0877053468726356e-01
20, 7, -5.3915595049059117e-01, 1.9190923078723860e+00
20, 8, -1.4913982887878929e-01, 1.7212270064145119e-01
20, 9, 1.4405463015775108e+00, -1.2939031125843603e-02
20, 10, 1.9615665082306877e-01, -1.9661525630399793e-01
20, 11, 1.4481998474156978e+00, -1.1603988925600666e+00
20, 12, -1.2529839266203933e+00, -1.7416221343531985e-01
20, 13, -2.0831243009280271e+00, 1.3844435580592762e-01
20, 14, 8.8313570619968229e-01, 1.1536357325376745e+00
20, 15, 6.3802772961747162e-02, -1.0475501752379444e+00
20, 16, 7.1095168073164697e-02, 1.0151118577236229e+00
20, 17, -1.0671991522083437e+00, -7.8505667708848115e-01
20, 18, 1.6973467601025335e-01, 4.5966091438244039e-02
20, 19, -7.6568917963971694e-01, -1.7512935569941421e+00
20, 20, -4.1165885751500175e-01, -6.3557559691809518e-01
