0, 0, 0.0000000000000000e+00, 0.0000000000000000e+00
1, 0, -7.6640033555979362e+03, 0.0000000000000000e+00
1, 1, -4.4671944509037309e+02, -3.4681144170235480e+03
2, 0, 0.0000000000000000e+00, 0.0000000000000000e+00
2, 1, 9.9944071451146408e+02, 5.3957274616316147e+02
2, 2, 7.7822713848309741e+02, 2.0441051766270357e+02
3, 0, 1.3569108990672830e+03, 0.0000000000000000e+00
3, 1, -1.2916788997862895e+03, -2.8984508946654896e+03
3, 2, -3.4307523171613411e+01, 8.8827456842544746e+02
3, 3, -1.0630588991183508e+03, 1.3142001965944633e+03
4, 0, 4.2668704485138016e+02, 0.0000000000000000e+00
4, 1, -8.8876260819232914e+02, -4.5582207264116749e+02
4, 2, 1.7883076609104671e+03, 2.1081143773657163e+02
4, 3, -2.0279040062040146e+03, 1.6253801380440854e+02
4, 4, -4.6464481749831816e+02, 5.1854831314803687e+02
5, 0, -1.3350114419407469e+03, 0.0000000000000000e+00
5, 1, 3.6829336723504809e+02, 1.2085846306521394e+03
5, 2, -5.9751247148357811e+02, 3.7895513376392489e+02
5, 3, 3.4590375696017486e+02, 1.3999254975611416e+03
5, 4, 3.2509184474404140e+02, -1.5803398545327805e+03
5, 5, -1.2568948506507695e+02, -1.0245802287426744e+02
6, 0, 6.1225939601974892e+02, 0.0000000000000000e+00
6, 1, -4.5981810160305537e+02, -2.5731666779944692e+02
6, 2, -8.5889736546129279e+02, 2.4509565086072962e+02
6, 3, -7.6579513242374151e+02, -3.5407496915259810e+02
6, 4, 2.4014395821777592e+02, 3.4418910949880478e+02
6, 5, 6.9200790885394554e+02, -2.4497050163630013e+02
6, 6, 6.0670571811301556e+02, 1.7030159178572367e+02
7, 0, 8.1667921967150028e+02, 0.0000000000000000e+00
7, 1, -3.3139503094441966e+02, 8.2261390106655631e+02
7, 2, 6.9637028784190397e+02, -6.1931333360277074e+02
7, 3, 2.4819614964560395e+02, -1.5462266074711539e+02
7, 4, -4.1977532499780364e+02, -6.4797709397059577e+02
7, 5, 5.8866900902360783e+01, 2.8326264071161404e+02
7, 6, 4.7809952459071542e+02, 1.8441271812389203e+02
7, 7, 2.6102314202868433e+02, -3.6205280418283587e+02
8, 0, -3.8317711990225956e+02, 0.0000000000000000e+00
8, 1, -8.9970455605578763e+01, 3.9998100719527099e+02
8, 2, -1.4535367887118241e+02, 1.5451774190627816e+00
8, 3, 2.5435303614698455e+02, 2.6086342535556287e+02
8, 4, 1.7566121480912784e+01, 4.8903906671628431e+02
8, 5, 4.5946305937478996e+02, 5.8490929181261583e+02
8, 6, -3.9930635021812486e+02, -1.5010643011137336e+02
8, 7, 2.0361203250010777e+02, 2.0255460132014042e+02
8, 8, -3.3659175172375922e+02, 5.5572643083199125e+01
9, 0, -1.1909156810309796e+00, 0.0000000000000000e+00
9, 1, 3.8453697602519901e+02, -7.9982245061160222e+02
9, 2, -3.8683002572636656e+02, 1.8537594990872765e+02
9, 3, -7.0023133695018544e+01, -2.3830591755309587e+02
9, 4, -1.4929905876829096e+02, -8.6805235606945757e+01
9, 5, -1.6158563224072839e+02, 2.9723847926810436e+02
9, 6, 1.4156129215034522e+02, 5.5699436442053172e+02
9, 7, 1.9189720151806353e+02, -7.5562344050285765e+02
9, 8, -5.3508282936894523e+02, 2.6555798099719891e+02
9, 9, -1.3607267982750449e+02, -2.5433079919574314e+02
10, 0, 1.9459473418207651e+02, 0.0000000000000000e+00
10, 1, 2.2248485556561542e+02, -7.1847751396889322e+01
10, 2, -2.4614398624590595e+02, 9.3406563299799444e+01
10, 3, 5.5324187313823791e+02, 1.0575570690129445e+02
10, 4, 1.2302019991947964e+02, -3.9742758393703866e+02
10, 5, -2.4432967099518635e+02, 4.9099528842310804e+01
10, 6, 8.6892948374031619e+01, -4.3014203587739371e+02
10, 7, -1.3666289657916889e+02, -2.0176804083533219e+02
10, 8, -4.7503657883793323e+01, -3.0743171049186799e+01
10, 9, -1.1300630024058324e+02, -2.6569489342948424e+02
10, 10, 7.8751174492249646e+01, 1.1323618457914725e+02
11, 0, 4.4837981433355921e+01, 0.0000000000000000e+00
11, 1, -3.0219754626608301e+02, -6.1125865995429812e+01
11, 2, -5.2173412866957662e+01, 3.3451530869487158e+02
11, 3, 1.1424105380581622e+02, -2.8148372166913077e+02
11, 4, 2.7961868191408576e+02, 2.1775161439152771e+02
11, 5, 6.6615909218198908e+01, -1.8760998775022517e+02
11, 6, 2.8850910939319959e+02, 2.1828143136376681e+02
11, 7, -1.8490433560858600e+02, -7.3955687713486043e+01
11, 8, 2.7378887260634417e+02, 1.2907214454753776e+02
11, 9, -5.4944561291291365e+01, 2.3234866949710764e+01
11, 10, 2.9882755948881834e+02, -2.0369541713740506e+02
11, 11, 8.7245762497093125e+01, 8.6760514710578121e+01
12, 0, 2.1396493175211162e+02, 0.0000000000000000e+00
12, 1, 2.4028787914527007e+02, -1.1529952309388037e+02
12, 2, 1.2122028191843386e+02, -3.7436181360163800e-02
12, 3, 1.7471365149153073e+02, 2.1070970223877026e+01
12, 4, 1.8816610606135245e+02, -1.1342168339768475e+02
12, 5, 1.9241703654978309e+02, -1.7526256828963355e+02
12, 6, -4.1167993504393479e+01, 2.6479880243884224e+01
12, 7, 1.7896424600597069e+02, 2.3530755535550401e+02
12, 8, -1.5432106649921531e+02, -1.7885007051662984e+02
12, 9, 2.1385261073782681e+02, 1.4776352189440087e+02
12, 10, 2.9065465629187139e+02, 4.3441748495612558e+01
12, 11, -3.3477690182836426e+01, 3.6804144911169897e+02
12, 12, 8.7858641876291500e+01, 9.5082767735120282e+00
13, 0, -8.5528915649840371e+01, 0.0000000000000000e+00
13, 1, 2.2749533540548612e+02, 3.9819119709457135e+02
13, 2, -2.4709471990847655e+02, -2.2940718726690602e+02
13, 3, 2.5184287151657679e+02, 2.1653473754064638e+02
13, 4, 1.9102641198231339e+02, 2.4940493977870489e+01
13, 5, -7.9994215911482542e+01, 1.1974697318501305e+02
13, 6, -4.0282820448292927e+02, 3.7217454369323542e+02
13, 7, 8.7752434928035370e+01, -2.5872895097659693e+01
13, 8, -5.7328296252038058e+00, 3.7768312581729681e+01
13, 9, 1.7915702106031097e+02, 1.0406554569159937e+02
13, 10, -1.3493409822043958e+02, -3.9198610299603246e+01
13, 11, -5.3063413677417969e+01, 1.8899756309936481e+02
13, 12, -1.0415493877266869e+02, 5.1566741429424098e+01
13, 13, -2.9316148931938045e+02, -1.3569522665012519e+02
14, 0, 2.8620780277077267e+02, 0.0000000000000000e+00
14, 1, -1.2992446257508192e+01, 1.0313097732286639e+02
14, 2, 2.9841117152920361e+01, -3.9559920145757104e+01
14, 3, 5.1623293967426974e+01, -6.9278324035838494e+01
14, 4, -1.6557186215915317e+02, 2.2671152952725831e+02
14, 5, 3.9713714913765202e+01, 1.1142154640586034e+02
14, 6, -6.2707647734035305e+01, 1.1477811974825411e+02
14, 7, -1.0239522612394268e+02, -4.6960969702323865e+01
14, 8, -2.1866287764962811e+02, -1.4239974054738073e+02
14, 9, 1.4600091209950935e+02, 9.2356631562814982e+01
14, 10, 1.1187117064985843e+02, 1.2858955664152421e+02
14, 11, -1.5849004412337212e+02, -1.7429461904515171e+02
14, 12, -7.4699038083801611e+01, -1.0297032294567171e+02
14, 13, -4.0591243353532207e+01, -1.0795035262916724e+02
14, 14, 7.7246153850305745e+01, 2.0070927205343594e+00
15, 0, 4.3076934905619879e+01, 0.0000000000000000e+00
15, 1, 4.1845722654038340e+01, -1.8329404526871730e+02
15, 2, 1.7467976089536342e+02, -1.0691615189409731e+00
15, 3, -4.0125860769910844e+00, -2.3661335084868824e+00
15, 4, 5.9050535050170623e+01, 2.2611576287572032e+02
15, 5, 4.7178607086672173e+00, 1.5546259852872996e+02
15, 6, -1.1851796842307138e+01, -6.0576268800686677e+01
15, 7, -1.1768791492927082e+02, -1.0145466659514948e+02
15, 8, 4.4374030829162621e+00, -1.7049507269485520e+02
15, 9, -3.5548149811578156e+02, -1.3011588458278169e+01
15, 10, 1.3184562706878069e+02, 4.1431993572235200e+01
15, 11, 7.2443516363665424e+01, -5.9408919754670507e+01
15, 12, 2.7545751421474745e+02, -4.4664307370184815e+01
15, 13, 6.2446961911128369e+01, -1.3179772345467731e+02
15, 14, 2.1150725462720999e+01, 1.5704565440455667e+01
15, 15, 2.6505318680115010e+02, 6.3600140109465805e+01
16, 0, 1.6708593491071477e+02, 0.0000000000000000e+00
16, 1, -2.9687660381003980e+00, 2.4138292681247179e+01
16, 2, 3.3108874087632921e+02, 1.9944297152753253e+02
16, 3, -3.9724974282112612e+01, -7.0509513323175256e+01
16, 4, 2.5338495314095326e+02, 4.5875582200239784e+01
16, 5, 6.6344049881190045e+01, -5.5785154333524673e+01
16, 6, -2.7249757136383359e+01, -1.2644467920697821e+01
16, 7, -1.3237489968635646e+02, 4.5983106603725219e+01
16, 8, -7.6505551321452401e+01, -1.5579693425232648e+02
16, 9, 1.7143620227904597e+02, 1.0674878345802671e+02
16, 10, 1.5702987192717788e+02, 3.5579563187120513e+01
16, 11, -7.8326301846190589e+01, -1.9668952673609965e+02
16, 12, -2.7233351157653294e+02, -5.4083580589443443e+00
16, 13, 4.3819903266030209e+01, 1.0368831881190857e+02
16, 14, -1.2033071288990985e+02, 4.8309899505950341e+01
16, 15, 2.9736029379380057e+02, -9.2531164253904308e+00
16, 16, -1.0113822077823897e+00, 7.1098811223582601e+01
17, 0, 8.5958667330244836e+01, 0.0000000000000000e+00
17, 1, 1.6438859149017202e+02, 6.1350427808504747e+01
17, 2, 9.5860688025041824e+01, 1.8080428039843790e+02
17, 3, 2.2200498422618506e+02, 6.5872591884604304e+01
17, 4, -1.9355261076022856e+01, -2.8268306091970814e+01
17, 5, -3.0059827780029821e+01, 9.3372033670960278e+01
17, 6, 3.4728027130411476e+00, -7.2414497859750696e+01
17, 7, 1.0227118246491472e+01, 1.4843503772004351e+02
17, 8, 2.8483642574056205e+00, 3.0279930382681641e+00
17, 9, -8.7622851846008601e+01, 2.0440819970600512e+02
17, 10, -2.8357535616919705e+01, 2.2902483719120738e+01
17, 11, 1.0846243792635175e+02, 3.1154818772733501e+02
17, 12, -1.9352898806721021e+02, 6.2335640651908008e+01
17, 13, 2.0209451986031740e+02, 1.8340219905935189e+02
17, 14, -5.2223236881765843e+01, 9.5444417733319540e+00
17, 15, -1.8482001536587603e+01, -9.2602798613289636e+01
17, 16, -1.7475292862519592e+02, -5.3929014309659323e+01
17, 17, -1.3225548807777534e+02, -4.3396508640593368e+01
18, 0, 1.4694371423134584e+01, 0.0000000000000000e+00
18, 1, 8.5338780942327617e+00, 1.7290599263900737e+02
18, 2, -7.8959709184402897e+01, 1.2917991723875286e+01
18, 3, 1.1673993164933276e+02, -2.3827025659896776e+01
18, 4, -2.2184282477241308e+02, -7.2171708857068012e+01
18, 5, -3.3403841230352150e+01, 1.3101113791727158e+02
18, 6, -5.5572283496933210e+01, 1.1157849911044886e+02
18, 7, -1.7849939723235011e+01, 1.4120147544270466e+01
18, 8, -7.4855904047577866e+01, 9.9544623197559289e+01
18, 9, 3.7973478777653938e+01, -3.5176081880051623e+02
18, 10, -1.2928185054441127e+02, 1.3774170580252749e+02
18, 11, -1.0653636459831296e+02, -4.8665348621747881e+01
18, 12, -4.9129224532406639e+01, 2.1365670791310180e+02
18, 13, 1.5045818334220991e+02, -1.4417861586149314e+01
18, 14, 1.1423451957690705e+02, -9.2088687066524287e+01
18, 15, -1.9119691760312816e+02, -1.2338392134677932e+02
18, 16, -1.7780802894389913e+02, 4.0963023924092440e+01
18, 17, -1.9493693008064756e+02, 3.2545802223861983e+01
18, 18, 2.1983621272661509e+01, -4.7919306738864321e+01
19, 0, 3.4830209049721027e+01, 0.0000000000000000e+00
19, 1, -3.6286007258491949e+01, -2.7831813041254748e+01
19, 2, -1.1085188814892049e+01, 3.4927709635521332e+01
19, 3, -7.1572668746276193e+01, 1.4834636040630144e+01
19, 4, -1.2195222113151722e+02, -6.2347039615706926e+01
19, 5, -6.9507223124303721e+00, -2.6667843916198507e+01
19, 6, -8.9339602455537658e+01, 1.2850289165613742e+02
19, 7, 9.6514489595184330e+00, -3.9751763078088608e+01
19, 8, -6.6674356355083177e+01, -6.6938199557358843e+01
19, 9, -5.7896866619413203e+01, -2.0992583602239776e+02
19, 10, -7.5874261284518212e+01, -8.9323582385032239e+01
19, 11, 5.4954064374946967e+01, 9.0980290820780723e+01
19, 12, -1.7015109727702867e+02, -7.4292839357520876e+01
19, 13, 9.2240807544535571e+01, -8.1573759085050582e+01
19, 14, -5.4350664255545695e+01, -7.5972207139568866e+01
19, 15, -1.7471505901039322e+02, -1.6551953431384607e+02
19, 16, -6.2630050912656237e+01, 6.9861811469034436e+01
19, 17, 1.0620820076785836e+02, 1.1471786944986826e+02
19, 18, -2.8877618664028432e+01, -1.1181035314372707e+02
19, 19, 1.9158221178618589e+01, 1.0521014718141828e+01
20, 0, -2.9204041153447008e+01, 0.0000000000000000e+00
20, 1, 1.2285922689892638e+02, -1.3541832975351994e+02
20, 2, 1.8053933912630924e+01, 4.3662436494107865e+01
20, 3, 1.0643417360108953e+02, -1.0664265153442528e+01
20, 4, 9.3053753186173012e+01, 4.4882251969119793e+01
20, 5, -5.4236305634712423e+01, 4.3734311539440405e+01
20, 6, -7.1110912082957043e+00, 9.5047886637217402e+00
20, 7, 5.8206547492775790e+01, -2.2727841615870057e+02
20, 8, -4.4357119834032517e+00, -4.2435091887241342e+01
20, 9, -1.7256579661278579e+02, -1.1263598382589095e+01
20, 10, 6.6144387431202460e+00, 2.4961112500868825e+01
20, 11, -1.5799095958534303e+02, 1.3431320347748832e+02
20, 12, 1.7974531729694684e+02, 3.2424282358990951e+01
20, 13, 2.4365129071719238e+02, -4.0321589755830558e+01
20, 14, -1.2299971387002454e+02, -1.5136459231645250e+02
20, 15, -1.2996574578365497e+01, 1.4266492445018969e+02
20, 16, -1.1612968866684731e+01, -9.9354149909064148e+01
20, 17, 1.5898474912966805e+02, 1.1841241703916307e+02
20, 18, -2.2343449432907775e+01, -5.6309342489532014e+01
20, 19, 7.7219033216443705e+01, 2.0617220926424412e+02
20, 20, 8.1500615744967121e+01, 6.9507496178553822e+01
