0, 0, 0.0000000000000000e+00, 0.0000000000000000e+00
1, 0, 0.0000000000000000e+00, 0.0000000000000000e+00
1, 1, 0.0000000000000000e+00, 0.0000000000000000e+00
2, 0, 0.0000000000000000e+00, 0.0000000000000000e+00
2, 1, 3.4209549749996364e+02, 1.8472019419881548e+02
2, 2, 7.5070074500793198e+03, -4.1163738336547140e+03
3, 0, 2.1073679535527986e+03, 0.0000000000000000e+00
3, 1, -1.0022373627238887e+03, -4.4703212437220254e+03
3, 2, 2.1157611553506126e+03, -7.7617914499157803e+02
3, 3, -5.0862644505945054e+03, -2.9109146197440386e+03
4, 0, -7.4440920090060399e+02, 0.0000000000000000e+00
4, 1, -1.1601611749330173e+03, -8.8627056705706912e+02
4, 2, 9.6433058306386397e+02, 1.7270556841363943e+03
4, 3, -2.0716749293361495e+03, 1.0704392227449996e+02
4, 4, -2.6187629007337659e+02, 2.5712624682912956e+03
5, 0, -2.7438651686741912e+02, 0.0000000000000000e+00
5, 1, 7.3979937067799284e+01, 1.1948255454062723e+02
5, 2, 6.8868814782922459e+02, 4.5908671654274224e+02
5, 3, -5.8846136280432688e+02, 6.4195555478224003e+02
5, 4, 1.2317702473658655e+03, -1.6783746652238051e+01
5, 5, 9.6104898720889673e+02, -9.2164039103104062e+02
6, 0, -3.0368356595848638e+01, 0.0000000000000000e+00
6, 1, -7.5786651078813077e+02, 2.7706547682207196e+02
6, 2, -7.2056518368994250e+02, -2.7022883879517605e+02
6, 3, -6.9446419194835687e+02, -2.9089925659746842e+02
6, 4, -1.4519627506330798e+02, -5.3921893632158424e+02
6, 5, -7.2005373836104695e+01, -5.8762725052527549e+02
6, 6, -4.2625789608070374e+02, -1.3255911353243255e+02
7, 0, 1.5749141400312686e+02, 0.0000000000000000e+00
7, 1, -6.4357551159863385e+02, 5.7456385731132389e+02
7, 2, -4.7901028725191884e+02, -1.7546298301624364e+02
7, 3, -1.3140703507039970e+02, 3.3162888804514836e+01
7, 4, -1.0487744904192998e+03, -2.5952204685423101e+02
7, 5, 9.7381157532613827e+01, 6.0895231217691185e+02
7, 6, 4.7109788482585623e+02, 7.2300714565079284e+02
7, 7, 1.7628021060648564e+01, 3.4939582142961001e+02
8, 0, -2.9896336025205221e+02, 0.0000000000000000e+00
8, 1, -1.0715080067485573e+01, -9.9616740410673970e+00
8, 2, -7.4069271270006936e+02, -1.8020721997220485e+02
8, 3, 5.9542554157730035e+02, 6.4767692465345306e+02
8, 4, -5.5612194019868571e+02, 2.6271395526527289e+02
8, 5, 1.2939999397654710e+03, 9.6005677438238024e+02
8, 6, 6.8836924331600585e+01, 5.4270322794729714e+02
8, 7, 3.0079433887077744e+02, -4.5685833417388551e+02
8, 8, -1.0631705214496739e+02, 1.2532813754793460e+02
9, 0, 1.0915060900058405e+02, 0.0000000000000000e+00
9, 1, 9.4256100398205064e+01, -3.4352391094842210e+02
9, 2, -6.9257336123300695e+02, -2.3173019904619878e+01
9, 3, 3.3369168080225779e+02, 2.2732037346642841e+02
9, 4, -2.1193429516300381e+02, -6.7889916700294202e+02
9, 5, 7.6191171664372212e+02, 7.9031496943489651e+02
9, 6, -2.1536089973114585e+02, 1.4875421151657486e+02
9, 7, 3.6393939871412118e+02, -8.3419595028378251e+02
9, 8, -8.1755961599024204e+02, 2.3227107679695422e+02
9, 9, 3.5798740685097403e+02, 8.2923040107584086e+01
10, 0, -1.5812513116240120e+02, 0.0000000000000000e+00
10, 1, -2.1753214785796695e+02, -1.3591018883642093e+02
10, 2, -1.6613398529898274e+02, 5.0297249782885308e+02
10, 3, 4.8530489766251134e+02, -1.0511552784255133e+02
10, 4, 5.6137958973877176e+02, -2.3610085836550095e+02
10, 5, -3.2873174511416147e+02, 4.5263610123592957e+02
10, 6, -2.0692135224366885e+02, -7.2697254558140878e+02
10, 7, -2.1634566220425899e+02, 1.1122077307739602e+02
10, 8, -2.4509604306690935e+02, -3.4475681594910060e+02
10, 9, 5.0091285304863482e+02, 4.0228553253752932e+02
10, 10, 1.6093522470183211e+02, -2.2253814012176116e+02
11, 0, 1.3407354223919813e+02, 0.0000000000000000e+00
11, 1, 1.2776078084850951e+02, 4.8020885337846963e+01
11, 2, 9.0222283095876321e+01, 6.0851672109246533e+02
11, 3, 5.8848971206001295e+02, -4.8389528943815293e+02
11, 4, 8.0223850301841514e+02, 3.9516064337091700e+02
11, 5, -4.9287893493348975e+02, -4.7629757673600352e+02
11, 6, 2.8282854393107630e+02, 1.3268236612437124e+02
11, 7, -3.8028114682466440e+02, 2.9395746611794459e+02
11, 8, 6.4368421707679613e+02, -2.1965449554307162e+02
11, 9, 1.2853567975560935e+02, 1.8074251208663733e+02
11, 10, 6.1328555780843288e+01, -9.0839818564672521e+02
11, 11, 7.4001096296900698e+01, 1.8376006932422496e+02
12, 0, 3.1063699803542818e+01, 0.0000000000000000e+00
12, 1, 5.7954581121095680e+02, -5.0903608593864831e+01
12, 2, 1.1162380823322164e+02, -2.0455573808157399e+02
12, 3, 6.6039906934400165e+02, -1.0787092159167767e+02
12, 4, 1.5410020608949532e+02, -1.1686052244325145e+02
12, 5, -1.5863402695507264e+02, -4.9176221801726166e+02
12, 6, 1.2953796629006126e+02, 6.4177020623010367e+02
12, 7, -4.5711277825479357e+01, 1.8730299700082381e+02
12, 8, 5.2112300382481135e+02, 3.9577476456618257e+01
12, 9, -1.4097043254328767e+02, -9.2618436240086396e+01
12, 10, -9.4385967733294933e+00, -5.0246570652394598e+02
12, 11, -3.5259206426359242e+02, 8.6035666457578611e+02
12, 12, 5.6331233752799498e+01, 4.0054025473454395e+01
13, 0, 1.3001224647464574e+02, 0.0000000000000000e+00
13, 1, 3.3678218537705754e+02, 1.4425619724429123e+02
13, 2, -2.1045472034451609e+02, -4.4133237288571996e+02
13, 3, 6.4571497398250699e+01, 5.7030024665290682e+01
13, 4, 4.6242313644387863e+01, -2.3696880550826981e+02
13, 5, -4.7704694185444808e+01, 2.1558750123112603e+02
13, 6, -2.4512649829643539e+02, 5.5123147289708561e+02
13, 7, 3.3062586824101737e+02, -1.5946532715645881e+02
13, 8, 8.1446803399578556e+01, 2.3808660388795538e+01
13, 9, -3.0150299805815439e+02, -2.3415474262300245e+02
13, 10, -1.9256692641618429e+01, 2.1358054213967100e+02
13, 11, -3.0787998387894584e+02, 4.0732388681029585e+02
13, 12, 4.7127440213389667e+02, 1.8604582959765176e+02
13, 13, -3.2246213712036547e+02, -3.9546275851402720e+02
14, 0, 4.6569912346454373e+01, 0.0000000000000000e+00
14, 1, -2.6235570200917670e+02, -5.1580771774043129e+01
14, 2, -1.3723273268499898e+02, 1.5683338951751233e+02
14, 3, -1.1771315586006762e+02, 6.9889574627475113e+01
14, 4, -1.6318171060731680e+02, 4.4361672767878702e+02
14, 5, 1.7448287425687499e+02, 3.8504092605448267e+02
14, 6, -1.0134312506654460e+01, 8.7843850176321070e+01
14, 7, 9.8396662939349326e+01, -1.0626055094059326e+02
14, 8, -3.9100577234263363e+02, -2.0086835035601459e+02
14, 9, 4.6905023287147998e+00, -3.4312419963163990e+02
14, 10, 4.9450865498734792e+01, 6.0455403899858925e+02
14, 11, 2.3263500031464380e+02, -1.4492493694467845e+02
14, 12, 1.1316619344133062e+02, 4.9870699359809663e+01
14, 13, -2.7661004787884667e+02, -7.5689968469552889e+02
14, 14, 2.4120923507245188e+01, 2.5365268666419900e+02
15, 0, -1.3357465714915898e+02, 0.0000000000000000e+00
15, 1, -5.3450175093893044e+01, -1.6683875855193156e+02
15, 2, 1.9170724870139725e+02, 2.4316110678214602e+02
15, 3, 1.7244750355553288e+02, 9.2095802655279101e+01
15, 4, 2.5147143274467555e+02, 3.6659099324017120e+02
15, 5, 2.9382439231363037e+02, 2.2042100039931864e+02
15, 6, 1.3793268418742544e+01, -2.2517874821354377e+02
15, 7, -3.4292757211670119e+02, -1.6013130098449511e+02
15, 8, -3.5878879057803204e+02, -2.2733445888208558e+02
15, 9, -7.2891147512823665e+01, 1.1019069581215783e+02
15, 10, 1.1177235097043024e+02, 6.8372002490391907e+01
15, 11, 2.7466956908828479e+02, -2.0580521795243305e+02
15, 12, -1.7539851761407346e+02, -2.5711235630665931e+02
15, 13, -2.6438321333369302e+01, -2.8266432051769073e+02
15, 14, -5.9408625503389068e+01, 4.3086722825732966e+02
15, 15, 2.2981505391556948e+02, -9.5144494595404083e+00
16, 0, -1.0637704531633406e+02, 0.0000000000000000e+00
16, 1, 6.4936324823176250e+01, 1.6672990081572675e+02
16, 2, 2.7469960685296491e+02, 1.0822573150216812e+02
16, 3, 1.3470923945988261e+02, -1.4997357502578092e+02
16, 4, 3.2542400029232226e+02, 3.4664856635464687e+01
16, 5, 1.2520716924228317e+02, -1.8967642362592363e+02
16, 6, -5.1903269672828472e+01, -6.8635823627490154e+01
16, 7, -1.6496341544734821e+02, -6.8686640622546122e+01
16, 8, -9.8412659932690545e+01, -1.7550651225788414e+02
16, 9, 1.7269905658211161e+02, 3.0943065473331438e+02
16, 10, 2.1111107740537108e+02, -8.1599092858645847e+01
16, 11, -1.4002056959172236e+01, 5.8176405264778168e+00
16, 12, -2.2971580675318651e+02, -1.9152546633727428e+02
16, 13, 3.6671965146341478e+01, 2.1203881757277793e+02
16, 14, -2.4827320533129580e+00, 2.8588187295226516e+02
16, 15, 3.6668021645270176e+02, -9.5268229952271483e+01
16, 16, -5.9661438965374799e+01, -4.1983844588542283e+00
17, 0, 4.5611698945184514e+01, 0.0000000000000000e+00
17, 1, 1.5597994299904281e+02, 1.8511145886637544e+02
17, 2, 8.7144760350669614e+01, 3.0162185023695173e+01
17, 3, 9.4286376865143538e+01, -2.4227004404794776e+01
17, 4, -1.2367853417435063e+02, -8.1604641462561691e+00
17, 5, -1.8907228577638421e+02, -4.4826040344263973e+01
17, 6, -1.6056044668427347e+02, 5.1675060064889934e+01
17, 7, -8.2381941983901783e+01, 1.1649421913014068e+02
17, 8, 9.5404954175502368e+01, 5.3038876843849252e+01
17, 9, 1.6925958868595181e+01, 1.5968047299258780e+02
17, 10, 1.3426501930581446e+02, -5.9453421925020550e+01
17, 11, -4.9019579333225309e+01, 1.0278762141529263e+02
17, 12, -1.2319360042183050e+02, 2.3925632791571186e+01
17, 13, 1.8831283213303030e+02, 2.7225737248884451e+02
17, 14, 7.0564639364369938e+01, 1.2321179734032211e+02
17, 15, 8.5965098064472869e+01, -1.3788399728589923e+02
17, 16, -3.3777004774248110e+02, -1.6414399557062498e+02
17, 17, -6.3141900539741982e+01, -9.0688376961217912e+01
18, 0, 7.6340986787084688e+01, 0.0000000000000000e+00
18, 1, 4.4010755503387713e+01, 1.8926962941773974e+02
18, 2, -1.9524823421621420e+00, -5.7568153513291414e+00
18, 3, 1.0541212310439704e+02, 9.7528821500994184e+01
18, 4, -2.7253149240846398e+02, -5.3921944581536870e+01
18, 5, -5.8063719306661795e+01, 1.8439574625615583e+02
18, 6, -6.9277182401562897e+01, 1.9181193230999031e+02
18, 7, 3.9196075334609496e+01, 4.3393104989520623e+01
18, 8, -3.8586466163736709e+01, 9.2489324753799764e+01
18, 9, -3.3888455748361608e+00, -1.6797656200974973e+02
18, 10, -1.9487091642548339e+02, 6.0601646226207478e+01
18, 11, -9.7834953671678676e+01, 5.2811285107363290e+01
18, 12, -3.3037100066458130e+01, 9.3326452756192054e+01
18, 13, 1.1783949574422975e+02, 5.6403499734629321e+01
18, 14, 1.2120700357259703e+02, -7.4092550707475198e+01
18, 15, -1.4477573472356980e+02, -2.1210684276838066e+02
18, 16, -1.5263896246241936e+02, -3.7403957703912162e+01
18, 17, -8.0372525518899323e+01, 2.6281475457996913e+02
18, 18, -9.9351125067655687e+01, -9.4387136153110305e+01
19, 0, 8.6240043145432619e+00, 0.0000000000000000e+00
19, 1, -2.0006559677121302e+01, -1.1136489092789543e+02
19, 2, 7.4049935992406510e+00, -7.8135707734928310e+00
19, 3, -1.0098143596623288e+01, 4.5068226500843053e+01
19, 4, -6.3575937687122497e+01, -6.9527538723237825e+01
19, 5, 5.5835068863378019e+01, 8.3133479760217341e+01
19, 6, 2.9937431892672414e+01, 6.8457033796533523e+01
19, 7, 1.0246116177813056e+02, -4.9846432033527073e+01
19, 8, -1.0653195778658861e+02, 7.5457377967554180e+00
19, 9, -5.9739506405338290e+01, -1.4141659527421248e+02
19, 10, -1.4483923236002670e+02, -9.8876371564947760e+00
19, 11, 6.9009505437697278e+00, 1.0631011298647273e+02
19, 12, -2.6386280203609225e+01, -1.7157536507232106e+01
19, 13, 6.7783207937346532e+01, -1.5608768187179816e+01
19, 14, -4.7158560865697574e+01, -1.2734221339868611e+02
19, 15, -2.1924574906849506e+02, -1.5089054764862658e+02
19, 16, -1.6935819653206931e+01, 4.8057356643265791e+01
19, 17, 5.4702387598030299e+01, 1.2221296582735235e+02
19, 18, 1.3898556385679859e+02, -1.5317324871428917e+02
19, 19, 8.0067389820867163e+01, 1.7296453523666429e+02
20, 0, -6.1871346593561512e+01, 0.0000000000000000e+00
20, 1, -1.9828546509534917e+00, -1.3511175020056507e+02
20, 2, -8.0768005272436696e+00, 5.4513710310047991e+01
20, 3, -4.9954776393137365e+01, -4.1021778547416076e+01
20, 4, 8.9239537880480839e+01, -2.6115573092046866e+01
20, 5, -4.4614022581255803e+01, 8.6294681521723966e+00
20, 6, -3.8522618264124517e+01, -6.6439824076928289e+01
20, 7, 2.3700696570714719e+00, -6.5610166486186273e+01
20, 8, -5.7772673350915809e+01, -6.8620059047218007e+01
20, 9, -5.4830650276094133e+01, -3.5963118416639730e+01
20, 10, 7.8205863425582749e+01, 1.1490067150477559e+01
20, 11, -1.1047017480961443e+01, 3.0815069014882997e+01
20, 12, 1.3204225839657212e+02, 3.9521095002539219e+01
20, 13, 6.2530789941239838e+01, -7.2803257761067229e+01
20, 14, -8.2570015768849117e+01, -8.1375106371235120e+01
20, 15, -1.7659641887408036e+01, 8.8741782072155118e+01
20, 16, -1.1515376459373764e+01, 2.4659725775284123e+01
20, 17, 1.2922407365897064e+02, 9.9212678854596874e+01
20, 18, -1.2180837376606885e+01, -1.4628780012131665e+02
20, 19, -1.2121944800029091e+01, 5.6363265586489092e+01
20, 20, 1.0724372509314750e+02, 5.3306274332770123e+00
21, 0, -6.1996773294256968e+00, 0.0000000000000000e+00
21, 1, 3.7645060122038075e+01, 6.6060289020476219e+01
21, 2, -9.7582402032342799e+00, 1.1229552058449974e+02
21, 3, 2.0785879259707286e+01, -3.6682817528386003e+01
21, 4, 7.4708474378958527e+01, 3.5185965563072010e+01
21, 5, -7.8147643190461963e+01, -2.0537359118620092e+01
21, 6, -1.1359476628140470e+01, -2.8361627470648614e+01
21, 7, -4.3733718802751824e+01, 7.0755915158141747e+01
21, 8, -1.8755214508121412e+01, -5.0527340740500350e+01
21, 9, 6.8259955998446230e+01, 1.5678941937486215e+00
21, 10, 6.6128763431167357e+01, -5.4587662281482409e+01
21, 11, 8.8106323498621720e+01, 7.5624125739026255e+01
21, 12, -3.7906669963419205e+01, -3.2249469199883350e+01
21, 13, 8.4310304943102992e+00, -9.6923247367726262e-01
21, 14, -2.3318332058214541e+01, 8.8822179214742036e+01
21, 15, 6.4275744671564738e+01, 8.8117674518244371e+01
21, 16, 6.2015321830009654e+01, 3.9447326408215737e+01
21, 17, 6.9605081643213552e+01, 5.8201755370861079e+01
21, 18, -5.1843919449284833e+01, -8.8980708399367856e+01
21, 19, -2.8410904708910039e+00, 1.6281613430977632e+02
21, 20, 6.1343511682420861e+01, 8.6389520808378833e+01
21, 21, -1.4931447387150047e+02, -1.1365306600455986e+02
22, 0, 6.5947360154969914e+01, 0.0000000000000000e+00
22, 1, 8.1190852031467941e+01, 4.6677968299288111e+01
22, 2, 3.6541512612486393e+00, -2.1620462715659809e+01
22, 3, 7.5138009212695479e+01, 1.0819464406785716e+01
22, 4, -5.2450029868441710e+01, 5.1193959656717759e+01
22, 5, -8.6433099771709685e+00, -1.3686096904023527e+01
22, 6, 2.8028298751510903e+01, 6.5275632198247862e+01
22, 7, -4.2373478117528421e+01, 1.7679199507536033e+01
22, 8, 5.2212275317472944e+01, 2.8579905791260330e+01
22, 9, 1.6338434023201465e+01, 3.8062814863528345e+01
22, 10, 4.9809787384337916e+01, -2.7770309093338689e+01
22, 11, 5.1379335070247862e+01, 5.4953054851806755e+01
22, 12, -6.0671725554715877e+01, -1.0452856908697338e+01
22, 13, 2.8559578665575632e+01, 2.6469415501370786e+01
22, 14, 1.0817734879541398e+01, 7.9836134695316517e+01
22, 15, 7.0763052356175564e+01, -3.6949678874991342e+01
22, 16, 4.0333809329719259e+01, -7.0359814661408038e-01
22, 17, -8.5867309855031579e+01, -5.5268900741700691e+01
22, 18, 2.4313287356055948e+01, 7.7209674481060766e+00
22, 19, -8.7443228564308924e+01, 5.9015447692129491e+01
22, 20, 9.5516562574606610e+01, -2.3935578227705086e+01
22, 21, -6.5661127204415237e+01, -1.2268527197125678e+02
22, 22, 4.9097661926578624e+00, 5.2114661310836958e+01
23, 0, -1.8927228267805869e+01, 0.0000000000000000e+00
23, 1, -3.4640845769040432e+01, -2.2515385685287708e+00
23, 2, -2.5354010264230173e+01, -6.4777072350390114e+01
23, 3, -2.9640784738063015e+01, 3.1861597843926706e+01
23, 4, -5.2360827138798101e+01, -6.6305706827990765e+00
23, 5, 5.9381858041959298e+01, -3.2717278055590526e+01
23, 6, -5.8072689432392821e+01, 8.7634872569017745e+01
23, 7, 3.3060541029630429e+01, -7.1989013963242570e+01
23, 8, 1.6037041433721228e+01, 5.3365214199339711e+01
23, 9, -7.6922697383555674e+00, -3.0739332480233188e+01
23, 10, 2.2380892430306567e+01, 6.9916014084849735e+01
23, 11, -3.5097954869973258e+01, 2.9985754870649728e+01
23, 12, -5.3807666410266890e+00, 3.3025770085373637e+01
23, 13, 4.2452137651889082e+01, -6.4480714342173187e+00
23, 14, 2.8579200166530541e+00, 8.0563209133655590e+01
23, 15, 4.6525888276364256e+01, -1.2949037717827176e+02
23, 16, -6.9983462055486754e+01, -6.2629622603438975e+00
23, 17, -5.3619992206892753e+01, -1.2247608979548551e+02
23, 18, 2.4171663844090897e+01, 8.4915062173668161e+01
23, 19, -9.0360222061144128e+01, -8.4910807512889424e+00
23, 20, 9.5879404377882793e+01, -2.1741649040188836e+01
23, 21, -7.5642580924566815e+01, -1.0791111881696636e+02
23, 22, -4.0186708650455458e+01, 7.5134195380343130e+00
23, 23, 9.9293480693945554e+01, -2.3045139917169834e+01
24, 0, -2.1142112478561188e+01, 0.0000000000000000e+00
24, 1, -3.6845203658963058e+01, -4.4447795932155387e+01
24, 2, 5.0447860109009843e+00, 3.6864778803209845e+01
24, 3, -6.3371398665010439e+01, 2.5807537520452399e+01
24, 4, 7.4592761718030651e+00, -2.7528380997274461e+01
24, 5, 3.2704808527896205e+01, 2.4737335460160356e+01
24, 6, -6.0102988393218361e+01, 1.0647992939261801e+01
24, 7, 6.5118999530657661e+01, -7.4920950308984061e+01
24, 8, -2.2475395140552536e+01, -1.0829816306700764e+00
24, 9, -1.4847300228919536e+01, -4.7839227298649377e+01
24, 10, 2.2592676869750370e+01, 2.6455787982158611e+01
24, 11, -1.7566698746549181e+00, -5.1981013719873708e+01
24, 12, 5.3367449193302349e+01, 4.5896028206607717e+01
24, 13, -3.3423443621613558e+01, 3.8100863631387840e+00
24, 14, -1.5377317701901567e+00, -6.0011224473696757e+01
24, 15, -4.0239059538819454e+01, 1.2737932998280517e+01
24, 16, -8.5973558040370605e+01, -5.4238295847475413e+01
24, 17, 2.2394579472354202e+01, -2.2222223041547524e+00
24, 18, -5.9405437148456279e+01, 1.0259526263007844e+02
24, 19, 6.5625081798224159e+01, -5.5854010336400123e+01
24, 20, 2.5979927312950572e+01, 1.2142885376620061e+01
24, 21, -4.3910397189163142e+00, -5.1124825100763857e+01
24, 22, 2.0773486934610293e+01, 1.0274522448873672e+02
24, 23, 8.1612938726434521e+01, 9.5592107231007315e+00
24, 24, -4.3160264687986597e+01, -1.3629795806073512e+01
25, 0, 1.6371008073925537e+01, 0.0000000000000000e+00
25, 1, 2.0305956613370363e+01, 6.2868896808389323e+00
25, 2, 3.0677461435160552e+01, 5.5374216337187889e+01
25, 3, -5.0196069640821150e+00, 2.2250183684518085e+01
25, 4, 9.1395246231886205e+01, -2.7950601124060636e+01
25, 5, -3.2609387183551824e+01, 3.7801157945729898e+01
25, 6, 2.5769253388274322e+01, -3.6577830212635249e+01
25, 7, -4.3844662589807371e-01, -4.7667490068396546e+01
25, 8, -2.0529942246018908e+01, -2.6020704110050012e+01
25, 9, -9.1659639742068109e+00, -2.7936933309188422e+01
25, 10, -1.2578882001487912e+01, 2.6697103552481032e+01
25, 11, 6.9035523329259405e+01, -5.6136994811674526e+01
25, 12, 4.1676692624598871e+01, 4.0332661086720975e+01
25, 13, -4.7817549314420198e+00, -3.6964900065040005e+01
25, 14, 1.1199110834533837e+01, -3.2441621253513823e+01
25, 15, -6.1213839568529835e+01, 7.5985878695125066e+00
25, 16, 1.7389225808323097e+01, -4.4053031748485900e+01
25, 17, 3.8018334616536286e+01, 1.0141516014738717e+02
25, 18, -2.7725218242163930e+01, -1.4345599544207715e+01
25, 19, 8.4787765009259033e+01, 6.1551048010167371e+00
25, 20, -6.1043764140912756e+01, -1.2332442364969145e+01
25, 21, 9.3989215100996887e+01, -3.8127989980648572e+01
25, 22, -3.5077031833987718e+01, 7.2312389237714456e+01
25, 23, 6.7924509501411478e+01, -6.5386849940979459e+01
25, 24, -2.6674326925801466e+01, -1.2588744641566441e+01
25, 25, -2.1810747436767954e+01, 3.7670286993968588e+01
26, 0, 4.0978662428533596e+01, 0.0000000000000000e+00
26, 1, 1.0660584487167394e+01, 5.2980970217355235e+01
26, 2, 1.8413447810318662e+01, 5.0689756469184122e+00
26, 3, -3.3333866213102681e-01, -1.2819533006228935e+01
26, 4, 4.0324026030029316e+01, -1.0743571429035722e+01
26, 5, -2.6290221806727317e+01, -9.7553104492644778e+00
26, 6, 4.3234702938819225e+01, 4.5994831103718656e+00
26, 7, -1.0008326322441427e+01, 1.9477471744783251e+01
26, 8, 5.9154613137755643e+00, -2.2038325089851668e+01
26, 9, 3.3381017023247290e+00, 5.7493204287078278e+01
26, 10, -6.5867591461834820e+00, -9.0295026673749312e+00
26, 11, 5.8268849161070960e+01, 2.3753671307107190e+01
26, 12, -2.9872799380547928e+01, 1.8251398222815013e+01
26, 13, -4.3999948955638502e-01, -2.3410085505111908e+00
26, 14, -1.2453429809195912e+01, 3.5806749219267022e+00
26, 15, -1.2537150166824432e+01, 9.0946004392253919e+00
26, 16, 5.3173526776841499e+01, 1.3557561052041239e+01
26, 17, 3.9397963748967975e+01, 1.3310316261092362e+01
26, 18, 3.2045548707205043e+01, -4.4020147909864029e+01
26, 19, -1.2986457927328781e+00, 2.3487568583435703e+00
26, 20, -1.6044342253280924e+01, -4.2798030079313634e+01
26, 21, 3.4278343536992615e+01, 5.8365130057718609e+01
26, 22, -5.6893414910563394e+01, 8.0125048043827380e+00
26, 23, 2.8795289553966697e+01, -3.3727898798797725e+01
26, 24, -9.6130702607311392e+01, -3.2223617391376838e+00
26, 25, -3.3047283563732577e+01, 4.9328436207398212e+01
26, 26, 1.9600979897341464e+01, -5.3377028830914526e+01
27, 0, 3.4746870730962236e+01, 0.0000000000000000e+00
27, 1, -3.3755747265624185e+00, 6.5429924479076274e-01
27, 2, -2.3400856769318410e+00, -3.8747203704336648e+01
27, 3, -1.3741234100055705e+01, -2.8791172207219006e+01
27, 4, -4.0802357611475877e+01, -1.4077200919461813e+01
27, 5, -1.0410175097077381e+01, -3.7079929632426087e+01
27, 6, -4.0790780152858133e+01, 3.5207338419858843e+01
27, 7, 6.6618745826248773e+00, 1.5584799003252215e+01
27, 8, 4.1511058229371535e+01, -1.5602571113591830e+01
27, 9, -9.1967465999617648e+00, 5.2002653860086745e+01
27, 10, 2.1984490936042175e+01, -1.7711757917212001e-01
27, 11, 2.2895947240536472e+01, 1.8839923037055204e+01
27, 12, -1.2748974827882611e+01, 7.9751898104384167e-01
27, 13, 1.2902104890592330e+01, 1.0358580301520938e+01
27, 14, -3.5274409567698910e+01, 8.6022177375806308e-02
27, 15, 3.7542257955460734e-01, -1.2942745569685298e+01
27, 16, 4.6872138059679784e+00, 3.3660255316291142e+01
27, 17, -2.0277027425013959e+01, -5.1954344835565102e+01
27, 18, -5.1953959775784497e-01, -2.0237424555435886e+01
27, 19, -8.2373564049680851e+01, -1.8645099316570885e+01
27, 20, 3.6977876977271507e+01, 5.6141816470531669e+00
27, 21, -3.5296086789170339e+01, 3.2641690385184646e+01
27, 22, 2.2822021851911241e+01, -4.0573549358610009e+01
27, 23, -1.6208812033806510e+01, 3.3051956432937715e+01
27, 24, -2.2854045532796498e+01, -1.2598090668764598e+01
27, 25, 8.2494662544590724e+00, 6.5013921450130567e+01
27, 26, 2.5463024177028242e+01, -4.6023706174136407e+01
27, 27, -5.0188767640750847e+01, 1.4057083174488829e+00
28, 0, -2.8649221042519062e+00, 0.0000000000000000e+00
28, 1, -1.6720814789239508e+01, -9.2793525619583512e+00
28, 2, -3.4181022920087564e+01, -2.6992394348818678e+01
28, 3, -1.6848765124720753e+01, 3.5332686723675067e+01
28, 4, -3.1818208658111320e+01, -1.4260252226869632e+01
28, 5, 9.8123453867659407e+00, -1.0723679577352065e+01
28, 6, -4.7835432743407154e+01, 2.7275921228490709e+01
28, 7, 2.2395603590625893e+01, -3.3755047433963654e+01
28, 8, 2.8287643951057913e+01, 6.3719056073677898e+00
28, 9, -6.1651054249662991e+00, -4.6868375115863429e+01
28, 10, 1.0255093976839142e+01, 9.5241971710593365e+00
28, 11, -1.6347498621122938e+01, -2.9539575697341093e+01
28, 12, -4.8502469492733198e+00, 5.7481943517138401e+00
28, 13, 1.1195557691872057e+01, -1.0352689061732882e+01
28, 14, -1.8162013144733962e+01, -2.0119378826434335e+01
28, 15, 1.0700443965444125e+01, -1.7636109763495394e+01
28, 16, -1.7560667162375971e+01, -1.2283674478515477e+01
28, 17, -3.3726482672558475e+00, -4.6158758925354078e+01
28, 18, -2.8988762048011537e+01, 2.9454203759092675e+01
28, 19, -3.8722398393349636e+01, -1.0239995491769507e+01
28, 20, 2.7690430659991726e+01, 4.2344308615415216e+01
28, 21, -1.3609820561820055e+01, -1.2119281730904460e+01
28, 22, 3.5701932067415171e+01, -6.4936523880190116e+00
28, 23, -3.5100405930889949e+01, -1.6218540293742826e+01
28, 24, 2.3081407534585573e+01, -1.5130470570248775e+01
28, 25, 7.4296917911731652e+00, 8.4322541233851194e+00
28, 26, 4.3148529865253636e+01, -5.7646560255796679e+01
28, 27, 1.2344566781235997e+00, -8.9577314317340377e+00
28, 28, 1.5046063653462102e+01, 5.7749617856492847e+01
29, 0, -1.2567786998747277e+01, 0.0000000000000000e+00
29, 1, 1.5464866022154311e-01, -1.5335191583183393e+01
29, 2, -1.8516868008954351e+01, -1.9389914727977056e+00
29, 3, -1.0017132770920735e+01, 3.2291229932966289e+01
29, 4, 1.2412359545033683e+01, -1.3980119247455232e+01
29, 5, 1.1504438403569853e+01, 1.2529027254839944e+01
29, 6, 5.0008571098706280e+00, -1.0172560713213787e+01
29, 7, 2.6147731332656591e+01, -1.6192255304567468e+01
29, 8, 5.0868521243248193e+00, 1.6837384551508547e+00
29, 9, -1.2688843382368024e+01, -3.6613668825354026e+01
29, 10, -1.6728070840315432e+01, 1.1187320293371512e+01
29, 11, -3.7018699647813968e+01, -1.0914625435207519e+01
29, 12, 1.9617824792774510e+01, -9.7878199508602677e+00
29, 13, -2.2672457194221224e+01, -1.8485878169807974e+00
29, 14, 3.5195128441850390e+00, -1.3663504440352884e+01
29, 15, -1.0144791942587183e+01, -1.1071125326484209e+01
29, 16, -8.4720489681866358e+00, -5.4635516469548122e+00
29, 17, -3.1498027748407802e+00, 9.2943572508878241e+00
29, 18, 3.4331957977332754e+00, 6.5526848580918013e+00
29, 19, 1.9208211525657287e+01, 5.1937570359328094e+00
29, 20, 9.7709484353060354e+00, 3.6877536619862106e+00
29, 21, 1.5271911212746232e+01, -3.0941660500820930e+01
29, 22, -1.5516799868036045e+01, -2.8480235208664642e+00
29, 23, -2.7522455581724961e+00, -2.9616658628360575e+01
29, 24, 4.3991957118652323e+00, 2.7752484891224434e+01
29, 25, -1.9190759575465925e+00, -3.0014956552731704e+01
29, 26, 1.9813721865080078e+00, -2.1108636949462674e+01
29, 27, -4.1623234484378131e+01, -6.0580720116923743e+00
29, 28, 1.3363635857777636e+00, 2.7499481613740045e+01
29, 29, 1.3487713909582530e+01, -1.6633210775249289e+01
30, 0, 2.6792614442354550e+00, 0.0000000000000000e+00
30, 1, 1.4328184306129526e+01, -1.2041330636916876e+00
30, 2, 2.0942550073218953e+01, 1.2884748820812817e+00
30, 3, 5.4705225776793132e+00, 4.9242967273340028e+00
30, 4, 2.5476570390093059e+01, -2.3799879386565461e+01
30, 5, 9.6739376634384087e+00, -1.1049485875978565e+01
30, 6, 6.4928091556450003e+00, -3.3343810748815457e+01
30, 7, 2.8282494364496138e+00, 1.1440939992970698e+00
30, 8, -1.8769798349952591e+00, -1.4259121040697107e+01
30, 9, 1.1403660201105026e+01, -7.7733448679876709e+00
30, 10, -6.7299122845053567e+00, 2.4188861339226740e+01
30, 11, -1.2510279365283466e+01, 5.8745186091750075e+00
30, 12, 2.6991955633935536e+01, -1.1595708978453787e+01
30, 13, -8.7370171374763412e+00, -1.7726955788558936e+00
30, 14, 9.7237397500794724e+00, 9.1843512940900904e+00
30, 15, -8.8943418791384374e+00, -2.1504081010540155e-01
30, 16, 1.7421344259812219e+00, -5.9799077929459976e-01
30, 17, 9.7135820790874341e+00, 1.1100519945721155e+01
30, 18, 3.7338364487921751e+00, 5.4180717614187888e+00
30, 19, 1.2301885461872388e+01, -9.0887223328634370e+00
30, 20, -1.5245276185495428e+01, -9.0820301559680683e+00
30, 21, 7.6891074278667961e+00, -8.9303687473724231e+00
30, 22, -2.1664579549057827e+01, -8.5284137448022825e+00
30, 23, 1.1788771565909832e+01, -3.7159726080122697e+00
30, 24, -4.8610659142899966e+00, 1.6967893311109890e+01
30, 25, 2.0951823412248558e+01, -1.9928310128259742e+01
30, 26, -1.4091875746883311e+01, 2.8412626417789291e+01
30, 27, -2.4896914186390436e+01, 2.2198417046104257e+01
30, 28, 1.6502922646368063e+01, 3.2938835584793381e+01
30, 29, -1.3268849637532039e+00, 2.0589014618108692e-02
30, 30, -9.7052282742635718e+00, -4.3339772228484561e+00
31, 0, -1.2683715756844986e+01, 0.0000000000000000e+00
31, 1, 3.7778092108334471e+00, 7.9302470918161276e+00
31, 2, -6.8109796244541325e+00, -7.6652953025122521e+00
31, 3, -4.8678090528859919e-01, -4.5586144750679329e+00
31, 4, 5.1959952229955135e+00, -2.3500237118924998e+00
31, 5, -4.8920014947270127e+00, -1.5475057300606862e+01
31, 6, -1.1323106044733366e+00, -6.3031127484273171e+00
31, 7, -1.5916597256578800e+01, 1.1999745004294487e+01
31, 8, 2.6635744564236541e+00, 4.3664195241223780e-01
31, 9, 1.0018323897874506e+01, 4.0605252589051091e+00
31, 10, 5.7247304434372888e+00, 2.3169067695205545e+01
31, 11, 1.2446285522505507e+01, -1.4994033700282326e+01
31, 12, 1.2478928019590128e+01, -2.6849018505637305e+00
31, 13, -4.1114125618168522e+00, -1.2606973779724795e+01
31, 14, -1.9229141243128542e+00, 4.4662720126555442e+00
31, 15, -4.0558369270056405e+00, -4.6382691954522359e+00
31, 16, 1.0487542394027798e+01, 2.6752707303089291e+00
31, 17, 7.1796193660179455e+00, -1.2240839160694250e+00
31, 18, -2.3750040868041427e+00, -2.0261594150095750e+01
31, 19, -6.4536255565075438e+00, -1.0876858726764059e+01
31, 20, -3.2276786622405126e+01, -1.3174887025269843e+01
31, 21, -4.3250959319336264e+00, 2.5316173510763518e-01
31, 22, -6.9103190548946003e+00, 1.6509076189552534e+01
31, 23, 4.2596699650954335e+00, 1.0582391981908602e+01
31, 24, -7.4704521942300524e+00, -9.1769467477575191e+00
31, 25, -2.4027034100074403e+00, 3.0387073396488864e+00
31, 26, -1.3926009294600659e+01, 5.4949537637918979e+00
31, 27, 8.0684543912541180e+00, 1.3007242762187190e+01
31, 28, 2.9970858991812584e+01, 2.0607177723601673e+00
31, 29, 6.8270075243431894e+00, -1.2546145917490922e+01
31, 30, -1.4987603384645907e+00, -2.0820779129428836e+01
31, 31, 6.9963810575269711e+00, 2.5528138243684442e+00
32, 0, -1.2450304737387542e+01, 0.0000000000000000e+00
32, 1, 1.5304855864539109e+00, 1.6036816141744936e+01
32, 2, -1.5732569200029271e+01, -1.3163366025697755e+01
32, 3, 1.4828688107852267e+01, 4.0797233645249031e+00
32, 4, -1.5355568459937587e+01, -5.1082660773744166e+00
32, 5, -7.3518517319041194e+00, 2.4106190392508129e+00
32, 6, 2.5874891068921686e+00, 1.5288006712911651e+01
32, 7, -1.4196874522119547e+01, 9.6398171302052020e+00
32, 8, 1.9042191878411487e+01, 1.2605003082114474e+00
32, 9, 4.2189534050791355e+00, 5.9183278009484992e+00
32, 10, 5.0311493442434738e+00, -4.1201367645864728e+00
32, 11, 1.3669998003513752e+00, -6.1796736541878161e-01
32, 12, -4.3912399647490741e+00, 2.5046491911534852e+00
32, 13, -1.5792501247841342e+00, -3.9701511450746478e+00
32, 14, 3.6756765728722973e-01, 1.6238497887904874e+01
32, 15, 9.0499846359569425e-02, -9.6284936264639818e+00
32, 16, 8.6711979466481264e+00, 2.2380427156418463e+00
32, 17, -1.1392073837412773e+00, 3.4812848765390481e+00
32, 18, -7.9641039998279428e+00, -2.1973461844817725e+00
32, 19, -1.6310581098733682e+01, 1.2290277321357705e+01
32, 20, -1.9615221754952866e+01, -5.3104999545238920e+00
32, 21, 1.0167416410079760e+01, 1.8447799237011949e+01
32, 22, 7.4620627266579866e+00, 3.6743338744852183e+00
32, 23, -1.9434534024411310e-01, -5.7175080308697748e+00
32, 24, 1.8310774679649224e+00, -1.3722142724446115e+01
32, 25, -1.1973187187158066e+01, 1.4028457436023507e+01
32, 26, -3.0612293302506051e+00, 4.9825985746034052e+00
32, 27, 4.2755818932141976e+00, 1.1046237614165998e+01
32, 28, 1.4981242464304909e+00, -2.4405292549752730e+01
32, 29, -1.0705372790301837e+01, -1.5334501656986816e+01
32, 30, -1.1314285681275027e+01, 4.1810886777565930e+00
32, 31, -8.0266813092896818e+00, -6.7581427639339200e+00
32, 32, -3.2496998022035317e+00, -1.6701756312233691e+00
33, 0, 5.3004939844724506e+00, 0.0000000000000000e+00
33, 1, 6.5521434806728625e+00, 9.3582219469144121e+00
33, 2, -4.5859623295622791e+00, -1.6692565839799599e+01
33, 3, 1.1518758768864084e+01, 5.8104989603274229e+00
33, 4, -3.3285112785548128e+00, -4.5696555338280822e+00
33, 5, 1.0464058663396948e+01, -1.3328284828062564e+00
33, 6, 1.0973126669306424e+01, 2.3467795419719391e+01
33, 7, 5.8711436270545647e+00, -2.1524293478776048e+01
33, 8, 1.2542686790542787e+01, 9.5441090354566498e+00
33, 9, -2.7206323554967744e+00, -6.1106128962041195e+00
33, 10, 1.9137326259751410e+00, -6.5947953019114758e-01
33, 11, -1.0356128361039707e+01, 1.0894399109664420e+01
33, 12, -1.4692419043517141e+01, -7.8084979103242347e-01
33, 13, -4.0685295510366863e+00, 2.0318309643961605e+00
33, 14, -3.4107493022473494e+00, 3.1956653445052625e+00
33, 15, 5.8977992782363913e+00, -6.7829401799582643e+00
33, 16, -1.8618867840367992e-01, 3.4904569803758836e+00
33, 17, -1.7403343092948025e+00, 4.0859946869464059e-01
33, 18, 1.1760518887415682e+01, -3.3617265093727475e+00
33, 19, -1.8096748926976971e+01, 1.2679602733995203e+01
33, 20, 9.1823543481886567e+00, 1.6218973395211096e+00
33, 21, 1.1119738492228937e-01, 1.8687384261041608e+01
33, 22, 5.6054182845925773e+00, -9.2224272358250818e+00
33, 23, 1.8683604935822753e+00, -9.9273783516391276e+00
33, 24, -3.8305669333419665e+00, -4.4771091385712669e+00
33, 25, 4.2352641587248741e+00, 6.3377866428844865e-01
33, 26, 3.9001810644506287e+00, 5.1661493117267892e+00
33, 27, 4.1926634491378270e+00, -2.9665143899884638e+00
33, 28, 2.3608876368899701e+00, -1.2784367976054471e+01
33, 29, -1.1858626990976234e+01, 1.3584308818766551e+00
33, 30, -1.3855731577537730e+01, 1.4480932200438881e+01
33, 31, 1.0644140700623176e+01, 9.7538460926496495e-01
33, 32, -4.6672537307898150e+00, 2.7727157715318231e+01
33, 33, -1.0654715976054963e-01, 9.8286868082709233e-01
34, 0, 1.3786511878362283e+01, 0.0000000000000000e+00
34, 1, -6.2092494593216481e+00, 3.9234565672063657e+00
34, 2, 5.4509167384416495e+00, -5.8528121302312641e+00
34, 3, -3.8352890293727775e+00, 1.4619237396848527e+01
34, 4, 3.1189636691526408e+00, -8.6171999336940672e+00
34, 5, 8.9545036485018166e+00, 5.4935087339526429e+00
34, 6, 8.0066472606961037e-01, 1.2647714318577599e+00
34, 7, 1.0098786029191132e+01, -1.5921961988943057e+01
34, 8, -1.4366635114867998e+00, 2.9367122835508481e+00
34, 9, -8.0613572467003092e+00, -5.7326354707757465e+00
34, 10, -1.1493850265599903e-01, 7.4927941209733122e+00
34, 11, -5.6002590902428526e+00, 1.7799032953191979e+01
34, 12, 6.4601637394921321e+00, 1.4317418462947731e+00
34, 13, 7.2513483132170187e+00, 4.1089468379035221e+00
34, 14, -8.4158742051758839e-01, -1.0800325632984038e+01
34, 15, 5.2148215989401132e+00, -6.6649345547458774e+00
34, 16, -1.7154267911636151e+01, 1.0727862455820150e+00
34, 17, 6.8639015728088246e+00, -5.2216252818177695e+00
34, 18, 1.8747717197082341e+00, 7.2691270881837475e+00
34, 19, -1.8270043393560673e+00, -1.4729758127291111e+01
34, 20, 8.5682996840327483e+00, 6.7532699595615284e+00
34, 21, -4.9554121377065163e+00, -4.5707578916466716e+00
34, 22, 8.5226914448905227e+00, -5.8780914839582641e+00
34, 23, -1.0339477782429125e+01, 2.4100300850806531e+00
34, 24, -4.4179083303309250e+00, -1.5163157345709541e+00
34, 25, 6.5618276790682586e+00, 3.5349341036415289e+00
34, 26, -7.6652840689677841e+00, 8.8464304712462205e+00
34, 27, 1.0159439098062350e+01, -8.8441050720414189e+00
34, 28, -4.0592266017736849e+00, -1.0387681864597398e+00
34, 29, -8.1573830077083755e+00, -9.2846830347677223e+00
34, 30, -1.0246726778931641e+00, 1.3369684509326049e+01
34, 31, 1.6727949883619431e+01, -5.3789498166029208e+00
34, 32, -5.0871638486878350e+00, -5.6013131355392058e+00
34, 33, 2.5030690736935245e+01, -1.2212099943877344e+00
34, 34, 1.4446586941834076e+00, -8.1417406712178053e-01
35, 0, -2.3492268649937884e+00, 0.0000000000000000e+00
35, 1, -4.6254432437573794e+00, -7.4903512278031856e+00
35, 2, -3.1982286182885833e-01, 5.4283628423799879e+00
35, 3, -2.1983167441868847e+00, 7.0327509236044428e+00
35, 4, 1.2367887025203956e+01, -6.0416865048565027e+00
35, 5, -5.1347553297904813e-01, 1.3309028653028294e+01
35, 6, -8.1926123648969931e+00, -1.0405343417932622e+01
35, 7, -1.8072679995057046e+00, 3.4918818715441571e+00
35, 8, -9.8650786785866966e+00, -5.4766376803188663e+00
35, 9, 1.4165992003621124e+00, 1.6034964753912373e+00
35, 10, 3.6654969725983637e+00, 5.5192836147263442e+00
35, 11, 2.0182337603173561e-01, 2.3942576154563078e-02
35, 12, 8.3275817323978210e+00, -1.6983339319071953e+00
35, 13, 8.4280205915609852e-01, 2.7002653284039346e-01
35, 14, 5.2774243111348715e+00, -2.8607565235421220e+00
35, 15, -5.1178895174529071e+00, 1.0318931621603578e+01
35, 16, -8.8806215655073935e+00, -7.6746517170054886e+00
35, 17, 9.8241929251735218e+00, 1.5039829332246857e+00
35, 18, -9.8825989116326234e+00, 2.8288421931745682e+00
35, 19, 2.9850545332217333e+00, -5.0870672422748600e+00
35, 20, -1.0513969333649904e+01, 1.0162259444173623e+01
35, 21, -4.1022571320053869e+00, -1.5041319467898402e+01
35, 22, -2.8434230112765571e+00, 8.5520639464313035e+00
35, 23, 1.6125180353962496e+00, -7.8382588667124020e+00
35, 24, 9.2718209351692433e+00, -1.2811802997510777e+00
35, 25, 2.4399920587876966e+00, 2.4204023627214717e+00
35, 26, -1.6270171948362600e+00, -5.1475954676088236e+00
35, 27, 3.3789792348321797e+00, 4.1874362957125530e+00
35, 28, -7.7331460061205188e+00, 5.3964889691203133e-01
35, 29, 5.4569442045827641e+00, 6.8970754878204943e-01
35, 30, -7.2355829136235181e+00, 5.8711560691714872e+00
35, 31, 5.2348180931318025e+00, -1.5567939381909128e+00
35, 32, -1.0476474232529210e+01, -1.2211360507047971e+01
35, 33, 2.7353983513591968e+00, 1.1723515343200974e+01
35, 34, -8.6014697734069117e+00, -1.5352133251089988e+01
35, 35, -7.0185949080486019e+00, -4.1782640518634313e+00
36, 0, -1.1205237163247171e+01, 0.0000000000000000e+00
36, 1, 4.3715722180048004e+00, 9.4057695366159066e-01
36, 2, -7.9288506644703878e+00, 7.1605175494334956e+00
36, 3, 4.8403817496252710e+00, -3.5131664563937912e+00
36, 4, 1.1560453907783034e+01, 1.6214373286747970e+00
36, 5, -6.2844398787088922e+00, -8.8565286336185878e-01
36, 6, 7.2960045803426645e+00, -1.1270828425498529e+00
36, 7, -5.0680848309867876e-01, 7.2700015349506071e+00
36, 8, -3.8990436808664470e+00, 1.1053906674072680e+00
36, 9, 8.7350633001582043e+00, 1.6450217991226754e+00
36, 10, -2.2930642382022528e+00, -5.3360649183975273e+00
36, 11, 3.7304084286017543e+00, -2.9871275693329058e+00
36, 12, 6.2436453540053769e+00, 1.7192677958842966e+00
36, 13, -1.1811419132683969e+01, -9.4227645294486173e+00
36, 14, 6.6415381372863234e+00, 4.0011912558625218e+00
36, 15, -1.7821506155345894e+01, 6.9668055325645941e+00
36, 16, 1.0492275894034062e+01, 2.8003784397278597e-01
36, 17, -1.1134982331572840e+00, 6.6471400557298326e+00
36, 18, 2.4270249356028599e+00, -9.3382654812688717e+00
36, 19, 4.1902447322566871e+00, 6.6689778360242702e+00
36, 20, -1.1927101533541235e+01, -6.4601933274315240e+00
36, 21, -5.9207825096513984e+00, 3.2467098702309287e+00
36, 22, -4.0190198765898391e+00, 6.2993380319329599e+00
36, 23, -5.7572411885247976e-01, -7.4299715153566384e+00
36, 24, 5.9079346667039170e+00, 3.3247926947411779e+00
36, 25, -3.1215224158598449e+00, -4.3360050566868846e+00
36, 26, 2.2477635254581889e+00, 1.9446379375683431e-01
36, 27, -2.3038410912147973e+00, 2.4192675125296597e+00
36, 28, 1.5643564571758075e+00, -1.1808599399589554e+01
36, 29, 7.0434045683020567e+00, 1.4205687488638828e+01
36, 30, 2.3005512465210218e+00, -1.0483096041400067e+01
36, 31, 5.7867338661797199e+00, 9.8377471028953671e+00
36, 32, -9.6909218703226312e+00, -2.2534016073871568e+00
36, 33, -1.4094455671127593e+00, 1.5555627399601439e+01
36, 34, 3.5952392554544312e+00, -9.0970344562236942e+00
36, 35, -8.8116084307502280e+00, 9.2000572332326076e+00
36, 36, 3.7663087348036308e+00, 1.3872194363279487e+01
37, 0, 4.6209082974915665e+00, 0.0000000000000000e+00
37, 1, 6.3974711534623800e+00, 1.1112142532125684e+01
37, 2, -6.2006139538141678e+00, 2.4793557824939150e+00
37, 3, 9.0386180364162581e+00, -2.1635499904275077e+00
37, 4, -3.7489068885923924e+00, -2.4988072265067953e+00
37, 5, -6.0475809838035612e+00, -5.8686650048621534e+00
37, 6, 7.7980796378648716e+00, 4.1635723104445432e+00
37, 7, -5.6634272581775766e+00, 6.9553766742451706e-01
37, 8, 1.0691251935328227e+01, 2.3298973340642926e+00
37, 9, 3.6698753768697170e+00, 2.2251360432899485e+00
37, 10, -1.0583117291562232e+00, 2.8681574233280838e-01
37, 11, -6.5549534955030593e+00, 3.6818112084554664e+00
37, 12, -2.1861591627046995e+00, 8.8575753279901477e+00
37, 13, -9.5593165447837247e-01, -6.1835181574358771e+00
37, 14, 1.6956604839405809e+00, 1.3273562166832152e+01
37, 15, -3.6967583821340666e+00, -1.0029840629316498e+00
37, 16, 9.1888358359263922e+00, 1.0982013945048981e+00
37, 17, -3.2615819472074303e+00, -6.3378703461428891e+00
37, 18, 8.2126272954932169e+00, -4.0427547755569044e+00
37, 19, -3.6756908080736785e+00, 4.7893612484846653e+00
37, 20, -3.9606464873918545e+00, -6.4326894789813922e+00
37, 21, 6.3903045073137443e-01, 5.3754219056457604e+00
37, 22, -4.0791078168188895e+00, -3.3327256016909903e+00
37, 23, 8.5886194427044291e+00, -2.1758203601270165e+00
37, 24, 2.7442713779031180e-01, -1.3210285544626246e+00
37, 25, -2.9667282616022934e+00, -3.2262994245215220e+00
37, 26, 1.8149043373223250e-01, 3.2576223032640286e+00
37, 27, -8.3794437513091502e+00, 3.0558992668663785e+00
37, 28, 1.0346742271896233e+01, 5.8069642024566748e-01
37, 29, -4.3104004646600185e+00, 5.1701345058180914e+00
37, 30, 7.1667396959904091e+00, -1.3100378082243310e+01
37, 31, -8.4584627811954824e+00, 5.9649435919703402e+00
37, 32, 7.9008037600632786e-01, -6.2241470164691561e+00
37, 33, 1.1887748957153278e+01, 9.2548925800318038e+00
37, 34, 4.9919926049761525e+00, -1.5358988744885063e+00
37, 35, -1.2125679130531246e+01, -5.6624683416370178e+00
37, 36, 1.5895752998136530e+01, 9.8060865216324427e+00
37, 37, 4.6605613131765491e+00, -3.3933612177262558e+00
38, 0, 6.7621459465792411e+00, 0.0000000000000000e+00
38, 1, -2.1134147650960102e+00, 2.7751552342460410e+00
38, 2, -2.2908372325462913e+00, -3.9568436669068561e+00
38, 3, 7.6362688440913127e+00, 4.3986248089057001e-01
38, 4, -8.5348411333396683e+00, -4.7107795417081944e+00
38, 5, 5.7389872556978299e+00, 2.7622559977445889e+00
38, 6, -2.0288657552324043e+00, 8.9989247731569293e+00
38, 7, 3.8832305012805901e+00, -7.1696963568011371e+00
38, 8, 6.5385416071968701e+00, -1.9088952178194902e+00
38, 9, -9.6851364145922636e-01, -6.5862115079650518e+00
38, 10, 6.3673611702079658e-01, 7.3668427641560841e-01
38, 11, -3.9987241496513684e+00, 4.7043429713905969e+00
38, 12, 1.4642305884702966e-01, 5.1236127467245778e+00
38, 13, -2.5523882207312729e+00, 6.0348536857878097e+00
38, 14, -4.5955129816830427e+00, 4.3320398261478008e+00
38, 15, 3.7397785530813108e+00, 5.7496611249721656e+00
38, 16, 3.0835641236099889e+00, 5.8443014848234087e-01
38, 17, -3.8972270812525780e+00, -3.6577763292587782e+00
38, 18, 7.9000126491075662e-01, 2.4658263249933610e+00
38, 19, -6.8616168618183977e+00, 2.4305094746460565e-01
38, 20, -4.2989113035749993e+00, 2.6701185422303624e+00
38, 21, 7.6483011499490239e-01, 4.7274291384176159e+00
38, 22, 6.1259589840091566e+00, 1.5333074120240342e+00
38, 23, 1.3507146830816577e+00, 5.3719890394217931e+00
38, 24, -4.3070647866059435e+00, -2.0231473168337457e+00
38, 25, 1.4172099654667931e+00, 2.8755476282545622e+00
38, 26, 1.5473508486066700e+00, 5.9055638888662934e+00
38, 27, 9.7361825685619630e-01, -8.3002733847168457e+00
38, 28, 3.0761776631750255e+00, 6.3289529618310816e+00
38, 29, -6.4905815240534634e+00, -8.5417877855928452e+00
38, 30, 7.4515563861194547e+00, 6.1475342472025902e+00
38, 31, -1.3912920712104132e+01, -3.9035559890057550e+00
38, 32, 6.3407230990429913e+00, 7.8240445663114522e-01
38, 33, -4.1355491554175643e+00, -2.3343812436038593e+00
38, 34, -1.3032527289162132e+00, -6.9395066484404229e+00
38, 35, -8.7995523812029912e+00, -4.3671624435290290e+00
38, 36, 2.6126162152073675e+00, 8.3625850022806816e+00
38, 37, -2.3284812559575472e+00, -1.5226781954473617e+01
38, 38, -7.9194637906284244e+00, -3.1936917834852867e+00
39, 0, -6.0882821921982266e-01, 0.0000000000000000e+00
39, 1, -5.9179846815840831e+00, -6.5953786279880493e+00
39, 2, 5.8171336262397219e-02, -2.7739611055039965e+00
39, 3, -4.9859565674829054e-01, 6.0395220725358678e-01
39, 4, -5.3466839225312568e-01, -2.6481653339090916e+00
39, 5, 3.6772142649038493e+00, 1.1165755076377685e+01
39, 6, -3.6156194293216224e+00, 1.7324912691786922e+00
39, 7, 4.2693469862104436e+00, -1.5174186826985658e+00
39, 8, -4.7927882174734071e+00, -7.3074602473946104e-01
39, 9, -2.3924967462510907e+00, -9.8945279390737273e-02
39, 10, -3.9816567972729660e+00, -1.1325948022310290e+00
39, 11, -3.3745362217360571e+00, 4.1829235447544892e+00
39, 12, 2.8248425980079594e+00, 1.9104313084389040e+00
39, 13, 1.9729783583121170e+00, 3.9346473701537077e+00
39, 14, -2.2722012206958775e-01, -3.6897280983331351e+00
39, 15, 2.8428882381932059e+00, 1.1479288860276498e+00
39, 16, -4.7408403873890279e+00, 6.6478344194502892e-01
39, 17, -1.4089682897469680e+00, 5.0242649742785472e-01
39, 18, -3.2246072605486811e+00, 7.6999314899485141e+00
39, 19, 3.9364974330459819e+00, -1.1126471333094958e+00
39, 20, -1.7551231185735676e+00, 4.9289926106145403e+00
39, 21, 3.3858322664100631e+00, -4.4743503086099663e+00
39, 22, 4.0126459675145361e+00, -3.2631013519734142e-01
39, 23, -2.6190873082448451e+00, -8.7073626445980534e-01
39, 24, -3.6208009901327651e+00, -1.6472757143184211e+00
39, 25, -3.5075125977781330e-01, 5.1256884402661340e+00
39, 26, -8.2712296869552415e-01, 3.3969280615015407e-01
39, 27, 5.4337914351595336e+00, -6.4809689817219898e+00
39, 28, -9.7796642080030374e+00, -1.8743885892463670e+00
39, 29, 3.6102252455544765e+00, -1.1066476670459664e+01
39, 30, -8.3575408525409038e+00, 1.0133806915320475e+01
39, 31, -2.8472869673948669e+00, -9.3939119596752931e+00
39, 32, 1.6830347116035762e+00, 1.1811361277141554e+01
39, 33, -6.7533221601061557e+00, -7.1609142633268448e+00
39, 34, 3.5545774333683164e+00, 4.0894063732366686e+00
39, 35, -6.4670040352314100e+00, -4.1059632129704093e+00
39, 36, 1.5790760141459219e+00, 3.2213533681225437e+00
39, 37, 2.0495098202748032e+00, -2.6951395343442299e+00
39, 38, -1.1014015401760840e+01, 6.8838486060050261e+00
39, 39, 9.4463146206118043e-01, 8.0584987946304487e+00
40, 0, -7.4395800262108525e+00, 0.0000000000000000e+00
40, 1, -3.9665376033954183e+00, 7.2712625768894235e-01
40, 2, 1.6013965877003433e+00, 1.3242754453413283e+00
40, 3, 1.0488412726191740e+00, 1.0825741774871243e+00
40, 4, 4.7372650403145977e+00, -2.4537415568314400e+00
40, 5, -1.5661489227919003e+00, 7.9223843969841088e+00
40, 6, 2.5746906437528310e+00, -4.3806010922391412e+00
40, 7, -2.5482561738215179e+00, 1.4460317386550958e-01
40, 8, -6.4976571301005066e+00, 5.0878254398407483e+00
40, 9, -3.3282036644101192e+00, 5.4872862153002462e+00
40, 10, 7.0367334261334502e-01, 7.7335990546100799e+00
40, 11, -2.5431281121884783e+00, 3.5419099039732487e+00
40, 12, 7.4635839612833088e-01, 7.7178389257330338e-02
40, 13, 1.2523732703899890e+00, 7.6469472459096632e-02
40, 14, 9.9476639967644886e-01, -9.3430438634450130e-01
40, 15, 4.4644797039466280e+00, 2.3334874617427133e+00
40, 16, -5.8789656594042636e+00, 3.4341589104372261e-01
40, 17, 1.9185018471910609e+00, 2.1517963433656795e+00
40, 18, -7.7437446490828066e-02, -4.0166253058025791e-01
40, 19, 6.1995818086628187e+00, 8.4330740613624527e-02
40, 20, -3.4757278225190387e+00, 5.0924985285576918e-01
40, 21, -1.8121534135502095e+00, -5.0483690680667346e+00
40, 22, -4.3217384860145236e-01, 2.5890094962122134e-04
40, 23, -3.4265636823328931e+00, -3.7629673627003681e+00
40, 24, -9.4497593764332022e-01, 1.5639600732497594e+00
40, 25, 2.6169123232946627e+00, 3.8696678122566843e+00
40, 26, 5.9873542997951290e-01, -3.9798058925375317e+00
40, 27, -4.3204250620637691e-01, 1.1863916342674807e+00
40, 28, -7.9097769121850954e+00, -6.0363432063254523e+00
40, 29, 5.9972169454422213e+00, 9.3688000740207045e+00
40, 30, -8.2441799126920614e+00, 4.2826361845644181e+00
40, 31, 9.1830219522385708e+00, 1.3549201133857980e+00
40, 32, -5.7332423693113483e+00, 1.9095559101751758e+00
40, 33, 5.2540673456230786e+00, -5.0974338456917456e+00
40, 34, -1.3968414949558980e+00, 9.5796735345509418e+00
40, 35, 2.7392317114668168e+00, -3.5683004192963033e+00
40, 36, 6.6248730532844191e-01, 3.5807571102122449e+00
40, 37, 2.9292730260334272e+00, -4.7660960214622730e+00
40, 38, -4.3376874056530053e+00, 1.5772027727763382e+00
40, 39, 6.4756616624066812e+00, 9.7632513915738905e-01
40, 40, 1.0684636175934395e+01, -4.4636356189474036e-01
41, 0, -3.1613314907593937e+00, 0.0000000000000000e+00
41, 1, 2.3868831753752628e-01, 3.6545333466246919e+00
41, 2, -5.4146840945311503e+00, 3.3827565927145846e+00
41, 3, 3.9678802721204600e+00, -2.6095625226422459e+00
41, 4, -2.6769662548105115e+00, -6.4486702312698474e-01
41, 5, -5.8568009098487934e+00, -1.5219376330756820e+00
41, 6, 3.5446345390733600e+00, -2.0430075482513343e-01
41, 7, -3.9576801985923193e+00, -3.1662942473250357e+00
41, 8, -2.2679546887543869e+00, 2.9996778667828288e+00
41, 9, 2.7044351794863868e+00, 3.2448947525790328e-01
41, 10, 1.9700768722875339e+00, 2.6139676519493045e+00
41, 11, 1.1968789707223082e+00, -6.0980299434109031e-01
41, 12, 2.9528367618270641e+00, -1.2135486328286733e+00
41, 13, -1.4907043182806701e+00, 1.1638022098093834e+00
41, 14, 5.2293977421603408e+00, -3.6452585400524273e+00
41, 15, -4.2919967062085576e+00, 5.5087960144627601e-01
41, 16, 4.0807233945414767e+00, 5.4090320940480907e-01
41, 17, -8.1992535235342257e-01, 1.7552488878168893e+00
41, 18, 4.2345714751930483e+00, -3.3319713758791423e+00
41, 19, -1.8349702872074392e-01, 5.9843654370465327e-01
41, 20, -2.9060709253173478e-01, -3.5799329653945806e+00
41, 21, -2.7410600515122594e+00, 1.9585846033142333e+00
41, 22, -2.6697727311339454e+00, 1.3833695014271934e+00
41, 23, 7.6608050904859448e-01, 2.4388915608617308e+00
41, 24, 7.5083736345317242e-01, 4.0161951135083376e+00
41, 25, 2.7555264976905236e-01, 2.6254277996347550e+00
41, 26, 2.6308418364057360e+00, -2.7453386563982374e+00
41, 27, -4.7560797200679410e+00, 2.6959529172102350e+00
41, 28, 5.8305159963972386e+00, -4.5551863006664277e+00
41, 29, 1.4822365963661979e+00, 4.4181798392054326e+00
41, 30, 1.0981631262195810e+00, -3.0387945359844339e+00
41, 31, 2.9711376962486624e+00, 5.3103498922982482e+00
41, 32, -6.0924461502751051e+00, -7.7809108477018096e+00
41, 33, 6.3044494231896264e+00, 3.7185719435628100e+00
41, 34, -5.7917328702801045e+00, 2.6946950455750969e+00
41, 35, 7.1603838844907743e+00, -1.4897426700685465e+00
41, 36, -2.5344687405662665e+00, 1.5453558788316488e+00
41, 37, -2.4467962732279998e+00, -5.2013535610499062e+00
41, 38, -2.2225734224748424e+00, 2.3202183639512217e+00
41, 39, 1.9069846369757073e+00, 2.4894685930414768e+00
41, 40, -1.2504720685441999e+00, -7.1077504205330966e+00
41, 41, -3.9027505647534069e+00, -7.2536371124993559e+00
42, 0, 2.8576878290293550e-01, 0.0000000000000000e+00
42, 1, -1.3160965147101504e+00, 3.9816839628118506e-01
42, 2, -5.2829586769959402e-01, -3.2582253929073168e+00
42, 3, 4.4915714823249182e+00, -1.1003211406273543e+00
42, 4, -6.4442986833461120e+00, -2.6901811699604763e+00
42, 5, -2.5751220752158854e+00, 3.4238340551577133e+00
42, 6, 1.2070572361839971e+00, -1.0761890913632155e-01
42, 7, -2.3538389784964595e+00, 2.3608323588313707e-01
42, 8, 1.0914015814910094e-01, 2.5138698059387585e+00
42, 9, 9.7229361663647351e-01, 2.5098013657314011e-01
42, 10, 3.4860721009365703e-01, -4.0875082212770031e-01
42, 11, 3.6264853917167650e+00, -2.2099547356372167e+00
42, 12, 9.7470644029211584e-01, -8.8137609116169191e-01
42, 13, 1.0414139968241082e-01, 1.4653308983356312e+00
42, 14, 3.4238133912681752e+00, 2.7661515680036168e+00
42, 15, -4.8021067983485164e+00, -8.2206451562157401e-01
42, 16, 5.9099461586227120e+00, 4.7178596833965397e-01
42, 17, 1.2994852775257471e-01, -1.4115725696913621e+00
42, 18, 4.0823497039909844e+00, -3.5633130474909098e+00
42, 19, -2.6074094389270948e+00, 2.0101989654781978e+00
42, 20, -1.0703947852420750e+00, -1.4175799544752987e-01
42, 21, -3.7708669842410747e+00, 2.1060238138572656e+00
42, 22, 1.8944274932202234e+00, 2.8777728051217841e+00
42, 23, 4.3197857678686633e+00, 1.6016859121940710e+00
42, 24, 1.7172793141960638e+00, 2.4111117884934803e+00
42, 25, -7.9420424556295699e-01, -1.6636548260949908e+00
42, 26, -1.4872281265674252e+00, 3.1881613828986226e+00
42, 27, -9.8430243243586713e-01, -2.6403620642821979e-01
42, 28, 5.4432042981818807e+00, 2.1463591032646052e+00
42, 29, 3.2365415186955565e-01, 7.0909713084000847e-02
42, 30, 4.5375841350670356e+00, -2.3526883602845250e+00
42, 31, -3.9260773551616741e+00, -5.6232425971149924e-01
42, 32, -6.3281411167925850e-04, -5.4209276877939612e+00
42, 33, -5.7663358595962997e+00, 7.0523674898605293e+00
42, 34, 2.4668059151482252e-01, -6.4487170147408301e-01
42, 35, 6.3056578215350108e+00, 1.6797990903525648e+00
42, 36, -1.8318575482775650e+00, -2.8722118714765683e+00
42, 37, -6.0790849164178962e-01, 1.1787127563807984e+00
42, 38, -6.7783261248951043e-01, 4.2820550072134562e+00
42, 39, -5.6269923683682088e-01, 7.7350201197056867e-01
42, 40, 3.9722643556780941e+00, -5.4898157949574919e+00
42, 41, -4.2916402968836564e+00, 6.4359107044991308e+00
42, 42, -2.4781266081373738e+00, 3.8171715739852337e+00
43, 0, -2.3115688267883083e+00, 0.0000000000000000e+00
43, 1, -3.7439258189919564e+00, 1.8721824634244590e+00
43, 2, -7.7111031779766748e-02, -5.6970094857949034e+00
43, 3, 3.0871412376144520e+00, -7.8217469065798917e-01
43, 4, -3.3158059881024946e+00, -2.6426489145356280e+00
43, 5, 1.8700788655860927e+00, 2.8221747337694518e+00
43, 6, 6.5111729145985142e-01, 1.8472114679359888e+00
43, 7, 1.0374602059742877e+00, 2.5163836655992031e+00
43, 8, -4.8700886611635608e-01, 1.2104742492357761e+00
43, 9, -3.2733816513906673e+00, -3.1869704489228905e+00
43, 10, -1.4026593777358927e+00, -2.2576307251971839e-01
43, 11, 1.6933790670190851e-01, 7.0380541197645941e-01
43, 12, -1.1486535758912781e+00, -9.2248482241090857e-01
43, 13, 1.5635354205065142e+00, -3.2208017061027355e-01
43, 14, -1.2044438903278021e+00, 1.6173980131640400e+00
43, 15, -1.2290158873414585e+00, -1.8639700693270784e+00
43, 16, 1.9695380603360770e+00, 4.4579389222802037e+00
43, 17, -8.5729187361808268e-01, -2.9048450423175427e+00
43, 18, -3.7774160095340736e-02, 1.8260679910666244e-01
43, 19, -1.5255255712197918e-01, 3.9172817239306514e+00
43, 20, -3.3194206000478677e-02, 1.8119899169727334e+00
43, 21, 5.3509061342494690e-01, 2.6899377131635882e+00
43, 22, 1.7741448245732183e+00, -1.3020388288087328e+00
43, 23, 4.5549231105239842e+00, -4.5235193104763782e-01
43, 24, 9.7775152277406840e-01, 6.4447467755297516e-01
43, 25, -1.7550611948029520e+00, -3.4885704826967663e+00
43, 26, -6.5764843740615220e-01, 4.3485642720484350e+00
43, 27, 2.1683565571160175e+00, -4.4688401837788092e+00
43, 28, 4.4000571782886482e+00, 1.9184886131054080e+00
43, 29, 2.0157093711512283e-01, -5.6008438932904649e+00
43, 30, -3.4100697692705308e+00, 1.7641090991606516e+00
43, 31, -4.7015973056012186e+00, -6.9354302688498393e-01
43, 32, 7.8006100250072175e-01, 3.2036944335355009e+00
43, 33, -2.6215733192217483e+00, 2.7845281586777162e+00
43, 34, 7.5858217338589586e+00, 1.2421240502307198e+00
43, 35, -3.8723304738130842e+00, -1.6302235581222675e+00
43, 36, -4.4243993954957511e-01, -3.4365674326167310e+00
43, 37, -1.4476681089560823e+00, 2.4223361539534665e+00
43, 38, 3.0748457633101491e+00, 3.4130794558679023e-01
43, 39, 3.7970499784679577e+00, -1.1633901065642465e+00
43, 40, -7.4274685361032466e-01, -3.4019418972005830e+00
43, 41, -2.2081887100342845e+00, 1.7355120318508566e-01
43, 42, 3.5453052928399904e+00, 1.8140880143421683e+00
43, 43, 4.6943504621645342e+00, 1.7819923764284715e+00
44, 0, -2.8964802023184446e+00, 0.0000000000000000e+00
44, 1, -4.6796067121553389e+00, 4.3230504073852177e-01
44, 2, 1.9730730058366772e+00, -2.0127868405182348e-01
44, 3, -2.6664132502621825e+00, 1.5015625198981488e+00
44, 4, -2.5155955345525780e+00, -1.2169686005318421e+00
44, 5, -1.6579713647647698e+00, 2.8126350623282348e+00
44, 6, 2.9392796987906524e+00, -2.5446432087448283e+00
44, 7, 2.5879696023774561e+00, -1.9656759286631100e+00
44, 8, 1.0906175484256186e-01, -2.7146957054341385e+00
44, 9, 1.0105391917960698e+00, -2.0145688484868658e+00
44, 10, 7.3466144807897060e-01, 1.5815862613346097e+00
44, 11, -1.8852307634682324e+00, 4.6024776769655427e+00
44, 12, 1.1662752411590522e+00, -8.7553092625010398e-01
44, 13, 2.0986424802450263e+00, 2.2953752793851452e+00
44, 14, -6.5130953451320472e-01, -3.3695308718914507e+00
44, 15, 2.4551298191106228e+00, -2.5898085896028902e+00
44, 16, -2.2673269129832221e+00, -2.5778336524599965e-01
44, 17, -1.5280175057357250e+00, -7.5689278878533350e-01
44, 18, -2.8225021135240249e+00, 1.4910438072376491e+00
44, 19, -1.5079884244858870e+00, 3.7689847997348480e-01
44, 20, 2.4530074488103608e+00, 3.1196638651798372e+00
44, 21, 5.8284410631403727e-01, -1.0351521466874862e+00
44, 22, -1.1080293174375908e-01, -8.9722875770872956e-01
44, 23, 1.9263005581716727e-01, -6.2966604955819427e-01
44, 24, -1.9794364017972832e+00, -1.6689604050146838e+00
44, 25, 4.6402851935694778e-01, 1.9103314780000347e+00
44, 26, -1.2971774395181019e+00, 2.4833404930318883e+00
44, 27, 3.1882782349739149e+00, -9.1072048252127247e-01
44, 28, 3.5824965282608429e-01, -6.0304687530701717e-01
44, 29, 2.4534412809070960e-01, -3.1699742643123132e+00
44, 30, -4.4149973928762218e+00, 1.8841487816624638e+00
44, 31, -1.2461634797810213e+00, 7.5039164717605455e-01
44, 32, -4.3499620356965929e-01, 3.0628276374153556e+00
44, 33, 3.6318882322261032e+00, -1.0406535083207302e+00
44, 34, 2.7950582516916445e+00, 1.8473104596608492e+00
44, 35, -2.8205079407081204e+00, -4.3897260178200455e+00
44, 36, 2.9637847421140817e-01, 1.3956069847839512e+00
44, 37, -4.1766043725061532e+00, 6.2501704914727729e-01
44, 38, 4.0101095423095243e+00, -1.8201666903566136e+00
44, 39, -1.8538433705249848e+00, -1.6223553112972198e+00
44, 40, -3.7781993702322958e+00, -5.2397764700325289e-01
44, 41, 9.7717471467729600e-01, 2.0971085048470748e+00
44, 42, -1.1842124305197355e+00, 4.2774171463350730e-01
44, 43, 2.6852411537294918e-01, -2.6145371638659896e+00
44, 44, 3.1852235246886162e-01, -8.9462546826775586e+00
45, 0, -1.4498400461754226e+00, 0.0000000000000000e+00
45, 1, -4.8709408309168134e-01, -2.5146700040690004e+00
45, 2, 2.4894385708076552e+00, 2.0157647413939292e+00
45, 3, 5.8287800082945673e-01, -1.6125793618473252e+00
45, 4, 5.4539156014465595e-01, -5.3281020425831049e-02
45, 5, -1.6232692863852201e+00, -4.2733186285424107e-02
45, 6, 5.2763893650596394e-01, -1.1358546136072329e+00
45, 7, -4.9814915955409278e-01, -2.6182911514858342e+00
45, 8, 4.6638399687120524e-01, -5.2410332914057567e-01
45, 9, 3.4010774528837517e-01, -1.9896966740502362e+00
45, 10, 1.3715604097564800e+00, 3.9427510758490492e+00
45, 11, 1.2332400812784958e+00, 1.7008006254952641e+00
45, 12, 4.1730400222243240e+00, -1.4761490758680107e+00
45, 13, 1.9759925568687926e+00, -6.0141781037900133e-01
45, 14, 1.6079269588094044e-01, -3.1770184004526767e+00
45, 15, 9.9176743266921530e-01, 4.4803996182645740e+00
45, 16, -2.4877431304452369e+00, -1.4017571316920823e+00
45, 17, 3.0420347663878611e-01, 2.5889196156118279e+00
45, 18, -3.4827952678546938e+00, -1.3803865965241768e+00
45, 19, 8.8925370578844598e-01, -8.3785259295304282e-02
45, 20, -3.8011227915470000e-02, 3.7965653701631297e-01
45, 21, -4.4717544769647977e-01, -3.2119682502505382e+00
45, 22, -3.1735032547166582e+00, 2.5488666570679941e+00
45, 23, -1.7266197795858775e+00, 6.8992674460824144e-01
45, 24, 1.2777270525364715e-01, 1.4404438143712499e+00
45, 25, -1.9412661297143963e+00, 1.6472670955833115e+00
45, 26, -1.8236902308462266e-01, 3.5618598458337369e-01
45, 27, 1.4722844360404899e+00, -1.0852088136919149e+00
45, 28, -2.1370660206066572e+00, -2.7415360035402179e+00
45, 29, 8.8703571414085836e-01, 1.9287911438553524e+00
45, 30, -1.3294972492201063e+00, 1.5538718396456410e+00
45, 31, 2.9448967254492624e+00, 1.6293420150501703e+00
45, 32, 1.7447270535519737e+00, -1.1393853354728580e+00
45, 33, 4.4284835906060316e+00, -2.0650065107472368e+00
45, 34, -1.8858281454790640e+00, -1.0377349899455421e+00
45, 35, -8.8902281838840302e-02, 9.1673433988142206e-02
45, 36, -9.8159028640284141e-01, 4.3549183428592757e+00
45, 37, 4.7913354765280225e+00, -7.8671338291580817e-01
45, 38, 4.8162881915601474e-02, 1.3143509198868313e+00
45, 39, -3.1331334639638011e+00, 1.6245979686154216e-01
45, 40, -1.4435009567893975e-01, 7.9792032484583642e-01
45, 41, 1.3667272253563953e+00, 3.9493306291165928e+00
45, 42, 1.5225114770160988e+00, -2.4638470046740268e+00
45, 43, 8.2241279012965107e-01, 2.6169238634100198e+00
45, 44, -1.3431061594520228e+00, -5.4547391878339480e-01
45, 45, -5.5334563442202329e+00, 4.1165746673814887e+00
