0, 0, 0.0000000000000000e+00, 0.0000000000000000e+00
1, 0, 0.0000000000000000e+00, 0.0000000000000000e+00
1, 1, 0.0000000000000000e+00, 0.0000000000000000e+00
2, 0, 0.0000000000000000e+00, 0.0000000000000000e+00
2, 1, -1.3704747203997320e+01, -7.3940238476719591e+00
2, 2, 1.0980200557324606e+03, -6.4381900083871301e+02
3, 0, 2.4735371407527893e+02, 0.0000000000000000e+00
3, 1, -7.9605136140401953e+01, -5.2352650512166827e+02
3, 2, 3.3052035330228762e+02, -1.7278144674358253e+02
3, 3, -7.2716031343175291e+02, -5.2929181660463053e+02
4, 0, -1.3100673673648987e+02, 0.0000000000000000e+00
4, 1, -1.1970744941064420e+02, -1.0357646141696036e+02
4, 2, 4.2444014822743327e+01, 2.3866462666882916e+02
4, 3, -1.8979265018554929e+02, 6.6668649425627224e+00
4, 4, -1.2667451804119413e+01, 3.4419942990636309e+02
5, 0, 2.9476631070582997e+01, 0.0000000000000000e+00
5, 1, -8.3467012475220272e+00, -4.2831596440419744e+01
5, 2, 1.1482821899911534e+02, 3.9375930938715491e+01
5, 3, -9.0243105603983850e+01, 1.3455079440347967e+01
5, 4, 1.3872607947159707e+02, 7.3471882929773159e+01
5, 5, 1.2637670333943693e+02, -1.1053067749788605e+02
6, 0, -2.7206696333551506e+01, 0.0000000000000000e+00
6, 1, -5.8608141987041108e+01, 3.8194096071583090e+01
6, 2, -3.9101923971729192e+01, -3.7020219829037586e+01
6, 3, -4.0128868941985829e+01, -1.5496935977652708e+01
6, 4, -2.4165878275327625e+01, -6.8160395166120622e+01
6, 5, -3.4565579438008200e+01, -4.9840070619552748e+01
6, 6, -6.7070429296670895e+01, -2.0133590955026641e+01
7, 0, -1.2837793677094758e+01, 0.0000000000000000e+00
7, 1, -4.0204497493827105e+01, 1.9654626944011671e+01
7, 2, -5.8995409090208042e+01, 5.3454690495975807e+00
7, 3, -1.7946364244069347e+01, 7.3648043685400140e+00
7, 4, -6.9225082281988279e+01, -3.5646496974264430e-01
7, 5, 5.8145527830656247e+00, 3.8975770835092568e+01
7, 6, 2.2169235155101813e+01, 5.0958673330108816e+01
7, 7, -6.6656999537113624e+00, 3.8534554678841914e+01
8, 0, -8.8901314188694318e+00, 0.0000000000000000e+00
8, 1, 1.4655365761279000e+00, -9.9557261487655211e+00
8, 2, -4.0841097957821532e+01, -1.0800234142300390e+01
8, 3, 2.9613155194823673e+01, 3.2581854216399783e+01
8, 4, -3.3629172323849303e+01, 4.2474228600079513e+00
8, 5, 6.6539987913935263e+01, 4.3657214913621360e+01
8, 6, 1.3456652431672040e+01, 3.5929472778277933e+01
8, 7, 1.3201835157807785e+01, -3.2029253735176489e+01
8, 8, 1.5267174804966892e+00, 6.1854963249777954e+00
9, 0, 5.0356121427227176e+00, 0.0000000000000000e+00
9, 1, -2.4339178073832368e+00, -1.7129170760766499e+00
9, 2, -2.5013997940842231e+01, -4.3255282168827947e+00
9, 3, 1.6562422751845080e+01, 1.4635666046183839e+01
9, 4, -7.1105328049571792e+00, -2.9663426705172920e+01
9, 5, 3.7846617437302022e+01, 3.1080483039591428e+01
9, 6, -1.2384407544311852e+01, -2.9637851100694785e+00
9, 7, 1.3344710202337478e+01, -2.5033160728611072e+01
9, 8, -2.8148315870836377e+01, 5.9997774898574106e+00
9, 9, 1.8840491760219990e+01, 8.2835661946233152e+00
10, 0, -8.3019053954804551e+00, 0.0000000000000000e+00
10, 1, -1.0821079651076531e+01, -3.9638681622918783e+00
10, 2, -2.7452638460210972e+00, 1.6957383160088554e+01
10, 3, 1.0218509424075148e+01, -5.2056900840578226e+00
10, 4, 1.8677597007906186e+01, -3.2697368318161795e+00
10, 5, -8.6517533069886081e+00, 1.5724056401820857e+01
10, 6, -8.6385828613288922e+00, -2.0594418544087674e+01
10, 7, -6.0140726954662469e+00, 6.7001644801296987e+00
10, 8, -8.2368912872742541e+00, -1.2064722029675092e+01
10, 9, 1.9620929352786373e+01, 1.8078222812272905e+01
10, 10, 4.7776442189061896e+00, -9.5530053765958272e+00
11, 0, 3.4846618924238597e+00, 0.0000000000000000e+00
11, 1, 6.8071557326291545e+00, 2.0283012898367678e+00
11, 2, 3.1773114247719985e+00, 1.4491483078388075e+01
11, 3, 1.6129844602984303e+01, -1.1367263158194191e+01
11, 4, 2.0736220123441196e+01, 9.4052423004623442e+00
11, 5, -1.5149786161535884e+01, -1.2093004748101022e+01
11, 6, 5.3906885040165040e+00, 1.6905992012889408e+00
11, 7, -9.3002415324029517e+00, 9.3814268110980876e+00
11, 8, 1.6138228082786473e+01, -7.7561920139333429e+00
11, 9, 4.3306311034381304e+00, 5.0737517315140170e+00
11, 10, -1.2193208426405793e+00, -2.4621699638351313e+01
11, 11, 1.2915987387706780e+00, 4.5202504603700460e+00
12, 0, -9.0603787950802461e-01, 0.0000000000000000e+00
12, 1, 1.2394098098378446e+01, -3.5301602783589925e-01
12, 2, 1.8019391599704795e+00, -5.0366432414855327e+00
12, 3, 1.4897108151778255e+01, -2.8207421093767091e+00
12, 4, 2.3250601028185423e+00, -1.9917894504117268e+00
12, 5, -5.4088363428270778e+00, -1.0740344612878609e+01
12, 6, 3.5112129070361306e+00, 1.5596015993309184e+01
12, 7, -2.5231927622781383e+00, 2.7744906117296884e+00
12, 8, 1.4037177633472941e+01, 2.3712637384806690e+00
12, 9, -5.1412914318735954e+00, -3.4345645449839530e+00
12, 10, -2.5022603783597424e+00, -1.2711860453306432e+01
12, 11, -8.4207080083434036e+00, 1.8311040684006546e+01
12, 12, 7.0096224869734447e-01, 9.1202733444099593e-01
13, 0, 3.2907413288059528e+00, 0.0000000000000000e+00
13, 1, 5.7746167694608239e+00, 6.3190423246904404e-01
13, 2, -2.9660073032477348e+00, -7.9880251034149454e+00
13, 3, -1.6786313084851368e-01, -1.1216233402261100e-01
13, 4, -1.8555806391308338e-01, -5.1960666926341332e+00
13, 5, -5.2545439995101162e-01, 3.8550417975393643e+00
13, 6, -2.7503073902364896e+00, 9.4527654521262061e+00
13, 7, 6.4992881013929544e+00, -3.2354315488835232e+00
13, 8, 1.7685158966053887e+00, 2.7544512082345823e-01
13, 9, -7.5138533933220151e+00, -5.6206860801522840e+00
13, 10, 4.1641336526640438e-01, 4.7856076174470346e+00
13, 11, -6.2276061964104850e+00, 7.5116733400843243e+00
13, 12, 1.0667791374076980e+01, 3.6438052668204075e+00
13, 13, -5.0677499565564332e+00, -7.5856247950944233e+00
14, 0, -5.1419931799705587e-01, 0.0000000000000000e+00
14, 1, -4.8955312263217321e+00, -1.4773989596150270e+00
14, 2, -2.7392481907675110e+00, 3.1570743834964805e+00
14, 3, -2.4764295934566762e+00, 1.6585242564675284e+00
14, 4, -2.2776480058929534e+00, 7.2803227552528176e+00
14, 5, 3.1044434322990999e+00, 6.7348724691494697e+00
14, 6, 1.1396583924941128e-01, 1.1011446679259442e+00
14, 7, 2.3586897386375147e+00, -1.7796521134149781e+00
14, 8, -6.3251274359853724e+00, -3.1028661071032380e+00
14, 9, -6.2267115849234278e-01, -6.9354192867987212e+00
14, 10, 3.8963496512836282e-01, 1.0800284711607295e+01
14, 11, 5.1692502950228345e+00, -1.8900755957036317e+00
14, 12, 2.5029133757533932e+00, 1.4442938594862196e+00
14, 13, -5.0304917637060296e+00, -1.3780352338879656e+01
14, 14, 7.9564891322776998e-02, 4.7845554483694848e+00
15, 0, -2.4640798673418898e+00, 0.0000000000000000e+00
15, 1, -1.0827359097568028e+00, -2.1457370519277226e+00
15, 2, 2.6068276187572503e+00, 4.1816065570523264e+00
15, 3, 2.9783468976470995e+00, 1.5914672148876701e+00
15, 4, 4.0880594044160459e+00, 5.4090740140753955e+00
15, 5, 5.0292328738718037e+00, 3.1756553122080700e+00
15, 6, 2.8354881331307979e-01, -3.6303650485047507e+00
15, 7, -5.4287484183129084e+00, -2.3521952609620449e+00
15, 8, -6.1812804673568120e+00, -3.2353368018614281e+00
15, 9, 1.4506719566118376e-01, 1.9441742854749657e+00
15, 10, 1.4019501359069779e+00, 1.0117433324708807e+00
15, 11, 4.4339491275105303e+00, -3.3021246208208028e+00
15, 12, -4.0960239796190070e+00, -4.2415166081871352e+00
15, 13, -6.9966195097962081e-01, -4.3379894806547243e+00
15, 14, -1.1037528527472402e+00, 7.3403843643587594e+00
15, 15, 2.9062688350143606e+00, -4.1344990618479849e-01
16, 0, -2.2300517171841276e+00, 0.0000000000000000e+00
16, 1, 1.0431757413692382e+00, 2.5764150138248163e+00
16, 2, 3.3089542744340337e+00, 1.0819873858556055e+00
16, 3, 2.2718827143412246e+00, -2.1607227496134760e+00
16, 4, 4.3659981690930545e+00, 4.0440814416238624e-01
16, 5, 1.7798797040898009e+00, -2.8400043925440772e+00
16, 6, -7.3864076242482946e-01, -1.0519050969237063e+00
16, 7, -2.2005814407656943e+00, -1.2410578052395698e+00
16, 8, -1.3207278252128298e+00, -2.2931591587084150e+00
16, 9, 2.1982289785316516e+00, 4.5824960559554340e+00
16, 10, 2.8559419004224131e+00, -1.4131727769095086e+00
16, 11, 2.8746031251103144e-02, 7.2447786931110913e-01
16, 12, -2.7816685118250222e+00, -3.0312747500728054e+00
16, 13, 4.4296070625425588e-01, 3.0420716387259028e+00
16, 14, 3.4704858566928454e-01, 4.3953907068386870e+00
16, 15, 4.8814303640619956e+00, -1.4867272429167420e+00
16, 16, -9.4642515667991578e-01, -2.9523696855544257e-01
17, 0, 4.5491180801949566e-01, 0.0000000000000000e+00
17, 1, 1.8999375009895783e+00, 2.6101249707711633e+00
17, 2, 1.0508040355618731e+00, -2.8539673270762456e-02
17, 3, 8.2262718835027360e-01, -5.3796489402123160e-01
17, 4, -1.8013865433665839e+00, -4.7142238184766518e-02
17, 5, -2.7526005603322390e+00, -9.1962242292793661e-01
17, 6, -2.4145640805087130e+00, 9.6654273658701040e-01
17, 7, -1.2613274140585418e+00, 1.3507950753392604e+00
17, 8, 1.4216821341084962e+00, 7.8652371931705978e-01
17, 9, 4.8637909839251769e-01, 1.8490428674284729e+00
17, 10, 2.0867539937103272e+00, -9.5151635595069006e-01
17, 11, -1.0225404325755576e+00, 7.1206762466403251e-01
17, 12, -1.3313433816658338e+00, 1.9280166597485365e-01
17, 13, 2.2841282503928664e+00, 3.5913567504919524e+00
17, 14, 1.1958772217143594e+00, 1.8204616958610438e+00
17, 15, 1.3369394168246687e+00, -1.8195786717907552e+00
17, 16, -4.5957753642385182e+00, -2.3157325544750957e+00
17, 17, -5.9451932055982937e-01, -1.2432875061394084e+00
18, 0, 1.0573009479524367e+00, 0.0000000000000000e+00
18, 1, 6.0939750763659106e-01, 2.3181416930056784e+00
18, 2, 1.4753866043465036e-01, -1.1089024709276343e-01
18, 3, 1.2456573619352835e+00, 1.4453848570254793e+00
18, 4, -3.3981820992697753e+00, -6.0952664208618945e-01
18, 5, -7.5478585076401228e-01, 2.3416281989427192e+00
18, 6, -8.6563533096250922e-01, 2.4906826076747266e+00
18, 7, 5.9927034594915574e-01, 5.8816879103496700e-01
18, 8, -3.8461378914754196e-01, 1.0993549465958616e+00
18, 9, -1.3274459519814133e-01, -1.6167941350734134e+00
18, 10, -2.4950274195862816e+00, 5.5922630680731933e-01
18, 11, -1.1601435875971720e+00, 8.6211794767234873e-01
18, 12, -3.6253739086289272e-01, 8.5779837133311032e-01
18, 13, 1.3481794660654725e+00, 8.3732183408566230e-01
18, 14, 1.4767320702784963e+00, -8.5326202045292132e-01
18, 15, -1.6422529409283531e+00, -2.7542131484045744e+00
18, 16, -1.7842632691920226e+00, -6.2503113297724622e-01
18, 17, -7.1443824128038025e-01, 3.6799905011141183e+00
18, 18, -1.4673072288630535e+00, -1.2411401305377063e+00
19, 0, 5.3182203592759207e-02, 0.0000000000000000e+00
19, 1, -2.0689074707352048e-01, -1.4783636681453034e+00
19, 2, 1.2256965713628463e-01, -1.7291572653718393e-01
19, 3, -4.5104265564724078e-03, 5.9157834258918562e-01
19, 4, -6.4498294025073510e-01, -8.3860519820888990e-01
19, 5, 7.8042708751528478e-01, 1.1926024780638973e+00
19, 6, 5.7906348932252216e-01, 6.9977819560743448e-01
19, 7, 1.3901004086427251e+00, -6.1050240579076087e-01
19, 8, -1.3390687060546116e+00, 2.2928916544664885e-01
19, 9, -7.1242919603110810e-01, -1.5497644135968176e+00
19, 10, -1.8482970178179228e+00, 3.1685005834427238e-02
19, 11, -8.2532479647368928e-03, 1.2904196474438734e+00
19, 12, -4.3429805708563085e-02, -9.6430146473717879e-02
19, 13, 7.5854810649387916e-01, -6.1484515498734377e-02
19, 14, -5.4617197974650933e-01, -1.6076374504744080e+00
19, 15, -2.6854925022394291e+00, -1.7632827895598102e+00
19, 16, -1.1526332462590684e-01, 5.2942459134549824e-01
19, 17, 5.5256366175127247e-01, 1.4644517545836362e+00
19, 18, 1.9643689864493796e+00, -1.8954189470636964e+00
19, 19, 1.0644889849129708e+00, 2.3574544320232138e+00
20, 0, -7.7842987104322758e-01, 0.0000000000000000e+00
20, 1, -2.2287114426108995e-01, -1.5853542493463351e+00
20, 2, -1.3657754923095233e-01, 6.5719171111343666e-01
20, 3, -8.3636822007122302e-01, -5.3001975708156501e-01
20, 4, 1.0413312440411688e+00, -4.2003728308687577e-01
20, 5, -5.0826313414678048e-01, 4.5160772545114185e-02
20, 6, -5.0237157331266757e-01, -9.0124323377517412e-01
20, 7, -6.1453326381291085e-02, -5.1160928647873405e-01
20, 8, -7.6336929291267763e-01, -8.4727741880220164e-01
20, 9, -4.5532744194535302e-01, -4.6159883438550864e-01
20, 10, 1.0323846414617057e+00, 1.1332459231273888e-01
20, 11, 1.0527239852459602e-01, 1.9621201566124138e-01
20, 12, 1.4735491585561207e+00, 4.7521654939875968e-01
20, 13, 4.4436547600221493e-01, -9.0644397302392987e-01
20, 14, -9.0450827401160960e-01, -8.4322302722400477e-01
20, 15, -2.1473148048874841e-01, 9.5537467003337995e-01
20, 16, -1.3500316394005074e-01, 4.8771178692165268e-01
20, 17, 1.4691576623024236e+00, 1.1337903781206375e+00
20, 18, -1.2672188692028141e-01, -1.8608786114470959e+00
20, 19, -2.8511723081084567e-01, 4.2203651116150548e-01
20, 20, 1.2999077487685571e+00, -4.0039068880575845e-02
21, 0, -1.6697347703017465e-01, 0.0000000000000000e+00
21, 1, 4.0804409720424417e-01, 8.7831648254519057e-01
21, 2, 2.4279922435543666e-02, 1.3292785022243701e+00
21, 3, 3.0113420209404806e-01, -4.9871747634961394e-01
21, 4, 9.1265765722726622e-01, 3.8296526452292801e-01
21, 5, -8.6412036722130781e-01, -3.0678928043258791e-01
21, 6, -1.4063881501782804e-01, -4.7044823579523021e-01
21, 7, -5.4204375116497305e-01, 7.9038540989767681e-01
21, 8, -1.7050669149797759e-01, -6.5789117231125194e-01
21, 9, 6.4995578844972468e-01, 1.1115496118950358e-01
21, 10, 7.4012054058997934e-01, -4.8430617214298421e-01
21, 11, 8.8864285491697892e-01, 6.9424504116970109e-01
21, 12, -5.1372288911618225e-01, -3.0046610644444266e-01
21, 13, 5.5716981468607679e-02, -1.0686037377222221e-01
21, 14, -2.9471554912688691e-01, 1.0032417787180581e+00
21, 15, 7.7163486475913245e-01, 1.1838526981109641e+00
21, 16, 7.1233141903535113e-01, 2.8765533738574167e-01
21, 17, 7.4324343420091343e-01, 7.2824401098976588e-01
21, 18, -6.0072997849858878e-01, -1.1526296885882394e+00
21, 19, -1.9977716110593929e-01, 1.8935477945974530e+00
21, 20, 5.4816345192710669e-01, 9.0924711522583868e-01
21, 21, -1.6971692079633887e+00, -1.1800425727833299e+00
22, 0, 5.4684494358477953e-01, 0.0000000000000000e+00
22, 1, 9.0130839621835257e-01, 4.2091021261702433e-01
22, 2, -6.3146506321141688e-02, -2.1247890250905749e-01
22, 3, 8.3905272560794009e-01, 6.1333776115614344e-02
22, 4, -5.2704219234712324e-01, 6.7739511557211429e-01
22, 5, -1.2199833038190676e-01, -1.2082308870196373e-01
22, 6, 4.2340436729863179e-01, 9.0318305812707256e-01
22, 7, -5.1599310511201690e-01, 1.1006440379552063e-01
22, 8, 6.7802985352527956e-01, 3.7837976535060458e-01
22, 9, 1.1231264001685283e-01, 2.8658598068882263e-01
22, 10, 5.5921692965675407e-01, -4.2966066654798013e-01
22, 11, 4.2586698126932399e-01, 5.1437628776507471e-01
22, 12, -7.4224719668438621e-01, -1.0990946711110589e-02
22, 13, 3.4167367965915890e-01, 3.2991023477245696e-01
22, 14, 1.9954201114415310e-01, 9.9350737517342802e-01
22, 15, 8.4558495412547918e-01, -4.7654703314567970e-01
22, 16, 4.4894185148964472e-01, 3.2274212392729276e-02
22, 17, -8.7204741192361246e-01, -5.8091953731098844e-01
22, 18, 2.6666106923089983e-01, 7.5380446759422681e-03
22, 19, -9.5147698616102727e-01, 7.6461228775914747e-01
22, 20, 1.0292794328124244e+00, -2.1257265272427628e-01
22, 21, -6.4473592428405757e-01, -1.3427708863763597e+00
22, 22, 1.3235790664957878e-01, 6.3641006222966057e-01
23, 0, -1.6413596240409359e-01, 0.0000000000000000e+00
23, 1, -4.1888991712824669e-01, -7.1892356783515202e-02
23, 2, -3.1944297723224274e-01, -7.9426642321145613e-01
23, 3, -2.7648918507133474e-01, 3.1492950887505183e-01
23, 4, -6.8996386326282377e-01, -1.0062578050913877e-01
23, 5, 6.4050654937570628e-01, -3.6318072350469821e-01
23, 6, -6.8169529916681881e-01, 9.6726759008781782e-01
23, 7, 4.4481741523214136e-01, -7.0021517017725055e-01
23, 8, 2.7178499532251343e-01, 5.7556507893159625e-01
23, 9, -7.0575329753077953e-02, -2.8601573041886658e-01
23, 10, 2.1928428314457593e-01, 5.8317986367266772e-01
23, 11, -4.9082425911407163e-01, 4.3969399008121746e-01
23, 12, -9.3354955992637725e-02, 2.2980666579489206e-01
23, 13, 4.5834556314091995e-01, 3.0624789399246427e-02
23, 14, 8.3018397345355738e-02, 7.8823163832073229e-01
23, 15, 5.2396378409944744e-01, -1.4054876172434776e+00
23, 16, -8.0354605920657773e-01, -1.4756062836878425e-01
23, 17, -5.9870577079024501e-01, -1.4216466312394056e+00
23, 18, 2.6374001754558757e-01, 1.0309362050187689e+00
23, 19, -9.2325858789442339e-01, -1.2483298521984983e-01
23, 20, 1.0188440529707090e+00, -1.5011081981793326e-01
23, 21, -8.4508430708146998e-01, -1.2243148841126428e+00
23, 22, -4.0109080541211356e-01, 1.9383608756216800e-01
23, 23, 1.0879972540221561e+00, -3.2784390523389517e-01
24, 0, -3.1902750553824427e-01, 0.0000000000000000e+00
24, 1, -3.7330295938049513e-01, -4.0994976215401097e-01
24, 2, 2.0741131984144040e-02, 3.3901666724344259e-01
24, 3, -6.4619974647903589e-01, 3.6482017897874786e-01
24, 4, 1.0740101559451959e-02, -2.6265429093394255e-01
24, 5, 4.5106754876237343e-01, 2.7645562058691303e-01
24, 6, -6.1311955846366040e-01, 4.6346161502593478e-02
24, 7, 7.0736295605825350e-01, -8.4012455986902479e-01
24, 8, -2.7479832568276996e-01, -8.5747942182781978e-02
24, 9, -1.7450154340488533e-01, -5.4243733417161855e-01
24, 10, 2.3263598451100098e-01, 3.8176646018134447e-01
24, 11, -9.4140652969329358e-03, -5.5452970508138455e-01
24, 12, 5.5520246323389433e-01, 5.2089277812157442e-01
24, 13, -2.7475710657439062e-01, 4.0725351394429322e-02
24, 14, -1.2249603325074413e-02, -6.6836108171850617e-01
24, 15, -4.1274195154631305e-01, 1.0497239331915394e-01
24, 16, -9.7724689991510516e-01, -5.8053587458927980e-01
24, 17, 2.1981042117055699e-01, 3.8748123003663759e-04
24, 18, -6.3810584274809212e-01, 1.0516170465780215e+00
24, 19, 6.2727746572454335e-01, -6.4132428294498689e-01
24, 20, 2.2800108769519584e-01, 1.8081273025294295e-01
24, 21, -3.6511620619200519e-03, -6.7323195917094258e-01
24, 22, 2.0942899807009618e-01, 1.1583991262047724e+00
24, 23, 9.3967447505265667e-01, 7.4146993766436298e-02
24, 24, -4.7169029298315429e-01, -1.8053728535609970e-01
25, 0, 1.9291697508430555e-01, 0.0000000000000000e+00
25, 1, 1.8060245192131028e-01, 5.1412022551060893e-02
25, 2, 3.0574079403704685e-01, 5.8238765933715886e-01
25, 3, -9.8519489314880609e-02, 2.3440510190050040e-01
25, 4, 9.7349127882604947e-01, -2.7730199578479198e-01
25, 5, -3.8629005111503856e-01, 4.3998334059766064e-01
25, 6, 2.6527055488903833e-01, -4.5112868073459444e-01
25, 7, -7.4492410150551497e-02, -4.7096328577313940e-01
25, 8, -2.8261122612272055e-01, -2.6617432064723828e-01
25, 9, -1.0793979038765569e-01, -3.1189183939809134e-01
25, 10, -2.1176627349352753e-01, 3.2561808678914067e-01
25, 11, 7.0743369634066922e-01, -6.1227167739424582e-01
25, 12, 4.7233434017518305e-01, 4.0818976612289426e-01
25, 13, -2.1092545839599561e-02, -4.1083502094293406e-01
25, 14, 1.1948038847063569e-01, -3.7314034084969455e-01
25, 15, -6.6810646990967670e-01, 1.3716530163523996e-01
25, 16, 1.6764238016594049e-01, -4.3604367941235950e-01
25, 17, 4.6174619668696315e-01, 1.1590061547228498e+00
25, 18, -2.5988132386805285e-01, -1.2290947451984718e-01
25, 19, 9.6163251668043381e-01, 7.4469715235610440e-02
25, 20, -7.4084616093346156e-01, -1.5071873772779140e-01
25, 21, 1.0320869781870339e+00, -3.2971129203610505e-01
25, 22, -4.3199803452076257e-01, 7.2232739425988879e-01
25, 23, 7.5544122652340273e-01, -6.8601129657194926e-01
25, 24, -3.7229295920167099e-01, -1.4569037767746251e-01
25, 25, -2.2697353030524248e-01, 4.1847353031661361e-01
26, 0, 3.6397124671550402e-01, 0.0000000000000000e+00
26, 1, 1.7149618370830397e-01, 5.5299599893378171e-01
26, 2, 2.2890045991228880e-01, 2.5355307107741726e-02
26, 3, 7.8859955991923747e-02, -1.5156415846605514e-01
26, 4, 4.6293861044285212e-01, -1.8285363894423917e-01
26, 5, -2.8114574553796196e-01, -1.8634096803189343e-01
26, 6, 4.5855967163530265e-01, -5.8412062120859198e-04
26, 7, -1.3096413425873138e-01, 2.5104057841836658e-01
26, 8, -7.0546222434012817e-03, -1.5675164367716465e-01
26, 9, 4.9927234966362609e-02, 6.5064273076343504e-01
26, 10, -1.2140858321702766e-01, -8.2280586164567682e-02
26, 11, 6.2869570480353842e-01, 2.7320052194354516e-01
26, 12, -3.1738652859882316e-01, 1.5052928680216521e-01
26, 13, -3.0871082980877873e-02, -1.0854063711622576e-02
26, 14, -1.5093290650616870e-01, 6.7298720697263503e-02
26, 15, -1.3228748876640381e-01, 8.5612644020447590e-02
26, 16, 6.1658292391075920e-01, 1.5066706001788249e-01
26, 17, 3.8816391015260754e-01, 1.1631758262429130e-01
26, 18, 3.5560985829906827e-01, -5.6696528745934427e-01
26, 19, -1.3113380471442039e-03, 1.0556910520450974e-01
26, 20, -1.7096469764402064e-01, -4.7509290795512044e-01
26, 21, 3.6515178955260591e-01, 6.9096129415089758e-01
26, 22, -5.8785286593650343e-01, 7.9592124360414185e-03
26, 23, 3.2941395149953784e-01, -3.2954125310924853e-01
26, 24, -1.0192258156838045e+00, -5.8450212281349334e-02
26, 25, -3.6422140632771172e-01, 5.4441883272288272e-01
26, 26, 2.1280376152140512e-01, -5.8156279801784128e-01
27, 0, 3.3313648844644933e-01, 0.0000000000000000e+00
27, 1, -4.9440925253413918e-02, 2.4445751038913111e-02
27, 2, -1.4414814437541189e-02, -3.8103612846607499e-01
27, 3, -1.4794958616999476e-01, -3.3721774632404378e-01
27, 4, -4.3002207102350221e-01, -1.3511130125152723e-01
27, 5, -1.1393102497950104e-01, -3.7743438046395317e-01
27, 6, -3.9547523420150127e-01, 3.8335296575533617e-01
27, 7, 4.2341906118432721e-02, 1.5501730655372103e-01
27, 8, 4.3706541128171811e-01, -1.2752182606520979e-01
27, 9, -4.0648391061804470e-02, 5.2473109364646020e-01
27, 10, 2.9276637782357873e-01, -1.3407130058445224e-02
27, 11, 2.4155183655647738e-01, 2.2947612105769077e-01
27, 12, -1.1176218128748285e-01, 8.2989428116270973e-03
27, 13, 1.1720938743277234e-01, 1.2019485236165371e-01
27, 14, -3.1278972471226602e-01, 1.6548091637466886e-02
27, 15, 2.7068750347239781e-02, -1.2591081965706463e-01
27, 16, 8.0420351710633692e-02, 3.2964522275539904e-01
27, 17, -2.3851605088557609e-01, -5.1342652363016039e-01
27, 18, 1.2567079765712495e-02, -2.0356679759762000e-01
27, 19, -8.9082372027995138e-01, -2.1166082546500128e-01
27, 20, 3.5970296281948821e-01, 7.3078113863638966e-02
27, 21, -3.6684812977330422e-01, 3.5005123277701072e-01
27, 22, 2.6059989300939246e-01, -4.4562434237271120e-01
27, 23, -1.7563965348212551e-01, 3.3869961325457432e-01
27, 24, -2.2617933644015065e-01, -9.1669948627091685e-02
27, 25, 9.9842629900070340e-02, 7.0515304133231926e-01
27, 26, 3.0359413082482689e-01, -4.5412928209870207e-01
27, 27, -5.6682734007632263e-01, 2.5668799076746816e-02
28, 0, -3.4270729618855175e-02, 0.0000000000000000e+00
28, 1, -1.7587429535836793e-01, -1.0413451396351139e-01
28, 2, -3.5493686717905176e-01, -2.8362571499925526e-01
28, 3, -1.9508321492589348e-01, 3.4847477341682681e-01
28, 4, -3.8062650507695373e-01, -1.0105034329287280e-01
28, 5, 8.4519553985497195e-02, -5.2581385993770172e-02
28, 6, -5.0858831456906117e-01, 2.8994588407234878e-01
28, 7, 2.1992194115043806e-01, -3.0334574965846273e-01
28, 8, 2.9006619877418433e-01, 4.2309929376502499e-02
28, 9, -8.0340193448855762e-02, -4.8781835822959541e-01
28, 10, 1.0247025697808539e-01, 5.5982764945065780e-02
28, 11, -1.9731935492666780e-01, -3.1350958960774516e-01
28, 12, -7.0642898950211225e-02, 4.4152820519640132e-02
28, 13, 1.2908798546207559e-01, -8.2489832001977625e-02
28, 14, -1.5243475967011663e-01, -1.8554320982543679e-01
28, 15, 1.0695014107871814e-01, -1.7034716364457606e-01
28, 16, -1.8858269185544072e-01, -1.0764055235392911e-01
28, 17, -9.1369500968656814e-02, -4.6319158232115742e-01
28, 18, -3.0775703871340843e-01, 3.3710373746310435e-01
28, 19, -3.8798647070962067e-01, -8.7075835460927675e-02
28, 20, 2.9412191911704094e-01, 4.5677788381109630e-01
28, 21, -1.8270721194329631e-01, -1.4487481470024255e-01
28, 22, 3.9235252157774925e-01, -7.2314897900247060e-02
28, 23, -3.9428253393602430e-01, -1.6369594806853421e-01
28, 24, 2.7811406333798072e-01, -1.7314722639503161e-01
28, 25, 6.9732798873096066e-02, 1.0281533642332905e-01
28, 26, 4.4303082438403013e-01, -5.9618584126590446e-01
28, 27, -1.4647071197370493e-02, -7.6385748092361178e-02
28, 28, 1.5673544035656908e-01, 6.2934627876678084e-01
29, 0, -1.1900148897593749e-01, 0.0000000000000000e+00
29, 1, -2.7387769057774319e-02, -1.7791094644019131e-01
29, 2, -1.5038353210205649e-01, -1.3654256367229313e-02
29, 3, -1.0546676676517011e-01, 3.2813205798974421e-01
29, 4, 1.5346939462804238e-01, -1.0847453566104054e-01
29, 5, 1.2310770724116210e-01, 1.4886730104958290e-01
29, 6, 6.7463719970756092e-02, -6.8265599773553759e-02
29, 7, 2.6974412112616991e-01, -1.6991181163698832e-01
29, 8, 4.8831584126276674e-02, 1.5238932708014449e-02
29, 9, -1.1667335584041119e-01, -3.6655045017170124e-01
29, 10, -1.6225382239409314e-01, 8.1663919517578454e-02
29, 11, -3.5352317487446921e-01, -9.2894753863357812e-02
29, 12, 1.8110865087630817e-01, -1.0325811330684725e-01
29, 13, -2.1429704185239923e-01, -2.3212050900731324e-02
29, 14, -4.9693090291075964e-03, -1.4277232685730906e-01
29, 15, -8.1995341686870366e-02, -1.2525804705981700e-01
29, 16, -1.1208126942596801e-01, -4.4646098478040228e-02
29, 17, -8.9277137556142278e-03, 8.8365489676947587e-02
29, 18, 1.0719693369901202e-02, 7.8783193526938203e-02
29, 19, 2.0029584477952844e-01, 4.4560173981640375e-02
29, 20, 1.1281926738574667e-01, 6.2162382519545728e-02
29, 21, 1.6633296732065833e-01, -2.9788597771182262e-01
29, 22, -1.3069516781045643e-01, -1.2977640581693116e-02
29, 23, -4.4028513851120249e-02, -3.1692945113613680e-01
29, 24, 7.1894465882848216e-02, 3.0325650961558931e-01
29, 25, -5.4776565480342335e-02, -3.0501953663787384e-01
29, 26, 1.7740526188433088e-02, -2.4049825113568829e-01
29, 27, -4.5433375581493418e-01, -6.7119456521456788e-02
29, 28, 2.3515856655933805e-02, 2.6523043838667837e-01
29, 29, 1.4745723749811918e-01, -1.6966648309785815e-01
30, 0, 1.2038886205820099e-02, 0.0000000000000000e+00
30, 1, 1.4373704895170397e-01, -6.9680036108749448e-03
30, 2, 2.0244259109200469e-01, 2.3985994732848220e-02
30, 3, 4.7806525911296034e-02, 2.8420735188201006e-02
30, 4, 2.5643074294334522e-01, -2.2860144991554332e-01
30, 5, 9.5319654672778475e-02, -1.2345127239719075e-01
30, 6, 9.3023791168658956e-02, -3.4273494381399339e-01
30, 7, 4.8534912735540475e-02, -3.2109079793047196e-03
30, 8, -3.1322274007274949e-02, -1.2479902647755033e-01
30, 9, 9.9872869473414672e-02, -4.3977742347783538e-02
30, 10, -6.7065615917606416e-02, 2.3993749187951879e-01
30, 11, -1.2811519308932634e-01, 7.8917558998864351e-02
30, 12, 2.8157647648255851e-01, -1.1203706006983261e-01
30, 13, -9.0968049139062895e-02, -3.3944809198744687e-02
30, 14, 1.1091398860210377e-01, 4.5875190923797507e-02
30, 15, -1.0045278431055299e-01, 5.0215149189320185e-03
30, 16, -1.3075288653389222e-02, -2.6728863392714838e-02
30, 17, 1.0903876115369790e-01, 1.3870456279352497e-01
30, 18, 4.9420786249898749e-02, 3.2847260553179512e-02
30, 19, 1.7152983425877341e-01, -7.3436445582204801e-02
30, 20, -1.4148085440266867e-01, -1.2436028034430137e-01
30, 21, 6.1256176074672243e-02, -8.4779391678710375e-02
30, 22, -2.1068281720835136e-01, -5.3430604122992525e-02
30, 23, 1.3378860552753646e-01, -5.2789524697028842e-02
30, 24, -7.1662599013996506e-02, 1.8960459305171762e-01
30, 25, 1.9984600198256011e-01, -2.2088775650125983e-01
30, 26, -1.3158568431572260e-01, 2.9902458477651961e-01
30, 27, -2.7129925491954449e-01, 2.1651988251109522e-01
30, 28, 1.8519562671721268e-01, 3.3180802303946072e-01
30, 29, -1.4827622058336806e-02, -2.8670662247823747e-02
30, 30, -9.1841451249543071e-02, -2.4867776269977555e-02
31, 0, -1.1951007899155615e-01, 0.0000000000000000e+00
31, 1, 4.5162775414648346e-02, 7.7617697366996724e-02
31, 2, -7.0740480565138042e-02, -5.3144585048343601e-02
31, 3, 9.2043402026113358e-03, -4.6191949880113936e-02
31, 4, 4.2737730143475337e-02, -1.6916878674511263e-02
31, 5, -6.0733348352934834e-02, -1.5658920710039420e-01
31, 6, -2.6354289623104009e-02, -7.8073037675421925e-02
31, 7, -1.8040284734856632e-01, 1.2039405308141821e-01
31, 8, 1.8090233856366655e-02, -1.6229037158352298e-02
31, 9, 1.0702500321632369e-01, 4.0083342061023604e-02
31, 10, 6.3349102816579989e-02, 2.2102356159522096e-01
31, 11, 1.4257095242037665e-01, -1.5723568474935065e-01
31, 12, 1.0693840000093668e-01, -1.8308361055167505e-03
31, 13, -3.5903930195928857e-02, -1.2667725217603201e-01
31, 14, -5.2319091762371220e-03, 6.7656792285214581e-02
31, 15, -5.4280413098989518e-02, -3.4646158175897557e-02
31, 16, 1.0964350698269822e-01, 1.9470305773098464e-02
31, 17, 6.1462642060444841e-02, -2.3951610303171590e-02
31, 18, -2.5178869237542954e-02, -1.7944024999397404e-01
31, 19, -6.2716379360127639e-02, -1.0237573080902511e-01
31, 20, -3.3668200313582436e-01, -1.3866172690085340e-01
31, 21, -2.2959690350794999e-02, -6.9734245194396013e-03
31, 22, -8.9111186442895840e-02, 1.5284718052729004e-01
31, 23, 6.7305788138056391e-02, 1.2602363741240852e-01
31, 24, -5.3643776184019804e-02, -9.6717406139630105e-02
31, 25, -1.6515012123591737e-02, 2.1888230215315087e-02
31, 26, -1.4626246768407866e-01, 4.5097851736193510e-02
31, 27, 8.1829760860286649e-02, 1.2635534830478162e-01
31, 28, 3.1554585631592791e-01, 7.0917814568161291e-02
31, 29, 6.8679945121393013e-02, -1.4726801460198485e-01
31, 30, -1.7471404787392057e-02, -1.9980002777937189e-01
31, 31, 1.0995506004558611e-01, -9.5794404996787652e-03
32, 0, -1.2246808654336662e-01, 0.0000000000000000e+00
32, 1, 3.0467999808858587e-02, 1.5671951645551402e-01
32, 2, -1.4007353834654593e-01, -1.3831756459540118e-01
32, 3, 1.4036528733932718e-01, 1.4153733330519246e-02
32, 4, -1.5694423558269657e-01, -5.2824244129980630e-02
32, 5, -7.4508077418142638e-02, 3.4794102900755755e-02
32, 6, 1.3634399666338188e-02, 1.6019448450999874e-01
32, 7, -1.3922705727332263e-01, 1.1147995231910472e-01
32, 8, 1.9194322980015599e-01, 2.0103008218619090e-02
32, 9, 2.8477344974844762e-02, 6.7376224324146708e-02
32, 10, 3.8735315438173358e-02, -5.8556101390492034e-02
32, 11, 2.6171947667678046e-02, -2.9095211431204027e-02
32, 12, -4.8158684338831748e-02, 7.5492308267297581e-03
32, 13, -2.4734273254662143e-02, -3.0536480835877747e-02
32, 14, -3.4057474404168321e-03, 1.5794653372676690e-01
32, 15, -1.3236428478464506e-02, -8.4146065721252938e-02
32, 16, 1.0952763251781013e-01, 3.3083852707323114e-02
32, 17, -1.0751970420890928e-02, 2.7784437054458766e-02
32, 18, -7.3510979420221501e-02, -1.7132860381369519e-02
32, 19, -1.6902280011205495e-01, 1.0746472218972153e-01
32, 20, -1.7186260978440421e-01, -4.8361503965930905e-02
32, 21, 8.4796395879915248e-02, 1.8537912478448881e-01
32, 22, 8.4459445882626910e-02, 4.6157806828913149e-02
32, 23, 1.1307510728618686e-02, -7.5715838534208962e-02
32, 24, 2.0464202664093219e-02, -1.3291590452850996e-01
32, 25, -1.0675480801530460e-01, 1.2471701899867310e-01
32, 26, -2.9520721249539632e-02, 5.1188123121904641e-02
32, 27, 4.2197616333551589e-02, 1.0298675732339073e-01
32, 28, 2.6866275674691520e-02, -2.3611644785626645e-01
32, 29, -8.0302022432521852e-02, -1.5509300998949638e-01
32, 30, -1.2052871733906895e-01, 4.4384012463479304e-02
32, 31, -8.3625310769221722e-02, -5.9231203358713840e-02
32, 32, -4.6774682708395909e-02, -3.7533831347576888e-02
33, 0, 6.0985541677722473e-02, 0.0000000000000000e+00
33, 1, 5.2765320064621424e-02, 8.5441160859140969e-02
33, 2, -4.5074568491392304e-02, -1.6269831500896240e-01
33, 3, 1.0690091473064214e-01, 6.9194338722532500e-02
33, 4, -4.5911792132043154e-02, -3.8043062365971540e-02
33, 5, 1.0776738729210375e-01, -2.3568487064793836e-02
33, 6, 1.0789386009068236e-01, 2.2129791311220537e-01
33, 7, 6.1526439450223729e-02, -2.1492474134940376e-01
33, 8, 1.0966020326226300e-01, 1.0277392214593087e-01
33, 9, -4.0776163535576060e-02, -6.8894314204747203e-02
33, 10, 1.0431902338630630e-02, -1.4365938870013872e-03
33, 11, -1.1371684934917460e-01, 1.1248997646596558e-01
33, 12, -1.4152291530456726e-01, 4.9775865328371763e-03
33, 13, -2.5174317763358937e-02, 1.8401566169639529e-02
33, 14, -3.8196916355027158e-02, 2.4315969640437064e-02
33, 15, 7.2316606825539892e-02, -7.0182195578043532e-02
33, 16, -9.4975063589446546e-03, 3.7566346804272323e-02
33, 17, -2.3086433488583170e-02, -5.1339828935465515e-03
33, 18, 1.0874345773279732e-01, -3.2383214196827458e-02
33, 19, -1.7384052409042192e-01, 1.3466460549312165e-01
33, 20, 1.0326269985031600e-01, 2.5140146786601404e-02
33, 21, 1.3525318564305652e-02, 1.8400677364763332e-01
33, 22, 5.3201356475776215e-02, -9.0096195576002597e-02
33, 23, 1.6490489196708445e-02, -9.5097510806340657e-02
33, 24, -6.2307965912587818e-02, -6.9831252133997712e-02
33, 25, 1.2987945791377804e-02, 1.9577416484583762e-02
33, 26, 3.1215328151885303e-02, 6.6196177027846553e-02
33, 27, 4.1255037338383024e-02, -2.9754164772503790e-02
33, 28, 3.5378035828320872e-02, -1.3204374148278927e-01
33, 29, -1.1848394892911381e-01, -7.1813366069834600e-05
33, 30, -1.2304606402472690e-01, 1.3317231094267079e-01
33, 31, 1.1244779755392012e-01, 1.2953691588273199e-02
33, 32, -4.0877309453118058e-02, 2.8477217165857538e-01
33, 33, -1.6915229586742832e-02, 3.2410457069703587e-02
34, 0, 1.1776456246129091e-01, 0.0000000000000000e+00
34, 1, -5.6752362759009509e-02, 3.8157151293409429e-02
34, 2, 6.1236176054339238e-02, -4.9065244253983661e-02
34, 3, -4.6892508033653774e-02, 1.3288652710762153e-01
34, 4, 2.6564855167672093e-02, -7.9181758122225249e-02
34, 5, 9.1505185285089510e-02, 4.9581927769783783e-02
34, 6, 7.1058974293075339e-03, 5.2295821397654180e-04
34, 7, 1.0855592392969568e-01, -1.5804864924098977e-01
34, 8, -1.4433693580338754e-02, 8.8051196097507431e-03
34, 9, -6.0138318853315081e-02, -6.7051245823521011e-02
34, 10, 4.9428562810399784e-03, 7.5283529885720374e-02
34, 11, -6.6121864313779782e-02, 1.6621845627919563e-01
34, 12, 5.8134757114558934e-02, 2.1627936396367276e-02
34, 13, 5.5760829697529199e-02, 5.7145388913556992e-02
34, 14, -1.5498105291927831e-02, -8.7491016072550359e-02
34, 15, 6.1730161910437134e-02, -5.9539112477088298e-02
34, 16, -1.6573172361562652e-01, 7.3846487840966216e-03
34, 17, 6.4490920452104264e-02, -5.0482179845754059e-02
34, 18, 1.9186250245210146e-02, 7.0558783587244281e-02
34, 19, -1.4216505726392652e-02, -1.4316858263508744e-01
34, 20, 9.7577371148393099e-02, 6.5351671607097400e-02
34, 21, -3.9545324889278574e-02, -6.4584065179435990e-02
34, 22, 7.1113733476931507e-02, -6.8186561830273995e-02
34, 23, -9.7960056622692165e-02, 2.7365297635542237e-02
34, 24, -5.6304720269387078e-02, -5.0740934469450244e-03
34, 25, 6.9677945355257107e-02, 4.8313825016488350e-02
34, 26, -6.6654798048439948e-02, 8.1852336094854761e-02
34, 27, 9.1949743785933402e-02, -8.5141136908525386e-02
34, 28, -4.6057136145271127e-02, -2.7655594467016400e-03
34, 29, -7.7619391968909129e-02, -7.5841870839581826e-02
34, 30, -1.5738933871685019e-02, 1.4308985152006706e-01
34, 31, 1.7619538228574824e-01, -5.5051937426805808e-02
34, 32, -6.2492050955310054e-02, -6.4072583235029706e-02
34, 33, 2.5455470132032276e-01, -8.2484462247462385e-03
34, 34, 7.6980617772116379e-03, -1.9873400094074317e-02
35, 0, -2.1042356927797112e-02, 0.0000000000000000e+00
35, 1, -4.5766303939454474e-02, -8.3238002981120732e-02
35, 2, 7.8484735662795561e-03, 4.8259837825205723e-02
35, 3, -3.0448004572589647e-02, 5.7490791491414693e-02
35, 4, 1.1935568754153057e-01, -5.6546010587479829e-02
35, 5, -2.2259383509712481e-02, 1.3344558663719744e-01
35, 6, -8.9655939261489861e-02, -1.0968624299022277e-01
35, 7, -2.0086107358007452e-02, 4.6828136891962122e-02
35, 8, -1.0463725535212041e-01, -5.6852499563540687e-02
35, 9, 1.7773592020035891e-02, 2.1669439413484738e-02
35, 10, 3.5592801216260767e-02, 5.0914637927574391e-02
35, 11, 1.4495235893604845e-02, -8.1949272672790056e-03
35, 12, 8.9565698751045295e-02, -2.1323156834629819e-02
35, 13, 2.0161125054692669e-02, -1.4621180185288123e-03
35, 14, 4.7901745029980305e-02, -4.1414653683141629e-02
35, 15, -5.0531069234131240e-02, 1.0454840362015705e-01
35, 16, -8.1991981906941236e-02, -6.6984109844152664e-02
35, 17, 9.5495862230348436e-02, 2.9989310916249221e-02
35, 18, -8.8806602864807682e-02, 3.1242832645274513e-02
35, 19, 4.4713569203498053e-02, -4.9021676486434830e-02
35, 20, -9.9605658859121579e-02, 8.4706859529604481e-02
35, 21, -3.7406762459710849e-02, -1.4786740574625229e-01
35, 22, -3.4528683423868611e-02, 7.6845488783248622e-02
35, 23, 2.8919497634689387e-03, -6.2261467722461404e-02
35, 24, 9.1242673915851377e-02, -4.5020529810811116e-03
35, 25, 2.7719079535560673e-02, 2.6502267136691529e-02
35, 26, -1.0422638459648650e-02, -4.1065365518839603e-02
35, 27, 4.3496833238640772e-02, 2.8339641597292478e-02
35, 28, -8.4192181258607612e-02, 1.6750258717415116e-03
35, 29, 6.4352323844875409e-02, 2.0637964193379980e-02
35, 30, -6.9473600498447585e-02, 6.3991020675670057e-02
35, 31, 4.7249398003811262e-02, -1.4485837709381036e-02
35, 32, -1.1801247910932398e-01, -1.3612981953825157e-01
35, 33, 3.6707789158008874e-02, 1.2565018649759671e-01
35, 34, -8.6972066590426444e-02, -1.7929413858205334e-01
35, 35, -6.9591055875492941e-02, -3.0197034309552315e-02
36, 0, -1.0828508567611558e-01, 0.0000000000000000e+00
36, 1, 4.6647051954000797e-02, 1.1583784328820306e-02
36, 2, -7.3609560849347860e-02, 7.1767853707272192e-02
36, 3, 5.5529157589103213e-02, -3.3010514587145420e-02
36, 4, 1.0552466567724275e-01, 1.4539878834874290e-02
36, 5, -5.6239015903249930e-02, -7.8510754952080455e-03
36, 6, 7.0607851065548302e-02, -7.9038597901879004e-03
36, 7, -2.6178550985450758e-02, 7.1244798152253347e-02
36, 8, -3.9265622151221820e-02, 1.6921084707499121e-02
36, 9, 6.3598426856590839e-02, 2.5114706194276453e-02
36, 10, -3.0749621221005843e-02, -4.0597674267063094e-02
36, 11, 3.9861119780032893e-02, -2.6318534588292773e-02
36, 12, 4.7629689668614930e-02, 9.5497913105708123e-03
36, 13, -1.0552465926161138e-01, -9.9319010205222782e-02
36, 14, 6.3562296884834751e-02, 3.5845457353302662e-02
36, 15, -1.6649773186524278e-01, 6.1289614958774587e-02
36, 16, 9.6559321874161178e-02, 4.8153701484095028e-03
36, 17, -5.7574277489092661e-03, 6.7128494122759730e-02
36, 18, 2.2631427842911275e-02, -9.1127123608679778e-02
36, 19, 4.7434748045089653e-02, 5.8311989176636408e-02
36, 20, -1.1437884016528757e-01, -6.0622676534540655e-02
36, 21, -5.5010248656732257e-02, 2.7915615517070537e-02
36, 22, -3.6860762586644329e-02, 6.1316008920392864e-02
36, 23, -3.4706745749421069e-03, -6.5997503616770342e-02
36, 24, 6.5241658996877880e-02, 3.6911584268092601e-02
36, 25, -2.4543345935720856e-02, -5.2306319957309166e-02
36, 26, 1.3633079718569689e-02, -1.5308184280527853e-02
36, 27, -2.8654054413202023e-02, 2.8828914288202712e-02
36, 28, 1.0707491882082688e-02, -1.1557446446199429e-01
36, 29, 7.5362128371326581e-02, 1.2914155403493796e-01
36, 30, 3.6009878379356687e-02, -1.0783324319846363e-01
36, 31, 6.0385754258165301e-02, 9.7565553469473237e-02
36, 32, -1.0460946888881584e-01, -2.3433476250414236e-02
36, 33, -2.9125565217470020e-02, 1.6046670420817566e-01
36, 34, 4.1708920928079866e-02, -8.7456013816322467e-02
36, 35, -9.6705903417805411e-02, 9.8442606999566334e-02
36, 36, 3.9019379501343016e-02, 1.3054065467461365e-01
37, 0, 4.1406289202973914e-02, 0.0000000000000000e+00
37, 1, 6.0062754129521265e-02, 1.0713785009028022e-01
37, 2, -4.9791237501130806e-02, 2.0361494837249413e-02
37, 3, 8.1032343770393561e-02, -2.5927760514128474e-02
37, 4, -4.3707226659342943e-02, -1.6403916145491360e-02
37, 5, -5.1726121762767759e-02, -6.2195355815182568e-02
37, 6, 8.4426874967454935e-02, 5.0776504522633256e-02
37, 7, -3.8823174467187152e-02, 8.3952863578384863e-03
37, 8, 1.1815286734583966e-01, 3.5927079214119050e-02
37, 9, 4.3850621162458213e-02, 2.4766849404187618e-02
37, 10, -5.6765777251339220e-03, -9.4271912846937075e-03
37, 11, -5.5972268992437027e-02, 3.2158962213398173e-02
37, 12, -2.8943966229176461e-02, 7.2038507290999143e-02
37, 13, -2.1653639233951742e-02, -4.6762116029790975e-02
37, 14, 1.0002893713233030e-02, 1.2624389528293711e-01
37, 15, -3.2093912385348103e-02, -1.4355136996244109e-02
37, 16, 8.4936127595340777e-02, 8.3858927057107319e-03
37, 17, -3.2663753155964821e-02, -6.2985136005753464e-02
37, 18, 7.4870472200234031e-02, -5.4315513811865383e-02
37, 19, -4.7239634979578865e-02, 4.3476282568653352e-02
37, 20, -3.7522520662943940e-02, -5.8775702300056777e-02
37, 21, 4.6047093647103143e-03, 5.5908703232646559e-02
37, 22, -3.3794356619009022e-02, -3.0773717991564316e-02
37, 23, 7.9254643728503896e-02, -1.7540062662850534e-02
37, 24, -7.7105900891525532e-03, -5.1527298608192839e-03
37, 25, -3.3019728468630452e-02, -3.2378828384175586e-02
37, 26, 9.7389000659401787e-03, 3.8124260499825299e-02
37, 27, -8.0862621120779590e-02, 3.2008130843174318e-02
37, 28, 9.9782101691091335e-02, 5.0316729095693132e-03
37, 29, -4.3472105747652950e-02, 5.1697193010869252e-02
37, 30, 6.3217729905391803e-02, -1.4323908028504120e-01
37, 31, -8.3241438688407526e-02, 6.0390175863429048e-02
37, 32, 8.3081920777703933e-03, -5.8776671486018346e-02
37, 33, 1.2061844050484150e-01, 9.8701994091970197e-02
37, 34, 5.7565423803026511e-02, -1.5499548050945458e-02
37, 35, -1.1834411035446837e-01, -5.5752657216727078e-02
37, 36, 1.5872439666572552e-01, 9.8782179189639913e-02
37, 37, 4.6354997599670392e-02, -3.7883524716241020e-02
38, 0, 7.1081158998237082e-02, 0.0000000000000000e+00
38, 1, -8.7243592570268175e-03, 2.0100467976403538e-02
38, 2, -1.0630005597864305e-02, -4.6871882644031901e-02
38, 3, 6.5071264379810437e-02, 5.1470716727085291e-03
38, 4, -8.5403340817224935e-02, -4.1375365796415479e-02
38, 5, 4.5531881950183054e-02, 2.4174617602919550e-02
38, 6, -3.1783313774349689e-02, 7.7639007470020338e-02
38, 7, 3.4243389773242004e-02, -7.4337717221608729e-02
38, 8, 5.5600160147714975e-02, -2.4658576980121156e-02
38, 9, 2.8424645189254957e-04, -6.6898792257714751e-02
38, 10, 1.3353975610207215e-02, 4.5484066531405421e-03
38, 11, -3.2762674876494625e-02, 4.6928105442299792e-02
38, 12, 2.1067483552129644e-03, 4.8641758143365570e-02
38, 13, -6.3677300395383538e-03, 5.4324345210972041e-02
38, 14, -3.5517118203148353e-02, 3.2989837129721686e-02
38, 15, 3.6430120814138378e-02, 4.9999180083630912e-02
38, 16, 2.9947184586728549e-02, 1.1643177221308445e-03
38, 17, -3.6057485909147403e-02, -3.9228287089011167e-02
38, 18, 9.9477478051788523e-03, 3.3974110878490595e-02
38, 19, -6.5967448670163548e-02, 1.2216021541419972e-02
38, 20, -2.9626472260511780e-02, 2.3312075142380442e-02
38, 21, 6.9938396701890093e-03, 4.3951574719313879e-02
38, 22, 5.7103413808114803e-02, -2.0990120257440847e-03
38, 23, 1.5034587963926833e-02, 5.2577748098422257e-02
38, 24, -3.6587386228048802e-02, -2.0920052728314622e-02
38, 25, 1.2745277807751677e-02, 2.5875683967683298e-02
38, 26, 1.0999341447970462e-03, 5.8074702198167988e-02
38, 27, 9.0268950657811115e-03, -7.0467415778491929e-02
38, 28, 4.0899920783326695e-02, 6.5120577399753091e-02
38, 29, -6.4517311221262530e-02, -9.4786154718267790e-02
38, 30, 7.0090516675900799e-02, 5.8269167167065955e-02
38, 31, -1.4362183001993012e-01, -3.4916209517832454e-02
38, 32, 6.2388866179453606e-02, 2.8156506761647764e-03
38, 33, -4.0542703731453078e-02, -1.7622519577623223e-02
38, 34, 4.4804445544848470e-03, -7.7518772982759582e-02
38, 35, -7.9223916518039908e-02, -3.9589462509461285e-02
38, 36, 3.5846794211907645e-02, 8.7152652475333631e-02
38, 37, -1.9059451087443790e-02, -1.5575100710050860e-01
38, 38, -7.4382482426545410e-02, -2.5258773390183030e-02
39, 0, -1.4795827025718907e-02, 0.0000000000000000e+00
39, 1, -6.0095181423461042e-02, -6.0254997967350225e-02
39, 2, 3.1089868884019662e-04, -3.4383696059276325e-02
39, 3, -6.2800697089409902e-03, 7.5341856051752091e-03
39, 4, -5.0647229775220223e-04, -2.3458607604577384e-02
39, 5, 4.2349949161822026e-02, 1.0261602630666454e-01
39, 6, -3.4320321475351509e-02, 1.1423654496480359e-02
39, 7, 4.0869929780957978e-02, -8.9222754686250263e-03
39, 8, -5.3573759233819580e-02, -1.0377131626705822e-02
39, 9, -3.2728150393927069e-02, -4.0003926668307037e-03
39, 10, -3.9179643813249815e-02, -9.2137086002298599e-03
39, 11, -2.9172309427733200e-02, 3.1374360849592935e-02
39, 12, 3.0945685028474189e-02, 1.8039747787004422e-02
39, 13, 1.5809570515014505e-02, 3.9893762756731857e-02
39, 14, 3.2631853205955241e-03, -3.1650778021671537e-02
39, 15, 2.6899752623018997e-02, 2.3462897872755344e-03
39, 16, -4.1427154222104134e-02, 7.4093519880795372e-03
39, 17, -1.6451435771554102e-02, -1.0132601777427426e-03
39, 18, -3.1602398036368010e-02, 7.9351427694830903e-02
39, 19, 3.8458888867887640e-02, -1.8561152421079034e-02
39, 20, -1.1659661611810156e-02, 4.9346843264903156e-02
39, 21, 2.7212127687065910e-02, -3.9743116210455350e-02
39, 22, 3.5605068023778427e-02, 3.9538808859826240e-04
39, 23, -3.1805644050341877e-02, -5.8231721270573609e-03
39, 24, -1.8923497013562829e-02, -7.8486483277206680e-03
39, 25, 4.8614764511447049e-03, 4.8329361073457811e-02
39, 26, -2.1183210993849788e-03, 3.4255482252195379e-03
39, 27, 4.9586056255274812e-02, -6.1200451515280363e-02
39, 28, -9.4824132306598724e-02, -5.4030404562440439e-03
39, 29, 3.5072484131049575e-02, -1.0538630499792344e-01
39, 30, -7.3178005097244009e-02, 1.0425734148608162e-01
39, 31, -2.5304470653978835e-02, -8.7500240019003139e-02
39, 32, 2.4113925495375610e-02, 1.1837706170665949e-01
39, 33, -6.8984321913519678e-02, -6.8916729319788553e-02
39, 34, 2.8645446995970138e-02, 3.7966904105573455e-02
39, 35, -6.2239938294881517e-02, -4.4953430116247459e-02
39, 36, 1.6095169019716051e-02, 3.2238470505157060e-02
39, 37, 2.3323344772271250e-02, -3.1432719173356549e-02
39, 38, -1.0997006862456637e-01, 6.2524247359383084e-02
39, 39, 8.1321480413209836e-03, 9.0663893985534053e-02
40, 0, -6.4812657120955852e-02, 0.0000000000000000e+00
40, 1, -3.0317477647804431e-02, 6.2752925554691282e-03
40, 2, 1.5711943887529806e-02, 2.2362224390005656e-02
40, 3, 2.5904207075929438e-03, 7.8952134454594747e-03
40, 4, 4.3906234985735197e-02, -2.4404567564239685e-02
40, 5, -1.8244501392189756e-02, 6.9519687083571424e-02
40, 6, 3.4494786156506328e-02, -3.8685488271716979e-02
40, 7, -1.9130204995054315e-02, 7.9330432368749752e-03
40, 8, -4.9707298174886901e-02, 4.3117426034720394e-02
40, 9, -3.0875446880735215e-02, 5.2842641110452268e-02
40, 10, 2.3715845458590753e-03, 6.5829901607986560e-02
40, 11, -3.1790242389956383e-02, 3.1322980735941003e-02
40, 12, 5.4990461248824009e-03, -1.5571948166937938e-03
40, 13, 6.2844148324191877e-03, -4.6450493468411236e-03
40, 14, 5.7981136264040924e-03, -1.3592300953606161e-02
40, 15, 4.3827411729597782e-02, 2.0384098966534807e-02
40, 16, -5.8092170856817130e-02, 2.0190184830627929e-03
40, 17, 2.4863237969229363e-02, 2.0170496475596152e-02
40, 18, -1.0296379790217507e-02, -1.3406003504594536e-02
40, 19, 5.5545360833086956e-02, 8.9293197452697845e-04
40, 20, -2.9588312559420495e-02, 3.5185417159702163e-03
40, 21, -1.1896723493852930e-02, -4.4395840220536768e-02
40, 22, -9.6301304552179334e-03, 5.4830726315651997e-03
40, 23, -3.3701993771137653e-02, -3.5854211133017948e-02
40, 24, -1.4250599992916727e-02, 8.9835641050751772e-03
40, 25, 2.7838639322205438e-02, 3.2108953468618584e-02
40, 26, 1.1158877189136693e-03, -4.5045789568814359e-02
40, 27, -3.7476670422204755e-03, 1.0147124270059650e-02
40, 28, -7.5619474448032103e-02, -5.9809938676228913e-02
40, 29, 4.8786855817678047e-02, 8.2985714552197845e-02
40, 30, -7.7535243400190745e-02, 3.3375428053108461e-02
40, 31, 9.1045130982682160e-02, 1.4925799997519029e-02
40, 32, -5.2584496597581132e-02, 1.9185591991572097e-02
40, 33, 4.6894088760458877e-02, -5.1049642484378405e-02
40, 34, -1.4683048163756341e-02, 9.3975515907249618e-02
40, 35, 3.1404599626962626e-02, -3.3251247180638571e-02
40, 36, 5.1895888922994082e-03, 3.2805191791910195e-02
40, 37, 2.4075178036642265e-02, -4.7860154406461540e-02
40, 38, -4.4336835576606060e-02, 1.4530626089591669e-02
40, 39, 6.1899899865373059e-02, 1.0536567009552203e-02
40, 40, 1.1224088224237853e-01, -8.7409895818007493e-03
41, 0, -3.1502206528149147e-02, 0.0000000000000000e+00
41, 1, 7.6932556617228184e-03, 3.1975876824484675e-02
41, 2, -4.1650201225470543e-02, 3.8659090597283653e-02
41, 3, 3.7603688421819777e-02, -2.6271246436739632e-02
41, 4, -2.2337506387915877e-02, -2.7331192928558680e-03
41, 5, -5.2989365368174682e-02, -2.3039582740670774e-02
41, 6, 2.8875077582369728e-02, -9.1185809762683902e-03
41, 7, -3.5525992722480360e-02, -3.7789940142937420e-02
41, 8, -1.6348167943131500e-02, 2.8040052930510727e-02
41, 9, 2.7804105469247407e-02, 4.9109122807677943e-03
41, 10, 2.4149386111901015e-02, 2.7619775138105714e-02
41, 11, 1.1463062047831023e-02, -2.0748744402597332e-03
41, 12, 3.0313492528647252e-02, -8.8797523974800466e-03
41, 13, -1.6156214445861357e-02, 7.1195032707524310e-03
41, 14, 4.0287855036096581e-02, -3.0885612092783753e-02
41, 15, -4.2522810676021913e-02, 1.2072827686362277e-02
41, 16, 3.0867495392961655e-02, 3.1778988020666763e-03
41, 17, -6.9502619510889829e-03, 2.6275737116071951e-02
41, 18, 4.3294879821334002e-02, -3.6818467856321486e-02
41, 19, -2.3582163265334724e-03, 1.2646430095898196e-03
41, 20, -7.2780237503951677e-03, -3.1400068327533608e-02
41, 21, -3.2701793116049552e-02, 9.3496122940144345e-03
41, 22, -2.6256314189487123e-02, 1.2525587409755411e-02
41, 23, 1.1997441435009637e-02, 2.1178446503687078e-02
41, 24, 8.1180209312603502e-03, 3.7750351660725656e-02
41, 25, -1.0901493952087150e-03, 2.4839921937703104e-02
41, 26, 1.9809653385611473e-02, -3.1715390981177927e-02
41, 27, -4.9256856795792961e-02, 2.5143646920119521e-02
41, 28, 5.0444654369543936e-02, -3.5137083310058659e-02
41, 29, 1.3795919203115459e-02, 4.2928687155038503e-02
41, 30, 1.1715297352775411e-02, -3.4492597730056973e-02
41, 31, 2.7685746021461757e-02, 5.0235649957173098e-02
41, 32, -5.1581084626348458e-02, -7.3787558929912456e-02
41, 33, 6.0897830255066156e-02, 3.0176844018216870e-02
41, 34, -5.7975876010239631e-02, 2.5286845134674947e-02
41, 35, 7.3360226921045435e-02, -1.2575359336781854e-02
41, 36, -2.0082674767547479e-02, 1.6821069980075910e-02
41, 37, -2.5813367245013180e-02, -4.8755365376677393e-02
41, 38, -1.9851504236776854e-02, 3.1517937451919532e-02
41, 39, 1.9180150181435263e-02, 1.9902773114989777e-02
41, 40, -1.9212517877397389e-02, -6.8227999405350348e-02
41, 41, -3.4437146436740326e-02, -6.9704797517170097e-02
42, 0, 4.0867528600457238e-03, 0.0000000000000000e+00
42, 1, -4.1490251134546872e-03, 4.6527708518571817e-03
42, 2, -3.0313314566147256e-03, -3.1589391292642086e-02
42, 3, 4.4442742486670316e-02, -9.4034762296423286e-03
42, 4, -5.8122289560856868e-02, -2.2452328203966240e-02
42, 5, -2.1771743309406316e-02, 2.6291489767375224e-02
42, 6, -2.9082604709728191e-04, 2.1505640623054149e-03
42, 7, -2.5243723656427582e-02, 4.4023242042360152e-03
42, 8, -6.2415301224265987e-03, 1.6140882639176374e-02
42, 9, 9.2512869521715804e-03, -6.1968692878548795e-03
42, 10, 4.6052262623241403e-03, -7.4124842780147887e-03
42, 11, 3.7680027242183577e-02, -2.7600580416692614e-02
42, 12, 9.7467759884864568e-03, -7.0165800059865859e-03
42, 13, 6.7713276499413162e-04, 7.8813731011042575e-03
42, 14, 2.8453997430338347e-02, 2.9507326892646873e-02
42, 15, -4.4644265330392154e-02, -7.7186482740054779e-03
42, 16, 5.7563052451760924e-02, 2.6258886764480801e-03
42, 17, -4.6116221133585891e-03, -1.2928486541962521e-02
42, 18, 3.5211316827921446e-02, -2.4707148641636589e-02
42, 19, -2.6973119989862133e-02, 1.8388396482502182e-02
42, 20, -1.0142733252012107e-02, -4.0057362512482854e-03
42, 21, -2.8637974430669302e-02, 2.3464337620762301e-02
42, 22, 1.5114708839042387e-02, 2.8517295463745179e-02
42, 23, 3.3945711617784299e-02, 1.2010611087389057e-02
42, 24, 1.9350008601367621e-02, 1.7454551247081593e-02
42, 25, -6.5541356253881050e-03, -2.0529244717796068e-02
42, 26, -1.1318457377243860e-02, 3.2564715433208144e-02
42, 27, -1.2933837102530852e-02, 4.9878151462804388e-03
42, 28, 5.2369531385090082e-02, 2.0584954637971976e-02
42, 29, 1.2460775930427858e-03, 3.5757524869749809e-03
42, 30, 4.3166706466565480e-02, -2.7609955612363353e-02
42, 31, -3.7449830535158012e-02, -9.9400664425269378e-03
42, 32, 1.3266055161297338e-03, -4.8636087982135943e-02
42, 33, -5.2826409401751775e-02, 6.7769856954660132e-02
42, 34, 2.4702010140396852e-03, -9.7370994031272546e-03
42, 35, 5.5984295653303373e-02, 1.6539939786100487e-02
42, 36, -2.1339568015339216e-02, -2.9311755005019074e-02
42, 37, -5.2276996273065979e-03, 4.6575426643892734e-03
42, 38, -7.9631496842243292e-03, 4.5007886216438205e-02
42, 39, -1.3332056361600175e-03, 4.5674630857570576e-03
42, 40, 3.0407354361890501e-02, -5.3890964070258174e-02
42, 41, -4.0523782520647214e-02, 5.9601648666011559e-02
42, 42, -2.8670638945889781e-02, 3.6845652034652371e-02
43, 0, -1.8534475147378382e-02, 0.0000000000000000e+00
43, 1, -3.6634337458072999e-02, 1.7781067851204674e-02
43, 2, 4.5097865817837462e-03, -5.5804435843351527e-02
43, 3, 2.5837580348974602e-02, -7.6027167746794081e-03
43, 4, -2.8087491569464260e-02, -2.5064960073622189e-02
43, 5, 1.9568513064194864e-02, 2.9943900818338885e-02
43, 6, 7.0762922076223990e-03, 2.0674355290511905e-02
43, 7, 7.4457992346006405e-03, 2.3534589691163579e-02
43, 8, -2.4628548953053208e-03, 1.3733832710931721e-02
43, 9, -2.8599791042074149e-02, -2.4860855481385551e-02
43, 10, -1.6561795029632551e-02, -4.3978312077159309e-03
43, 11, -1.3128132810846941e-03, 2.4364019235855227e-03
43, 12, -1.8926167287010215e-02, -8.7241212658943374e-03
43, 13, 1.6012833871557677e-02, -1.7308171291875725e-03
43, 14, -8.4200935620856177e-03, 1.3057878797801046e-02
43, 15, -5.8970291810545705e-03, -2.2104936845740292e-02
43, 16, 2.2487046936076834e-02, 4.1075431057650984e-02
43, 17, -5.9243423450198798e-03, -3.2023902774872666e-02
43, 18, -2.0824938711607489e-03, 4.5019231609116934e-03
43, 19, -1.0987860029010761e-03, 3.4225466734686995e-02
43, 20, -2.3422716625892985e-04, 1.8994142527598512e-02
43, 21, 7.7296795684010967e-03, 3.0854801935285524e-02
43, 22, 1.9847389794232700e-02, -1.2396202116556211e-02
43, 23, 4.1969247650833312e-02, -6.5990321152854473e-03
43, 24, 8.4525552679236005e-03, 4.4482007664076589e-03
43, 25, -1.5354144807844448e-02, -2.9955365173662783e-02
43, 26, -9.6841837363300810e-03, 3.8504510452272808e-02
43, 27, 1.9999962475770620e-02, -4.1387953682210266e-02
43, 28, 3.7722998935773175e-02, 1.8710080243616020e-02
43, 29, 1.6900640394208414e-03, -5.3965013108938337e-02
43, 30, -2.5861298912171767e-02, 1.5700720810424854e-02
43, 31, -4.7696562121929853e-02, -7.1098613393429915e-03
43, 32, 8.5758551202236803e-03, 2.9148845580187842e-02
43, 33, -3.3890654576081279e-02, 2.4114199069389400e-02
43, 34, 7.1703405523349389e-02, 8.6388671966928197e-03
43, 35, -3.9083641414282611e-02, -1.3611068620591962e-02
43, 36, -3.3123909692601545e-03, -3.7366739795438933e-02
43, 37, -1.5575082534865141e-02, 2.2568023652247936e-02
43, 38, 2.7746695213694716e-02, -2.9589759791666566e-04
43, 39, 3.4269761316865266e-02, -1.2364640330006622e-02
43, 40, -4.3036866722322275e-03, -2.9875440477331344e-02
43, 41, -2.6014126492047877e-02, 4.1140963840414066e-03
43, 42, 4.0158652699326017e-02, 2.1332945347263901e-02
43, 43, 4.4109611428685296e-02, 1.3137212824116527e-02
44, 0, -2.7176080822870884e-02, 0.0000000000000000e+00
44, 1, -3.8112110122810759e-02, 2.3528283254226393e-03
44, 2, 1.6627979905025961e-02, 8.0844661589135960e-05
44, 3, -2.8097765492500097e-02, 1.1934243674493548e-02
44, 4, -2.0580212281919755e-02, -1.0455937346221416e-02
44, 5, -1.4337856437610789e-02, 2.3150378543647678e-02
44, 6, 3.0745681558114132e-02, -2.3259387808031336e-02
44, 7, 2.8973963395216941e-02, -1.2835066627655121e-02
44, 8, 5.7643099335570793e-03, -2.2487518888929137e-02
44, 9, 5.1799615963135318e-03, -1.2410901120199682e-02
44, 10, 1.0092014913122040e-03, 1.4753313521819644e-02
44, 11, -1.8999023573906391e-02, 4.6917554651426011e-02
44, 12, 3.0522015252716379e-03, -6.9878157501226225e-03
44, 13, 1.7163059478068992e-02, 2.1079284126574321e-02
44, 14, -1.0655245791122167e-02, -2.7737622319081279e-02
44, 15, 2.1500187714669359e-02, -1.8547987853157626e-02
44, 16, -2.8350302036285746e-02, -9.0366051783359689e-04
44, 17, -1.1118024874168801e-02, -3.9690686453525484e-03
44, 18, -2.4351209898085813e-02, 1.1332226508186749e-02
44, 19, -8.4874999802135379e-03, 2.0890307142619373e-03
44, 20, 2.3839049110160805e-02, 2.5271005365062021e-02
44, 21, 9.0717918633987163e-03, -1.4030628218102126e-02
44, 22, -1.3169758216188723e-03, -8.3475864518282195e-03
44, 23, 1.9152666886798491e-03, -3.4440519453113553e-03
44, 24, -2.4706663371888985e-02, -1.5191059286979190e-02
44, 25, 6.6992067256364373e-03, 1.6013820951080237e-02
44, 26, -7.4733978373860317e-03, 2.2158470756541131e-02
44, 27, 2.8189163732965254e-02, -1.0644494429111523e-02
44, 28, 3.8750142012409505e-03, -3.8265082395563281e-03
44, 29, 4.1079755151422013e-03, -2.8992649864890821e-02
44, 30, -4.1109634317793547e-02, 1.7860553710154152e-02
44, 31, -7.7072243490200146e-03, 3.7611094131620453e-03
44, 32, 8.5031301431414547e-04, 3.4027306190371517e-02
44, 33, 3.5534386826883237e-02, -1.3015741613861475e-02
44, 34, 2.3512872306240825e-02, 1.6227254518045776e-02
44, 35, -2.7861961904616220e-02, -3.8853634410756628e-02
44, 36, 2.3400366461304774e-04, 1.5083783716233862e-02
44, 37, -3.5024515821420278e-02, 7.3818453016259011e-03
44, 38, 3.8892879217918078e-02, -1.4530606215390041e-02
44, 39, -1.7440130749329291e-02, -1.4931637840220131e-02
44, 40, -3.5457492107147701e-02, -7.1774795226981231e-03
44, 41, 8.3922945012009417e-03, 2.0972387162076153e-02
44, 42, -1.5480915372527732e-02, 5.0653913054137020e-03
44, 43, 4.1517172015419299e-03, -2.9178397812343836e-02
44, 44, -2.1090263367358301e-04, -7.9680188289752180e-02
45, 0, -8.5415383006268962e-03, 0.0000000000000000e+00
45, 1, -1.9004970069677217e-03, -2.2530276224133627e-02
45, 2, 2.3233902456036591e-02, 1.9192962342267368e-02
45, 3, 6.8013067532773329e-03, -8.8065048778669160e-03
45, 4, -9.6456659810918027e-04, 1.1516051349798710e-03
45, 5, -1.6315071460130989e-02, -1.8470103010699464e-03
45, 6, -3.4497119487346579e-04, -1.2770757231873922e-02
45, 7, -8.0070260428068245e-03, -2.7346331231400872e-02
45, 8, 3.5976116282377124e-03, -7.2190090017119762e-03
45, 9, 7.2656116894426644e-03, -2.0022767368515181e-02
45, 10, 1.8677277306194374e-02, 3.5000987011630541e-02
45, 11, 1.0811717921411482e-02, 1.4492927674887317e-02
45, 12, 3.8728453325196879e-02, -7.8220630147459464e-03
45, 13, 2.1015927085285588e-02, -4.5601622841813690e-04
45, 14, 1.6357894837994943e-03, -2.7318303792009876e-02
45, 15, 7.6838323903395322e-03, 4.1299495269947611e-02
45, 16, -2.2702256181722762e-02, -1.5208346508361448e-02
45, 17, 5.0781829300579080e-04, 2.2943970127572655e-02
45, 18, -2.9419576086407204e-02, -5.2704422363204686e-03
45, 19, 2.8307493216502434e-03, 1.0375783325652400e-04
45, 20, -1.6044127024601474e-04, 6.2102924856125563e-03
45, 21, -3.7850279411375822e-03, -2.7169986295476706e-02
45, 22, -2.5915288097646951e-02, 1.6090915719206816e-02
45, 23, -1.5586340809245338e-02, 7.1368301789340883e-03
45, 24, 2.5159665247491379e-03, 6.0471288645109166e-03
45, 25, -1.7815924481461295e-02, 1.7045303253209271e-02
45, 26, 7.3143896272691560e-04, -5.4964339515649330e-05
45, 27, 1.4227398113072783e-02, -5.8604241873678698e-03
45, 28, -2.2159597451440603e-02, -2.2718290216011409e-02
45, 29, 6.9842387758566292e-03, 1.4510471832725585e-02
45, 30, -1.4009836599845374e-02, 1.4191031734394934e-02
45, 31, 2.8619753862451081e-02, 1.4842088564253737e-02
45, 32, 1.4538525928399488e-02, -1.2315913697923135e-02
45, 33, 3.9480767728952815e-02, -1.9132456325231355e-02
45, 34, -1.6637974332670787e-02, -9.2656703225909732e-03
45, 35, 3.4345749416032963e-03, -1.5643213805760520e-03
45, 36, -1.0915118364189423e-02, 3.5894823490151447e-02
45, 37, 4.3086712842917207e-02, -9.2885791556867707e-03
45, 38, 3.6504648147068011e-03, 1.3234906740864198e-02
45, 39, -3.0040946971717726e-02, 9.0267117661896237e-04
45, 40, -2.3005054955788054e-03, 1.1156058215255726e-02
45, 41, 1.6941343696563516e-02, 4.0183851209661899e-02
45, 42, 1.6190675883417781e-02, -2.3300492690881310e-02
45, 43, 4.2364589544785190e-03, 2.7348603360911720e-02
45, 44, -1.1233971525051971e-02, -2.6293982352238831e-03
45, 45, -5.0817106645214202e-02, 3.7972068088602602e-02
