0, 0, 0.0000000000000000e+00, 0.0000000000000000e+00
1, 0, 1.0474585443778989e+06, 0.0000000000000000e+00
1, 1, 6.1054266026369500e+04, 4.7399588836793666e+05
2, 0, 0.0000000000000000e+00, 0.0000000000000000e+00
2, 1, -1.6219914464783252e+05, -8.7579743776063886e+04
2, 2, -3.0072434007964786e+06, 1.6325123706079936e+06
3, 0, -1.0233949686958242e+06, 0.0000000000000000e+00
3, 1, 5.0203781370391173e+05, 2.1713847128849970e+06
3, 2, -9.9435861874182883e+05, 3.4402460704149696e+05
3, 3, 2.4175854841694059e+06, 1.3380231956412178e+06
4, 0, 3.6272425109323394e+05, 0.0000000000000000e+00
4, 1, 6.0081691751112486e+05, 4.5387668267192261e+05
4, 2, -5.2338948081700079e+05, -8.6897632784787915e+05
4, 3, 1.0829418455518377e+06, -5.7275877757426613e+04
4, 4, 1.4165330048190747e+05, -1.2984212415614475e+06
5, 0, 1.7279834079665516e+05, 0.0000000000000000e+00
5, 1, -4.6776367989202176e+04, -8.9264050510211906e+04
5, 2, -3.4546962923279963e+05, -2.4766474861593329e+05
5, 3, 2.9887222237326816e+05, -3.6576161327100883e+05
5, 4, -6.4904807291480678e+05, 4.4063817679066095e+04
5, 5, -4.9792111199217505e+05, 4.8248714144867670e+05
6, 0, 3.0188794903504895e+03, 0.0000000000000000e+00
6, 1, 4.2088337927362742e+05, -1.4452930431593535e+05
6, 2, 4.0942637125107041e+05, 1.4109192805363462e+05
6, 3, 3.9323478284456104e+05, 1.6545037345255748e+05
6, 4, 7.3428911363803985e+04, 2.8471780194525147e+05
6, 5, 2.3836673778854951e+04, 3.2389130671419046e+05
6, 6, 2.1772585060833511e+05, 6.8112501741448592e+04
7, 0, -1.0717171725392813e+05, 0.0000000000000000e+00
7, 1, 3.7290130933832383e+05, -3.4431335714314552e+05
7, 2, 2.5714184061898553e+05, 1.1311361364051027e+05
7, 3, 6.9304852820890344e+04, -1.5499747983999347e+04
7, 4, 6.0507962279276294e+05, 1.6150283236978640e+05
7, 5, -5.6613464930390648e+04, -3.5218412203386409e+05
7, 6, -2.7806067290980299e+05, -4.1485991624030052e+05
7, 7, -1.5666107344385207e+04, -1.9071931347156802e+05
8, 0, 1.8863241605615211e+05, 0.0000000000000000e+00
8, 1, 8.3929595602027330e+03, -2.5515317077939690e+03
8, 2, 4.5013059469620220e+05, 1.0872453913141644e+05
8, 3, -3.6479345281693048e+05, -3.9646729254556104e+05
8, 4, 3.3525141476738313e+05, -1.6902187554383569e+05
8, 5, -7.9078442137474706e+05, -5.9193075808922900e+05
8, 6, -3.2994963824320963e+04, -3.2431535944770084e+05
8, 7, -1.8589297146730492e+05, 2.7138383584336017e+05
8, 8, 7.1370241247800601e+04, -7.6827117533226803e+04
9, 0, -7.1070908705512193e+04, 0.0000000000000000e+00
9, 1, -6.9569552898092283e+04, 2.4076106397236683e+05
9, 2, 4.5933760822682490e+05, 1.1152985938184196e+04
9, 3, -2.1586442021009920e+05, -1.4300093756897669e+05
9, 4, 1.4121929899160608e+05, 4.4405247391878138e+05
9, 5, -4.9284281868934125e+05, -5.2109782407217298e+05
9, 6, 1.3726775296192471e+05, -1.0873371387135441e+05
9, 7, -2.4113479250243300e+05, 5.5942505021090165e+05
9, 8, 5.4390027967496682e+05, -1.5693743041565220e+05
9, 9, -2.3028549000881967e+05, -4.8605762985540845e+04
10, 0, 1.0903234401120554e+05, 0.0000000000000000e+00
10, 1, 1.5095282566304985e+05, 9.8777143385474919e+04
10, 2, 1.2409546045711706e+05, -3.6189944102259987e+05
10, 3, -3.5899310985363805e+05, 7.2980295690848012e+04
10, 4, -4.0432195432263595e+05, 1.7736623070987524e+05
10, 5, 2.4041024286435512e+05, -3.2494111647557956e+05
10, 6, 1.4623083672446827e+05, 5.2932138631866686e+05
10, 7, 1.5770827417493731e+05, -7.5316207308396843e+04
10, 8, 1.7639390524922073e+05, 2.4735519490099075e+05
10, 9, -3.5605505856693268e+05, -2.8224543318668118e+05
10, 10, -1.1683095933641032e+05, 1.5684825757146740e+05
11, 0, -1.0823841908896192e+05, 0.0000000000000000e+00
11, 1, -9.5851297747350938e+04, -3.7136069168299247e+04
11, 2, -7.1096437130832535e+04, -4.9402860732324631e+05
11, 3, -4.7334623030543607e+05, 3.9318092946220370e+05
11, 4, -6.4789165264128952e+05, -3.2082501884497033e+05
11, 5, 3.9301207265119709e+05, 3.8511671305392106e+05
11, 6, -2.3242829815816099e+05, -1.1079128392691647e+05
11, 7, 3.0822358459798753e+05, -2.3367253035045543e+05
11, 8, -5.2088735652065033e+05, 1.7304749826371705e+05
11, 9, -1.0169767526483262e+05, -1.4512804140108626e+05
11, 10, -5.5393828543088253e+04, 7.3123978383786092e+05
11, 11, -6.1062589580176333e+04, -1.4888556780474415e+05
12, 0, -3.2779397877151001e+04, 0.0000000000000000e+00
12, 1, -5.3225599904046417e+05, 4.8740998150427724e+04
12, 2, -1.0409955222959176e+05, 1.8607247502901076e+05
12, 3, -6.0441712713199318e+05, 9.7678108591907279e+04
12, 4, -1.4415276459437524e+05, 1.0869822422218682e+05
12, 5, 1.4023234102001553e+05, 4.5103023239818320e+05
12, 6, -1.1696247703594263e+05, -5.8433831945182476e+05
12, 7, 3.7797868911901198e+04, -1.7535173706602177e+05
12, 8, -4.7077136079563183e+05, -3.2220743144524808e+04
12, 9, 1.2371176984139465e+05, 8.1125909201062954e+04
12, 10, 2.4420066975365044e+03, 4.5614367991318856e+05
12, 11, 3.2143879275310144e+05, -7.9039262302225176e+05
12, 12, -5.3098142113951180e+04, -3.6635646611116288e+04
13, 0, -1.3450187462716372e+05, 0.0000000000000000e+00
13, 1, -3.5791597105849028e+05, -1.5967373970661598e+05
13, 2, 2.2588205722651130e+05, 4.6757265397688455e+05
13, 3, -7.3030481793221610e+04, -6.4376302584238802e+04
13, 4, -5.2525995472606694e+04, 2.4792339396600495e+05
13, 5, 5.1709290392857962e+04, -2.2856829236757074e+05
13, 6, 2.6552990209807095e+05, -5.8581857643018593e+05
13, 7, -3.4850375145277742e+05, 1.6773988788320762e+05
13, 8, -8.5272016497440112e+04, -2.5761670189380478e+04
13, 9, 3.1232070052232873e+05, 2.4329832846228799e+05
13, 10, 2.3045604281114895e+04, -2.2310007397284103e+05
13, 11, 3.2392152643975435e+05, -4.3106101825566619e+05
13, 12, -4.9190584840209672e+05, -1.9615216053142922e+05
13, 13, 3.4429183198525140e+05, 4.1749703327645012e+05
14, 0, -6.2965587329657923e+04, 0.0000000000000000e+00
14, 1, 3.2079602885107754e+05, 6.0828706726387318e+04
14, 2, 1.6702448638074199e+05, -1.9076448877722165e+05
14, 3, 1.4271534059953172e+05, -8.3914686789552536e+04
14, 4, 2.0287150068783367e+05, -5.4677636041476543e+05
14, 5, -2.1400844885702984e+05, -4.7276866639423289e+05
14, 6, 1.3711262822575991e+04, -1.0975366392729167e+05
14, 7, -1.1803937192221027e+05, 1.3081484257373758e+05
14, 8, 4.8233073360496119e+05, 2.4842180906477233e+05
14, 9, -8.8273673690595024e+03, 4.1723638238048798e+05
14, 10, -6.2787223273362441e+04, -7.4131239921898197e+05
14, 11, -2.8084870650505158e+05, 1.8075219464092405e+05
14, 12, -1.3667082560971627e+05, -5.8742915983913816e+04
14, 13, 3.3879601468940789e+05, 9.2699554964525555e+05
14, 14, -3.1107121517894353e+04, -3.0993051796516438e+05
15, 0, 1.9072948905439157e+05, 0.0000000000000000e+00
15, 1, 7.5797248598040780e+04, 2.4327119601645833e+05
15, 2, -2.7876793947908847e+05, -3.4885214811955253e+05
15, 3, -2.4733333001777407e+05, -1.3208392214830068e+05
15, 4, -3.6205443456083850e+05, -5.3077634552018950e+05
15, 5, -4.2166431273487309e+05, -3.1955608477932459e+05
15, 6, -1.9537713011414016e+04, 3.2436352024678153e+05
15, 7, 4.9451846804994368e+05, 2.3190652934012940e+05
15, 8, 5.1467706791372842e+05, 3.2979497515068646e+05
15, 9, 1.1214339197549940e+05, -1.5781904761548818e+05
15, 10, -1.6317020210252126e+05, -9.8978066426450838e+04
15, 11, -3.9562285212669044e+05, 2.9654255211093940e+05
15, 12, 2.4579222410507954e+05, 3.6984166692778392e+05
15, 13, 3.6603750143161626e+04, 4.0835608265548619e+05
15, 14, 8.4786414883004007e+04, -6.1851998328483256e+05
15, 15, -3.3536575422743667e+05, 1.2297725798662505e+04
16, 0, 1.7656403656722233e+05, 0.0000000000000000e+00
16, 1, -1.0989529330712804e+05, -2.8284426227533584e+05
16, 2, -4.7222646748940909e+05, -1.8752032250375982e+05
16, 3, -2.2725912923784807e+05, 2.5546034269875751e+05
16, 4, -5.5646057358175074e+05, -5.9678570926276705e+04
16, 5, -2.1343368665306250e+05, 3.2237601647175488e+05
16, 6, 8.8471222447597960e+04, 1.1649313064129956e+05
16, 7, 2.8216400451958628e+05, 1.1532740889208442e+05
16, 8, 1.6827867894410319e+05, 3.0051704489560431e+05
16, 9, -2.9609701152419846e+05, -5.2624768378302781e+05
16, 10, -3.6083367714681214e+05, 1.3741459083393528e+05
16, 11, 2.5382478687103161e+04, -5.6516236425794195e+03
16, 12, 3.9479951505897543e+05, 3.2443145014069526e+05
16, 13, -6.3033378321326229e+04, -3.6126573957259412e+05
16, 14, 6.7732972883087059e+03, -4.8512406286574277e+05
16, 15, -6.2725992421347834e+05, 1.6151819550319560e+05
16, 16, 1.0104814763430346e+05, 5.5912056295069196e+03
17, 0, -9.3228428380981073e+04, 0.0000000000000000e+00
17, 1, -3.1603892872111389e+05, -3.7219669414468051e+05
17, 2, -1.7665458823359097e+05, -6.4307712782102390e+04
17, 3, -1.9366747803509980e+05, 4.7128040067409471e+04
17, 4, 2.4821200627899641e+05, 1.6955969128289842e+04
17, 5, 3.7946163925173943e+05, 8.7809870021581824e+04
17, 6, 3.2161766194201243e+05, -1.0198155820221236e+05
17, 7, 1.6483772359671872e+05, -2.3658499641863487e+05
17, 8, -1.9121038815590192e+05, -1.0633136071617254e+05
17, 9, -3.2033697887487331e+04, -3.2431108409868367e+05
17, 10, -2.6839978470745112e+05, 1.1862738059487489e+05
17, 11, 9.5888362880288332e+04, -2.1261981604937449e+05
17, 12, 2.5097430571032624e+05, -4.9272720221173935e+04
17, 13, -3.8162806616850634e+05, -5.4941507082064776e+05
17, 14, -1.4026077441418785e+05, -2.4706655027075030e+05
17, 15, -1.7183981727463438e+05, 2.7824373266915593e+05
17, 16, 6.8048807153588952e+05, 3.3002807430895470e+05
17, 17, 1.2934369736070999e+05, 1.8262971463297948e+05
18, 0, -1.8139025638489140e+05, 0.0000000000000000e+00
18, 1, -1.0457324913613626e+05, -4.5265348536379845e+05
18, 2, 6.3313723217453808e+03, 1.3376472527113638e+04
18, 3, -2.5254170999361074e+05, -2.3081636973669051e+05
18, 4, 6.5119678012841172e+05, 1.2945201534974236e+05
18, 5, 1.3844112620175089e+05, -4.4019094598640141e+05
18, 6, 1.6551579465332476e+05, -4.5736301222166169e+05
18, 7, -9.2585137591576626e+04, -1.0322852940420197e+05
18, 8, 9.3135462770820130e+04, -2.2151974262223806e+05
18, 9, 7.2203375843643953e+03, 4.0599961095354689e+05
18, 10, 4.6499985426041583e+05, -1.4670759484525557e+05
18, 11, 2.3434964071496844e+05, -1.2421561253714346e+05
18, 12, 7.9418893755433906e+04, -2.2596254297321802e+05
18, 13, -2.8274436632070458e+05, -1.3347347834687500e+05
18, 14, -2.8995177200670366e+05, 1.7772372636445475e+05
18, 15, 3.4751190068177372e+05, 5.0575489320768614e+05
18, 16, 3.6587445076611871e+05, 8.7836697603955181e+04
18, 17, 1.9483391387939078e+05, -6.2407337792188418e+05
18, 18, 2.3517840169224827e+05, 2.2490951445789373e+05
19, 0, -2.4946002549169240e+04, 0.0000000000000000e+00
19, 1, 5.6908280198261011e+04, 3.1300723564865207e+05
19, 2, -2.0532921949259013e+04, 2.1163200854189759e+04
19, 3, 2.9876305927231704e+04, -1.2674808410148683e+05
19, 4, 1.8098431051730370e+05, 1.9639029969744844e+05
19, 5, -1.5648027440110233e+05, -2.3263220187099994e+05
19, 6, -8.2048597747166757e+04, -1.9481868358704340e+05
19, 7, -2.8763678874528146e+05, 1.4069121711858743e+05
19, 8, 3.0029013796589442e+05, -1.9719258951074196e+04
19, 9, 1.6883625007168969e+05, 4.0124936726054037e+05
19, 10, 4.0795022376494983e+05, 2.9669859329799365e+04
19, 11, -2.0547843466737977e+04, -3.0019371466188563e+05
19, 12, 7.7701336450194984e+04, 4.9738440317432396e+04
19, 13, -1.9214384378962245e+05, 4.5551312583487357e+04
19, 14, 1.3346697276867897e+05, 3.5886903760660859e+05
19, 15, 6.1881682920071494e+05, 4.2686524694663967e+05
19, 16, 4.8864125569763797e+04, -1.3632392156974139e+05
19, 17, -1.5575123790426232e+05, -3.4531861117421009e+05
19, 18, -3.8926278729100205e+05, 4.3210666885582038e+05
19, 19, -2.2502262168395930e+05, -4.8543435755102622e+05
20, 0, 2.0547733901989527e+05, 0.0000000000000000e+00
20, 1, 3.8928788481777301e+03, 4.5026988660738582e+05
20, 2, 2.6347851357712243e+04, -1.8143228510522388e+05
20, 3, 1.6307441083964263e+05, 1.3604587522562494e+05
20, 4, -2.9747589784455136e+05, 8.5486745338495035e+04
20, 5, 1.4888658665309654e+05, -2.9521365064780894e+04
20, 6, 1.2769443991303597e+05, 2.1976071866963999e+05
20, 7, -9.1126323126863572e+03, 2.2216340668258199e+05
20, 8, 1.9136889171739918e+05, 2.2810856488013646e+05
20, 9, 1.8528495908203252e+05, 1.1931081490669736e+05
20, 10, -2.5906600518337221e+05, -3.8583895170312644e+04
20, 11, 4.0010154871617444e+04, -1.0494282309223955e+05
20, 12, -4.4107149614931201e+05, -1.3155067815471935e+05
20, 13, -2.1232435132945669e+05, 2.4191223812615665e+05
20, 14, 2.7604585585980763e+05, 2.7270664952486730e+05
20, 15, 5.8749778269913033e+04, -2.9690687022886233e+05
20, 16, 3.8377396712230147e+04, -7.9482119294878212e+04
20, 17, -4.3128962018289376e+05, -3.3104623490720231e+05
20, 18, 4.0813952939628420e+04, 4.8555085156745568e+05
20, 19, 3.8453713981005101e+04, -1.9108996970922704e+05
20, 20, -3.5683248807023373e+05, -1.9160148302592686e+04
