0, 0, 0.0000000000000000e+00, 0.0000000000000000e+00
1, 0, 5.6350784677630884e+05, 0.0000000000000000e+00
1, 1, 3.2845746659559496e+04, 2.5499854277638692e+05
2, 0, 0.0000000000000000e+00, 0.0000000000000000e+00
2, 1, -3.3051565079275850e+05, -1.7844576429180295e+05
2, 2, -2.2643973269945779e+06, 1.0928170672860919e+06
3, 0, -1.0205768269983090e+06, 0.0000000000000000e+00
3, 1, 5.8418739242992108e+05, 2.1679978866446763e+06
3, 2, -8.1112554226217652e+05, 1.6369056985119102e+05
3, 3, 2.1250655662381230e+06, 9.2226671642302000e+05
4, 0, 2.8736958520814177e+05, 0.0000000000000000e+00
4, 1, 5.9094158963954228e+05, 4.3088622849674808e+05
4, 2, -5.8784139545451035e+05, -7.7727691725168773e+05
4, 3, 1.0958279654813479e+06, -6.1940079895502204e+04
4, 4, 1.5770271834789627e+05, -1.1760684495981783e+06
5, 0, 1.8690241410285450e+05, 0.0000000000000000e+00
5, 1, -5.0744300764105981e+04, -1.0781799661115260e+05
5, 2, -3.0273937848405802e+05, -2.3456113512631864e+05
5, 3, 2.6561881362475338e+05, -3.6465475321313483e+05
5, 4, -6.0020269223649066e+05, 7.4583054104735551e+04
5, 5, -4.5230469706479274e+05, 4.4315395617150038e+05
6, 0, 1.6159427825836814e+04, 0.0000000000000000e+00
6, 1, 3.8549650200400752e+05, -1.4141261195215772e+05
6, 2, 3.6604654972031497e+05, 1.3791660046493859e+05
6, 3, 3.5285727434060897e+05, 1.4776831718955748e+05
6, 4, 7.4226252130411274e+04, 2.7503736834731884e+05
6, 5, 3.7457112200084084e+04, 2.9902855969411862e+05
6, 6, 2.1779765595242433e+05, 6.7710697071718387e+04
7, 0, -5.3130141226922919e+04, 0.0000000000000000e+00
7, 1, 3.3695881247240619e+05, -2.7982412819100660e+05
7, 2, 2.8839591758235451e+05, 7.0777634661304852e+04
7, 3, 8.1394769432033136e+04, -2.4208946278028612e+04
7, 4, 5.5390524801426847e+05, 1.1537162993639219e+05
7, 5, -5.0638376368516780e+04, -3.2003927380368597e+05
7, 6, -2.3726392174555524e+05, -3.8603812298595486e+05
7, 7, 8.1568301122415869e+02, -2.0454278124621493e+05
8, 0, 1.4602413673735276e+05, 0.0000000000000000e+00
8, 1, -5.1492726409187890e+02, 3.5988344978655688e+04
8, 2, 4.2240323191646626e+05, 1.0555188965783601e+05
8, 3, -3.2919158977587655e+05, -3.5927184650599031e+05
8, 4, 3.2669956256797229e+05, -1.1683302228767383e+05
8, 5, -7.2244645977073885e+05, -5.1760438910738117e+05
8, 6, -7.0384119151211082e+04, -3.2884257019898691e+05
8, 7, -1.6063524600571027e+05, 2.8257134246413573e+05
8, 8, 3.6823616953046861e+04, -6.9136430265252988e+04
9, 0, -6.9636973270297778e+04, 0.0000000000000000e+00
9, 1, -1.8264825542729202e+04, 1.3190281204225641e+05
9, 2, 3.9902721231994184e+05, 3.4887177254610826e+04
9, 3, -2.2010051956155675e+05, -1.7063703372341872e+05
9, 4, 1.1874801420297072e+05, 4.2289993345405388e+05
9, 5, -5.0273618260958133e+05, -4.7099854459162941e+05
9, 6, 1.5251541710097942e+05, -3.4241871317319805e+04
9, 7, -2.1091976778511878e+05, 4.4916488900061185e+05
9, 8, 4.6251989943024039e+05, -1.1907370189874881e+05
9, 9, -2.4274465982329551e+05, -8.0424282496074113e+04
10, 0, 1.3853476698186382e+05, 0.0000000000000000e+00
10, 1, 1.8425019723185993e+05, 8.5592301998867595e+04
10, 2, 8.2458305731147979e+04, -3.4090925062951352e+05
10, 3, -2.6408795780871803e+05, 8.8787611565877509e+04
10, 4, -3.7786916138731950e+05, 1.1051745456040885e+05
10, 5, 1.9714741217929532e+05, -3.1168682976111880e+05
10, 6, 1.5779657649052137e+05, 4.5140846606182575e+05
10, 7, 1.3312664074295276e+05, -1.0652825699203763e+05
10, 8, 1.6584517707015495e+05, 2.3833250225969934e+05
10, 9, -3.6836199031858146e+05, -3.2032856726204930e+05
10, 10, -1.0223810153128860e+05, 1.7247618015816330e+05
11, 0, -9.8371931587696003e+04, 0.0000000000000000e+00
11, 1, -1.5241043604358795e+05, -4.8362636835457015e+04
11, 2, -8.0204333153338492e+04, -4.2419427657627506e+05
11, 3, -4.4582868626603408e+05, 3.3468889459759777e+05
11, 4, -5.8668864015662391e+05, -2.7537576293227205e+05
11, 5, 4.0100175564876397e+05, 3.4464968782935827e+05
11, 6, -1.7453030421717378e+05, -6.7770016238046985e+04
11, 7, 2.6919920907146751e+05, -2.4498268185837296e+05
11, 8, -4.6232706759411911e+05, 1.9561376106578205e+05
11, 9, -1.1096630994444658e+05, -1.3894307761520060e+05
11, 10, 2.3429682037537277e+03, 6.8353285622284561e+05
11, 11, -4.3665189884235078e+04, -1.3052329853540297e+05
12, 0, 1.4583922234954938e+04, 0.0000000000000000e+00
12, 1, -4.7487961378527526e+05, 2.2955689044745512e+04
12, 2, -7.6543539394063002e+04, 1.8449203271832870e+05
12, 3, -5.6086166406333866e+05, 1.0148978442314455e+05
12, 4, -1.0152584243222399e+05, 8.2819559727910717e+04
12, 5, 1.8139185911300647e+05, 4.0865000134164124e+05
12, 6, -1.2503387771522343e+05, -5.7357368673824461e+05
12, 7, 7.6862400101132152e+04, -1.2208698335740704e+05
12, 8, -5.0075439870884112e+05, -7.1307271678927282e+04
12, 9, 1.6972811284965955e+05, 1.1295813294808337e+05
12, 10, 6.6384508281259652e+04, 4.6184957285068592e+05
12, 11, 3.1135552940984792e+05, -7.0272094857712917e+05
12, 12, -3.3314815806608058e+04, -3.4233650699052116e+04
13, 0, -1.5501797532595549e+05, 0.0000000000000000e+00
13, 1, -2.9950123077787220e+05, -5.9936542453485556e+04
13, 2, 1.6330967364603700e+05, 4.0809406946082163e+05
13, 3, -1.0100169616004234e+04, -1.0260248227733275e+04
13, 4, -4.8078665014464932e+03, 2.5278477535449629e+05
13, 5, 3.1567222849193084e+04, -1.9760465285831309e+05
13, 6, 1.6407256299255867e+05, -4.9025256446508656e+05
13, 7, -3.2484073210456641e+05, 1.6041397228238601e+05
13, 8, -8.6237508225705693e+04, -1.6244593551730475e+04
13, 9, 3.5513139983746142e+05, 2.6783300250984303e+05
13, 10, -1.0585228361699687e+04, -2.3163540544277034e+05
13, 11, 3.0900459355682682e+05, -3.8181315491385816e+05
13, 12, -5.1512716764842102e+05, -1.8229327765564781e+05
13, 13, 2.6964396900697704e+05, 3.8155815002624353e+05
14, 0, 1.6165875144843623e+04, 0.0000000000000000e+00
14, 1, 3.1637497428108653e+05, 8.9124890354176125e+04
14, 2, 1.7482248313264927e+05, -2.0118210012674890e+05
14, 3, 1.5658661050003744e+05, -1.0281043293936594e+05
14, 4, 1.5665984297728830e+05, -4.8279915110639465e+05
14, 5, -2.0249315300924584e+05, -4.4079394108986319e+05
14, 6, -3.6260873716849310e+03, -7.7799217179139436e+04
14, 7, -1.4598340582177951e+05, 1.1751685126622640e+05
14, 8, 4.2074223086026229e+05, 2.0848479779510768e+05
14, 9, 3.1478612061151303e+04, 4.4163066506348574e+05
14, 10, -3.1757272406261254e+04, -7.0390076642425486e+05
14, 11, -3.2384535860534909e+05, 1.3219151523471950e+05
14, 12, -1.5692465926782368e+05, -8.7000211320574919e+04
14, 13, 3.2671327716569084e+05, 8.9479437939870986e+05
14, 14, -9.7131152235744557e+03, -3.0856874795716343e+05
15, 0, 2.0377445063302867e+05, 0.0000000000000000e+00
15, 1, 8.8472488649895822e+04, 1.8773425769634108e+05
15, 2, -2.2583973506760737e+05, -3.4916609693968348e+05
15, 3, -2.4854190475824097e+05, -1.3279698495772612e+05
15, 4, -3.4415439610107651e+05, -4.6225811140767339e+05
15, 5, -4.2022297083307343e+05, -2.7244866651570995e+05
15, 6, -2.3127725713595653e+04, 3.0600232799801591e+05
15, 7, 4.5885011377235671e+05, 2.0116362935114457e+05
15, 8, 5.1600671066616656e+05, 2.7813308943107777e+05
15, 9, 4.4450110776550137e+03, -1.6175647792402349e+05
15, 10, -1.2322214702995252e+05, -8.6423178097860015e+04
15, 11, -3.7366437400175678e+05, 2.7853580931689101e+05
15, 12, 3.2923665630809043e+05, 3.5629979715496564e+05
15, 13, 5.5521373959839671e+04, 3.6841554011425748e+05
15, 14, 9.1191729005389076e+04, -6.1374453523742454e+05
15, 15, -2.5505678101514553e+05, 3.1565405576738151e+04
16, 0, 2.3206091601388919e+05, 0.0000000000000000e+00
16, 1, -1.1114223535050840e+05, -2.7558033427123952e+05
16, 2, -3.6426566981103283e+05, -1.2224943939803171e+05
16, 3, -2.4090637027370022e+05, 2.3284723800459143e+05
16, 4, -4.7431394366919837e+05, -4.4705488489618670e+04
16, 5, -1.9209066823532194e+05, 3.0477904076048383e+05
16, 6, 7.9706890483649157e+04, 1.1261064400716257e+05
16, 7, 2.3922758313550582e+05, 1.3076358015699039e+05
16, 8, 1.4347645805132925e+05, 2.4990642501926183e+05
16, 9, -2.4032145931386706e+05, -4.9235314819395443e+05
16, 10, -3.0996411857486545e+05, 1.4947610755911740e+05
16, 11, -3.6898282429542451e+02, -7.0487115856248594e+04
16, 12, 3.0601309015605354e+05, 3.2344184863724076e+05
16, 13, -4.8745970516499809e+04, -3.2797666379588633e+05
16, 14, -3.2866757661590658e+04, -4.7038835668509314e+05
16, 15, -5.3079363730198925e+05, 1.5886339974617818e+05
16, 16, 1.0096175894224147e+05, 2.9036439028459601e+04
17, 0, -6.3096443165137796e+04, 0.0000000000000000e+00
17, 1, -2.5908396907929672e+05, -3.5217733954732429e+05
17, 2, -1.4340502856678510e+05, -2.8761017498884758e+02
17, 3, -1.1561664679478544e+05, 7.0795672109919338e+04
17, 4, 2.4253220159380249e+05, 6.9801463518486453e+03
17, 5, 3.7061127343578101e+05, 1.2146005080847307e+05
17, 6, 3.2441740032363776e+05, -1.2824365618087913e+05
17, 7, 1.6927830846861971e+05, -1.8492015364479789e+05
17, 8, -1.9112677617711225e+05, -1.0577105765820931e+05
17, 9, -6.3366988748439049e+04, -2.5315678410598380e+05
17, 10, -2.7979507461471530e+05, 1.2735332183851897e+05
17, 11, 1.3494721944533879e+05, -1.0280035538625806e+05
17, 12, 1.8333434499235440e+05, -2.7332395782281943e+04
17, 13, -3.1157574679684365e+05, -4.8682972334825934e+05
17, 14, -1.5952467919882282e+05, -2.4487200978516875e+05
17, 15, -1.7925166376268389e+05, 2.4664741799120035e+05
17, 16, 6.2161768559345149e+05, 3.1244429759123450e+05
17, 17, 8.2914250960667792e+04, 1.6807674406306035e+05
18, 0, -1.7709844314266872e+05, 0.0000000000000000e+00
18, 1, -1.0207514262881187e+05, -3.8993118540527002e+05
18, 2, -2.3767730139998355e+04, 1.8405491151794035e+04
18, 3, -2.0980816836648594e+05, -2.4159037906804786e+05
18, 4, 5.7123428712083027e+05, 1.0283915466514217e+05
18, 5, 1.2669432558368931e+05, -3.9337263105762925e+05
18, 6, 1.4550231538894062e+05, -4.1808845054958190e+05
18, 7, -1.0007268463679773e+05, -9.8587933552733026e+04
18, 8, 6.5233918351780310e+04, -1.8512555905562048e+05
18, 9, 2.1770263281874177e+04, 2.7465535946600727e+05
18, 10, 4.1902203269258811e+05, -9.5186922185820382e+04
18, 11, 1.9537939727153062e+05, -1.4369767950761082e+05
18, 12, 6.1239560795881509e+04, -1.4603511405356164e+05
18, 13, -2.2735740942488686e+05, -1.3994787157863338e+05
18, 14, -2.4844660521708507e+05, 1.4385778840442313e+05
18, 15, 2.7704244610267377e+05, 4.6232494458524266e+05
18, 16, 3.0065002741258749e+05, 1.0411381408279692e+05
18, 17, 1.2182707741341236e+05, -6.1618329503363813e+05
18, 18, 2.4528033831760217e+05, 2.0824939653898677e+05
19, 0, -1.0993811641255084e+04, 0.0000000000000000e+00
19, 1, 4.2672314262633059e+04, 3.0469618117351655e+05
19, 2, -2.5249085322875660e+04, 3.5601585093624373e+04
19, 3, 9.9885303975518036e+02, -1.2193005007141158e+05
19, 4, 1.3303970590588302e+05, 1.7288470490707905e+05
19, 5, -1.6082792692732177e+05, -2.4575217670131434e+05
19, 6, -1.1925002585729709e+05, -1.4433855463358545e+05
19, 7, -2.8648880049197748e+05, 1.2585415676234057e+05
19, 8, 2.7602713768514444e+05, -4.7188327085931756e+04
19, 9, 1.4687735802231511e+05, 3.1958719745710981e+05
19, 10, 3.8098058814108215e+05, -6.4433063559852599e+03
19, 11, 1.6476499329109647e+03, -2.6602481595486461e+05
19, 12, 9.1150458872678282e+03, 1.9944803411821147e+04
19, 13, -1.5641505683670891e+05, 1.2750069455509249e+04
19, 14, 1.1261073205317288e+05, 3.3138425044111337e+05
19, 15, 5.5361011662159406e+05, 3.6354721714032831e+05
19, 16, 2.3814751513990872e+04, -1.0917436207279026e+05
19, 17, -1.1397818988112922e+05, -3.0191328953836969e+05
19, 18, -4.0479987609606457e+05, 3.9072653655700944e+05
19, 19, -2.1939423485113864e+05, -4.8584722117221134e+05
20, 0, 1.9532260731941636e+05, 0.0000000000000000e+00
20, 1, 5.7146220244372889e+04, 3.9708683740340814e+05
20, 2, 3.4486003048118662e+04, -1.6472444021827073e+05
20, 3, 2.1114557202194788e+05, 1.3307784839428967e+05
20, 4, -2.6078603096374084e+05, 1.0596070451071767e+05
20, 5, 1.2720476685885161e+05, -1.0939642284399437e+04
20, 6, 1.2616386403814580e+05, 2.2654271817646161e+05
20, 7, 1.5984087254230384e+04, 1.2643186404584287e+05
20, 8, 1.9176933206160250e+05, 2.1249844620259287e+05
20, 9, 1.1280022314226259e+05, 1.1588023320886784e+05
20, 10, -2.5934411165564868e+05, -2.8242134027968990e+04
20, 11, -2.7924970903867317e+04, -4.8049385656304636e+04
20, 12, -3.6858036756840814e+05, -1.1910460504933655e+05
20, 13, -1.0938292567340867e+05, 2.2738484984232520e+05
20, 14, 2.2612746356525918e+05, 2.1046389471495026e+05
20, 15, 5.3834069992407720e+04, -2.3872520342101544e+05
20, 16, 3.3813754012186837e+04, -1.2347315094067060e+05
20, 17, -3.6767052311833389e+05, -2.8378162419352075e+05
20, 18, 3.1632863580309571e+04, 4.6705516727601527e+05
20, 19, 7.2361091538248365e+04, -1.0412186617079479e+05
20, 20, -3.2586591241542855e+05, 1.0708743567673730e+04
21, 0, 5.1893771488099963e+04, 0.0000000000000000e+00
21, 1, -1.2271233103220092e+05, -2.6687004672855482e+05
21, 2, -9.4907355071317579e+03, -4.0164439212715422e+05
21, 3, -9.1837340125110932e+04, 1.5168252524853166e+05
21, 4, -2.7619780676124431e+05, -1.1519682277794354e+05
21, 5, 2.6015664599040413e+05, 9.3678532071957248e+04
21, 6, 4.2589464106844709e+04, 1.4422333860468917e+05
21, 7, 1.6415504253091020e+05, -2.3808959242346461e+05
21, 8, 5.0725160363822448e+04, 1.9970463643074373e+05
21, 9, -1.9394949903765187e+05, -3.5012818106708517e+04
21, 10, -2.2297143483827071e+05, 1.4383944414083619e+05
21, 11, -2.6612725307747134e+05, -2.0667067112105057e+05
21, 12, 1.5622443116256030e+05, 8.9533757281108934e+04
21, 13, -1.6155574301914425e+04, 3.3758229733070832e+04
21, 14, 8.9336982930245751e+04, -3.0238919735749013e+05
21, 15, -2.3331732918854948e+05, -3.5987333604914381e+05
21, 16, -2.1489705453891979e+05, -8.4152333984187979e+04
21, 17, -2.2332893473521582e+05, -2.2064607592940854e+05
21, 18, 1.8131207604180049e+05, 3.4980056589600991e+05
21, 19, 6.2923796833144865e+04, -5.7161927427512733e+05
21, 20, -1.6288570820543554e+05, -2.7298364762687765e+05
21, 21, 5.1171966020498215e+05, 3.5400469424760266e+05
22, 0, -1.9168385477549897e+05, 0.0000000000000000e+00
22, 1, -3.2445000099417829e+05, -1.4880449590765184e+05
22, 2, 2.5624414435052677e+04, 7.5719409973859700e+04
22, 3, -3.0217715084397700e+05, -2.0439159049023285e+04
22, 4, 1.8818272123978534e+05, -2.4688949571818556e+05
22, 5, 4.4643190255652808e+04, 4.2625710620109479e+04
22, 6, -1.5554728536007303e+05, -3.3010570974138280e+05
22, 7, 1.8701755858512022e+05, -3.7216137883514159e+04
22, 8, -2.4682034425691620e+05, -1.3791265017237890e+05
22, 9, -3.8503371713787135e+04, -9.9371705171337220e+04
22, 10, -2.0148004687663514e+05, 1.5805382669031093e+05
22, 11, -1.4927118583255401e+05, -1.8249483286629370e+05
22, 12, 2.6910880257313116e+05, 1.0260784553617123e+03
22, 13, -1.2368165546187579e+05, -1.1976621160259555e+05
22, 14, -7.4046899659931121e+04, -3.6063099527379667e+05
22, 15, -3.0606564791862958e+05, 1.7339712929642433e+05
22, 16, -1.6164184463090057e+05, -1.2736174979856773e+04
22, 17, 3.1165227150094922e+05, 2.0820733430463163e+05
22, 18, -9.5901288712305366e+04, -5.3279542898320506e+02
22, 19, 3.4197281118981354e+05, -2.7829652270065167e+05
22, 20, -3.6965013198310434e+05, 7.5038834955328843e+04
22, 21, 2.2974173618837746e+05, 4.8283139086511562e+05
22, 22, -4.9817580223647172e+04, -2.3070739112822071e+05
23, 0, 6.8224319299341791e+04, 0.0000000000000000e+00
23, 1, 1.8043165543976461e+05, 3.2674490161999223e+04
23, 2, 1.3808752997478010e+05, 3.4253941648354003e+05
23, 3, 1.1596149676124606e+05, -1.3296214574078034e+05
23, 4, 2.9936498509612761e+05, 4.4125056748786075e+04
23, 5, -2.7292483906664251e+05, 1.5519497297052809e+05
23, 6, 2.9284646137673780e+05, -4.1310401539799554e+05
23, 7, -1.9332154338966118e+05, 2.9509772341352870e+05
23, 8, -1.2004487631055112e+05, -2.4525086219777097e+05
23, 9, 2.9541392375720046e+04, 1.1992127510182714e+05
23, 10, -9.2490548661845896e+04, -2.4116993599317042e+05
23, 11, 2.1395546608668228e+05, -1.9234039006407041e+05
23, 12, 4.1293078301869515e+04, -9.2503727400051212e+04
23, 13, -1.9532377790098346e+05, -1.7343330482710197e+04
23, 14, -3.7611932558026587e+04, -3.3241076434566989e+05
23, 15, -2.2421340227373259e+05, 5.9926533790192439e+05
23, 16, 3.4448419523972017e+05, 6.6306116862312163e+04
23, 17, 2.5598539159573740e+05, 6.1008641588397359e+05
23, 18, -1.1251107722559336e+05, -4.4422024299234967e+05
23, 19, 3.9120502295694553e+05, 5.4617361283897306e+04
23, 20, -4.3348015157446981e+05, 6.0345718510044106e+04
23, 21, 3.6134802701087930e+05, 5.2427739128982485e+05
23, 22, 1.6952032509667781e+05, -8.7429851369880314e+04
23, 23, -4.6433257215826912e+05, 1.4309480046139727e+05
24, 0, 1.6564059303370546e+05, 0.0000000000000000e+00
24, 1, 1.8603293910586901e+05, 2.0173179490588914e+05
24, 2, -8.4078791450967437e+03, -1.6675709412237196e+05
24, 3, 3.2229217495572579e+05, -1.8836735128423909e+05
24, 4, -1.2357467317079208e+03, 1.2985995012424271e+05
24, 5, -2.3238728234940793e+05, -1.3940945669084400e+05
24, 6, 3.0580906574676762e+05, -1.9189245647930002e+04
24, 7, -3.5553163001708954e+05, 4.2381637439642171e+05
24, 8, 1.3993339658028077e+05, 4.7479566105551799e+04
24, 9, 8.8490134532229655e+04, 2.7398635407211061e+05
24, 10, -1.1616965549700969e+05, -1.9747136371282357e+05
24, 11, 4.1591199835386469e+03, 2.7811593700277858e+05
24, 12, -2.7760204654185713e+05, -2.6313188597098074e+05
24, 13, 1.3286754921240360e+05, -2.0429981828347118e+04
24, 14, 5.8930646953766391e+03, 3.3690473915566283e+05
24, 15, 2.0600795260785654e+05, -5.0783115951000844e+04
24, 16, 4.9374660891229502e+05, 2.9127505333311373e+05
24, 17, -1.0909123260359057e+05, -1.6472175973353151e+03
24, 18, 3.2029596732856520e+05, -5.2483793673375226e+05
24, 19, -3.1021121266260039e+05, 3.2438877200978261e+05
24, 20, -1.1138664714593434e+05, -9.3775685713536004e+04
24, 21, -7.7332732070556085e+02, 3.4535783656399662e+05
24, 22, -1.0430140222140231e+05, -5.8473542122757365e+05
24, 23, -4.7544220108510740e+05, -3.5509131991328199e+04
24, 24, 2.3724805713551672e+05, 9.2664427423517627e+04
25, 0, -1.1476218832931737e+05, 0.0000000000000000e+00
25, 1, -1.0317671318413441e+05, -2.8938097988562771e+04
25, 2, -1.7783079193923456e+05, -3.4135818462753412e+05
25, 3, 6.1464833817448904e+04, -1.3742516282488077e+05
25, 4, -5.7159504823327449e+05, 1.6118135234441672e+05
25, 5, 2.2994225923659542e+05, -2.6133978667279799e+05
25, 6, -1.5501666524452597e+05, 2.6982536727894680e+05
25, 7, 4.9346230129866410e+04, 2.7357830220969953e+05
25, 8, 1.7107267489873420e+05, 1.5540481035702053e+05
25, 9, 6.4205813468944005e+04, 1.8428064559280296e+05
25, 10, 1.3058724519708156e+05, -1.9450301404097097e+05
25, 11, -4.1313657746905973e+05, 3.6065232444327319e+05
25, 12, -2.7961792558850034e+05, -2.3795317278349627e+05
25, 13, 9.9883103018558868e+03, 2.4259955554925266e+05
25, 14, -7.0169648924929352e+04, 2.2130875880740696e+05
25, 15, 3.9357754284473998e+05, -8.5053620257502436e+04
25, 16, -9.7021236882255296e+04, 2.5336237833333854e+05
25, 17, -2.7568001774446690e+05, -6.8684925911695429e+05
25, 18, 1.4974640830997529e+05, 6.9766967116798362e+04
25, 19, -5.6933170421885606e+05, -4.4441090034864341e+04
25, 20, 4.4227441542514053e+05, 9.0050792356355480e+04
25, 21, -6.0848691843724845e+05, 1.8745719075158035e+05
25, 22, 2.5834005277124327e+05, -4.2027462948748074e+05
25, 23, -4.4613040513534297e+05, 4.0195886980463279e+05
25, 24, 2.2567646477049156e+05, 8.6475285363348725e+04
25, 25, 1.3284072002995317e+05, -2.4709463014701346e+05
26, 0, -2.4126780474598301e+05, 0.0000000000000000e+00
26, 1, -1.2320669706130655e+05, -3.7678970633885911e+05
26, 2, -1.5983777126534478e+05, -1.4368270876616698e+04
26, 3, -6.2421894542077149e+04, 1.0514403456527388e+05
26, 4, -3.1986609575132234e+05, 1.3205243567319785e+05
26, 5, 1.9227275412671332e+05, 1.3588523045838167e+05
26, 6, -3.1321404790857027e+05, 5.5262283690542317e+03
26, 7, 9.2030626477658254e+04, -1.7608769426589995e+05
26, 8, 1.2067472880379515e+04, 9.9071043905661048e+04
26, 9, -3.5610513375256065e+04, -4.4865720149168931e+05
26, 10, 8.8280432775022637e+04, 5.4799891820216704e+04
26, 11, -4.3053272548798198e+05, -1.8881482822422305e+05
26, 12, 2.1684412877467147e+05, -9.8346196344054333e+04
26, 13, 2.3807694741620675e+04, 5.9622852510598404e+03
26, 14, 1.0505058690685457e+05, -4.9012884529342373e+04
26, 15, 9.0286331377336013e+04, -5.7350171073134021e+04
26, 16, -4.2661398799678741e+05, -1.0362513126964190e+05
26, 17, -2.6204617864401074e+05, -7.6867966629345246e+04
26, 18, -2.4452856832152430e+05, 3.9765294669171702e+05
26, 19, -3.9864158890949147e+02, -8.0484781021344475e+04
26, 20, 1.1685796473867176e+05, 3.2670502984607784e+05
26, 21, -2.4957754320429740e+05, -4.7942330439306947e+05
26, 22, 3.9990871398157539e+05, 2.5631331630822533e+03
26, 23, -2.2749541472127644e+05, 2.2216204585808830e+05
26, 24, 6.9613297215626598e+05, 4.2444717038251474e+04
26, 25, 2.5020150767474287e+05, -3.7406382398523111e+05
26, 26, -1.4586318692868549e+05, 3.9883256911168224e+05
27, 0, -2.5876601360057155e+05, 0.0000000000000000e+00
27, 1, 4.0869949014167592e+04, -2.1612939141165138e+04
27, 2, 1.0038418561481471e+04, 2.9735108886751946e+05
27, 3, 1.1726122773058723e+05, 2.7077216389459121e+05
27, 4, 3.3963024297221878e+05, 1.0496966914167663e+05
27, 5, 9.0536400638580933e+04, 2.9634183091966127e+05
27, 6, 3.0782244669133029e+05, -3.0438679900904506e+05
27, 7, -2.9780092817771572e+04, -1.2121916553251698e+05
27, 8, -3.4513711643380817e+05, 9.5866292953632481e+04
27, 9, 2.4710141871145599e+04, -4.1136569086979917e+05
27, 10, -2.3924938536385351e+05, 1.2105122639817870e+04
27, 11, -1.9080956446486097e+05, -1.8530185593098597e+05
27, 12, 8.5300079079054136e+04, -6.5405257183989379e+03
27, 13, -9.0105899886349187e+04, -9.6377948981948342e+04
27, 14, 2.3929253968336381e+05, -1.5124646665734035e+04
27, 15, -2.4415339140202203e+04, 9.8065204877378448e+04
27, 16, -6.7591385876894608e+04, -2.5705451845282500e+05
27, 17, 1.9163935911438512e+05, 4.0101904752770270e+05
27, 18, -1.2295914788500086e+04, 1.5949967065186103e+05
27, 19, 7.0654940335822781e+05, 1.6916053982424876e+05
27, 20, -2.8014932562666625e+05, -5.9544339660907994e+04
27, 21, 2.8906000185448962e+05, -2.7726246995517536e+05
27, 22, -2.0845859868856776e+05, 3.5431955081957532e+05
27, 23, 1.3935200030513757e+05, -2.6623751787945867e+05
27, 24, 1.7670675666555419e+05, 6.7000454855936900e+04
27, 25, -8.0550297984081626e+04, -5.5955053306570882e+05
27, 26, -2.4440712186385703e+05, 3.5460754403771961e+05
27, 27, 4.5265548133885465e+05, -2.1699144124438528e+04
28, 0, 3.1825282103341291e+04, 0.0000000000000000e+00
28, 1, 1.5987811157794599e+05, 9.5723596503319088e+04
28, 2, 3.2190954868742696e+05, 2.5778253268390388e+05
28, 3, 1.8023987670719385e+05, -3.1301958294898557e+05
28, 4, 3.5346783633567754e+05, 8.3914032700529875e+04
28, 5, -7.3798199767739396e+04, 3.8023795632378024e+04
28, 6, 4.6321440606901329e+05, -2.6406975929655763e+05
28, 7, -1.9738025411265655e+05, 2.6736271060514182e+05
28, 8, -2.6247108026163309e+05, -3.4449997391244891e+04
28, 9, 7.5548375626562905e+04, 4.4261299223557441e+05
28, 10, -9.2274385246924052e+04, -4.3716194834897891e+04
28, 11, 1.8349160074877841e+05, 2.8545034441267321e+05
28, 12, 6.7403996301591542e+04, -3.7489480909377024e+04
28, 13, -1.1918645587076258e+05, 7.0700903134994849e+04
28, 14, 1.3230428117277584e+05, 1.6443402064413085e+05
28, 15, -9.6313624929260302e+04, 1.5239347035101167e+05
28, 16, 1.7205966029626457e+05, 9.4349854685577913e+04
28, 17, 9.2133372030385610e+04, 4.1743982143012574e+05
28, 18, 2.8022766809363954e+05, -3.1087466208176344e+05
28, 19, 3.4956387394104869e+05, 7.5806734107232085e+04
28, 20, -2.6783612034710101e+05, -4.1708167207300686e+05
28, 21, 1.7251105871510843e+05, 1.3452299096775101e+05
28, 22, -3.5939926291236089e+05, 6.6389136861865481e+04
28, 23, 3.6249420470039686e+05, 1.4768801599225838e+05
28, 24, -2.5855566993137245e+05, 1.5967197379499776e+05
28, 25, -6.2024352404083606e+04, -9.5756718824614378e+04
28, 26, -4.0097994629400817e+05, 5.4031239532544534e+05
28, 27, 1.7800644861048284e+04, 6.6543029095400649e+04
28, 28, -1.4223267694935203e+05, -5.7566418642905378e+05
29, 0, 1.2134388949705727e+05, 0.0000000000000000e+00
29, 1, 3.4243924780665773e+04, 1.8857366481952241e+05
29, 2, 1.4788128214865911e+05, 1.2892748365270400e+04
29, 3, 1.0986726967411723e+05, -3.3948960531131714e+05
29, 4, -1.6435909899212961e+05, 1.0537690886632004e+05
29, 5, -1.2863445835585456e+05, -1.5841693754383485e+05
29, 6, -7.3195055326381145e+04, 6.3466559454225426e+04
29, 7, -2.7990495757636742e+05, 1.7688887236194414e+05
29, 8, -4.9938450665740216e+04, -1.5384754484221015e+04
29, 9, 1.1820922546591348e+05, 3.7811470812124107e+05
29, 10, 1.6629262941584934e+05, -7.7958370331861064e+04
29, 11, 3.6113904256583680e+05, 9.2434557502025375e+04
29, 12, -1.8365588758118468e+05, 1.0760696542436001e+05
29, 13, 2.1843130929963748e+05, 2.4918740705163138e+04
29, 14, 1.3451621173648018e+04, 1.4851557538357639e+05
29, 15, 8.0530199666043176e+04, 1.3219625786436521e+05
29, 16, 1.2126338540410450e+05, 4.3973226826038757e+04
29, 17, 4.5281144874730235e+03, -9.0183537069802493e+04
29, 18, -6.1601974929762291e+03, -8.3998520769798371e+04
29, 19, -2.0827091371787363e+05, -4.4426123431406071e+04
29, 20, -1.1948467568537632e+05, -6.9350922498179716e+04
29, 21, -1.7436402144964624e+05, 3.0482376321012061e+05
29, 22, 1.2971427955122245e+05, 1.0170109978236618e+04
29, 23, 4.8829217910336782e+04, 3.3115851267112308e+05
29, 24, -7.9930446096388958e+04, -3.1808751176520670e+05
29, 25, 6.3869365289110792e+04, 3.1558080213363934e+05
29, 26, -1.7866263414559009e+04, 2.5412695251712951e+05
29, 27, 4.7646015932973294e+05, 7.0576872942018657e+04
29, 28, -2.6356962405600345e+04, -2.7151179039509984e+05
29, 29, -1.5468288713837869e+05, 1.7567083328267501e+05
30, 0, -1.0487641270209664e+04, 0.0000000000000000e+00
30, 1, -1.6908943296370131e+05, 6.9311985868618249e+03
30, 2, -2.3625547569891813e+05, -3.0955608467139282e+04
30, 3, -5.4487233863529284e+04, -2.8238468948885962e+04
30, 4, -3.0187196621936612e+05, 2.6640785556830035e+05
30, 5, -1.1170447722473343e+05, 1.4834721801844082e+05
30, 6, -1.1633784515013803e+05, 4.0522655823326018e+05
30, 7, -6.2088538795203916e+04, 7.4146088840819866e+03
30, 8, 3.9940612933622091e+04, 1.4229290694924816e+05
30, 9, -1.1389127565629692e+05, 4.3314187239091014e+04
30, 10, 7.8783896887718118e+04, -2.8158426167237811e+05
30, 11, 1.5135975083959207e+05, -9.7786296638414307e+04
30, 12, -3.3391536213753396e+05, 1.3073621217771308e+05
30, 13, 1.0783525529797746e+05, 4.3934220077879545e+04
30, 14, -1.3378737811414123e+05, -4.2510895818128083e+04
30, 15, 1.2095086063048115e+05, -7.6849459565559919e+03
30, 16, 2.2947352822487228e+04, 3.6576840008790838e+04
30, 17, -1.3114225352646844e+05, -1.6994140601478401e+05
30, 18, -6.1100334122346729e+04, -3.3315262547224287e+04
30, 19, -2.1370071055342691e+05, 8.1996201711995047e+04
30, 20, 1.6359828391722307e+05, 1.5452931523245072e+05
30, 21, -6.8128265353814320e+04, 9.8542158047847421e+04
30, 22, 2.4619600892101967e+05, 5.4899458058065415e+04
30, 23, -1.6123120189946750e+05, 6.5941858625243287e+04
30, 24, 8.9972769020789943e+04, -2.2784797085080569e+05
30, 25, -2.3253484718264078e+05, 2.6504136068990803e+05
30, 26, 1.5237271323673538e+05, -3.5523249089170212e+05
30, 27, 3.2448501525068446e+05, -2.5318191244701849e+05
30, 28, -2.2272462436791972e+05, -3.9067247946167656e+05
30, 29, 1.7818495059490888e+04, 4.0878704919491953e+04
30, 30, 1.0667371709750440e+05, 2.4645490884116272e+04
31, 0, 1.5730878678034310e+05, 0.0000000000000000e+00
31, 1, -6.2435757925666934e+04, -1.0307151950871905e+05
31, 2, 9.5165384632649017e+04, 6.3992220671376468e+04
31, 3, -1.6423981724643127e+04, 6.1813537459382969e+04
31, 4, -5.4311430666820132e+04, 2.0634741409870985e+04
31, 5, 8.4515655742470990e+04, 2.0948258430581223e+05
31, 6, 3.9589945980645149e+04, 1.0860287320555022e+05
31, 7, 2.4696798752068274e+05, -1.6076189355188483e+05
31, 8, -2.1622789504840126e+04, 2.7717476171639420e+04
31, 9, -1.4482043850705435e+05, -5.3330689423860335e+04
31, 10, -8.6324643660943344e+04, -2.9177786522728222e+05
31, 11, -1.9556682548590185e+05, 2.1195147283407385e+05
31, 12, -1.3743618663284788e+05, -4.9215866183557082e+03
31, 13, 4.6373908037463276e+04, 1.6920782684612757e+05
31, 14, 2.8607620574760876e+03, -9.7045038620060557e+04
31, 15, 7.6467185032251058e+04, 4.2774490356740222e+04
31, 16, -1.4770395829615227e+05, -2.3836075408854249e+04
31, 17, -7.8969464977115684e+04, 3.5406564682589247e+04
31, 18, 3.4017467930332255e+04, 2.3260998186447661e+05
31, 19, 8.3148505067205697e+04, 1.3472095153658977e+05
31, 20, 4.5334005793032004e+05, 1.8705512955554170e+05
31, 21, 2.4662679973372833e+04, 1.2102803837467949e+04
31, 22, 1.2479323409269926e+05, -2.0034415702374227e+05
31, 23, -9.7081527858193440e+04, -1.7410298462943127e+05
31, 24, 6.5378804068668571e+04, 1.3050924453003972e+05
31, 25, 1.9825151935190486e+04, -2.6704299468457633e+04
31, 26, 1.9722336137159113e+05, -5.7275313558986898e+04
31, 27, -1.0952484869518661e+05, -1.6750528470405287e+05
31, 28, -4.2570361252247490e+05, -1.0943740151012593e+05
31, 29, -9.1762220607514348e+04, 2.0292295003433671e+05
31, 30, 2.4043731937824494e+04, 2.6412378961045091e+05
31, 31, -1.5848820312106769e+05, 2.3116620641479953e+04
32, 0, 1.8402765326721210e+05, 0.0000000000000000e+00
32, 1, -5.1195470860399902e+04, -2.3513503232390454e+05
32, 2, 2.0532739058826710e+05, 2.1094661531545271e+05
32, 3, -2.0899040194235387e+05, -1.2146327971797000e+04
32, 4, 2.3790476813862703e+05, 8.0281534716515802e+04
32, 5, 1.1272961423305784e+05, -5.6175131380612744e+04
32, 6, -1.6338016435172916e+04, -2.4416349834432537e+05
32, 7, 2.0906272814259600e+05, -1.7336559901666222e+05
32, 8, -2.9005218877579155e+05, -3.2913270300569144e+04
32, 9, -3.8218729068609980e+04, -1.0446011939743019e+05
32, 10, -5.4429642213156010e+04, 9.4320508321909409e+04
32, 11, -4.3796093401003913e+04, 5.1802572041550098e+04
32, 12, 7.4109183123119656e+04, -5.3433827502374552e+03
32, 13, 4.0397761447751473e+04, 4.2895392317524049e+04
32, 14, 7.5832683382360228e+03, -2.3671305145474314e+05
32, 15, 2.4850491688570131e+04, 1.2273274380163944e+05
32, 16, -1.7309213865478238e+05, -5.3600752619393978e+04
32, 17, 1.5997143191150813e+04, -3.9482241542127107e+04
32, 18, 1.0876635306860399e+05, 2.4171136928305044e+04
32, 19, 2.5699741209262746e+05, -1.5676695416854805e+05
32, 20, 2.5084708950149847e+05, 7.1309889097123421e+04
32, 21, -1.2207680244911983e+05, -2.7993668823008041e+05
32, 22, -1.3079692224347621e+05, -7.2876244894355288e+04
32, 23, -2.1633335479523099e+04, 1.2061388764555633e+05
32, 24, -3.1611985102634560e+04, 1.9900282491438190e+05
32, 25, 1.5654618917750171e+05, -1.8274554370301828e+05
32, 26, 4.4151936208682229e+04, -7.7682546513777284e+04
32, 27, -6.3457969049755942e+04, -1.5276276559068516e+05
32, 28, -4.4630322393269926e+04, 3.5341607865643542e+05
32, 29, 1.1188687058477500e+05, 2.3454570679972888e+05
32, 30, 1.8435642922789580e+05, -6.7837538979987177e+04
32, 31, 1.2730029916051432e+05, 8.6459890347528810e+04
32, 32, 7.5486578677417085e+04, 6.3811701506131794e+04
33, 0, -1.0680331187185341e+05, 0.0000000000000000e+00
33, 1, -8.4506559783548597e+04, -1.4186766034728798e+05
33, 2, 7.6252822495588960e+04, 2.7467732990207529e+05
33, 3, -1.7826288959508922e+05, -1.2199686695351647e+05
33, 4, 8.3064514868143888e+04, 6.1548305035581820e+04
33, 5, -1.8432126726129171e+05, 4.4150875115228017e+04
33, 6, -1.8254124291920991e+05, -3.7054262542812142e+05
33, 7, -1.0564634337546816e+05, 3.6496539713141986e+05
33, 8, -1.7994427011853480e+05, -1.7752904533276553e+05
33, 9, 7.4719616716047152e+04, 1.2016064351702263e+05
33, 10, -1.4222431899846546e+04, 3.6752559039338303e+02
33, 11, 1.9725214070152136e+05, -1.9251199193445983e+05
33, 12, 2.3823487498562431e+05, -1.3593521468356375e+04
33, 13, 3.6530606295015154e+04, -3.0488549896829019e+04
33, 14, 6.6528541896132083e+04, -3.8235201347637136e+04
33, 15, -1.2820453847759998e+05, 1.2016416206832137e+05
33, 16, 1.9201810436092008e+04, -6.4883692708269242e+04
33, 17, 4.1500736384960241e+04, 1.2426154264955192e+04
33, 18, -1.8116173575394650e+05, 5.4513554397556385e+04
33, 19, 2.9243942035587732e+05, -2.3191712827474944e+05
33, 20, -1.8000945773677441e+05, -4.6290606869542193e+04
33, 21, -2.7963792665174093e+04, -3.1142069411313935e+05
33, 22, -8.9226887214630886e+04, 1.5219149446317879e+05
33, 23, -2.7131138017290556e+04, 1.5986417627861569e+05
33, 24, 1.1548802713307861e+05, 1.2869295676260084e+05
33, 25, -1.0262472718191333e+04, -3.8576550672422512e+04
33, 26, -4.9896571942922506e+04, -1.1828838719400308e+05
33, 27, -6.9810167073287914e+04, 5.0579256426681735e+04
33, 28, -6.4826199480328112e+04, 2.2599086783258530e+05
33, 29, 2.0122789986487021e+05, 5.6096949862342008e+03
33, 30, 2.0278550700237061e+05, -2.2154385269556296e+05
33, 31, -1.9342905500702027e+05, -2.3290328563109251e+04
33, 32, 6.7109591385707332e+04, -4.8675739933649061e+05
33, 33, 3.5103164901294869e+04, -6.4130206977401976e+04
34, 0, -2.1515330924046243e+05, 0.0000000000000000e+00
34, 1, 1.0570186132770563e+05, -7.2233943175197375e+04
34, 2, -1.1984705966582461e+05, 8.9136285337339694e+04
34, 3, 9.3346600559510029e+04, -2.4713052714839453e+05
34, 4, -4.8491393592415297e+04, 1.4769043146995135e+05
34, 5, -1.7533326394639522e+05, -9.2027792237671762e+04
34, 6, -1.3127120611871849e+04, 4.6282003070761930e+03
34, 7, -2.1043645118701379e+05, 3.0072339828235190e+05
34, 8, 2.7544097730050999e+04, -7.2446612209925443e+03
34, 9, 1.0513440402582590e+05, 1.3232234555568622e+05
34, 10, -1.2248271451506851e+04, -1.4366772379456108e+05
34, 11, 1.3073375795296434e+05, -3.1137830815874448e+05
34, 12, -1.0781419870315722e+05, -4.4617966413942937e+04
34, 13, -9.8517219580699806e+04, -1.1637731539316081e+05
34, 14, 3.2827593727804684e+04, 1.5725597185968451e+05
34, 15, -1.2211317025757884e+05, 1.1019265935908805e+05
34, 16, 3.1321596755905153e+05, -1.2525332887101275e+04
34, 17, -1.2100584364926851e+05, 9.5422825082403360e+04
34, 18, -3.6775588606189929e+04, -1.3350728805026980e+05
34, 19, 2.5218431742396595e+04, 2.7098723135346937e+05
34, 20, -1.9151663654250681e+05, -1.2355915907846931e+05
34, 21, 7.0736488957714377e+04, 1.3186519891911649e+05
34, 22, -1.2900690408123939e+05, 1.3433833697611716e+05
34, 23, 1.8420660148797862e+05, -5.3677477191009486e+04
34, 24, 1.1295148456842954e+05, 4.9914296357543608e+03
34, 25, -1.3470099601505790e+05, -9.8108694348234378e+04
34, 26, 1.2241658011197833e+05, -1.5295648329586475e+05
34, 27, -1.7079684629301951e+05, 1.6076204036549860e+05
34, 28, 9.0327775463111931e+04, 1.7354746544129775e+03
34, 29, 1.4612070705643721e+05, 1.3667792503798616e+05
34, 30, 3.2548991837311998e+04, -2.7711042780969944e+05
34, 31, -3.3999364723682083e+05, 1.0552370601224835e+05
34, 32, 1.2451116258629363e+05, 1.2587187803107944e+05
34, 33, -4.8719369197482977e+05, 1.3884031406661898e+04
34, 34, -1.1542921515399674e+04, 4.3324634938050687e+04
35, 0, 4.3553268454528530e+04, 0.0000000000000000e+00
35, 1, 9.7301339374699543e+04, 1.8187349285126055e+05
35, 2, -2.2606744932606234e+04, -9.9672314174188854e+04
35, 3, 6.9409284939773846e+04, -1.1572618135806378e+05
35, 4, -2.5213341350782826e+05, 1.1848131697156462e+05
35, 5, 5.6559768479247185e+04, -2.8465773615206074e+05
35, 6, 1.9523310134542035e+05, 2.3681667294175772e+05
35, 7, 4.3888961951954487e+04, -1.0615935221756059e+05
35, 8, 2.2624176014306600e+05, 1.2230331639499552e+05
35, 9, -3.9807301081445046e+04, -4.9190300648485761e+04
35, 10, -7.5308926325589913e+04, -1.0626012693453816e+05
35, 11, -3.7536595787878905e+04, 2.1955720116512661e+04
35, 12, -1.9427480031097692e+05, 4.7763465522751911e+04
35, 13, -4.9218994102954675e+04, 5.3308930509380734e+03
35, 14, -9.9521358727416489e+04, 9.5096861247619890e+04
35, 15, 1.0737354239480954e+05, -2.2359094469520845e+05
35, 16, 1.7115937567129065e+05, 1.3759858137231509e+05
35, 17, -2.0210982897284068e+05, -7.1880806660866743e+04
35, 18, 1.8398135261870731e+05, -6.8172516509285750e+04
35, 19, -1.0322282675821452e+05, 1.0351700895241548e+05
35, 20, 2.0938778553959087e+05, -1.7157352081187983e+05
35, 21, 7.7817446523221879e+04, 3.1385787448385824e+05
35, 22, 7.6847292681895327e+04, -1.5919862512888722e+05
35, 23, 8.7422395926621539e+02, 1.2414888341189678e+05
35, 24, -1.9371904300788610e+05, 5.1769770037199269e+03
35, 25, -6.0854876220781036e+04, -5.7717923881180614e+04
35, 26, 1.9107721195316699e+04, 8.2002270258827790e+04
35, 27, -9.7886501711782548e+04, -5.3212782455514782e+04
35, 28, 1.8312360338992093e+05, -1.5911575188998504e+03
35, 29, -1.4238492808837135e+05, -5.1303467753596531e+04
35, 30, 1.4656520273659265e+05, -1.3921925899276361e+05
35, 31, -9.8010370936810767e+04, 3.0304168505125810e+04
35, 32, 2.5861643622063714e+05, 2.9764631979334611e+05
35, 33, -8.3226260867159668e+04, -2.7232727252055256e+05
35, 34, 1.8590941681957853e+05, 3.9591419627880165e+05
35, 35, 1.4803227009697107e+05, 5.8209003579052893e+04
36, 0, 2.5503801600950494e+05, 0.0000000000000000e+00
36, 1, -1.1262549939045578e+05, -2.8846969713928804e+04
36, 2, 1.7147884070278014e+05, -1.7064283261066457e+05
36, 3, -1.3627424123141338e+05, 7.7158347714848045e+04
36, 4, -2.4465240066564421e+05, -3.3536697309455849e+04
36, 5, 1.2963916531898065e+05, 1.8047374361002385e+04
36, 6, -1.6636206384948912e+05, 1.6741536911109437e+04
36, 7, 7.5003583810362587e+04, -1.6841930283673812e+05
36, 8, 9.3474933123554889e+04, -4.3766099543425393e+04
36, 9, -1.3673519851312682e+05, -6.4932260693444987e+04
36, 10, 7.7810241289621845e+04, 8.8738145489485978e+04
36, 11, -9.6273019876586826e+04, 6.0388321867742205e+04
36, 12, -1.0420984531350684e+05, -1.8061262329114295e+04
36, 13, 2.4313132816087554e+05, 2.3910070821367888e+05
36, 14, -1.4931590914186125e+05, -8.2655491184224025e+04
36, 15, 3.8855220799779944e+05, -1.4056644766708289e+05
36, 16, -2.2438806867851995e+05, -1.2664166293579356e+04
36, 17, 1.0422323489889837e+04, -1.5991783059250540e+05
36, 18, -5.2786523614075850e+04, 2.1518125064201574e+05
36, 19, -1.1607372662728009e+05, -1.3349101536140830e+05
36, 20, 2.6883702452248515e+05, 1.4164784370907786e+05
36, 21, 1.2817853310793017e+05, -6.3578197214234235e+04
36, 22, 8.5575494948848922e+04, -1.4469056126525643e+05
36, 23, 6.8616291920702524e+03, 1.5180015428967599e+05
36, 24, -1.5877069449790785e+05, -8.9934647532103467e+04
36, 25, 5.4279433767432391e+04, 1.2971934077694049e+05
36, 26, -2.7036201538463189e+04, 4.6833939252466909e+04
36, 27, 7.1495078735805917e+04, -7.1317005142590788e+04
36, 28, -2.2452892468638376e+04, 2.7312108948762104e+05
36, 29, -1.8207224464132989e+05, -2.9905545284653618e+05
36, 30, -9.3453124190961884e+04, 2.5806719755985407e+05
36, 31, -1.4502295564403848e+05, -2.3135604384379162e+05
36, 32, 2.5325379032568308e+05, 5.6230861928117141e+04
36, 33, 7.8322083051374226e+04, -3.8429825972452934e+05
36, 34, -1.0260316148925287e+05, 2.0569454062773357e+05
36, 35, 2.3501144710525166e+05, -2.3783669908614815e+05
36, 36, -9.3545017525241245e+04, -3.0524938859625853e+05
37, 0, -1.0605503858546834e+05, 0.0000000000000000e+00
37, 1, -1.5593796312108668e+05, -2.8021285951166716e+05
37, 2, 1.2310989490563270e+05, -5.0730862328385185e+04
37, 3, -2.0758139126589021e+05, 7.1421830635663064e+04
37, 4, 1.1969935547285526e+05, 3.7427942900998969e+04
37, 5, 1.3059928257904635e+05, 1.6666555014116259e+05
37, 6, -2.2739536408035870e+05, -1.4037596684988827e+05
37, 7, 9.0300871320370119e+04, -2.3160450027657233e+04
37, 8, -3.1975682448026870e+05, -1.0355362279614042e+05
37, 9, -1.2071919383782912e+05, -6.7135864456992887e+04
37, 10, 1.1622585614874040e+04, 3.3339635678395658e+04
37, 11, 1.4124498287598966e+05, -8.1731728526292369e+04
37, 12, 8.1303397995301289e+04, -1.7889637783408377e+05
37, 13, 6.5491322980193188e+04, 1.1314749077058544e+05
37, 14, -2.1642568161954572e+04, -3.2894917839337548e+05
37, 15, 8.1412631146979998e+04, 4.0881524703358693e+04
37, 16, -2.1954025728921994e+05, -2.0364276824919263e+04
37, 17, 8.6297015074498413e+04, 1.6607181927413010e+05
37, 18, -1.9274868163289403e+05, 1.5298207879479078e+05
37, 19, 1.3195664360093477e+05, -1.1178651693527820e+05
37, 20, 9.7665023772815199e+04, 1.5141330296451971e+05
37, 21, -1.0934825045747539e+04, -1.4913278393114731e+05
37, 22, 8.4445653944667560e+04, 7.9519166464411101e+04
37, 23, -2.0475580677913653e+05, 4.3426426044787746e+04
37, 24, 2.7542356100651588e+04, 8.0754532748203710e+03
37, 25, 8.9506199465310609e+04, 8.5591160603918121e+04
37, 26, -3.1161234540778336e+04, -1.0449474858863247e+05
37, 27, 2.1154287692720001e+05, -8.5527679488025577e+04
37, 28, -2.6099132216230629e+05, -1.2756155575316126e+04
37, 29, 1.1506143094565233e+05, -1.3652805723527080e+05
37, 30, -1.6115432449776074e+05, 3.8669203333098069e+05
37, 31, 2.1891611112686840e+05, -1.5999747770428733e+05
37, 32, -2.2221449373357427e+04, 1.5284849737127626e+05
37, 33, -3.1974551953694684e+05, -2.6489437577339553e+05
37, 34, -1.5727857615790851e+05, 4.1030409005074223e+04
37, 35, 3.1054363003486232e+05, 1.4664249907896030e+05
37, 36, -4.1902681690405170e+05, -2.6137639582739060e+05
37, 37, -1.2225022597241985e+05, 1.0276160974503739e+05
38, 0, -2.1070632334880673e+05, 0.0000000000000000e+00
38, 1, 1.5929259257489051e+04, -5.2905730376693427e+04
38, 2, 2.1608104130118161e+04, 1.4282913869805547e+05
38, 3, -1.8170180627785239e+05, -1.5642835785875293e+04
38, 4, 2.4998726894704063e+05, 1.1665450372909984e+05
38, 5, -1.2407862563973217e+05, -6.8082059192136134e+04
38, 6, 1.0191387175474054e+05, -2.1766364943227210e+05
38, 7, -9.6666736156191313e+04, 2.1960332133446535e+05
38, 8, -1.5514890809794786e+05, 7.6477024791419972e+04
38, 9, -8.5470771113553492e+03, 1.9659089613096078e+05
38, 10, -4.4489127919882281e+04, -1.1130389749153304e+04
38, 11, 9.0293517809647325e+04, -1.3725238188316466e+05
38, 12, -6.6629292707671366e+03, -1.4034912059549615e+05
38, 13, 3.8113229093050613e+03, -1.5432570240181949e+05
38, 14, 9.5867931462855195e+04, -8.8554646451168694e+04
38, 15, -1.0586895278070804e+05, -1.4052738180895438e+05
38, 16, -8.6957036104819970e+04, 2.1424759814492063e+02
38, 17, 1.0327153104771866e+05, 1.1685825003659868e+05
38, 18, -3.0698186649816947e+04, -1.0663938948078957e+05
38, 19, 1.9101310324356740e+05, -4.3324781571059022e+04
38, 20, 7.6364799757559493e+04, -6.5603238148822536e+04
38, 21, -1.9961964711103923e+04, -1.2605898662800364e+05
38, 22, -1.6390466904353091e+05, 1.9633540987737477e+04
38, 23, -4.5182882602861224e+04, -1.5299220457375381e+05
38, 24, 1.0206075510673273e+05, 6.1758328832668274e+04
38, 25, -3.6196627885126079e+04, -7.3500151362479723e+04
38, 26, 7.9044329480188899e+03, -1.6920456073264359e+05
38, 27, -2.5869554972889000e+04, 1.9653175893579840e+05
38, 28, -1.2754510158982234e+05, -1.9200145717421026e+05
38, 29, 1.8851822924869368e+05, 2.8465487135303963e+05
38, 30, -2.0170515628882218e+05, -1.6805160304424289e+05
38, 31, 4.2380605764431739e+05, 9.8999227583258835e+04
38, 32, -1.8180159669267372e+05, -4.3644552464055632e+03
38, 33, 1.1802485634050716e+05, 4.7147112985313834e+04
38, 34, -2.6665731135854570e+04, 2.3315631753671268e+05
38, 35, 2.2507156902489494e+05, 1.1270493239435731e+05
38, 36, -1.1243331581411250e+05, -2.5779371532179619e+05
38, 37, 5.2510177010781255e+04, 4.5852259162632609e+05
38, 38, 2.1396661258812418e+05, 6.8755175854712623e+04
39, 0, 5.5412993122630287e+04, 0.0000000000000000e+00
39, 1, 1.9516275473096463e+05, 1.8993851109829865e+05
39, 2, -7.7048132352785103e+02, 1.1697570607245626e+05
39, 3, 2.1435185939267009e+04, -2.5665503144075035e+04
39, 4, -2.5632631059988926e+03, 7.3249063431680173e+04
39, 5, -1.4181573133599060e+05, -3.2404692933116888e+05
39, 6, 1.0941001757262653e+05, -3.1825610726462000e+04
39, 7, -1.3060438085691285e+05, 2.3430929674643696e+04
39, 8, 1.7817643220643423e+05, 3.6227683664217213e+04
39, 9, 1.1349523401779945e+05, 1.5552163836694010e+04
39, 10, 1.2616741984658755e+05, 2.7966812454084626e+04
39, 11, 9.0383689937565665e+04, -9.2400374572571003e+04
39, 12, -1.0243011422078586e+05, -5.7422616338955340e+04
39, 13, -4.7730726033237494e+04, -1.2950503556822435e+05
39, 14, -1.5359037340247873e+04, 9.7815335862366061e+04
39, 15, -8.5675633931716453e+04, 3.3886359698893648e+02
39, 16, 1.2879768807470544e+05, -2.4625368595440643e+04
39, 17, 5.5259564385279351e+04, 8.5178779165933302e+03
39, 18, 1.0165417340122524e+05, -2.5869113908391335e+05
39, 19, -1.2360261798856140e+05, 6.6486472347532748e+04
39, 20, 3.2597347763566111e+04, -1.5965386017699022e+05
39, 21, -8.2244281916699663e+04, 1.2420233867327782e+05
39, 22, -1.1123425912818822e+05, -4.4544357681277543e+03
39, 23, 1.0774395209677001e+05, 1.6330602078411081e+04
39, 24, 4.6201836320460643e+04, 1.7899356552233829e+04
39, 25, -2.2988057623922439e+04, -1.5377244398945582e+05
39, 26, 1.5105654805737722e+03, -1.1104229369569312e+04
39, 27, -1.5625347685430382e+05, 1.9481018562172030e+05
39, 28, 3.0411328065176960e+05, 5.8952411991143599e+03
39, 29, -1.1254247630118867e+05, 3.3627333910332684e+05
39, 30, 2.2765744742332902e+05, -3.3973762722750707e+05
39, 31, 7.9093043074073867e+04, 2.7741647087682277e+05
39, 32, -8.4314867756553067e+04, -3.8310030999022932e+05
39, 33, 2.2437830650815833e+05, 2.2056306543529578e+05
39, 34, -8.6659533301393414e+04, -1.2025705349562113e+05
39, 35, 1.9919574458402029e+05, 1.4877453192293990e+05
39, 36, -5.2321475359587595e+04, -1.0429181122943418e+05
39, 37, -7.7890575223166903e+04, 1.0555393951158093e+05
39, 38, 3.5553292488973186e+05, -1.9674381561368520e+05
39, 39, -2.5161415772814391e+04, -3.0198645509180252e+05
40, 0, 2.2177518939162773e+05, 0.0000000000000000e+00
40, 1, 9.9024382920709759e+04, -2.1406705701392588e+04
40, 2, -5.5721939405008176e+04, -8.8562700402843155e+04
40, 3, -1.5799385641390400e+03, -2.5306806408207733e+04
40, 4, -1.5317034450812120e+05, 8.6875998663444552e+04
40, 5, 6.7547100184266863e+04, -2.3843893607234547e+05
40, 6, -1.3145634954918997e+05, 1.3295459916260417e+05
40, 7, 6.2044065564091608e+04, -3.4569678340532679e+04
40, 8, 1.6241173602436061e+05, -1.4619577591423105e+05
40, 9, 1.0774150339677022e+05, -1.8642157978897172e+05
40, 10, -3.9332173064015224e+03, -2.2353794299600762e+05
40, 11, 1.1949890328713979e+05, -1.0769942175239284e+05
40, 12, -1.7700518375887827e+04, 7.8089337683607810e+03
40, 13, -1.6357082350773424e+04, 2.1803498454520311e+04
40, 14, -1.6648888376406172e+04, 5.2576550575043824e+04
40, 15, -1.5545691932842732e+05, -6.9811327066426602e+04
40, 16, 2.0642844797083124e+05, -5.8263729475392547e+03
40, 17, -9.4143615994886975e+04, -7.0603828701563994e+04
40, 18, 4.5936898518753529e+04, 5.6894473324507824e+04
40, 19, -1.9177271065653634e+05, -3.2314920919487813e+03
40, 20, 1.0047528999372889e+05, -1.1018391894119755e+04
40, 21, 3.6379594037987416e+04, 1.5237499584458480e+05
40, 22, 3.9477582874998152e+04, -2.4859701308273907e+04
40, 23, 1.1960471692549103e+05, 1.2610302744608989e+05
40, 24, 5.5458079038960146e+04, -2.5575916623174176e+04
40, 25, -1.0086576512002741e+05, -1.0808649053379716e+05
40, 26, 7.4344405734094107e+02, 1.6567920876289404e+05
40, 27, 1.2805664670339989e+04, -3.4511518123503141e+04
40, 28, 2.6621975055346923e+05, 2.1269203015350364e+05
40, 29, -1.6308866685144472e+05, -2.8547924927211064e+05
40, 30, 2.7166531119324843e+05, -1.0982641907638324e+05
40, 31, -3.2382418862693984e+05, -5.4546269540705733e+04
40, 32, 1.8286711608643070e+05, -6.8485849202393336e+04
40, 33, -1.6170920505037927e+05, 1.8207014989371531e+05
40, 34, 5.3039220564916344e+04, -3.3326703268951527e+05
40, 35, -1.1584951572300962e+05, 1.1618707929597530e+05
40, 36, -1.7110254089767470e+04, -1.1404376756656190e+05
40, 37, -8.0773312599206140e+04, 1.7081938216836960e+05
40, 38, 1.5899577077247872e+05, -5.0599922306928187e+04
40, 39, -2.1791054153028780e+05, -3.8313472313511491e+04
40, 40, -4.0537881665664096e+05, 3.5308365799218453e+04
41, 0, 1.2336783920939648e+05, 0.0000000000000000e+00
41, 1, -3.5876696067178520e+04, -1.2041924941831698e+05
41, 2, 1.4979808611133302e+05, -1.5674992566978885e+05
41, 3, -1.4516857079109826e+05, 1.0317169769795911e+05
41, 4, 8.2785146962246828e+04, 6.7089872546029437e+03
41, 5, 2.0170368483583682e+05, 9.8743281683570953e+04
41, 6, -1.0610659902070941e+05, 4.3370829401259543e+04
41, 7, 1.3489460099594685e+05, 1.5473919044103153e+05
41, 8, 5.7260092825496278e+04, -1.0780704290108298e+05
41, 9, -1.0981005193593595e+05, -2.1046302986476599e+04
41, 10, -9.9459658851481538e+04, -1.0986389582717948e+05
41, 11, -4.4389729007670474e+04, 3.7971426468904247e+03
41, 12, -1.1967411124781318e+05, 3.1299190010776489e+04
41, 13, 6.4678219971044375e+04, -2.3037999215623000e+04
41, 14, -1.4498643112633919e+05, 1.1507029028347494e+05
41, 15, 1.6625992635763064e+05, -5.4400020322008684e+04
41, 16, -1.1028615624843497e+05, -1.0052464580408818e+04
41, 17, 2.5898588131366549e+04, -1.1240222819042615e+05
41, 18, -1.7073752327020821e+05, 1.4809824002065175e+05
41, 19, 9.8081017291152020e+03, 1.2972130672107596e+02
41, 20, 3.3241851131907002e+04, 1.1834554175467907e+05
41, 21, 1.3389296479841415e+05, -2.5617201665958048e+04
41, 22, 1.0244810290633836e+05, -4.7689960103213598e+04
41, 23, -5.1703745242089586e+04, -7.9558447432258006e+04
41, 24, -3.2479469334418980e+04, -1.4538081045539019e+05
41, 25, 8.4183512546885613e+03, -9.5847221216449005e+04
41, 26, -7.0648585512670150e+04, 1.2891700691427235e+05
41, 27, 1.9491330222301997e+05, -9.6605034208076017e+04
41, 28, -1.8926903344872175e+05, 1.2651078231289411e+05
41, 29, -5.2973202003811763e+04, -1.6692837091996320e+05
41, 30, -4.6714344289128778e+04, 1.3963396499303181e+05
41, 31, -1.0634390326651667e+05, -1.9383100063338352e+05
41, 32, 1.9212551222967595e+05, 2.8491019758126815e+05
41, 33, -2.3640370873873989e+05, -1.1073781132516824e+05
41, 34, 2.2732659862598352e+05, -9.7334268166473572e+04
41, 35, -2.8946273082886607e+05, 4.6792183596386960e+04
41, 36, 7.3051834518115094e+04, -6.7411982277928313e+04
41, 37, 1.0263765936913306e+05, 1.8760763287915051e+05
41, 38, 7.5258205498557654e+04, -1.3251226657941463e+05
41, 39, -7.5304436272153835e+04, -7.2637748962308600e+04
41, 40, 8.2542322440707198e+04, 2.6438018049265910e+05
41, 41, 1.3004481444437456e+05, 2.7018850654050242e+05
42, 0, -1.9040453004015479e+04, 0.0000000000000000e+00
42, 1, 7.0808941377190495e+03, -2.0808122937436732e+04
42, 2, 1.0346350274506207e+04, 1.3464866646756098e+05
42, 3, -1.9053868985284725e+05, 3.8524848001383703e+04
42, 4, 2.4237868362317618e+05, 9.1232316326616026e+04
42, 5, 8.8866974754846771e+04, -1.0356496769437769e+05
42, 6, 1.6009538835799365e+04, -1.3100013864930897e+04
42, 7, 1.1058388492011314e+05, -2.1367410409373962e+04
42, 8, 3.5593736036448419e+04, -5.8662639440456565e+04
42, 9, -3.9217322614818338e+04, 3.7041881328852120e+04
42, 10, -2.1138655087769785e+04, 3.5843498182207637e+04
42, 11, -1.6371344066949564e+05, 1.2525025317757593e+05
42, 12, -4.1910706036153228e+04, 2.8025473498398547e+04
42, 13, -2.4767284316157557e+03, -2.5804428089967689e+04
42, 14, -1.1544592133255322e+05, -1.2908506509157973e+05
42, 15, 1.8793818511933804e+05, 3.2590756040105422e+04
42, 16, -2.4568620767575689e+05, -8.7935727110687694e+03
42, 17, 2.6887547653676302e+04, 5.4174863999573790e+04
42, 18, -1.4470764341926647e+05, 9.3195357810259753e+04
42, 19, 1.1705757569288459e+05, -7.7023983824799448e+04
42, 20, 4.2943596504282985e+04, 2.0314780071301459e+04
42, 21, 1.1231300777315558e+05, -1.0376683746092263e+05
42, 22, -6.0420773357456157e+04, -1.2231317227362411e+05
42, 23, -1.3491958621159566e+05, -4.6862229727180078e+04
42, 24, -8.5804369158160756e+04, -6.7106755318092240e+04
42, 25, 2.6525622778938825e+04, 9.2923286116880539e+04
42, 26, 4.4426150294241510e+04, -1.4084358239245383e+05
42, 27, 5.9305685307928179e+04, -3.0555283455423880e+04
42, 28, -2.2272596890904315e+05, -8.7466067680295077e+04
42, 29, -2.9815924606491844e+03, -1.8798369849601124e+04
42, 30, -1.8297884126567887e+05, 1.2359758062309113e+05
42, 31, 1.5887174974413757e+05, 4.7896303607290545e+04
42, 32, -7.2958586488879573e+03, 2.0248059442488186e+05
42, 33, 2.2137797861704006e+05, -2.8812184172468883e+05
42, 34, -1.0625896078753727e+04, 4.5795631323548980e+04
42, 35, -2.3228796756259043e+05, -7.0813492358065720e+04
42, 36, 9.5366891320933355e+04, 1.2674428772260921e+05
42, 37, 2.1462543877812583e+04, -1.1514967903210665e+04
42, 38, 3.5656102546757145e+04, -1.9614509923751262e+05
42, 39, 6.0617178969800443e+02, -1.5858121023192547e+04
42, 40, -1.1962929111796925e+05, 2.3052812091123132e+05
42, 41, 1.7139521767478075e+05, -2.5060635611013244e+05
42, 42, 1.2792724093289897e+05, -1.5685271303429897e+05
43, 0, 8.1190557917639628e+04, 0.0000000000000000e+00
43, 1, 1.7134945570597073e+05, -8.2442324487219361e+04
43, 2, -2.8183465812090391e+04, 2.6109326269534731e+05
43, 3, -1.1496429412410069e+05, 3.5491611215596844e+04
43, 4, 1.2550451758896127e+05, 1.1616760797758983e+05
43, 5, -9.3237744032249262e+04, -1.4319285873243699e+05
43, 6, -3.4047499940063259e+04, -1.0020076911054793e+05
43, 7, -3.1182110844669864e+04, -1.0861250312864067e+05
43, 8, 8.4184864853984254e+03, -6.6781650838637084e+04
43, 9, 1.2914972502165279e+05, 1.0776485876207837e+05
43, 10, 8.1284833258316736e+04, 2.3517686133925763e+04
43, 11, 1.0140059386418030e+04, -5.4021314992732841e+03
43, 12, 9.8875334322902694e+04, 4.0397989226081540e+04
43, 13, -7.5857786298169885e+04, 6.1821112096589995e+03
43, 14, 3.4850775802102406e+04, -5.7347110569428543e+04
43, 15, 1.9327839462788110e+04, 1.0859784556857779e+05
43, 16, -1.0950850206329196e+05, -1.8869347365925080e+05
43, 17, 2.4391050149607523e+04, 1.5463348877813434e+05
43, 18, 1.2047294457709901e+04, -2.4713467925538047e+04
43, 19, 4.6087888030781369e+03, -1.5455371769184116e+05
43, 20, 9.7355945440836672e+02, -9.0543205881733244e+04
43, 21, -3.9512581401162424e+04, -1.5042284552216111e+05
43, 22, -9.6181960754793283e+04, 5.7517007001090067e+04
43, 23, -1.9279980627308410e+05, 3.3791831825974092e+04
43, 24, -3.8033737504406417e+04, -1.8303227214375722e+04
43, 25, 6.9365820577158622e+04, 1.3447998701703703e+05
43, 26, 4.9671555901516345e+04, -1.7464743121677428e+05
43, 27, -9.1906046349369266e+04, 1.9043247268465589e+05
43, 28, -1.6926096324743115e+05, -8.7428527281099668e+04
43, 29, -7.5247132181107572e+03, 2.5127974339646124e+05
43, 30, 1.1085154156819083e+05, -7.1334383602086062e+04
43, 31, 2.2536864814286676e+05, 3.3690625585625938e+04
43, 32, -4.1381720927923467e+04, -1.3337562482595621e+05
43, 33, 1.6961196243077028e+05, -1.0857043468555488e+05
43, 34, -3.3197854163889843e+05, -3.5672125027498434e+04
43, 35, 1.8441208848315131e+05, 6.0510547308400950e+04
43, 36, 1.4123493276659901e+04, 1.7981194728036912e+05
43, 37, 7.4747670039428005e+04, -1.0402922237480366e+05
43, 38, -1.2662697151021028e+05, 6.2803517910231458e+03
43, 39, -1.5640499615002039e+05, 5.9154024904850405e+04
43, 40, 1.6137608077050809e+04, 1.3514012861158431e+05
43, 41, 1.2761088218242666e+05, -2.2496508647593902e+04
43, 42, -1.9519765491534481e+05, -1.0460467206499222e+05
43, 43, -2.0385610140057842e+05, -5.5655957753689319e+04
44, 0, 1.3708704186656431e+05, 0.0000000000000000e+00
44, 1, 1.8330068286370105e+05, -9.2370135320697191e+03
44, 2, -8.0966904461131082e+04, -3.4505125117448733e+03
44, 3, 1.4649554378162487e+05, -5.6872946242712693e+04
44, 4, 9.9145355660177913e+04, 5.1257283846352941e+04
44, 5, 7.0444068191108672e+04, -1.1177535114372504e+05
44, 6, -1.5998828673247847e+05, 1.1637854517303333e+05
44, 7, -1.5340634006451225e+05, 5.6080951251605089e+04
44, 8, -3.6402598585415872e+04, 1.0882723159037779e+05
44, 9, -1.9484003544302988e+04, 5.2577171863845557e+04
44, 10, 3.9997798066492396e+03, -7.4288998196647080e+04
44, 11, 9.7864145318449373e+04, -2.4244173546801950e+05
44, 12, -3.2056585852330318e+03, 3.3353871245999821e+04
44, 13, -8.2672490737765052e+04, -1.0562633430805826e+05
44, 14, 6.0770565067002375e+04, 1.3392981428766751e+05
44, 15, -1.0608400838881239e+05, 8.4678317099287422e+04
44, 16, 1.5394488430608652e+05, 2.2177201536921693e+03
44, 17, 5.1111020768920258e+04, 1.5181822447918128e+04
44, 18, 1.1954512460040065e+05, -5.3058471005354237e+04
44, 19, 3.4067675781810227e+04, -8.3019231633466716e+03
44, 20, -1.2152656712163359e+05, -1.2129832512865626e+05
44, 21, -5.1328980454968943e+04, 7.7448164594703470e+04
44, 22, 7.0719063816781072e+03, 4.1999464113123126e+04
44, 23, -9.8281210004143268e+03, 1.3566569060097980e+04
44, 24, 1.3410867767340987e+05, 7.5906899001105368e+04
44, 25, -3.7417351026805823e+04, -7.7829457935987099e+04
44, 26, 3.0441282339870635e+04, -1.1001277682158601e+05
44, 27, -1.3953270856963110e+05, 5.6939226990343741e+04
44, 28, -2.0340896879342570e+04, 1.6472621638518889e+04
44, 29, -2.3512691624557086e+04, 1.4509257349694803e+05
44, 30, 2.0688854527895892e+05, -9.0377948520779421e+04
44, 31, 3.2721581071919652e+04, -1.3905729422283364e+04
44, 32, -1.1908913417915668e+04, -1.7982137800528479e+05
44, 33, -1.8150293971903919e+05, 7.0680878596840921e+04
44, 34, -1.1441878117613654e+05, -8.0149436166018044e+04
44, 35, 1.4270793053793165e+05, 1.9238910482762847e+05
44, 36, 2.7544303935688840e+03, -7.9162619331689406e+04
44, 37, 1.7024681884120000e+05, -3.9581824454234338e+04
44, 38, -1.9815073127339722e+05, 6.9362953593316008e+04
44, 39, 8.8046911261105866e+04, 7.4873056623271288e+04
44, 40, 1.7887527981802399e+05, 3.9699862961367333e+04
44, 41, -4.1135146600284890e+04, -1.0779607273259659e+05
44, 42, 8.4843929195246747e+04, -2.7177442070194873e+04
44, 43, -2.3464901460096185e+04, 1.5436831817164714e+05
44, 44, 6.0071185475878156e+03, 3.9536063155714434e+05
45, 0, 3.8379246707085804e+04, 0.0000000000000000e+00
45, 1, 5.9245424569828974e+03, 1.2205105251096754e+05
45, 2, -1.2751213141912740e+05, -1.0598161785802046e+05
45, 3, -3.9645395382444593e+04, 3.7697898115835007e+04
45, 4, 1.5605762882815674e+04, -9.1285072079425227e+03
45, 5, 9.1524618769945489e+04, 1.2603212981024823e+04
45, 6, 1.0867857044823395e+04, 7.3783926647967324e+04
45, 7, 4.9662932694232928e+04, 1.5503782923779514e+05
45, 8, -1.8458263575822333e+04, 4.3583482724977970e+04
45, 9, -4.6843308987214361e+04, 1.1236338981609384e+05
45, 10, -1.1251306299559193e+05, -1.8903217587041541e+05
45, 11, -5.8147827659696304e+04, -7.7188571890543273e+04
45, 12, -2.1217710287145726e+05, 3.2787063023299532e+04
45, 13, -1.1972337018520168e+05, -6.2804331761025023e+03
45, 14, -9.2076449194695160e+03, 1.4595505955594391e+05
45, 15, -3.9492458700652140e+04, -2.2578071932450798e+05
45, 16, 1.2371583302608410e+05, 8.7086818282196415e+04
45, 17, 1.1835547074591814e+03, -1.2384583511350329e+05
45, 18, 1.5620556174324892e+05, 1.5959681691080077e+04
45, 19, -6.2217977256701051e+03, -2.0779611455749255e+03
45, 20, 5.4958228225614812e+02, -3.8625506277336361e+04
45, 21, 2.0111365987345122e+04, 1.4433291507282155e+05
45, 22, 1.3592137398109582e+05, -7.5199862511702100e+04
45, 23, 8.4641268744960427e+04, -4.0356671037226843e+04
45, 24, -1.6062162943397299e+04, -2.0590462069591988e+04
45, 25, 9.7263061020722002e+04, -9.6394506847536948e+04
45, 26, -8.1588606305819776e+03, 6.0569997340150221e+03
45, 27, -7.8911424152105858e+04, 2.4894421865523418e+04
45, 28, 1.2538755716621727e+05, 1.1979699006432360e+05
45, 29, -3.6126201055690435e+04, -7.3690728492898968e+04
45, 30, 7.9616530744646152e+04, -7.7353033629243699e+04
45, 31, -1.5900390308250274e+05, -8.0835371913652634e+04
45, 32, -7.6818254496617810e+04, 7.0456870592893989e+04
45, 33, -2.1352686253104775e+05, 1.0476377908684147e+05
45, 34, 8.9673234211924137e+04, 5.0137315749274945e+04
45, 35, -2.6112330776650502e+04, 1.2706753577691943e+04
45, 36, 6.2891499169851486e+04, -1.8890847664598678e+05
45, 37, -2.3369074337205093e+05, 5.4292159550303455e+04
45, 38, -2.5486156923053066e+04, -7.4284505600243196e+04
45, 39, 1.6623207779126949e+05, -3.9090439293560785e+03
45, 40, 1.4249204915744205e+04, -6.7543693789321434e+04
45, 41, -1.0010620290205031e+05, -2.2619932028049062e+05
45, 42, -9.2231637716582074e+04, 1.2839779349637342e+05
45, 43, -1.7393196803117415e+04, -1.5507590253370610e+05
45, 44, 5.9438026589658592e+04, 1.0238344589179402e+04
45, 45, 2.7748628267062071e+05, -2.0763522242669377e+05
