0, 0, 5.0000000000000000e+04, 0.0000000000000000e+00
1, 0, -1.7355575770910345e+03, 0.0000000000000000e+00
1, 1, -1.0116218401629482e+02, -7.8537442840332255e+02
2, 0, -0.0000000000000000e+00, 0.0000000000000000e+00
2, 1, -1.6982024383239445e+02, -9.1700842338586924e+01
2, 2, -4.5443723103425609e+03, 2.5162498797682879e+03
3, 0, -1.2258185489276948e+03, 0.0000000000000000e+00
3, 1, 4.7508528711775296e+02, 2.5969577470219438e+03
3, 2, -1.4638461001123846e+03, 6.8320354614436849e+02
3, 3, 3.3278386604121447e+03, 2.2255009904890330e+03
4, 0, 6.3485588201751330e+02, 0.0000000000000000e+00
4, 1, 6.0135831853660068e+02, 5.1511641626772257e+02
4, 2, -2.3771318565380761e+02, -1.1729923394091072e+03
4, 3, 9.6372397047946561e+02, -3.5370821725055393e+01
4, 4, 6.9797237542195774e+01, -1.6952428483647059e+03
5, 0, -2.1999708738702225e+02, 0.0000000000000000e+00
5, 1, 6.1910045081907199e+01, 2.9073940194459152e+02
5, 2, -6.7490023367274864e+02, -2.0833227220137101e+02
5, 3, 5.2550866048367527e+02, -2.0926606428099490e+01
5, 4, -7.7393850590143461e+02, -4.7922691640248530e+02
5, 5, -7.2173196082489767e+02, 6.2283327611420759e+02
6, 0, 2.4002453905655884e+02, 0.0000000000000000e+00
6, 1, 3.6788455028102749e+02, -2.8645512977671370e+02
6, 2, 1.9914084348718126e+02, 2.7728941144202361e+02
6, 3, 2.1407060951758103e+02, 7.7776938519539087e+01
6, 4, 1.8772945463581397e+02, 5.0155647907316171e+02
6, 5, 2.9774631720797470e+02, 3.2509604877609416e+02
6, 6, 5.1601324650065271e+02, 1.5390834228168765e+02
7, 0, 2.1180412520878741e+02, 0.0000000000000000e+00
7, 1, 3.1568046305546562e+02, -7.4835349546685762e+01
7, 2, 6.0553207314686620e+02, -1.2179528311982318e+02
7, 3, 1.8857771790209955e+02, -8.3737830260472634e+01
7, 4, 5.6169540647828171e+02, -7.4818112536803270e+01
7, 5, -4.4338817732522372e+01, -3.1060569264034706e+02
7, 6, -1.3852896904718978e+02, -4.2847355918207211e+02
7, 7, 9.0358240743543263e+01, -3.8435401595524417e+02
8, 0, 4.4622638082503443e+01, 0.0000000000000000e+00
8, 1, -3.0460335152820520e+01, 1.7505826004746535e+02
8, 2, 4.4864909769846111e+02, 1.2467552681688524e+02
8, 3, -3.0283346477143874e+02, -3.3605714922539812e+02
8, 4, 3.9013213016659421e+02, 2.4843292656513100e+01
8, 5, -6.9736600077894025e+02, -4.1477975046770155e+02
8, 6, -2.1529482668080243e+02, -4.3663343044270931e+02
8, 7, -1.2139450107886491e+02, 3.9960737455938147e+02
8, 8, -6.8373836238085360e+01, -6.2886066414051200e+01
9, 0, -7.6004970259075179e+01, 0.0000000000000000e+00
9, 1, 1.0448902186231686e+02, -1.1535192504715286e+02
9, 2, 3.0824578989313113e+02, 9.7817712545066399e+01
9, 3, -2.6164968839121894e+02, -2.6234329934871147e+02
9, 4, 8.0681154954229001e+01, 4.3116937632689542e+02
9, 5, -5.9817112768910943e+02, -4.1536613033144170e+02
9, 6, 2.1138662198669039e+02, 1.4289578603690316e+02
9, 7, -1.6699975181738262e+02, 2.4345801107024761e+02
9, 8, 3.2926253251270833e+02, -4.3447621667998675e+01
9, 9, -3.0759354671692176e+02, -1.6956072171596554e+02
10, 0, 1.9999612558546625e+02, 0.0000000000000000e+00
10, 1, 2.5452658081625296e+02, 6.2932111481258133e+01
10, 2, 4.7765592260816874e+00, -3.1150401358771478e+02
10, 3, -8.9506399570258083e+01, 1.2219299646971392e+02
10, 4, -3.3912442510078370e+02, -1.4913960498982760e+01
10, 5, 1.2006558058569945e+02, -2.9626125148483686e+02
10, 6, 1.8526383225358822e+02, 3.1573073940222116e+02
10, 7, 9.0017251458432071e+01, -1.7024645709313094e+02
10, 8, 1.5088880798653369e+02, 2.2868416561416467e+02
10, 9, -4.0412246204635187e+02, -4.0427749417159583e+02
10, 10, -7.7402624126416541e+01, 2.0826279344670030e+02
11, 0, -7.6474712012900739e+01, 0.0000000000000000e+00
11, 1, -2.3308170883112541e+02, -6.3241284622816124e+01
11, 2, -8.9709786789462783e+01, -2.8624359014546440e+02
11, 3, -3.7402071613658239e+02, 2.2043422556643412e+02
11, 4, -4.5233054957648363e+02, -1.8563894118604355e+02
11, 5, 3.8863647452254452e+02, 2.5852209919175436e+02
11, 6, -7.1251689225811276e+01, 5.0945515501156819e+00
11, 7, 1.9009714403264076e+02, -2.4768304154561247e+02
11, 8, -3.3997130709889643e+02, 2.1935947504267546e+02
11, 9, -1.1880195033262908e+02, -1.2037765893734105e+02
11, 10, 9.4289325865363452e+01, 5.6463767202862573e+02
11, 11, -1.3181321018523096e+01, -9.3061686234694278e+01
12, 0, 7.6631633699928713e+01, 0.0000000000000000e+00
12, 1, -3.2593157167849876e+02, -1.5452114592762294e+01
12, 2, -2.7706984925934020e+01, 1.5471203504832746e+02
12, 3, -4.1777704312386965e+02, 9.1456002044248891e+01
12, 4, -2.8508368567442183e+01, 3.5317622864885415e+01
12, 5, 2.1003859937634360e+02, 2.8996029056356974e+02
12, 6, -1.1725010105075300e+02, -4.7305451965047791e+02
12, 7, 1.1832637127887540e+02, -3.1562848607233143e+01
12, 8, -4.6640393119169732e+02, -1.1363322567635629e+02
12, 9, 2.0670871110754143e+02, 1.3920682649180819e+02
12, 10, 1.4315662685195736e+02, 4.0040324027656260e+02
12, 11, 2.5104034088967489e+02, -4.7855723949927471e+02
12, 12, -1.4948933992198334e+00, -2.5847998361453595e+01
13, 0, -1.4334161489129679e+02, 0.0000000000000000e+00
13, 1, -1.6165221216662820e+02, 7.1175315078126175e+01
13, 2, 5.2023515745003557e+01, 2.4391630487092419e+02
13, 3, 6.6225406140193854e+01, 5.5738542432272368e+01
13, 4, 5.2409135251719498e+01, 2.0012391421105326e+02
13, 5, 5.9432179738876378e-01, -1.1556396149512069e+02
13, 6, 6.8895237514142735e+00, -2.6467014380168837e+02
13, 7, -2.2200080689410021e+02, 1.1475500735209090e+02
13, 8, -6.7457471225674652e+01, -1.3030256930092934e+00
13, 9, 3.2345571014081577e+02, 2.3482872201409509e+02
13, 10, -4.7683665472245323e+01, -1.8817848248385644e+02
13, 11, 2.2010538392029281e+02, -2.3573379476549104e+02
13, 12, -4.2346978119049288e+02, -1.2390019120402070e+02
13, 13, 1.1960322548033045e+02, 2.5118630045476672e+02
14, 0, 9.3043845087083923e+01, 0.0000000000000000e+00
14, 1, 2.1487104131004352e+02, 9.1079968045425943e+01
14, 2, 1.2932378046003484e+02, -1.5031622598769405e+02
14, 3, 1.2295553238289443e+02, -9.0851365848499711e+01
14, 4, 6.0873751115207071e+01, -2.6871776912135425e+02
14, 5, -1.2854447488484107e+02, -2.7267646683535054e+02
14, 6, -2.0443904932919185e+01, -2.0918293585294698e+01
14, 7, -1.3015381183330271e+02, 6.7759996951119561e+01
14, 8, 2.2814425706447801e+02, 1.0330909447222082e+02
14, 9, 6.3515050050709156e+01, 3.3154879390929534e+02
14, 10, 1.0061126909898318e+01, -4.4954933171884488e+02
14, 11, -2.6908792188945375e+02, 4.1472958907670147e+01
14, 12, -1.2979030500345826e+02, -8.9566040617238230e+01
14, 13, 2.1411880811636195e+02, 5.8734450913494072e+02
14, 14, 1.5386656924456341e+01, -2.1262016160835788e+02
15, 0, 1.3917041952765811e+02, 0.0000000000000000e+00
15, 1, 6.6871956729493576e+01, 6.6085018451059625e+01
15, 2, -9.2265401249143494e+01, -2.1819868120404595e+02
15, 3, -1.5622324357213898e+02, -8.3532646940242216e+01
15, 4, -1.9831949960563446e+02, -2.2547279652365177e+02
15, 5, -2.6092999128713819e+02, -1.2670680896792460e+02
15, 6, -1.7735450470447994e+01, 1.7408517445463971e+02
15, 7, 2.5355801926890581e+02, 9.7269244917617840e+01
15, 8, 3.2325583700433310e+02, 1.2606562805845581e+02
15, 9, -9.6276372548219399e+01, -1.0457134147849000e+02
15, 10, -4.0160994931527540e+01, -4.2388802835845773e+01
15, 11, -2.1300373024338711e+02, 1.5726967148494114e+02
15, 12, 2.8221627505999470e+02, 2.0990750134929013e+02
15, 13, 5.2048736487769474e+01, 1.9318985702996230e+02
15, 14, 6.2802533564206925e+01, -3.7863785443003763e+02
15, 15, -8.5317217932640261e+01, 3.7420080810019769e+01
16, 0, 1.7594792979925938e+02, 0.0000000000000000e+00
16, 1, -6.3356593949878942e+01, -1.4854614187639595e+02
16, 2, -1.1515791190337924e+02, -1.4677115755554350e+01
16, 3, -1.4636286272676796e+02, 1.1191167510389074e+02
16, 4, -1.9818045920204767e+02, -1.2710537039097657e+01
16, 5, -9.0104274904786990e+01, 1.5639084990989758e+02
16, 6, 3.7464038494776041e+01, 5.9945886448204675e+01
16, 7, 9.8713471659379778e+01, 8.6072758548525755e+01
16, 8, 5.9986528695668582e+01, 9.8367245413070478e+01
16, 9, -8.8728625886013191e+01, -2.4812714915152378e+02
16, 10, -1.3183316231395065e+02, 9.3780862223138371e+01
16, 11, -2.1463903232963656e+01, -9.3047921909003179e+01
16, 12, 9.8318348869278509e+01, 1.8056557695740082e+02
16, 13, -1.5542394572180145e+01, -1.5644649859516170e+02
16, 14, -5.1152856443565398e+01, -2.5162452887804272e+02
16, 15, -2.1803321590419034e+02, 8.6897317020530679e+01
16, 16, 5.6546879597503775e+01, 3.5636566995294373e+01
17, 0, -9.2935808400736093e+00, 0.0000000000000000e+00
17, 1, -8.8019744703640697e+01, -1.6250805521926671e+02
17, 2, -4.7431903059063195e+01, 4.7659251377974783e+01
17, 3, 2.3588852341070776e-02, 5.3345580436894835e+01
17, 4, 1.1796701841037417e+02, -3.9318174992109229e+00
17, 5, 1.8013657174891068e+02, 8.6328589541780531e+01
17, 6, 1.6555940468948765e+02, -8.4230018242228965e+01
17, 7, 8.8612486389155194e+01, -5.4599925140665832e+01
17, 8, -9.6243342097761456e+01, -5.2877990453027358e+01
17, 9, -5.5326374667091642e+01, -7.4430401491916427e+01
17, 10, -1.4949326384245009e+02, 7.0687045107500438e+01
17, 11, 9.7163250504181818e+01, 3.0203332185242139e+01
17, 12, 4.1872149959034132e+01, 2.6106004324335137e+00
17, 13, -1.0468965290059629e+02, -1.9857300477859624e+02
17, 14, -9.4766443077210425e+01, -1.2174847748707376e+02
17, 15, -9.5856561113489633e+01, 1.0068860624875995e+02
17, 16, 2.6926452125720016e+02, 1.4430586028575871e+02
17, 17, 7.1100557316399531e+00, 7.3824441443934631e+01
18, 0, -7.7362282195132394e+01, 0.0000000000000000e+00
18, 1, -4.4573094226417211e+01, -1.3410243351259138e+02
18, 2, -3.1245364944781983e+01, 1.1763826248176617e+01
18, 3, -6.6044934035711435e+01, -1.1684401889573707e+02
18, 4, 2.0456424670233429e+02, 2.8518414751662213e+01
18, 5, 4.9443063948047410e+01, -1.4647916775420953e+02
18, 6, 5.2346629097686147e+01, -1.6281388644833669e+02
18, 7, -5.0456831629739241e+01, -4.1535134807085541e+01
18, 8, 1.0594961188432748e+01, -5.9167503702840648e+01
18, 9, 1.9764520381685692e+01, 3.5174841070509608e+01
18, 10, 1.5867804627967618e+02, -8.1091543413670273e+00
18, 11, 6.2063675088931760e+01, -7.8390420916939348e+01
18, 12, 1.5396568929225728e+01, -1.1839254278491815e+01
18, 13, -6.5394366696427653e+01, -6.7843751756778943e+01
18, 14, -8.4395734603044460e+01, 4.2179755458816352e+01
18, 15, 7.7659336514173916e+01, 1.8004074180917894e+02
18, 16, 9.1928259613026341e+01, 5.8266728069674166e+01
18, 17, 5.5722658099478615e+00, -2.7395842985171794e+02
18, 18, 1.1805963736342895e+02, 8.3071475243013481e+01
19, 0, 4.2021169481533649e+00, 0.0000000000000000e+00
19, 1, 8.5715143317601044e+00, 1.1938271245624659e+02
19, 2, -1.3261715672344316e+01, 2.3553860954539360e+01
19, 3, -1.7591189900105427e+01, -4.6843190811703678e+01
19, 4, 2.4503823832056270e+01, 5.6025902224773262e+01
19, 5, -6.8458099281712180e+01, -1.0864389394158587e+02
19, 6, -7.1938612326122382e+01, -2.7542502697830024e+01
19, 7, -1.1640413326377606e+02, 4.2202473746509234e+01
19, 8, 9.7719534377865898e+01, -3.6412767319690758e+01
19, 9, 4.6357892268927579e+01, 7.9750021937805073e+01
19, 10, 1.3893856040847362e+02, -2.5143697920754512e+01
19, 11, 1.4508193424734095e+01, -8.7456058027486748e+01
19, 12, -3.9024018132339691e+01, -1.0416947271690304e+01
19, 13, -4.1674127296671237e+01, -1.5232894775172335e+01
19, 14, 3.3036620216391213e+01, 1.1834194980089589e+02
19, 15, 1.8567790111163336e+02, 1.0915538695136578e+02
19, 16, -5.8777367277300820e+00, -2.7709122929613365e+01
19, 17, -2.0558049637148748e+01, -9.6370518234152755e+01
19, 18, -1.7517089811217184e+02, 1.3394063823810095e+02
19, 19, -8.6182492053893981e+01, -1.9887687648246251e+02
20, 0, 6.6426713714344473e+01, 0.0000000000000000e+00
20, 1, 5.1731481720508569e+01, 1.1635303802209637e+02
20, 2, 1.7432918459122629e+01, -5.1342594465864835e+01
20, 3, 1.0572696846119229e+02, 4.7527417472923744e+01
20, 4, -7.5402497833893094e+01, 5.0961103563205498e+01
20, 5, 3.4604954221033474e+01, 6.6267083562069109e+00
20, 6, 4.5795290185221717e+01, 8.7705552867445419e+01
20, 7, 2.0329569303429430e+01, -8.2171453090464937e+00
20, 8, 7.1175350894565554e+01, 6.9647217050135708e+01
20, 9, 9.3404813457265590e-02, 4.0899432150572189e+01
20, 10, -9.6104461303495242e+01, -4.5076289400478382e+00
20, 11, -4.9354654428919901e+01, 1.4905192784438317e+01
20, 12, -9.4715947574037671e+01, -3.6913550890796955e+01
20, 13, 1.8665975176754689e+01, 7.5776412086774755e+01
20, 14, 5.4981690648587282e+01, 4.2107484817631970e+01
20, 15, 1.7092272196622552e+01, -5.4895593451916653e+01
20, 16, 9.8879648579625297e+00, -7.0948699434207469e+01
20, 17, -9.9475684172339569e+01, -7.7835330260338878e+01
20, 18, 6.4287552397324745e+00, 1.6216327785796861e+02
20, 19, 4.6247399464895395e+01, 1.1436803211183154e+01
20, 20, -1.0276650237648445e+02, 2.1119213487676625e+01
21, 0, 3.2936865921348520e+01, 0.0000000000000000e+00
21, 1, -2.7815471420354768e+01, -9.4929575646222787e+01
21, 2, -2.9750936740329330e+01, -1.1482718320232372e+02
21, 3, -3.6909831227152608e+01, 5.5838393633276752e+01
21, 4, -8.4438322616120004e+01, -2.6446352772469190e+01
21, 5, 6.2590492190855088e+01, 3.9098973468965752e+01
21, 6, 1.3369960636950807e+01, 6.7289597945723401e+01
21, 7, 5.1641035630339289e+01, -5.8943702901405537e+01
21, 8, 4.5401903423531911e+00, 6.8656889253090128e+01
21, 9, -2.4877831929313430e+01, -2.7919130080281498e+01
21, 10, -5.5493486630801854e+01, 9.8155549688618677e+00
21, 11, -4.6239999261413999e+01, -2.0220586514173501e+01
21, 12, 5.7237132722752797e+01, 9.8761009538814939e+00
21, 13, 3.9076745038352998e+00, 2.8100457614155292e+01
21, 14, 2.9155479765142147e+01, -7.7133101237512449e+01
21, 15, -6.8789106078138033e+01, -1.3011303560421126e+02
21, 16, -5.7228016834913632e+01, 1.0619712271137814e+01
21, 17, -4.8240660390357448e+01, -7.0680512683758465e+01
21, 18, 4.9328505777958107e+01, 1.1921841891711516e+02
21, 19, 5.0124457642054445e+01, -1.5689217604647243e+02
21, 20, -1.2144088495819133e+01, -5.6115970351772376e+01
21, 21, 1.3269705829696474e+02, 6.9234924266042597e+01
22, 0, -1.8651872065959125e+00, 0.0000000000000000e+00
22, 1, -7.5341022042160745e+01, -1.2161750821462803e+01
22, 2, 2.9826316519664246e+01, 1.1244580581737003e+01
22, 3, -7.1305720078224283e+01, 8.7845428696713466e+00
22, 4, 3.0987705160960765e+01, -8.2443750503438253e+01
22, 5, 1.6363320898287469e+01, 2.7366924326030651e+00
22, 6, -6.1963685169574731e+01, -1.1775961633744487e+02
22, 7, 5.3925586868726697e+01, 1.1201253430813079e+01
22, 8, -7.9971363071801562e+01, -4.6093642297411279e+01
22, 9, 6.9582395220479594e+00, 8.2233430538346930e+00
22, 10, -4.8230152632754070e+01, 6.4645361109470258e+01
22, 11, -1.3962090414357782e+00, -2.0354173203442265e+01
22, 12, 7.8311455926234046e+01, -2.3945266979030258e+01
22, 13, -3.4390678173681060e+01, -3.6115059895597689e+01
22, 14, -3.5485898772806244e+01, -1.0843048601095782e+02
22, 15, -8.4893343610456654e+01, 5.5542987441910356e+01
22, 16, -3.7809486788872775e+01, -1.2185661615005358e+01
22, 17, 5.3681528502884063e+01, 4.0837013041635544e+01
22, 18, -2.1522711859195176e+01, 1.7872977361797936e+01
22, 19, 7.4980738020526218e+01, -8.9826605362868747e+01
22, 20, -7.8686466173957044e+01, 5.1915060181939330e+00
22, 21, 3.3970203561666970e+01, 1.0770541629375889e+02
22, 22, -2.9491432657848410e+01, -6.6897693071276692e+01
23, 0, 3.3195246199150770e+00, 0.0000000000000000e+00
23, 1, 4.8615661630765445e+01, 1.9196299158068918e+01
23, 2, 4.0196920710359109e+01, 9.4843749710670579e+01
23, 3, 1.2180150755331349e+01, -1.9456411966611213e+01
23, 4, 9.3876253742464073e+01, 1.6646389985801406e+01
23, 5, -5.5490961539080338e+01, 3.4266002029672677e+01
23, 6, 7.4125481278273398e+01, -8.9797687991733568e+01
23, 7, -6.2567549598547814e+01, 3.9886938834911398e+01
23, 8, -5.0460550128145599e+01, -4.9852553771112021e+01
23, 9, 2.7379573208359851e+00, 1.2372816211158572e+01
23, 10, -1.2972215725658208e+01, -3.9583596585853229e+00
23, 11, 7.3099273127732317e+01, -6.9762154039524319e+01
23, 12, 1.7708006218985066e+01, 1.4525788114843131e+01
23, 13, -3.9830990863904603e+01, -2.9940414110730721e+01
23, 14, -2.1409273471925854e+01, -4.6295605965195257e+01
23, 15, -5.1420814744895694e+01, 1.2415596584811419e+02
23, 16, 8.2878459071196545e+01, 3.4577525199698243e+01
23, 17, 5.7412209914253950e+01, 1.5056632688696382e+02
23, 18, -2.3671706620368475e+01, -1.2064779989893776e+02
23, 19, 6.5989709660379731e+01, 1.9871133316404027e+01
23, 20, -8.4091856484175338e+01, -9.9850237686825132e+00
23, 21, 8.1164836363842340e+01, 1.2251168119817001e+02
23, 22, 2.5930853460003917e+01, -4.7517858020953739e+01
23, 23, -9.8889045707005309e+01, 4.9996837597636699e+01
24, 0, 5.8585807699514305e+01, 0.0000000000000000e+00
24, 1, 2.8913618510403758e+01, 1.8702264206685140e+01
24, 2, 8.2086103223252049e+00, -1.5113497747953737e+01
24, 3, 5.1389170092505857e+01, -6.1655666391083301e+01
24, 4, 2.0121029203713462e+01, 1.5090683454277878e+01
24, 5, -7.3625079401735405e+01, -2.9758556318751349e+01
24, 6, 4.8838054007567493e+01, 1.6297040390320845e+01
24, 7, -7.0170678265560895e+01, 9.1264211407756108e+01
24, 8, 3.6500839404248012e+01, 3.0806978096751699e+01
24, 9, 2.1295774462532755e+01, 6.0675890136421636e+01
24, 10, -1.9225438685307942e+01, -6.6322252247897126e+01
24, 11, -1.9803085539346559e+00, 5.1959029042874263e+01
24, 12, -4.7688967346661130e+01, -5.8407142512354710e+01
24, 13, 6.3727813479401085e-01, -3.8403748444516950e+00
24, 14, -1.2744839856117074e-01, 7.1269780076521954e+01
24, 15, 3.3601500542988219e+01, -3.4716850906305474e-01
24, 16, 1.1000976549677058e+02, 5.4986823158082295e+01
24, 17, -1.4735794959312130e+01, -7.4314281524709482e+00
24, 18, 6.1132225350709739e+01, -8.5380256186783654e+01
24, 19, -3.6429182678503317e+01, 7.4050009500641835e+01
24, 20, -6.2777437577468982e+00, -3.2679237628854615e+01
24, 21, -1.2914766886048120e+01, 1.0231780461504250e+02
24, 22, -1.5884634477167044e+01, -1.2766905896665665e+02
24, 23, -1.0923514186246483e+02, 1.5942818643317080e+00
24, 24, 4.7652955268962970e+01, 2.7700316068053898e+01
25, 0, -2.6356838353717372e+01, 0.0000000000000000e+00
25, 1, -6.5621757710396755e+00, -2.6259430844376208e-02
25, 2, -2.4560104065289490e+01, -5.7917742110251012e+01
25, 3, 2.5610529530495498e+01, -2.3447232985555125e+01
25, 4, -1.0105196639224249e+02, 2.1815044049768240e+01
25, 5, 5.3399134857000547e+01, -5.8424122123383555e+01
25, 6, -2.4391508759544983e+01, 6.7835977981892512e+01
25, 7, 3.1573961204681328e+01, 3.6334267090260504e+01
25, 8, 5.1168112087781338e+01, 2.3879389940081015e+01
25, 9, 1.4724650129424194e+01, 3.7266278558832383e+01
25, 10, 4.8541736600641293e+01, -4.7887331122801555e+01
25, 11, -6.3909499698120193e+01, 6.8449704454568518e+01
25, 12, -5.8733384898155883e+01, -3.5060545271198535e+01
25, 13, -7.9996324919528865e+00, 4.8486983874229722e+01
25, 14, -1.2468641330747580e+01, 4.8154243372415621e+01
25, 15, 7.4846208485067848e+01, -3.3438219684839282e+01
25, 16, -1.1399758647328804e+01, 3.3931763194877519e+01
25, 17, -6.7324407759545721e+01, -1.4721198109588923e+02
25, 18, 1.4878011836534357e+01, 2.5516440923796573e+00
25, 19, -1.1980324691992512e+02, -1.0772265461653021e+01
25, 20, 1.0785295726805909e+02, 2.2255926911403705e+01
25, 21, -1.1770806096350609e+02, 8.1355342117566991e+00
25, 22, 6.4776269649940986e+01, -5.8623068066339449e+01
25, 23, -8.9326180540160493e+01, 6.7641222604196315e+01
25, 24, 6.8752692166166639e+01, 1.9084815874432874e+01
25, 25, 2.1736478223428605e+01, -4.9322612552138757e+01
26, 0, -1.4451798022797467e+01, 0.0000000000000000e+00
26, 1, -4.1635928569775821e+01, -5.9328022909032185e+01
26, 2, -3.8720689751185134e+01, 7.9106615418598887e+00
26, 3, -4.0230005385991220e+01, 2.3112432001981134e+01
26, 4, -6.5891146547933900e+01, 4.6902331629951860e+01
26, 5, 3.2762422967223173e+01, 5.2601962248795139e+01
26, 6, -5.2009836671404237e+01, 1.8811209106892093e+01
26, 7, 2.4275477867766341e+01, -4.5353401178986076e+01
26, 8, 2.7301699484619071e+01, -1.1455681306879841e+01
26, 9, -1.1176918972911761e+01, -8.9307974295125945e+01
26, 10, 3.3342856554752345e+01, 4.2104979565481413e+00
26, 11, -7.5361715604857110e+01, -3.9059725657132198e+01
26, 12, 3.6205692162153603e+01, -7.2675527749070312e-01
26, 13, 1.3451230200083570e+01, -4.0753978217645734e+00
26, 14, 2.4275528795430581e+01, -1.8766282130314178e+01
26, 15, 1.4743903234979893e+01, -5.5914452385603290e+00
26, 16, -8.9908661705103057e+01, -1.9697845983425786e+01
26, 17, -3.2747564921937418e+01, -3.7550760877098424e+00
26, 18, -4.6304298166552492e+01, 1.0230385862275540e+02
26, 19, -4.5832929207032613e+00, -4.2599463177695512e+01
26, 20, 1.9692221993399613e+01, 6.1921319368359121e+01
26, 21, -4.2017660347155797e+01, -1.0567849883845807e+02
26, 22, 6.0760402684496341e+01, 2.8343320088155146e+01
26, 23, -4.6476055867387771e+01, 2.6674089831127127e+01
26, 24, 1.1546237219465411e+02, 1.5845897299803465e+01
26, 25, 4.6516626956155157e+01, -6.9808020685626872e+01
26, 26, -2.6000592303789361e+01, 7.1819920077867081e+01
27, 0, -2.6880344729059900e+01, 0.0000000000000000e+00
27, 1, 1.1908288924009502e+01, -1.0399277121793125e+01
27, 2, -2.5561961939373710e+00, 3.5172012518638539e+01
27, 3, 1.9452305256942232e+01, 5.5580025892037625e+01
27, 4, 5.2702941514530977e+01, 1.0969555442552435e+01
27, 5, 1.5741977418484145e+01, 4.0623608175511521e+01
27, 6, 3.3947261991847597e+01, -5.2170832212434981e+01
27, 7, 6.5666282528034134e+00, -1.5103815892704901e+01
27, 8, -5.3386562647086890e+01, 5.6382284716922193e-02
27, 9, -1.8758111997959073e+01, -5.4467819924433982e+01
27, 10, -6.1642053817246840e+01, 6.5113545741912535e+00
27, 11, -2.9708920900467049e+01, -4.1167237061528240e+01
27, 12, 4.1634255320179330e+00, -9.7229687077291538e-01
27, 13, -6.4480752476888821e+00, -1.9381358621592746e+01
27, 14, 1.3458319640835605e+01, -8.6262728631215975e+00
27, 15, -1.3067057445664197e+01, 1.1004417389466678e+01
27, 16, -2.2942067732626338e+01, -2.9810592541352698e+01
27, 17, 3.9699453445367197e+01, 4.8528432623569579e+01
27, 18, -9.1512352766864780e+00, 2.0849295568326802e+01
27, 19, 1.1874400379735654e+02, 3.2334813985985946e+01
27, 20, -3.1424406025760110e+01, -1.4823868445658697e+01
27, 21, 4.2791112139971460e+01, -4.5447876291145860e+01
27, 22, -4.0407259299755566e+01, 6.2213987887152712e+01
27, 23, 2.3556294662906126e+01, -3.7444141052636105e+01
27, 24, 2.1526484135542695e+01, -6.1038990013653729e+00
27, 25, -1.7678400868211142e+01, -9.4843227522952517e+01
27, 26, -5.2071763192179304e+01, 4.2613717812315429e+01
27, 27, 8.5449017556223126e+01, -7.7244826212986490e+00
28, 0, 6.5175309907157022e+00, 0.0000000000000000e+00
28, 1, 2.3570672383895655e+01, 1.6994929749514021e+01
28, 2, 4.5433680016668674e+01, 3.7877534803642973e+01
28, 3, 3.4455798114003073e+01, -3.5925386172174463e+01
28, 4, 7.2391278758693517e+01, -9.2278204944069415e+00
28, 5, -2.6320888775703462e+00, -2.0967088084350969e+01
28, 6, 7.0692689578350610e+01, -4.0277534758705684e+01
28, 7, -2.2196830194259793e+01, 1.6601400874148812e+01
28, 8, -3.5398673219173226e+01, 5.8266054193281134e+00
28, 9, 1.7975656245656157e+01, 6.2978338688895477e+01
28, 10, -1.1222712069464631e+01, 1.3058973329780498e+01
28, 11, 3.8248837699265145e+01, 4.3321065169827577e+01
28, 12, 1.8598778005078618e+01, 1.6700315898857232e+00
28, 13, -2.2571577057729698e+01, -1.2284791782246955e+00
28, 14, 2.4715004051005378e+00, 1.2733730533862730e+01
28, 15, -1.1727993903645052e+01, 1.5779363542786598e+01
28, 16, 2.7076491223004972e+01, 4.3940440194017185e+00
28, 17, 3.8250308069655709e+01, 5.1692910494194429e+01
28, 18, 4.2569213229110701e+01, -5.7878024520761684e+01
28, 19, 4.3015545741009959e+01, 2.0712360796720382e+00
28, 20, -4.0751651239610780e+01, -6.6515773718769225e+01
28, 21, 4.2889359171590996e+01, 2.7511763629262095e+01
28, 22, -6.0412915458036842e+01, 1.1558589013852817e+01
28, 23, 6.4513133110631514e+01, 1.8730524603757285e+01
28, 24, -5.3713375168059002e+01, 2.9718933043363801e+01
28, 25, -5.4306248997005682e+00, -2.0349748178992602e+01
28, 26, -5.4342087071480172e+01, 7.5175264329002346e+01
28, 27, 1.4818431902037618e+01, 1.9399063837808708e+00
28, 28, -2.0296951980449887e+01, -9.4542883063571182e+01
29, 0, 1.0785881345676538e+01, 0.0000000000000000e+00
29, 1, 1.8849479558205033e+01, 3.4678345336489762e+01
29, 2, -5.2244666569632159e-01, -1.4318114255885175e+00
29, 3, 1.5581833598194738e+01, -4.2432911758992475e+01
29, 4, -3.4297665102854992e+01, -3.7261784587925604e+00
29, 5, -1.9199111864701059e+01, -3.0643212033866913e+01
29, 6, -1.7523621191210680e+01, -9.7282036783330739e+00
29, 7, -3.7017982812829487e+01, 2.4811953257367719e+01
29, 8, -4.8033628584114973e+00, -9.8184051703626607e-01
29, 9, 8.6039252717490218e+00, 4.4491274493145553e+01
29, 10, 1.6895564587166795e+01, 6.3639616024399333e+00
29, 11, 3.3744857010478484e+01, 2.4897201700946612e+00
29, 12, -1.3778337635232262e+01, 1.5360465068246086e+01
29, 13, 1.9205730667648051e+01, 5.3419914025996329e+00
29, 14, 2.2174160091805355e+01, 2.0539489610572652e+01
29, 15, -5.4605655361595762e-01, 2.2941357114233199e+01
29, 16, 2.8232901720467666e+01, 2.6261865738643753e-02
29, 17, -1.1045246166665439e+01, -8.2129949954163539e+00
29, 18, 1.1388500681101231e+01, -1.6635342494272187e+01
29, 19, -2.8602066029708201e+01, -1.4189111401052501e+00
29, 20, -2.1741506170324229e+01, -2.1089027361243346e+01
29, 21, -2.7400936262494874e+01, 2.9782696572881626e+01
29, 22, 2.6389292615348001e+00, -6.7597594594587544e+00
29, 23, 1.4183508385609464e+01, 4.9428806029596529e+01
29, 24, -2.3670447089370917e+01, -5.0446446740213794e+01
29, 25, 2.5730105962317953e+01, 3.9453681081489201e+01
29, 26, -1.0289580701369390e+00, 4.4843808549951753e+01
29, 27, 7.5336658252138633e+01, 1.1618380048708193e+01
29, 28, -8.2932410056482073e+00, -2.6787549092760820e+01
29, 29, -2.4566002694523149e+01, 2.2281991087886166e+01
30, 0, 7.0800100951896114e+00, 0.0000000000000000e+00
30, 1, -1.9314026357471757e+01, -2.0598219124058192e+00
30, 2, -2.2719354667709030e+01, -9.7059313817194912e+00
30, 3, -2.2782963698149556e+00, 8.4775874063535746e+00
30, 4, -3.4958272596614179e+01, 2.4765923578918109e+01
30, 5, -1.1795849393047547e+01, 2.3976761482570186e+01
30, 6, -2.8846838502446243e+01, 5.0881835813905170e+01
30, 7, -1.8339802215614299e+01, 9.0408294882731415e+00
30, 8, 1.1531379933370051e+01, 6.0750264997711811e+00
30, 9, -4.9056488062956873e+00, -1.4021098877128008e+01
30, 10, 8.7494527305696863e+00, -3.0646458814197288e+01
30, 11, 1.8747641728532066e+01, -2.2318690247700033e+01
30, 12, -4.4165567225358217e+01, 1.2540852633624255e+01
30, 13, 1.4169598047443952e+01, 1.4034147614778224e+01
30, 14, -2.2738934175193940e+01, 2.0950747977324891e+01
30, 15, 2.0078397874933223e+01, -4.8825181233064558e+00
30, 16, 1.9664752537827255e+01, 1.5742284289943800e+01
30, 17, -2.1447535639503961e+01, -3.4666875777083774e+01
30, 18, -1.3653190462306412e+01, 8.1916384654312928e+00
30, 19, -5.1253830003570030e+01, -5.3019726037060533e-01
30, 20, 1.2295863913608876e+01, 3.6200448244344201e+01
30, 21, 1.0764390764449261e+00, 8.5736718592568462e+00
30, 22, 2.4410978216276426e+01, -1.1650028600014346e+01
30, 23, -2.7077910946989782e+01, 1.6185451228996637e+01
30, 24, 2.3050546538309412e+01, -3.6840581091285024e+01
30, 25, -2.0793950256479892e+01, 4.1973119635569262e+01
30, 26, 1.1948313456431267e+01, -4.8383546843437955e+01
30, 27, 4.9079638189993133e+01, -2.5477670587947692e+01
30, 28, -3.6397912582462460e+01, -4.5390118650602240e+01
30, 29, 2.8813498388439580e+00, 2.0778655024503575e+01
30, 30, 9.1057676105250600e+00, -7.5664340477129173e+00
31, 0, 1.2650354299833481e+01, 0.0000000000000000e+00
31, 1, -1.1299373066179843e+01, -1.0189487932023567e+01
31, 2, 1.1961437135301260e+01, -7.3755490284809699e+00
31, 3, -1.0371211961339984e+01, 7.0966406442034877e+00
31, 4, -2.8524033510911284e-01, -1.7700933413573545e+00
31, 5, 1.6403719229243492e+01, 2.3919329919727737e+01
31, 6, 1.3477338709100344e+01, 2.0994492867423808e+01
31, 7, 3.9831474353285770e+01, -1.7737485689466389e+01
31, 8, 2.8594492555283226e+00, 1.5579394530074802e+01
31, 9, -1.9934046609016903e+01, -5.4855702850749886e+00
31, 10, -1.3116636645693996e+01, -2.5247122226535264e+01
31, 11, -3.2329026219672926e+01, 2.7516532401165559e+01
31, 12, -4.0682727598175710e+00, -1.5796337746574189e+01
31, 13, 1.8686850305887412e+00, 1.8785301398217634e+01
31, 14, -8.2267732875806097e+00, -2.4587367499367964e+01
31, 15, 1.6692097338152170e+01, -2.5040073210093992e+00
31, 16, -1.8982942051633131e+01, 1.8481012948896873e+00
31, 17, -2.2908559178890360e+00, 1.0996662180213647e+01
31, 18, 4.5736530606922674e+00, 1.1177888973522411e+01
31, 19, 7.9388746154002048e+00, 1.0762003581623951e+01
31, 20, 5.7823986806568769e+01, 2.4573773107208318e+01
31, 21, -9.6933620035024983e+00, 7.1150734354518059e+00
31, 22, 2.5785714215978764e+01, -1.4334857663771164e+01
31, 23, -2.5637473520994348e+01, -3.1268994799532859e+01
31, 24, -5.7316346447286817e+00, 1.7221367047180649e+01
31, 25, -2.4246713944280276e+00, 2.2779668600507188e+00
31, 26, 2.5734976811037015e+01, -2.2383314349186278e-01
31, 27, -1.2618050501012529e+01, -1.5962076315452389e+01
31, 28, -5.5989419719872274e+01, -4.2598722359205240e+01
31, 29, -1.0236409637597310e+01, 3.5385591790521829e+01
31, 30, 4.1317390351715186e+00, 2.3615727191504433e+01
31, 31, -4.1642198634741192e+01, 2.3930870486224912e+01
32, 0, 1.8047624069322485e+01, 0.0000000000000000e+00
32, 1, -1.5446928325870294e+01, -2.2364703936555628e+01
32, 2, 1.0205859689332289e+01, 2.6664203151803243e+01
32, 3, -1.6776726464408490e+01, 1.6380490423692173e+01
32, 4, 2.7321257327469723e+01, 9.6160817129814369e+00
32, 5, 1.2537626705952592e+01, -1.3005365577760493e+01
32, 6, 6.3916152658487437e+00, -3.0583197724423162e+01
32, 7, 2.0217863501824191e+01, -2.8269720526620628e+01
32, 8, -3.1579887374735243e+01, -8.4391285866114263e+00
32, 9, 5.0609081134943228e+00, -1.6440805528020277e+01
32, 10, 1.9364184612628907e+00, 2.1445005491901458e+01
32, 11, -1.2903054941940216e+01, 2.0649610919348255e+01
32, 12, 1.0625763957440943e+01, 1.1034912252938573e+01
32, 13, 1.0184998061816927e+01, -1.5538924339705940e+00
32, 14, 5.4932161047501831e+00, -2.2007505968634643e+01
32, 15, 1.1992921437985782e+01, 4.8897419564760138e+00
32, 16, -3.3367314767165617e+01, -1.2744309078371366e+01
32, 17, 1.2618036925055391e+00, 4.9737498184918061e-01
32, 18, 7.4006403729375894e+00, -6.6096880262676283e-01
32, 19, 3.1009602517092102e+01, -6.2900753324577741e+00
32, 20, 1.0338838556421710e+01, 4.3718195968291216e+00
32, 21, -1.6794152798633997e+00, -3.0102627273942062e+01
32, 22, -2.0307673575101873e+01, -1.3921555984081650e+01
32, 23, -1.1063587814049209e+01, 2.5002485393328321e+01
32, 24, -4.7593065136208992e+00, 1.8120958440734988e+01
32, 25, 7.8980783823515797e+00, -8.9423747530285862e+00
32, 26, 3.9300599608461759e+00, -9.0906317769810094e+00
32, 27, -6.3184599214174355e+00, -1.1145952750313352e+01
32, 28, -1.2582057969086543e+01, 3.1989317876446368e+01
32, 29, -5.9395675690379584e+00, 2.5879764678026071e+01
32, 30, 2.4326892672463089e+01, -8.8556753141584039e+00
32, 31, 1.5643632339795570e+01, 3.5778993910433803e+00
32, 32, 1.7420280618658840e+01, 2.0534343779296037e+01
33, 0, -1.6670126324651097e+01, 0.0000000000000000e+00
33, 1, 5.1497475266566139e-01, -8.6744467820600715e+00
33, 2, 7.2428819437702998e+00, 2.5084568029776481e+01
33, 3, -1.2296084806079147e+01, -2.0459776744364163e+01
33, 4, 1.7578523804671697e+01, 8.0142947955381749e-01
33, 5, -2.1118565583680002e+01, 1.1879374151412364e+01
33, 6, -1.7368832308895488e+01, -2.8322110684127182e+01
33, 7, -1.2839455584357022e+01, 3.7137884400932535e+01
33, 8, -7.0927951611102023e+00, -2.3445782368565329e+01
33, 9, 1.7401936050393452e+01, 1.7899422330961187e+01
33, 10, 4.7999359081648834e+00, -3.6692712461760584e+00
33, 11, 2.7493643242680388e+01, -2.2258406982904095e+01
33, 12, 2.0509813687295306e+01, -1.0580373305358211e+01
33, 13, -7.4066962627064870e+00, -1.7440819401606895e+00
33, 14, 9.7502774189297998e+00, 1.5762499285970664e+00
33, 15, -2.2711757998366970e+01, 1.3993682256185833e+01
33, 16, 7.4532312408378880e+00, -8.5559049325481045e+00
33, 17, 8.3331110874574836e+00, 7.8980998041640920e+00
33, 18, -1.2179618815738415e+01, 4.6944652029451506e+00
33, 19, 2.4819328847115770e+01, -2.9399251876578582e+01
33, 20, -2.6650713564692310e+01, -1.1150538601654455e+01
33, 21, -1.1783790161214810e+01, -2.9824044285507398e+01
33, 22, -7.0852288626141435e+00, 1.4052621338945782e+01
33, 23, -1.2017245832417278e+00, 1.3366260299171126e+01
33, 24, 2.9073162594094246e+01, 3.1185359302066750e+01
33, 25, 2.0051991069330086e+01, -1.3464168021669536e+01
33, 26, 4.8709131309853415e-01, -2.2556050530606679e+01
33, 27, -6.6647936978593876e+00, 5.2424716229854553e+00
33, 28, -1.5094965640244780e+01, 2.6156148894500664e+01
33, 29, 2.0528948944976385e+01, 1.0388204270007025e+01
33, 30, 9.6149186675037406e+00, -1.4319661638927478e+01
33, 31, -2.4120449777164914e+01, -4.6840960137926517e+00
33, 32, 2.7062424871369872e+00, -5.5226323851024091e+01
33, 33, 1.4984297097826628e+01, -2.2794102973675912e+01
34, 0, -5.8328380828531632e+00, 0.0000000000000000e+00
34, 1, 6.3910361687463224e+00, -6.3668262039875376e+00
34, 2, -1.7182665044393651e+01, 1.5338703830734663e+00
34, 3, 1.5948687485234627e+01, -1.4304262515630793e+01
34, 4, -1.2411419771361363e+00, 9.2960757657418700e+00
34, 5, -1.9010998364729261e+01, -5.0170985988060330e+00
34, 6, -6.0902841945910047e-01, 9.8872220693588595e+00
34, 7, -2.6871599554385526e+01, 2.9082938892900657e+01
34, 8, 2.7992947150483607e+00, 1.5262059487988441e+01
34, 9, -5.4313968460784272e+00, 2.0757424835706480e+01
34, 10, -5.9576302968571770e+00, -1.4605410791190220e+01
34, 11, 2.0905571348190687e+01, -2.1904630523870736e+01
34, 12, -5.7257954394678228e+00, -1.0133156620272556e+01
34, 13, 3.1974762235795220e+00, -2.4088771743497965e+01
34, 14, 8.7797537028488559e+00, -2.6170339356735184e-01
34, 15, -1.9628069160257887e+01, 5.4628822033053650e+00
34, 16, 2.6721848960508169e+01, 1.3497300198018241e+00
34, 17, -8.8440816425456283e+00, 8.1691372250200871e+00
34, 18, -4.0087947440533656e+00, -1.1657843677472005e+01
34, 19, -6.3595516894164383e-01, 2.3817613729131690e+01
34, 20, -2.8347809600815573e+01, -1.0627912734241740e+01
34, 21, -7.2565954579342051e-01, 2.7826155254167180e+01
34, 22, -1.8953617796954800e+00, 2.0710317663234999e+01
34, 23, 1.4147327271260487e+01, -7.8917918416998809e+00
34, 24, 2.0691741153867554e+01, -7.3452702264608263e+00
34, 25, -1.6590597700137518e+01, -1.9863474672138111e+01
34, 26, 4.4371151715907384e+00, -1.0115359669841510e+01
34, 27, -9.5371402915102088e+00, 1.3468608230361259e+01
34, 28, 1.3257332351342329e+01, -5.7522427075131191e+00
34, 29, 1.1499508026763769e+01, 4.1241697557009438e-01
34, 30, 7.5159039051654144e+00, -3.4940144379871384e+01
34, 31, -4.0841016209237495e+01, 1.1506015915796413e+01
34, 32, 2.1451913606771313e+01, 1.8819385187943183e+01
34, 33, -5.1893391262819740e+01, -1.6965391717203500e+00
34, 34, 4.0949552907325542e+00, 1.3441098571728631e+01
35, 0, 2.1871290903004539e+00, 0.0000000000000000e+00
35, 1, 9.0693349448427902e+00, 2.4711396212937160e+01
35, 2, -1.1471756752946808e+01, -4.6552578185033298e+00
35, 3, 1.3864700404557826e+01, -5.0237332132402868e-01
35, 4, -2.0934762609720309e+01, 8.2941583841155122e+00
35, 5, 1.9879477269941280e+01, -2.8029008682731540e+01
35, 6, 2.5505474952755122e+01, 2.7796847113152023e+01
35, 7, 5.9650836077841900e+00, -2.0335142732365270e+01
35, 8, 2.7063418112358171e+01, 1.3665076058766289e+01
35, 9, -6.9051482992030957e+00, -9.5200036953894092e+00
35, 10, -6.4451863609309719e+00, -6.7617829007847678e+00
35, 11, -1.4126382562524363e+01, 9.2162753885008879e+00
35, 12, -2.4203849476758386e+01, 8.2946384758505562e+00
35, 13, -1.4640246683667064e+01, 4.0120420648450255e+00
35, 14, -5.6066180567101682e+00, 2.0010785633770190e+01
35, 15, 9.9165473744805386e+00, -2.2922278302959370e+01
35, 16, 1.0956133270944168e+01, 5.2128431918415785e+00
35, 17, -1.7384930692839529e+01, -1.9546829985077508e+01
35, 18, 9.5157389749895920e+00, -9.1203387082595420e+00
35, 19, -2.2527568233185065e+01, 8.5329314945141270e+00
35, 20, 1.5754513340448662e+01, -2.5201641048462804e+00
35, 21, 4.5467658844305401e+00, 2.8439290954021391e+01
35, 22, 1.2600275382075349e+01, -8.2294152646627232e+00
35, 23, 1.1189358956851953e+01, -1.4330912292730549e+00
35, 24, -1.7633635904302000e+01, -6.4684981262432117e+00
35, 25, -8.7135321427929071e+00, -7.5512708110329374e+00
35, 26, -3.0453075853605114e+00, -7.4715330550025749e-01
35, 27, -1.7681253291737431e+01, 6.1732802469317098e+00
35, 28, 2.3596518724293251e+01, 2.9677251974775323e+00
35, 29, -2.2079853306329717e+01, -1.6528073101250133e+01
35, 30, 1.1859612752699610e+01, -1.7992573398120911e+01
35, 31, -5.2695413433714915e+00, 2.0441733917604004e+00
35, 32, 3.6310338137899699e+01, 4.0757403487430615e+01
35, 33, -1.5956672866619193e+01, -3.3590833441214727e+01
35, 34, 1.8914320316496088e+01, 6.0195617052647492e+01
35, 35, 1.3921867914788780e+01, -4.0510264316678484e+00
36, 0, 2.0923063648991459e+01, 0.0000000000000000e+00
36, 1, -1.3392854257671921e+01, -4.7203188552685607e+00
36, 2, 1.1224481511483187e+01, -1.6424691401467442e+01
36, 3, -1.9439472383947944e+01, 5.4429472775391314e+00
36, 4, -1.4226740108166252e+01, -1.6855791399877189e+00
36, 5, 6.3960253974185655e+00, 8.1276303431165842e-01
36, 6, -1.3743277923011219e+01, -1.4462588741233731e+00
36, 7, 2.6235320083406233e+01, -1.4750252288747307e+01
36, 8, 9.1653194175396706e+00, -9.4779110494014489e+00
36, 9, 8.4252534679121780e+00, -1.4025306669590352e+01
36, 10, 1.4489525497454572e+01, -3.0710760572778200e+00
36, 11, -1.1494681700108361e+01, 2.5493062266713720e+00
36, 12, 3.4425078599770762e+00, 5.1851621625688766e+00
36, 13, 1.1813287554734455e+01, 2.7409699799435820e+01
36, 14, -1.1664512123053708e+01, -4.1186700270019490e+00
36, 15, 2.6473355768418603e+01, -5.8358015588933636e+00
36, 16, -1.3845123806096142e+01, -3.0292893869811643e+00
36, 17, -3.8663197631182014e+00, -1.5848509015096557e+01
36, 18, -3.5540670082773484e+00, 1.8487519512629603e+01
36, 19, -1.6072671179693657e+01, -5.1614632026897347e+00
36, 20, 2.1222621800564781e+01, 9.9151620435680705e+00
36, 21, 8.4329933137308721e+00, -1.9508751995454643e+00
36, 22, 5.1537501457506236e+00, -1.2285968531386839e+01
36, 23, -1.4121829894207223e+00, 6.9762866151645460e+00
36, 24, -2.0714980173195457e+01, -1.1890284158716973e+01
36, 25, -8.5265661373603296e-01, 2.0460047602532644e+01
36, 26, 5.4151703386294443e+00, 2.0061477169608999e+01
36, 27, 1.1895634319469821e+01, -1.0993412391752498e+01
36, 28, 2.3196875500781977e+00, 2.3783028231123470e+01
36, 29, -2.1822160266914864e+01, -1.6853436725116474e+01
36, 30, -2.0668519840632587e+01, 2.7330698408924395e+01
36, 31, -1.6110041374686642e+01, -2.1335247761882435e+01
36, 32, 3.1117808378958433e+01, 6.1768512247078275e+00
36, 33, 2.1057040715411041e+01, -4.1096585829218384e+01
36, 34, -1.4990379582265055e+01, 1.6444813266086346e+01
36, 35, 3.0181705179452994e+01, -2.8509929729635665e+01
36, 36, -1.0149164101406200e+01, -2.1723136306517976e+01
37, 0, -5.2622558291844541e+00, 0.0000000000000000e+00
37, 1, -1.0797781056433195e+01, -2.2362647295887886e+01
37, 2, -3.4282219913370682e-01, -4.4308802810577164e-01
37, 3, -1.0345147603949943e+01, 1.0856851058561013e+01
37, 4, 1.7247763656024915e+01, -4.8365583557076066e+00
37, 5, 3.7251854904857797e+00, 1.9012126758440473e+01
37, 6, -2.7551573225323807e+01, -2.2023151749633840e+01
37, 7, -8.8517193516365449e+00, -3.5672915479727072e+00
37, 8, -4.0856525038882836e+01, -2.1964236687506855e+01
37, 9, -1.8250447804004878e+01, -8.7292628769236220e+00
37, 10, -3.6791866402366549e+00, 1.5067583579006891e+01
37, 11, 3.9177330409111684e+00, -3.1247065989379958e+00
37, 12, 1.4492872772913067e+01, -6.8017123023782933e-01
37, 13, 1.7882261680264630e+01, -4.0525298178479181e+00
37, 14, 4.7301960198303092e+00, -2.4488314434386517e+01
37, 15, 2.8864003047001976e+00, 8.0298061384185644e+00
37, 16, -1.3798162097689687e+01, 6.1595913175439365e-01
37, 17, 8.1255855386338389e+00, 1.5165027084343606e+01
37, 18, -1.0995016445953578e+01, 2.7815765020178240e+01
37, 19, 2.2538803019522376e+01, -6.1733525197985335e+00
37, 20, 7.1184744600925987e+00, 8.7814795275617730e+00
37, 21, 7.1121091669922387e-01, -1.6054947538493813e+01
37, 22, 1.1075560996725669e+00, 4.9634179336042337e+00
37, 23, -1.2725639639510238e+01, -3.2893310304485945e-02
37, 24, 1.2736601068338537e+01, -7.0728456053357478e+00
37, 25, 1.1636745651591790e+01, 8.1254776201488532e+00
37, 26, -1.0616363259762634e+01, -1.5173228134307989e+01
37, 27, 1.6955761267868152e+01, -9.4149955972050492e+00
37, 28, -2.0852941288361869e+01, -4.4092812980743268e-01
37, 29, 1.1129552223792174e+01, -1.2777541846612591e+01
37, 30, -6.8772136334567744e+00, 4.8089622572153360e+01
37, 31, 1.9189571109942282e+01, -1.5698467726318849e+01
37, 32, -2.4761681382338061e+00, 1.0943016424545799e+01
37, 33, -3.1625690100496417e+01, -3.0777487262456692e+01
37, 34, -2.2152708493106157e+01, 3.9777824190771098e+00
37, 35, 2.6242673085262922e+01, 1.2881201143689417e+01
37, 36, -3.9002219772895550e+01, -2.5170553278336392e+01
37, 37, -1.1201402042701615e+01, 1.3458208467479157e+01
38, 0, -2.3006927725598768e+01, 0.0000000000000000e+00
38, 1, -1.1469686814612022e+01, 3.1045204691229333e+00
38, 2, -1.0809818727593219e+01, 2.0764090141564985e+01
38, 3, -4.9593589786188659e+00, -2.2204918972145440e+00
38, 4, 2.3074417269693274e+01, 4.7651054950767824e+00
38, 5, 9.3680486248728601e-01, -2.6742994429015869e+00
38, 6, 2.1365932752925612e+01, -7.1667424696750697e+00
38, 7, -4.1168001285372640e+00, 2.2972409374517653e+01
38, 8, -4.0846217313373616e+00, 1.2847442199292118e+01
38, 9, -1.1179350228864109e+01, 1.9181440210712854e+01
38, 10, -1.1379324173783203e+01, 1.9132129119705688e+00
38, 11, 7.8251240462138649e-01, -1.2517064496043728e+01
38, 12, -1.2832583561366460e+00, -1.0217958402601997e+01
38, 13, -1.9618043290797907e+01, -7.9294759714678413e+00
38, 14, -2.0540271106275165e+00, 2.6153758206984672e+00
38, 15, -8.7389820827032718e+00, -5.1232684657606553e+00
38, 16, -7.0802681167730306e+00, 4.8982860478606769e+00
38, 17, 6.4700906512233445e+00, 1.3522514544949953e+01
38, 18, -4.9611062202628382e+00, -1.9529769500020414e+01
38, 19, 1.4826102572940776e+01, -1.4189776240601853e+01
38, 20, -6.8984688711861271e+00, -2.5073945587501565e+00
38, 21, -1.1557334545045808e+00, -8.1429666119542006e+00
38, 22, -1.0758720353203966e+01, 1.9979470029564261e+01
38, 23, -5.7523896708312794e+00, -1.2895895371741240e+01
38, 24, 2.6387201752241158e+00, 6.4040907850343585e+00
38, 25, -1.8453804525793136e+00, -3.7654183241410295e+00
38, 26, 1.5711245014330114e+01, -1.4556666480899899e+01
38, 27, -1.6425125468029367e+00, 5.0281283953645293e+00
38, 28, -2.2311815042444348e+01, -1.9586951784237122e+01
38, 29, 1.6952510113010000e+01, 3.5974899259674004e+01
38, 30, -1.3958857009983861e+01, -1.2130852409874034e+01
38, 31, 4.3704478338144597e+01, 4.8210492660255788e+00
38, 32, -1.5677501138804804e+01, 4.8190545450021638e+00
38, 33, 1.0019664901385083e+01, -1.6230612275277232e+00
38, 34, -2.0711264851296235e+01, 2.9935878013522270e+01
38, 35, 1.1579291688865348e+01, 6.1217453555658814e+00
38, 36, -2.0485195304649174e+01, -2.7412370252813329e+01
38, 37, 4.3013892842955470e-01, 4.5848678213137127e+01
38, 38, 1.4684276326256306e+01, -6.3098683814201584e-01
39, 0, 1.4747754234033399e+01, 0.0000000000000000e+00
39, 1, 1.8728354399118132e+01, 1.0870983366339303e+01
39, 2, 2.3240868520399308e-01, 1.8029709400669898e+01
39, 3, 3.3893805737124652e+00, -3.9970609523618492e+00
39, 4, -5.6357186394883048e+00, 3.2710321594311447e+00
39, 5, -1.9093080136115763e+01, -1.9306738651307498e+01
39, 6, 7.8770615878013315e+00, 3.7001676763164562e+00
39, 7, -9.8137328433916586e+00, -4.8532296537219057e+00
39, 8, 2.2467970444094963e+01, 6.7135294183490402e+00
39, 9, 2.0124151767086101e+01, 4.7721360884364801e+00
39, 10, 1.0735807431494402e+01, 1.7944193421947702e-01
39, 11, 3.0953245614022258e+00, 3.2876249982517924e+00
39, 12, -1.2304160731510564e+01, -4.0214087536059893e+00
39, 13, 4.5687802241927367e-02, -1.2360565036530268e+01
39, 14, -7.5726712218297578e+00, 3.0177996044728461e+00
39, 15, -6.0661280052973261e+00, 1.0225972979825624e+01
39, 16, 5.0085373470316288e+00, -3.0842766954773220e+00
39, 17, 7.6499834482054716e+00, 7.5125330764400244e+00
39, 18, 8.5042549612241345e+00, -2.6095988781346293e+01
39, 19, -1.0202643683840595e+01, 1.4331512986101513e+01
39, 20, -3.6193347020035835e+00, -1.4548476437501915e+01
39, 21, -4.2596589452929878e-02, 5.6865581752847856e+00
39, 22, -5.0447069208881299e+00, -4.4881348470704268e+00
39, 23, 1.6043108445065656e+01, -1.7380124957715344e+00
39, 24, -1.5103058199678236e+01, -8.0031936297460753e+00
39, 25, -1.1428000186737140e+01, -1.0683321147153761e+01
39, 26, -6.7314843187391613e+00, -1.0394039462424087e+00
39, 27, -8.8719009009447163e+00, 1.3645555361494438e+01
39, 28, 2.4273097836759270e+01, -1.4357617884800366e+01
39, 29, -9.0611205520636666e+00, 2.4616738430908796e+01
39, 30, 9.0480189471038539e+00, -3.4082229560273518e+01
39, 31, 3.6389809072142709e+00, 1.7981440281593670e+01
39, 32, -1.5780355478648858e+01, -3.5051688419779104e+01
39, 33, 2.1977076986458215e+01, 1.7005498661162072e+01
39, 34, -1.5949007694860695e-01, -7.6429713515891518e+00
39, 35, 1.5359722411934854e+01, 1.7844562120567232e+01
39, 36, -5.0867919438528659e+00, -9.4899357552766546e+00
39, 37, -1.0223980599917420e+01, 1.4579140115792338e+01
39, 38, 3.2066620874213619e+01, -1.0801377791972904e+01
39, 39, -8.1581042489655609e-01, -3.8649521072412604e+01
40, 0, 8.4262294650358029e+00, 0.0000000000000000e+00
40, 1, -2.2861772343100926e+00, -7.2865881459005322e-01
40, 2, -4.6298637592773222e+00, -1.8813217739383827e+01
40, 3, 9.2828358308609875e+00, 1.2304864493542684e+00
40, 4, -9.5810544438625467e+00, 7.6217754849448909e+00
40, 5, 9.1314673875235304e+00, -9.7741733468833125e+00
40, 6, -2.2211213933472749e+01, 5.7968321002807937e+00
40, 7, -2.0235502486002517e+00, -1.0836602013851575e+01
40, 8, -3.6751555312158359e+00, -3.8321019048575682e+00
40, 9, 6.7772570395741187e+00, -1.4272661758652692e+01
40, 10, 5.2144740817322814e+00, -6.2895279019689889e+00
40, 11, 1.8289756527689242e+01, -4.7574476523610487e+00
40, 12, 7.5900351313943903e-01, 3.4784082960268399e+00
40, 13, 5.9802252847920263e+00, 8.4078533296819806e+00
40, 14, 3.4604638007831405e+00, 9.7790170165917107e+00
40, 15, -1.2946803810034169e+01, -2.7310156673724761e+00
40, 16, 1.7654698723042529e+01, 1.1668366562852259e+00
40, 17, -1.5206730121846153e+01, -4.7151475456452712e+00
40, 18, 1.5476134490885828e+01, 1.6299196714212236e+01
40, 19, -9.4774144429418321e+00, -3.4861546478745498e-01
40, 20, 2.8302988322626024e+00, 8.9136706283179290e-01
40, 21, -4.1697714055856929e+00, 6.3817818342262402e+00
40, 22, 9.8697407510653647e+00, -8.7659661176271246e+00
40, 23, 1.0038791044520542e+01, 9.1747447267844269e+00
40, 24, 1.0695256745420272e+01, 5.6518724637404061e+00
40, 25, -1.1025330337393497e+01, -1.8189869471174636e+00
40, 26, 5.8794887090807446e+00, 2.1099513027407976e+01
40, 27, 4.6338140714286086e-01, -1.0421524520967385e+00
40, 28, 1.9691171451785767e+01, 1.8387462062342649e+01
40, 29, -1.2586786351824011e+00, -1.2795907873097882e+01
40, 30, 1.8474574365629255e+01, 1.4417339757168421e+00
40, 31, -2.8063699983690999e+01, -6.5276001005402353e+00
40, 32, 1.0711416883876488e+01, -6.2407748991531440e+00
40, 33, -7.7442627151761325e+00, 1.6395394807926444e+01
40, 34, 5.6027395631728201e+00, -2.7672996813015232e+01
40, 35, -1.5162741307752064e+01, 7.5035809977854875e+00
40, 36, 1.8033010282256751e-01, -6.6307351284827654e+00
40, 37, -1.0078854582363150e+00, 1.5535649861504858e+01
40, 38, 1.5384560866263081e+01, -3.0502338526226715e+00
40, 39, -1.6106476904792430e+01, -4.3539784733916882e+00
40, 40, -4.2741292561665162e+01, 8.2660682152855571e+00
41, 0, 1.0781509973712419e+01, 0.0000000000000000e+00
41, 1, -9.9330630107131874e+00, -4.8436793348154215e+00
41, 2, -2.6487091546816708e+00, -2.0030555196222362e+01
41, 3, -1.0211000036682503e+01, 9.3584339353078541e+00
41, 4, 1.6863806799376997e+00, -4.1369540651315893e+00
41, 5, 1.0755613514025836e+01, 1.8700102987858418e+01
41, 6, -1.0275551928896873e+00, 1.2849296081156778e+01
41, 7, 6.7857139497186232e+00, 2.1502035387892168e+01
41, 8, -2.9918646022645032e+00, -7.0537547960773779e+00
41, 9, -1.0689962548664191e+01, -3.9847593340148912e+00
41, 10, -1.4470526174809191e+01, -1.1611936665889651e+01
41, 11, -3.2863275170921091e+00, -4.7864379465212465e+00
41, 12, -1.1595630817121297e+01, -1.3742590008304583e+00
41, 13, 7.3171618468525104e+00, 3.7135936849958235e+00
41, 14, 2.4501628947486114e+00, 3.0999564431495727e+00
41, 15, 1.4214951876677546e+01, -1.3174480025164193e+01
41, 16, 2.8914213470532681e+00, 1.9508311269448799e+00
41, 17, 7.0273349390835005e-01, -2.1059298085375211e+01
41, 18, -1.6325653449703001e+01, 1.7567534173391994e+01
41, 19, 1.5346519430326420e+00, 6.0210528127357650e+00
41, 20, 8.5099883461865673e+00, 4.8767810527925874e+00
41, 21, 1.8592090694905224e+01, 1.0765530652074345e+01
41, 22, 8.5087042957456021e+00, -2.5568688434263116e+00
41, 23, -1.0099635564808606e+01, -2.9562486679456157e+00
41, 24, -3.6519875271511504e+00, -9.8013490943744905e+00
41, 25, 5.6420145215688642e+00, -6.6854256785751485e+00
41, 26, 2.0195787347521081e+00, 1.6841066344663588e+01
41, 27, 1.9417187890793731e+01, -6.2412638073086022e+00
41, 28, -6.7491820471285449e+00, -2.0597580057760227e+00
41, 29, -3.3832822993594425e+00, -1.3184258640765316e+01
41, 30, -5.0702543975109648e+00, 1.7589590815502579e+01
41, 31, -6.8364722892704552e+00, -1.3510189633881181e+01
41, 32, 5.1139719134028523e+00, 2.0105344223493450e+01
41, 33, -1.8197851708210067e+01, -8.8040187966332017e-01
41, 34, 2.0202034487299322e+01, -6.5041790912202888e+00
41, 35, -2.7865405623879784e+01, 1.1863166645138354e+00
41, 36, -2.3205290388667699e-01, -7.7098898847079171e+00
41, 37, 1.0800621585122208e+01, 1.2462181431461190e+01
41, 38, 3.6402789136475322e+00, -2.2320982106106570e+01
41, 39, -6.8078999749017655e+00, -7.5198920584002460e-02
41, 40, 1.5849253150522665e+01, 1.9779968278313525e+01
41, 41, 5.6693114358374146e+00, 2.0317068784079865e+01
42, 0, -3.3361919239303770e+00, 0.0000000000000000e+00
42, 1, -1.1603163016952211e+01, -2.7342988633765684e+00
42, 2, -2.1471695125436425e+00, 1.0456516115326956e+01
42, 3, -1.6060994736246286e+01, 1.2071771384789307e+00
42, 4, 1.2673362774326252e+01, 1.9620682652143611e+00
42, 5, 2.3922436107728391e+00, 1.7007152455102794e+00
42, 6, 1.8170493747607516e+01, -5.5251365597738378e+00
42, 7, 1.2006864260496203e+01, -4.6421545447888173e+00
42, 8, 1.3066581479077822e+01, 7.0623709945794015e+00
42, 9, -2.7980244292411127e+00, 1.5056876305561406e+01
42, 10, -3.3710353766037300e+00, 7.6520508378357066e+00
42, 11, -1.6270601726031188e+01, 1.8441029940380655e+01
42, 12, -3.6734829896246128e+00, 1.8989508314760317e-02
42, 13, 2.7700518732776330e-01, 6.9235057702376199e+00
42, 14, -2.2742877969448818e+00, -1.3819214283360083e+01
42, 15, 1.1894255810841653e+01, 2.1759786641225460e+00
42, 16, -1.9452747478119207e+01, 2.0667262879507131e+00
42, 17, 1.0374826372892123e+01, 3.1385637759794101e+00
42, 18, -5.0726005109997558e+00, -6.6506290829554260e+00
42, 19, 1.1480661861291974e+01, -4.4275566391408017e+00
42, 20, 3.0031807302387952e+00, 5.2913816792622121e+00
42, 21, -2.4582581568175921e+00, -1.2357096395526526e+01
42, 22, -1.0200302577271703e-01, -1.0368666344945732e+01
42, 23, 7.2269654211220224e-01, 1.3261858589846063e+00
42, 24, -1.0474766871676790e+01, 3.1464739821193288e+00
42, 25, 4.4265604015490939e-01, 1.3425700849294966e+01
42, 26, -9.2605960937477272e-01, -1.3272851705038594e+01
42, 27, 9.3911148836153568e+00, -1.3025386408529187e+01
42, 28, -1.6726453173994813e+01, -6.4754475336402848e+00
42, 29, 2.4385168827094468e+00, -5.5362122829223788e+00
42, 30, -1.3043356256406895e+01, 1.6372823114207463e+01
42, 31, 1.1470249927842474e+01, 1.0053945166385146e+01
42, 32, -2.4475541856710574e+00, 1.0189840327202443e+01
42, 33, 1.2845018488012965e+01, -2.1521333108080704e+01
42, 34, -9.3606655276483131e-01, 8.4748145260530556e+00
42, 35, -1.0769358413709309e+01, -5.8574571287777415e+00
42, 36, 1.2457519695036231e+01, 1.1910136552129815e+01
42, 37, 7.2657107554024791e-01, 8.6612317418831282e+00
42, 38, 4.7327030066748996e+00, -2.0160914889383058e+01
42, 39, -5.7709916103739589e+00, 2.9063849818440439e+00
42, 40, 2.1486850128613710e+00, 1.8841828222970832e+01
42, 41, 1.1779059509333223e+01, -1.5514987310077146e+01
42, 42, 1.6489624100939452e+01, -1.1950956418938418e+01
43, 0, 4.4643186541408153e-01, 0.0000000000000000e+00
43, 1, 1.3728907923286840e+01, -5.8070040782111541e+00
43, 2, -1.0067443196370332e+01, 2.1007150050828535e+01
43, 3, -2.7283799437839784e+00, 2.7682095859315190e+00
43, 4, 3.5913187119486780e+00, 8.1306842283455669e+00
43, 5, -9.3540666644325974e+00, -1.4927734421901743e+01
43, 6, -3.7739473038508757e+00, -1.1884346520208005e+01
43, 7, 1.5154539651795313e+00, -7.0879377246970172e+00
43, 8, -2.7411650662158578e+00, -8.1534191535727469e+00
43, 9, 5.2591591014715213e+00, -7.4644293173666743e-01
43, 10, 1.0720905578606660e+01, 5.1311601600124854e+00
43, 11, 5.2179544171191425e+00, 6.1689951932567846e+00
43, 12, 1.9324732085517439e+01, 2.7881876494637745e+00
43, 13, -7.1365282411798567e+00, -1.6122619530309048e+00
43, 14, -2.2000540177141117e+00, -4.8805873990286885e-01
43, 15, -7.5432857457870250e+00, 1.4436066926887584e+01
43, 16, -1.3543496845849173e+01, -1.1342401153415061e+01
43, 17, -1.7013303555817836e+00, 1.7729948093287010e+01
43, 18, 3.5062079000159305e+00, -6.0078185786771456e+00
43, 19, -2.1512370368867104e-01, -6.2934226799247144e+00
43, 20, -5.6364075519879889e-02, -9.1293182616852366e+00
43, 21, -6.8652712463362437e+00, -1.8777775050947962e+01
43, 22, -1.1396192997843089e+01, 4.0977090785733026e+00
43, 23, -1.1589561903241922e+01, 5.9306537887030819e+00
43, 24, -1.3936814891058984e+00, 1.2897242728461378e+00
43, 25, 2.8591556861052121e+00, 4.5735750167928035e+00
43, 26, 8.7996394220069334e+00, -7.9908127810144522e+00
43, 27, -5.5577474879006772e+00, 1.1787106091197497e+01
43, 28, -5.6524628734361144e+00, -6.9124903503997492e+00
43, 29, -1.8410788029323760e-01, 1.8888080776139688e+01
43, 30, -2.2534288091163317e+00, -3.3996724961246363e+00
43, 31, 2.0566149759126095e+01, 3.1793206460409609e+00
43, 32, -4.7144157140393244e+00, -7.4237844486902240e+00
43, 33, 2.5811110757480051e+01, -4.0521321383734348e+00
43, 34, -2.2854801065025462e+01, 2.3566538539067525e+00
43, 35, 1.6545061699219733e+01, 1.3759771449060270e+00
43, 36, -3.7688757031200071e-01, 1.9954881874134450e+01
43, 37, 8.0800763412307024e+00, -6.6520157577635128e+00
43, 38, -6.6733595087531707e+00, 5.8964007756387602e+00
43, 39, -8.2526843763947308e+00, 6.1946068086031856e+00
43, 40, -3.1040874108758070e+00, 5.7653609730138751e+00
43, 41, 1.6761989676370760e+01, -5.3863181440724581e+00
43, 42, -2.3750880217218580e+01, -1.3694982138909435e+01
43, 43, -1.3626667986446328e+01, 1.9189230671166133e+00
44, 0, 9.0827831482511314e+00, 0.0000000000000000e+00
44, 1, 2.5054685148964144e+00, 2.2215906371693199e+00
44, 2, -2.2297526043621385e+00, -3.5048704658352658e+00
44, 3, 1.4830612867682168e+01, -1.8452264229799520e-01
44, 4, 1.5410265815054474e+00, 1.7953132682868480e+00
44, 5, 2.6410408797515794e+00, -2.0171706187525427e+00
44, 6, -1.5870583788900721e+01, 6.6865940768844077e+00
44, 7, -1.7970594335429340e+01, -5.6136535022848628e+00
44, 8, -1.0299254347193829e+01, 2.2478180877856389e+00
44, 9, 5.8650002266071670e+00, -7.3146256738776865e+00
44, 10, 1.0053390893198866e+01, -4.7792539533995928e+00
44, 11, 8.6649762733232052e+00, -2.2276870332708782e+01
44, 12, 1.2914237085755046e+01, 1.6891407589979907e-01
44, 13, -1.2729221597682727e+00, -6.2381198197521188e+00
44, 14, 1.1586569376069868e+01, 2.4239540149567489e+00
44, 15, -4.4750661399288543e+00, -3.9567721840903300e+00
44, 16, 2.1973640316497235e+01, -2.3734398585466896e+00
44, 17, -1.9680653146424487e+00, -4.2053648523172775e+00
44, 18, 4.3756950878444112e+00, 9.0555956355900402e-01
44, 19, -7.1608887183353689e+00, 1.8575683807058583e+00
44, 20, -9.4223680656485289e+00, -1.3836637783630645e+00
44, 21, -9.3953946573374960e+00, 1.2315568647552205e+01
44, 22, 9.3000127246845921e-01, 2.6652173475552177e+00
44, 23, -8.3071576222523347e-01, -3.1999401313187712e+00
44, 24, 1.9091368361646275e+01, 4.2508764886042796e+00
44, 25, -6.3811415510313374e+00, -1.9794735961872849e+00
44, 26, -5.7977079625241528e+00, -5.3901731603482617e+00
44, 27, -6.3755503788475760e+00, 7.2656905755553360e+00
44, 28, -2.2023998999672272e+00, -1.9556305631856987e+00
44, 29, -4.5624543230908570e+00, 8.3663389714774059e+00
44, 30, 1.3185376768606270e+01, -6.2918611435447565e+00
44, 31, -4.4613460475907827e+00, 4.5344056653926819e+00
44, 32, -8.9934995764300076e+00, -2.0715611959265722e+01
44, 33, -1.4451795541779104e+01, 1.0092923755723831e+01
44, 34, -3.0697273227910395e+00, -3.4719561768154250e+00
44, 35, 1.1782106923770602e+01, 8.8660021033383956e+00
44, 36, 4.4193699826552306e+00, -8.5548913552104047e+00
44, 37, 4.3553010551474012e+00, -5.1473437165090878e+00
44, 38, -1.5238463858539069e+01, 3.5837034520551203e-01
44, 39, 5.9110224930503099e+00, 4.4782541465489434e+00
44, 40, 1.1866003227589879e+01, 6.3922975966849958e+00
44, 41, -1.4344532272752435e+00, -9.2987849057733456e+00
44, 42, 1.2891650180759529e+01, -3.5510140472945695e+00
44, 43, -4.2702419106599434e+00, 1.7959742564289101e+01
44, 44, 5.7206853925747891e+00, 1.9111749919868799e+01
45, 0, -6.3873970425379962e+00, 0.0000000000000000e+00
45, 1, -4.3173137839364166e+00, 6.2077703288116473e+00
45, 2, -8.2284421692585124e+00, -7.5138451969179396e+00
45, 3, -4.9766205920787998e+00, -8.6587907794685659e+00
45, 4, 1.1762800838076235e+01, -3.5181819414430517e+00
45, 5, 7.9758934832037687e+00, 3.3858875285044712e+00
45, 6, 1.0062064905793626e+01, 8.6158922740493349e+00
45, 7, 9.1696882867096434e+00, 1.5173836844478863e+01
45, 8, 1.5033831252422988e-01, 6.9472156519526678e+00
45, 9, -1.0290897449973668e+01, 9.8319486566365146e+00
45, 10, -1.7699767501960530e+01, -9.0067219522233017e+00
45, 11, -2.5121955047311531e+00, -2.5284448209686792e+00
45, 12, -1.3303809499860900e+01, -8.4625497995962995e+00
45, 13, -1.2298377832215838e+01, -9.5663468865777084e+00
45, 14, -8.3419428059069589e-01, 5.2745675909969520e+00
45, 15, 2.4464551560563191e-01, -1.3653097789592518e+01
45, 16, 7.0671415187495281e+00, 9.3960388052919974e+00
45, 17, 4.2177834650848016e+00, -5.8274729841232986e+00
45, 18, 4.5992049932107406e+00, -1.2493522959754539e+01
45, 19, 9.3131693982770578e+00, -1.7075201801004722e+00
45, 20, -3.0972581162203899e-01, -7.2302012204421553e+00
45, 21, 6.0773568713152659e-01, 4.3269662956548967e+00
45, 22, 2.1930070678975122e+00, 8.8216011624896531e+00
45, 23, 4.5236780520831310e+00, -3.8437494666837426e+00
45, 24, -3.3875454412790846e+00, 1.1810678934563700e+01
45, 25, 5.7401619786523224e+00, -9.1894869339437584e+00
45, 26, -4.8494160256068737e+00, 6.3938529124420027e+00
45, 27, -5.9565885692728262e+00, -5.9750256837279441e+00
45, 28, 1.2025040301630520e+01, 2.6350054142066743e+00
45, 29, -3.1737769028843732e-02, 1.4460536782295614e+00
45, 30, 7.9829328505275612e+00, -4.4387519584124320e+00
45, 31, -1.2276991465675323e+01, -4.5687761030159102e+00
45, 32, -1.8572762171859556e+00, 7.5346601926014483e+00
45, 33, -1.0492242803522343e+01, 6.5113734919243775e+00
45, 34, 4.0769680464076847e+00, 2.4901839234572170e+00
45, 35, -9.2602745525735983e+00, 5.1187733013818741e+00
45, 36, 7.1741943750110186e+00, -3.7530909300653761e+00
45, 37, -1.2183273380603268e+01, 6.9607826636402512e+00
45, 38, -7.3309220187424193e+00, -6.5133621663587924e+00
45, 39, 1.2147227988012599e+01, 8.3770083596879763e-01
45, 40, 2.6129594147412414e+00, -1.0947554368208511e+01
45, 41, -1.3895511377672635e+01, -2.0503052751859226e+01
45, 42, -9.4710420150518377e+00, 8.8281802671279817e+00
45, 43, 4.9869444943902517e+00, -1.5202998836310869e+01
45, 44, 1.5240430533777083e+00, -3.7120020005398202e+00
45, 45, 1.6438012200240298e+01, -1.2603215308724703e+01
