0, 0, 0.0000000000000000e+00, 0.0000000000000000e+00
1, 0, -5.2372927218894946e+05, 0.0000000000000000e+00
1, 1, -3.0527133013184750e+04, -2.3699794418396833e+05
2, 0, 0.0000000000000000e+00, 0.0000000000000000e+00
2, 1, 1.1432551828949412e+05, 6.1723792502339791e+04
2, 2, 6.2671600824225170e+05, -2.8749860027079692e+05
3, 0, 2.9676648225366347e+05, 0.0000000000000000e+00
3, 1, -2.0234071664004528e+05, -6.3142484867484507e+05
3, 2, 1.6570323781108859e+05, 2.2129145128382806e+04
3, 3, -5.0681836824923160e+05, -1.0800722877285985e+05
4, 0, -1.2889092903122626e+04, 0.0000000000000000e+00
4, 1, -1.7390884935774122e+05, -1.1076350524861481e+05
4, 2, 2.4846032833696296e+05, 1.4877611696741526e+05
4, 3, -3.5419028513776627e+05, 2.4018896201626041e+04
4, 4, -6.5394277915622843e+04, 2.4176398365002288e+05
5, 0, -1.5539559181815933e+05, 0.0000000000000000e+00
5, 1, 4.2764440818573086e+04, 1.3279194063406298e+05
5, 2, -1.9901614109905000e+04, 6.7433019763902674e+04
5, 3, -8.9676657747797435e+01, 1.8462394037529823e+05
5, 4, 1.0911499543393096e+05, -1.6510624460952749e+05
5, 5, 4.5749176022486150e+04, -6.7025578824028693e+04
6, 0, 6.5293189913029571e+04, 0.0000000000000000e+00
6, 1, -8.4102658526318439e+04, -1.5569099974027187e+04
6, 2, -1.2587530574820032e+05, 1.4545673819014934e+04
6, 3, -1.1456677207251872e+05, -5.1615085848239964e+04
6, 4, 1.9622785614728629e+04, 1.3251589046127745e+04
6, 5, 7.2105238108930731e+04, -5.3065192022198971e+04
6, 6, 4.6906006120546197e+04, 1.2586614903743754e+04
7, 0, 9.7196048608028068e+04, 0.0000000000000000e+00
7, 1, -5.6217204606931293e+04, 1.0994006504095855e+05
7, 2, 6.5127595950753443e+04, -7.5328473238021266e+04
7, 3, 2.4350351522961111e+04, -1.6579440370560500e+04
7, 4, -7.7969593131967937e+04, -8.1012696433458521e+04
7, 5, 9.4958062944447429e+03, 4.9755369444882956e+04
7, 6, 6.7866447077418183e+04, 4.1843529127877788e+04
7, 7, 3.0118693312139825e+04, -3.0956406359030159e+04
8, 0, -4.9446588895787441e+04, 0.0000000000000000e+00
8, 1, -1.0700953104991710e+04, 4.6692784254712642e+04
8, 2, -2.8344868752315808e+04, -2.5734559015618906e+03
8, 3, 3.8890300707176058e+04, 4.0451435512339456e+04
8, 4, -6.4428787555576055e+03, 6.1290883544509707e+04
8, 5, 7.3589955159170000e+04, 8.3177747683988317e+04
8, 6, -4.5713875538688415e+04, -9.2851022663732074e+03
8, 7, 2.8444239428078698e+04, 1.6739855093596059e+04
8, 8, -4.1046042788918821e+04, 8.4241772137253465e+03
9, 0, 3.1774977983300323e+02, 0.0000000000000000e+00
9, 1, 4.6513461905640048e+04, -9.7368534750523235e+04
9, 2, -4.9313110096051030e+04, 2.2133499086359443e+04
9, 3, -6.9895083656328206e+03, -2.7619727066668140e+04
9, 4, -1.8799020907133468e+04, -1.3274826091387986e+04
9, 5, -1.6163262196654083e+04, 3.8981240056984272e+04
9, 6, 1.6068055964189174e+04, 6.7425438003509931e+04
9, 7, 2.4549018185580320e+04, -9.4138386712634092e+04
9, 8, -6.7619773412290044e+04, 3.2827228259204247e+04
9, 9, -1.4808006749823900e+04, -3.0150814457152315e+04
10, 0, 2.4519871438133712e+04, 0.0000000000000000e+00
10, 1, 2.8213686472505768e+04, -8.1038729946907852e+03
10, 2, -2.9226376727120296e+04, 8.9413757777224782e+03
10, 3, 6.5143520604839636e+04, 1.3419437295988439e+04
10, 4, 1.2269894994407248e+04, -4.7346362756242059e+04
10, 5, -2.8210536077603225e+04, 3.7803211069869649e+03
10, 6, 1.1614937839331335e+04, -4.8940323300895339e+04
10, 7, -1.5620566830362270e+04, -2.5166094566000869e+04
10, 8, -4.5995832015561355e+03, -2.0672942027496465e+03
10, 9, -1.6238074611869524e+04, -3.4389487521667841e+04
10, 10, 8.8240604949531735e+03, 1.4906026010378617e+04
11, 0, 3.8176685708450455e+03, 0.0000000000000000e+00
11, 1, -3.9011236246989145e+04, -8.1764412583330986e+03
11, 2, -7.6129127549637778e+03, 3.3526289251561393e+04
11, 3, 6.5477390147927181e+03, -2.8573785201792267e+04
11, 4, 2.4243904735006519e+04, 2.1836074538644833e+04
11, 5, 1.4583663911964228e+04, -1.7064335673543272e+04
11, 6, 3.2031574714758091e+04, 2.5281490638431234e+04
11, 7, -1.7966181173559802e+04, -1.2929720684883236e+04
11, 8, 2.5564748391565368e+04, 1.8787959954677295e+04
11, 9, -8.4489168825702127e+03, 5.4553866339138403e+02
11, 10, 3.6159661011131924e+04, -1.3489149848464738e+04
11, 11, 9.8348457363243215e+03, 8.3614910577602786e+03
12, 0, 2.6092573743529436e+04, 0.0000000000000000e+00
12, 1, 1.8126014061199428e+04, -1.3359473874900908e+04
12, 2, 1.2853141188337602e+04, 4.1928648194035450e+03
12, 3, 8.2748869256488360e+03, 4.8458761664172880e+03
12, 4, 2.0344858410238259e+04, -1.1771426353904913e+04
12, 5, 2.7293309584423623e+04, -1.1803937381138699e+04
12, 6, -7.8011520658449554e+03, -9.8612526185112147e+03
12, 7, 2.3295485270130870e+04, 2.5552770365014221e+04
12, 8, -2.9972468435115086e+04, -2.3155354322781532e+04
12, 9, 2.9608730871400461e+04, 2.0360218728542393e+04
12, 10, 3.6504314068408588e+04, 1.5737788315495349e+04
12, 11, 3.0530195257856176e+03, 2.8323573684123508e+04
12, 12, 9.8199888846054801e+03, 3.6592111993829553e+02
13, 0, -1.4473719015485140e+04, 0.0000000000000000e+00
13, 1, 1.9081759013775569e+04, 4.6063608685804509e+04
13, 2, -2.5144394467317339e+04, -1.6348713267335279e+04
13, 3, 2.9892226744768988e+04, 2.5658373362041602e+04
13, 4, 2.2751508194907987e+04, 9.8827227066943979e+03
13, 5, -8.7212864881222886e+03, 8.9542198430695316e+03
13, 6, -4.3778571203183870e+04, 3.1209495199792451e+04
13, 7, 1.6510716023571476e+03, 1.2763162898559840e+03
13, 8, -3.0390047060682873e+03, 4.0810864376993959e+03
13, 9, 3.1147681333742017e+04, 1.9771412999074888e+04
13, 10, -1.6452202136724827e+04, -1.1013785801634145e+04
13, 11, 2.0722943519598266e+03, 1.2224988153384838e+04
13, 12, -2.6527508564218817e+04, 1.2046985158092684e+03
13, 13, -2.7762179012830828e+04, -5.8469693198309105e+03
14, 0, 3.4590575556129603e+04, 0.0000000000000000e+00
14, 1, 8.1014531181259481e+03, 1.5004840138449301e+04
14, 2, 8.8871563905985931e+03, -1.0848969482917902e+04
14, 3, 1.0926000780912302e+04, -1.1389189635127908e+04
14, 4, -1.4947428955170486e+04, 1.2284212830138940e+04
14, 5, -1.4446483749352101e+03, -1.6977936015086743e+02
14, 6, -7.5813040621142245e+03, 1.1301307588414160e+04
14, 7, -1.6651348916608782e+04, -2.0105018615418721e+03
14, 8, -1.3218044550826493e+04, -1.0606164387523546e+04
14, 9, 1.8353983820530404e+04, 2.4472523413503819e+04
14, 10, 1.2359248266941437e+04, -6.1491162906107056e+03
14, 11, -2.8758956923807546e+04, -1.6732893955443193e+04
14, 12, -1.3685452490379927e+04, -1.4920898596636984e+04
14, 13, 5.1287696544049850e+03, 1.4430161035807614e+04
14, 14, 8.9065163526167562e+03, -9.1721122921924562e+03
15, 0, 1.1795758600525198e+04, 0.0000000000000000e+00
15, 1, 7.8634090405389034e+03, -1.5552107824310437e+04
15, 2, 1.3280092434731676e+04, -1.1593157050421134e+04
15, 3, -8.6374432645528213e+03, -4.6413482229618730e+03
15, 4, -4.3054127648282665e+03, 1.1610496176387536e+04
15, 5, -1.3240973557808837e+04, 9.4725661157310988e+03
15, 6, -2.1637420053292026e+03, 2.8717400923277764e+03
15, 7, 1.1244431348027065e+03, -5.4145174043500592e+03
15, 8, 1.7471217644171320e+04, -1.1066984492129737e+04
15, 9, -4.1972541658129514e+04, -6.8536722038482967e+03
15, 10, 1.1574897690079895e+04, 2.0708831212277460e+03
15, 11, -3.6876684304031296e+03, 2.1080612574862625e+03
15, 12, 4.3449036936041441e+04, 6.4087864428815192e+03
15, 13, 9.2222037947241915e+03, -3.5171657234861195e+03
15, 14, 5.5007025038332886e+03, -1.8294409160886593e+04
15, 15, 2.3028330506212333e+04, 8.5721310694623880e+03
16, 0, 2.7714591701576050e+04, 0.0000000000000000e+00
16, 1, -4.1925867786223316e+03, -6.6834182217950274e+03
16, 2, 2.6424532917522469e+04, 1.9277683622128348e+04
16, 3, -1.3010884110024968e+04, -2.5893429151016244e+02
16, 4, 1.3462219198401754e+04, 3.8607728826773537e+03
16, 5, 1.1771816502536831e+03, 3.9633620726354293e+03
16, 6, -4.5554717491253450e+02, 2.4033311704182906e+03
16, 7, -7.3291944019528146e+03, 9.9402463549783533e+03
16, 8, -4.0555432709892502e+03, -9.7202715397420816e+03
16, 9, 1.1894763085328443e+04, -4.4426097653923789e+03
16, 10, 7.7890931123592318e+03, 9.3611660758387152e+03
16, 11, -9.2435416109242014e+03, -2.5617010077903229e+04
16, 12, -2.1514276265745906e+04, 1.0545548633597869e+04
16, 13, 3.4788116339962553e+03, 8.7999152123912427e+02
16, 14, -1.5317380146120046e+04, -1.0570226719183087e+04
16, 15, 1.6691957533375997e+04, 4.4021813444134787e+03
16, 16, 3.3715372399113139e+03, 9.3829496639059907e+03
17, 0, 7.8137552496088283e+03, 0.0000000000000000e+00
17, 1, 9.9752803643626103e+03, -5.4466937936044669e+03
17, 2, 6.0924200989829051e+03, 2.1188261053900012e+04
17, 3, 2.1879673931792913e+04, 1.0264185085513200e+04
17, 4, 6.4352517212005405e+03, -3.0638262864226522e+03
17, 5, 9.7769936933579938e+03, 1.5306750493809108e+04
17, 6, 1.2050644525856222e+04, -1.3093029039893996e+04
17, 7, 7.2745561949929770e+03, 1.0766559017233434e+04
17, 8, -6.5256581994948847e+03, -3.4411460479181287e+03
17, 9, -1.2547698185444362e+04, 1.4880149495623971e+04
17, 10, -1.3366767200427266e+04, 7.2559876434831958e+03
17, 11, 1.7560100393072982e+04, 3.2838240668485036e+04
17, 12, -1.6110560843181909e+04, 6.3276354114897131e+03
17, 13, 1.2512199438339787e+04, 4.0306627245067739e+03
17, 14, -1.1848372530454684e+04, -7.6695079697195470e+03
17, 15, -8.6003562327421350e+03, -2.0050342385629856e+03
17, 16, 1.8210245551424341e+03, 4.8907900325700757e+03
17, 17, -1.2530604366869504e+04, 9.4427436711798327e+02
18, 0, -4.8225446818595628e+03, 0.0000000000000000e+00
18, 1, -2.7720803664068035e+03, 5.7803975275670964e+03
18, 2, -1.0089717220419032e+04, 2.1865468942711759e+03
18, 3, 5.8759845787067043e+03, -1.1697421284961712e+04
18, 4, -4.7978006903703608e+03, -4.6244936714964551e+03
18, 5, 7.7917475881639893e+02, 7.6539766344762756e+02
18, 6, -1.1130380066566531e+03, -2.4141521407413857e+03
18, 7, -5.7764284794080831e+03, -1.9915990536281629e+03
18, 8, -6.3257311748195825e+03, 4.7808400847612802e+03
18, 9, 5.2340281265279300e+03, -3.0902814436098080e+04
18, 10, 3.8312056262794613e+02, 1.2557154383367691e+04
18, 11, -5.2180982623283853e+03, -1.0981999018343637e+04
18, 12, -3.4715769539433709e+03, 1.9537451937889204e+04
18, 13, 9.1622030023169591e+03, -6.8478533489841448e+03
18, 14, 4.1574691260438331e+03, -5.4341943818448472e+03
18, 15, -1.2081336753606487e+04, 2.6696217700120687e+03
18, 16, -9.6478321930458224e+03, 8.6222503896286580e+03
18, 17, -1.8246926832869591e+04, -1.8947062507643092e+04
18, 18, 1.1618548952097608e+04, 2.0959424143742908e+03
19, 0, 3.6300661995440946e+03, 0.0000000000000000e+00
19, 1, -2.6041033695187780e+03, 8.2621208980026422e+03
19, 2, -2.2397928758956236e+03, 5.3991287412163656e+03
19, 3, -8.2739689830532370e+03, -2.8768955292276823e+03
19, 4, -9.1434479194890664e+03, -7.1847733547419375e+02
19, 5, -6.8741661480438379e+03, -1.2367529247752420e+04
19, 6, -1.4873426557617098e+04, 9.4779377747945673e+03
19, 7, -9.6865395031885982e+03, 1.3133001142142166e+02
19, 8, 2.6698866671130527e+03, -9.5535610721518606e+03
19, 9, -1.1827713141446116e+03, -1.2322501383176379e+04
19, 10, 5.5607206446433156e+03, -1.0616105597741664e+04
19, 11, 6.4439054240153037e+03, 5.3005494572453244e+02
19, 12, -1.9415594104741096e+04, -7.8751522368621918e+03
19, 13, 4.8112973970476105e+03, -8.9920871238369491e+03
19, 14, -2.0636109733757303e+03, 3.6784004967133733e+03
19, 15, 5.9464029820723226e+02, -5.5073258479985589e+03
19, 16, -6.3747785794683105e+03, 3.9945339029174493e+03
19, 17, 8.0341799688528718e+03, 1.9328341632460724e+03
19, 18, -1.8623978420106716e+04, 1.7551558580070487e+03
19, 19, -6.0514896768956023e+03, -1.7106048679498152e+04
20, 0, 4.1211524399437913e+03, 0.0000000000000000e+00
20, 1, 1.6397780408347109e+04, -4.1386409679932876e+02
20, 2, 3.4110397790740135e+03, -1.2750420362622535e+03
20, 3, 2.0410147982708710e+04, 3.8753127612908957e+03
20, 4, 7.4790373599156555e+02, 9.2563439959123589e+03
20, 5, -1.3876490591427769e+03, 4.6363593611013803e+03
20, 6, 4.0207119680527767e+03, 9.7948168556396413e+03
20, 7, 7.3430251562008516e+03, -2.1423341578316027e+04
20, 8, 6.8483146604141548e+03, 3.2507643266552232e+03
20, 9, -1.5621073773150843e+04, 3.1458842646698495e+03
20, 10, -9.1903094225194054e+03, 1.8017587699618948e+03
20, 11, -1.9337817630258138e+04, 1.3684040195931248e+04
20, 12, 6.6328998413391355e+03, -8.2318986405425858e+02
20, 13, 2.3970699225074633e+04, 4.0665345772786241e+03
20, 14, -5.5404476987515463e+03, -9.4210663235349348e+03
20, 15, 5.6386154989506053e+02, 7.3304444884376171e+03
20, 16, -4.4662714599749279e+01, -1.6226259493264948e+04
20, 17, 4.2676202067930526e+03, 2.7970154461900456e+03
20, 18, -1.3689667487970894e+03, 1.1417974716023487e+04
20, 19, 1.1705181513205865e+04, 1.9839554944276471e+04
20, 20, -3.0859138436003213e+03, 8.4470725110817912e+03
