0, 0, 0.0000000000000000e+00, 0.0000000000000000e+00
1, 0, -3.9883516465173330e+05, 0.0000000000000000e+00
1, 1, -2.3247304987883774e+04, -1.8048086885743812e+05
2, 0, 0.0000000000000000e+00, 0.0000000000000000e+00
2, 1, 1.0477965000225908e+05, 5.6570341652212483e+04
2, 2, 6.4729386452400440e+05, -3.0564611007785489e+05
3, 0, 2.8899463453050115e+05, 0.0000000000000000e+00
3, 1, -1.9038888378974254e+05, -6.1468234215096966e+05
3, 2, 1.7573911098123045e+05, 7.2624990325325634e+03
3, 3, -5.1631290187018708e+05, -1.3799785018703673e+05
4, 0, -2.2452591049853640e+04, 0.0000000000000000e+00
4, 1, -1.6681687756212812e+05, -1.0850456370251854e+05
4, 2, 2.2770664461668493e+05, 1.5396474866630291e+05
4, 3, -3.3528500156034168e+05, 2.2224401039695040e+04
4, 4, -6.0055549940034165e+04, 2.4659107060015772e+05
5, 0, -1.3770696304863290e+05, 0.0000000000000000e+00
5, 1, 3.7877323142005989e+04, 1.1622952061466141e+05
5, 2, -8.5294593829253572e+03, 6.4035037149824981e+04
5, 3, -7.4811267613920500e+03, 1.6758346417754918e+05
5, 4, 1.0976780753394865e+05, -1.4285553469347669e+05
5, 5, 5.1616544137277684e+04, -6.9502585439420160e+04
6, 0, 5.7399386016119097e+04, 0.0000000000000000e+00
6, 1, -8.0786628385222430e+04, -1.1367106741234638e+04
6, 2, -1.1735540059668157e+05, 1.0522094001396908e+04
6, 3, -1.0714443098758318e+05, -4.8082232350300445e+04
6, 4, 1.6080621116145827e+04, 7.0667342888115381e+03
6, 5, 6.3057150847937221e+04, -5.1913841975718482e+04
6, 6, 3.7758121478010638e+04, 9.9756169504903883e+03
7, 0, 8.8908234992325029e+04, 0.0000000000000000e+00
7, 1, -5.4250351823883815e+04, 1.0259384184915788e+05
7, 2, 5.6583484872442699e+04, -6.9178526745036157e+04
7, 3, 2.1399815179642843e+04, -1.4858602990275685e+04
7, 4, -7.6040763389356143e+04, -7.4761017929007096e+04
7, 5, 9.1056261266131260e+03, 4.8215935655097775e+04
7, 6, 6.3927232175189005e+04, 4.1627873482284216e+04
7, 7, 2.7390998585781970e+04, -2.6272491827001533e+04
8, 0, -4.6711374956122760e+04, 0.0000000000000000e+00
8, 1, -9.9586790251592374e+03, 4.3295988334934867e+04
8, 2, -2.8362327002547572e+04, -2.8896037415453538e+03
8, 3, 3.7742334689610390e+04, 3.9336334959611515e+04
8, 4, -7.5266621840034059e+03, 5.7600114891373254e+04
8, 5, 7.1883637377850304e+04, 7.9849687306178108e+04
8, 6, -4.2223758596804917e+04, -7.1038552496714256e+03
8, 7, 2.7229520629061451e+04, 1.4259776983851385e+04
8, 8, -3.8380487124673236e+04, 8.1653495775126994e+03
9, 0, 4.5587249469027029e+02, 0.0000000000000000e+00
9, 1, 4.4085891218385150e+04, -9.2495269722241079e+04
9, 2, -4.7584401534436605e+04, 2.0881347687724025e+04
9, 3, -6.1287569481025821e+03, -2.5774326082711956e+04
9, 4, -1.8065742818867402e+04, -1.3511607795546563e+04
9, 5, -1.4186674956224604e+04, 3.7960967973480372e+04
9, 6, 1.4875971894052051e+04, 6.3923738993437837e+04
9, 7, 2.3715755856543852e+04, -9.0142626630528976e+04
9, 8, -6.5060937332443675e+04, 3.1350273019439195e+04
9, 9, -1.3481972620356311e+04, -2.8371879625092970e+04
10, 0, 2.3372798905433137e+04, 0.0000000000000000e+00
10, 1, 2.6869679668964505e+04, -7.8523705148639710e+03
10, 2, -2.8099605834278813e+04, 8.9032787326175167e+03
10, 3, 6.2710017880811640e+04, 1.2779061060801716e+04
10, 4, 1.2130250487405094e+04, -4.5498606088500448e+04
10, 5, -2.7237110255683881e+04, 3.9269589341882893e+03
10, 6, 1.0982047597792753e+04, -4.7357853149321309e+04
10, 7, -1.5104842977041601e+04, -2.4023425021607301e+04
10, 8, -4.5707349768833392e+03, -2.2134201482219469e+03
10, 9, -1.5209756526439458e+04, -3.2658286912816402e+04
10, 10, 8.5589869141119980e+03, 1.4122976591730556e+04
11, 0, 3.7260728839942126e+03, 0.0000000000000000e+00
11, 1, -3.7675473802841727e+04, -7.8908061111458983e+03
11, 2, -7.3348164100578460e+03, 3.2570060840312530e+04
11, 3, 6.4863401778900588e+03, -2.7749540649407227e+04
11, 4, 2.3649102092014364e+04, 2.1212958250458232e+04
11, 5, 1.3965505219080635e+04, -1.6622091212156687e+04
11, 6, 3.1038289252993505e+04, 2.4473354803261849e+04
11, 7, -1.7468217477940423e+04, -1.2419842582299007e+04
11, 8, 2.4883553963678522e+04, 1.8102446323102409e+04
11, 9, -8.1326998370130459e+03, 5.7557844277555341e+02
11, 10, 3.4969515417108589e+04, -1.3281529158584381e+04
11, 11, 9.5264448963877767e+03, 8.1315466658047671e+03
12, 0, 2.5386814967553441e+04, 0.0000000000000000e+00
12, 1, 1.7651595816390101e+04, -1.2999118087520910e+04
12, 2, 1.2508223787936698e+04, 4.0734992002358322e+03
12, 3, 8.0695559623145527e+03, 4.7115736761733988e+03
12, 4, 1.9798256870501311e+04, -1.1455952904599024e+04
12, 5, 2.6549640630912407e+04, -1.1498239198850415e+04
12, 6, -7.5861986613475419e+03, -9.5759483203842829e+03
12, 7, 2.2663295368583102e+04, 2.4866071347243596e+04
12, 8, -2.9145939303267558e+04, -2.2527133801013035e+04
12, 9, 2.8802857494818840e+04, 1.9806188778982811e+04
12, 10, 3.5515432313442434e+04, 1.5297294505704496e+04
12, 11, 2.9603157126456354e+03, 2.7580965524052193e+04
12, 12, 9.5556440516805069e+03, 3.5714965277889905e+02
13, 0, -1.4159855586518703e+04, 0.0000000000000000e+00
13, 1, 1.8603420362585799e+04, 4.4993836128203904e+04
13, 2, -2.4543715975829808e+04, -1.5919479286934256e+04
13, 3, 2.9201704108544214e+04, 2.5065450694754396e+04
13, 4, 2.2226307962008050e+04, 9.6872390508191565e+03
13, 5, -8.5161547357922755e+03, 8.7224467653485317e+03
13, 6, -4.2748144484428456e+04, 3.0427089273754111e+04
13, 7, 1.5713882793994271e+03, 1.2674382571478163e+03
13, 8, -2.9799816283597320e+03, 3.9849072820417373e+03
13, 9, 3.0475000237902401e+04, 1.9349852382513796e+04
13, 10, -1.6074217738101215e+04, -1.0789513703664368e+04
13, 11, 2.0640988502026303e+03, 1.1894202176521674e+04
13, 12, -2.5981851931367899e+04, 1.1535685946274971e+03
13, 13, -2.7087519777721565e+04, -5.6632747724716064e+03
14, 0, 3.3885530213901009e+04, 0.0000000000000000e+00
14, 1, 8.0042326666887893e+03, 1.4716841153575129e+04
14, 2, 8.7430900427512424e+03, -1.0670443607037203e+04
14, 3, 1.0736208874593489e+04, -1.1178227151622468e+04
14, 4, -1.4607210673689182e+04, 1.1927696289656196e+04
14, 5, -1.4590465012754157e+03, -2.6206151837255675e+02
14, 6, -7.4267955136813252e+03, 1.1052908887352514e+04
14, 7, -1.6341974842697124e+04, -1.9437886554311253e+03
14, 8, -1.2855880802651858e+04, -1.0343614391248317e+04
14, 9, 1.7984857274392831e+04, 2.4067167170939043e+04
14, 10, 1.2099180935245911e+04, -6.1760754691123293e+03
14, 11, -2.8240208711954299e+04, -1.6361417608643065e+04
14, 12, -1.3439209100429778e+04, -1.4634157505606525e+04
14, 13, 5.0946879258503195e+03, 1.4328960886508081e+04
14, 14, 8.7219641401240387e+03, -9.0512644788343150e+03
15, 0, 1.1628014106662724e+04, 0.0000000000000000e+00
15, 1, 7.7386079738959661e+03, -1.5205908678950782e+04
15, 2, 1.2966516488245255e+04, -1.1469084405820511e+04
15, 3, -8.5418245281516629e+03, -4.5897597606068111e+03
15, 4, -4.3180954339858890e+03, 1.1263795201776502e+04
15, 5, -1.3105135916253588e+04, 9.2183870628697605e+03
15, 6, -2.1290676268600555e+03, 2.9011436595294563e+03
15, 7, 1.2288386520542263e+03, -5.2567820337878329e+03
15, 8, 1.7281443170393373e+04, -1.0781028297362891e+04
15, 9, -4.1175796921842018e+04, -6.7680862488160965e+03
15, 10, 1.1321754525331393e+04, 2.0079559201385389e+03
15, 11, -3.7201441459721918e+03, 2.1444144264683000e+03
15, 12, 4.2715723650114582e+04, 6.3849301816352909e+03
15, 13, 9.0626214334743181e+03, -3.3495710976648006e+03
15, 14, 5.4214279876870569e+03, -1.8115808804086053e+04
15, 15, 2.2521986865098588e+04, 8.4183068341578692e+03
16, 0, 2.7283659936291377e+04, 0.0000000000000000e+00
16, 1, -4.1515226165346821e+03, -6.6491820003187840e+03
16, 2, 2.5827876607083905e+04, 1.8887930998101889e+04
16, 3, -1.2850450140635765e+04, -1.8033913826569733e+02
16, 4, 1.3066633113034501e+04, 3.7763000456571945e+03
16, 5, 1.0948009902697495e+03, 3.9879109378741450e+03
16, 6, -4.2196308994478841e+02, 2.3953075639565996e+03
16, 7, -7.1198558181021581e+03, 9.8007678064841020e+03
16, 8, -3.9361850496194766e+03, -9.4640134054045920e+03
16, 9, 1.1601958079631633e+04, -4.5179497682237270e+03
16, 10, 7.5489374623320828e+03, 9.2381674612290772e+03
16, 11, -9.0753736072939391e+03, -2.5172999811913462e+04
16, 12, -2.1025497784791456e+04, 1.0456185832248504e+04
16, 13, 3.4000106447040162e+03, 7.5990557699913006e+02
16, 14, -1.5048945058529964e+04, -1.0527039908976250e+04
16, 15, 1.6219651145316340e+04, 4.3724430160858510e+03
16, 16, 3.3421906475842925e+03, 9.2213396572844413e+03
17, 0, 7.6502185258807040e+03, 0.0000000000000000e+00
17, 1, 9.7028864781971879e+03, -5.4738642640032067e+03
17, 2, 5.9313398662677464e+03, 2.0805670127429181e+04
17, 3, 2.1443505735168048e+04, 1.0104124094482208e+04
17, 4, 6.4055062686059264e+03, -3.0060311091434501e+03
17, 5, 9.7325626930558192e+03, 1.5073715169667645e+04
17, 6, 1.1948709234847845e+04, -1.2902372848032164e+04
17, 7, 7.2035566591765182e+03, 1.0506308323884194e+04
17, 8, -6.4759631056404405e+03, -3.4167169064981472e+03
17, 9, -1.2343768325217063e+04, 1.4521325458694166e+04
17, 10, -1.3225172824252531e+04, 7.1703839000177686e+03
17, 11, 1.7291193785584848e+04, 3.2208816397544284e+04
17, 12, -1.5754405827024646e+04, 6.2036700169013329e+03
17, 13, 1.2175304594983860e+04, 3.7844263636402084e+03
17, 14, -1.1691331329600887e+04, -7.6183156018245791e+03
17, 15, -8.5089773538755308e+03, -1.8809500628261358e+03
17, 16, 2.0096567011270199e+03, 4.9138372885985209e+03
17, 17, -1.2274857729438005e+04, 9.8712030564041925e+02
18, 0, -4.8040392627493411e+03, 0.0000000000000000e+00
18, 1, -2.7615522259186141e+03, 5.5201612256591179e+03
18, 2, -9.9139249291958240e+03, 2.1536905679313804e+03
18, 3, 5.6851976111286276e+03, -1.1578227658784786e+04
18, 4, -4.4839288382936411e+03, -4.4989622281004049e+03
18, 5, 8.1495675188721270e+02, 5.9584681726729104e+02
18, 6, -1.0350912087878014e+03, -2.5351154837709964e+03
18, 7, -5.7099666062073402e+03, -1.9940174408905095e+03
18, 8, -6.1838406078964736e+03, 4.6199107134998794e+03
18, 9, 5.1465680967564476e+03, -3.0227047674911446e+04
18, 10, 5.4173074218106922e+02, 1.2289050953861886e+04
18, 11, -5.0450899984242296e+03, -1.0837238740639812e+04
18, 12, -3.3836508541708022e+03, 1.9121130722560985e+04
18, 13, 8.9041630820008122e+03, -6.7774893309259332e+03
18, 14, 3.9829499728449628e+03, -5.2775866778003165e+03
18, 15, -1.1750077914508825e+04, 2.8033831557573758e+03
18, 16, -9.3519059508921946e+03, 8.5051534594960867e+03
18, 17, -1.7863861650390561e+04, -1.8842887049685378e+04
18, 18, 1.1502261621594744e+04, 2.1397955306844124e+03
19, 0, 3.5562629607318895e+03, 0.0000000000000000e+00
19, 1, -2.5359915020708395e+03, 8.2379098368671948e+03
19, 2, -2.2082224927979705e+03, 5.3120115913667933e+03
19, 3, -8.1162406219091190e+03, -2.8753692195616295e+03
19, 4, -8.9116165611832002e+03, -6.2943583869162467e+02
19, 5, -6.8136100851355559e+03, -1.2239570724678893e+04
19, 6, -1.4642670835851608e+04, 9.2348209434195214e+03
19, 7, -9.6273104828533033e+03, 1.8370948205671357e+02
19, 8, 2.7394865932815119e+03, -9.3925179747721504e+03
19, 9, -1.0962432972965962e+03, -1.1948894205313212e+04
19, 10, 5.6211269846549112e+03, -1.0417096895628709e+04
19, 11, 6.3221215600061951e+03, 4.0398362660400380e+02
19, 12, -1.9042518246445608e+04, -7.7167446139296726e+03
19, 13, 4.6516303280634429e+03, -8.8155830531932297e+03
19, 14, -1.9752789569494223e+03, 3.7529653400678126e+03
19, 15, 8.2472620704926157e+02, -5.2441111464467240e+03
19, 16, -6.2432064970235479e+03, 3.8709923078744760e+03
19, 17, 7.8317478057234694e+03, 1.7644467833517610e+03
19, 18, -1.8446430751563825e+04, 1.8921576590553886e+03
19, 19, -6.0321097987175108e+03, -1.6992696749706160e+04
20, 0, 4.1325474696602241e+03, 0.0000000000000000e+00
20, 1, 1.6098101109168558e+04, -2.1533556457049053e+02
20, 2, 3.3595296139247921e+03, -1.3285423705359181e+03
20, 3, 2.0104232443300891e+04, 3.8617851047450740e+03
20, 4, 6.0802444844980892e+02, 9.1224950222224543e+03
20, 5, -1.2990184219764274e+03, 4.5386427561146065e+03
20, 6, 4.0009712449337376e+03, 9.7080075581435140e+03
20, 7, 7.2042238462843870e+03, -2.0935458940804212e+04
20, 8, 6.8036123766750143e+03, 3.2877499221571807e+03
20, 9, -1.5255452330184260e+04, 3.1386647858471752e+03
20, 10, -9.1312749254881419e+03, 1.7522888458795223e+03
20, 11, -1.8965495681680517e+04, 1.3388080835189132e+04
20, 12, 6.3239889588362203e+03, -8.6384277463905528e+02
20, 13, 2.3440177621009752e+04, 4.0943823905503687e+03
20, 14, -5.3215861117095228e+03, -9.1323093497011450e+03
20, 15, 5.7841093802242221e+02, 7.0698439673573321e+03
20, 16, -2.7569212429620620e+01, -1.5961783427142349e+04
20, 17, 4.0063220364588115e+03, 2.6052466583087235e+03
20, 18, -1.3265043373330636e+03, 1.1414038064855136e+04
20, 19, 1.1506389125656411e+04, 1.9393952135682859e+04
20, 20, -3.1805102413083932e+03, 8.2837225908573691e+03
21, 0, 9.0789833394787911e+03, 0.0000000000000000e+00
21, 1, 2.0005460573188795e+03, -1.1791383689808605e+04
21, 2, -1.2782200812824260e+04, -4.6012334984808240e+03
21, 3, -6.0460898347038428e+03, 7.5844281845775777e+03
21, 4, -5.7306298550638785e+03, 1.7212599248505283e+03
21, 5, -2.5443401482675881e+03, 6.8465760368117089e+03
21, 6, 1.0475485937067847e+03, 1.3866147601981043e+04
21, 7, 4.0884478788065899e+03, 1.5493581111632984e+03
21, 8, -4.0883202038014888e+03, 7.7077043136263164e+03
21, 9, 1.2107774069287079e+04, -8.7957879373075648e+03
21, 10, 1.3138360875806393e+03, -1.3026907756827717e+04
21, 11, 1.0940099884135156e+04, 1.5849792884436803e+04
21, 12, 7.6834469321007991e+03, -6.3432603912765417e+03
21, 13, 3.8115612631988192e+03, 9.0345347609035853e+03
21, 14, 2.7177766074939586e+03, 9.0338971371452499e+02
21, 15, -3.6503782406193204e+03, -1.6885373345231728e+04
21, 16, -4.8873011260455769e+02, 1.5290863970223645e+04
21, 17, 4.7573027643259429e+03, -6.0898336236207269e+03
21, 18, 9.0185616356080300e+02, 1.3013121430905187e+04
21, 19, 1.5783660172776315e+04, -3.4878211811458859e+03
21, 20, 1.4269598948462301e+04, 7.1511498612870719e+03
21, 21, -5.1246624092277489e+02, -1.0931121969243641e+04
22, 0, 2.0397320000748463e+04, 0.0000000000000000e+00
22, 1, 1.6558608317941616e+02, 1.0734705280932629e+04
22, 2, 1.1351909599298451e+04, -3.0556915282062628e+03
22, 3, -3.8685483788571582e+02, 6.4510661882556751e+03
22, 4, -6.1462303974006763e+03, -1.1827861950087105e+04
22, 5, 2.8316243541119193e+03, -3.4306213467243228e+03
22, 6, -1.2222266912489909e+04, -1.9397630279532445e+04
22, 7, 4.9015802791365004e+03, 9.4643859049288312e+03
22, 8, -1.0658684766598490e+04, -6.6263320420891241e+03
22, 9, 7.5876503506264917e+03, 1.4948841273684206e+04
22, 10, -5.8459664350848379e+02, 1.3220410323941524e+04
22, 11, 1.5910923859645900e+04, 1.0576189535164431e+04
22, 12, 7.3935921657827184e+03, -1.1511881557147151e+04
22, 13, -2.6359754768720268e+03, -3.8915634650381417e+03
22, 14, -8.6688920798977633e+03, -1.1567346897223248e+04
22, 15, -6.4227708227597177e+03, 7.1839158803441460e+03
22, 16, -4.8114770896967457e+01, -4.3861097389905881e+03
22, 17, -9.0544029010336508e+03, -3.6815545845723223e+03
22, 18, 4.0435910730352180e+02, 8.5666971784194557e+03
22, 19, -2.2828664862893620e+03, -1.1854569273737516e+04
22, 20, 3.5923130722817077e+03, -5.8613808352525466e+03
22, 21, -9.3413990688972499e+03, -2.3472837194295789e+03
22, 22, -8.5060234242043261e+03, -6.2248507466193732e+03
23, 0, -5.2849721936156111e+03, 0.0000000000000000e+00
23, 1, 5.2557466520076287e+03, 5.9691720140034431e+03
23, 2, 5.4661067100555410e+03, 1.1208686103287333e+04
23, 3, -5.8264510392044203e+03, 4.0298307532351896e+03
23, 4, 1.5100279099353067e+04, 3.5820967902291723e+03
23, 5, 7.6259569423913945e+02, 8.7561130655783472e+02
23, 6, 6.2228243986789894e+03, -1.6486032893435458e+03
23, 7, -1.0690316582325810e+04, -1.0534582004029666e+04
23, 8, -1.2242819206520080e+04, 6.9094136247848837e+02
23, 9, -1.6604972957380392e+03, -6.1331946280880893e+03
23, 10, 3.0745279376683657e+03, 2.2436346235737023e+04
23, 11, 1.3691852637987080e+04, -1.4262874137595998e+04
23, 12, 4.3805412990564455e+03, 1.6351702695764785e+04
23, 13, 4.8887169923528199e+02, -1.2704119530669574e+04
23, 14, -6.5391189428333282e+03, 1.1207476352270591e+04
23, 15, -2.1900499052715313e+03, -5.5745641882689597e+02
23, 16, 5.2355913352245425e+03, 9.9998252290875989e+03
23, 17, 1.8750988164459995e+03, 1.1100834938997057e+04
23, 18, -6.9930499521816273e+01, -1.3401469812252421e+04
23, 19, -7.6349002440968379e+03, 4.0797252401674414e+03
23, 20, 3.1632139246218558e+03, -1.0912927745414763e+04
23, 21, 2.7057708630448014e+03, 6.2191348428315505e+03
23, 22, -4.5947623229412957e+03, -1.4114771874595270e+04
23, 23, -8.6604634063967933e+02, 9.6919270245889893e+03
24, 0, 1.3393043526570780e+04, 0.0000000000000000e+00
24, 1, -2.9993120834946876e+03, -9.4404572711595356e+03
24, 2, 4.7897453538682330e+03, 7.9731329457068805e+03
24, 3, -4.5613340641650348e+03, -1.2800471052757246e+04
24, 4, 9.9555198592545767e+03, -4.5844804690290148e+03
24, 5, -1.4598858044467064e+04, -1.7099912019706389e+03
24, 6, -4.2903409476302722e+03, 9.7394079153722050e+03
24, 7, -1.5623489093288081e+03, 5.5877199259729787e+03
24, 8, 4.9595183448146945e+03, 1.0693488965104018e+04
24, 9, 2.2625077306003891e+03, 4.4320531615587843e+03
24, 10, 1.3006132867796232e+03, -1.4244134174163089e+04
24, 11, -1.3518476608074943e+03, -2.1207443415565285e+02
24, 12, 2.2533076667649675e+03, -4.3225195739113205e+03
24, 13, -1.1931099851412269e+04, 4.0637003818671928e+00
24, 14, -6.0534224936794976e+02, 3.8162812441268597e+03
24, 15, -2.5469185582646451e+03, 4.5094977628232054e+03
24, 16, 8.3130205047940472e+03, 5.6369040278348621e+01
24, 17, 2.8443737572664536e+03, -3.4831016056489830e+03
24, 18, 3.8815303297043283e+02, 6.5986809841989507e+03
24, 19, 1.0765429844075110e+04, 6.3294129546191343e+03
24, 20, 7.1929058542799730e+03, -7.3433930742818711e+03
24, 21, -6.2456505251336612e+03, 1.8223685238775481e+04
24, 22, 1.8411010621162568e+03, -8.5666068757301327e+03
24, 23, -9.6207564323735860e+03, 4.0517155950205524e+03
24, 24, 1.4474133850012504e+03, 5.0104835370486298e+03
25, 0, -3.3537532812912423e+03, 0.0000000000000000e+00
25, 1, 5.4662346152055616e+03, 2.4311866875895453e+03
25, 2, 2.8625801045634112e+03, 1.6220448849284548e+02
25, 3, 7.4859541244530592e+03, 6.9860415607854520e-01
25, 4, -1.7432130699595073e+03, -2.8151541953372789e+03
25, 5, 7.0115187601411671e+03, -6.8470152645092949e+03
25, 6, 1.0190970727339600e+03, 1.0789250369382504e+04
25, 7, 1.1461471675954079e+04, -5.1213472687330595e+03
25, 8, 1.0879418251914438e+04, -1.3053839734604644e+03
25, 9, 1.8658409885489759e+03, 2.8823134586714987e+03
25, 10, 1.2998842339630266e+04, -7.2764177154570607e+03
25, 11, 3.2588189984766123e+03, 3.4215744765745731e+03
25, 12, -5.4562848883034712e+03, 2.7428614121654737e+03
25, 13, -4.8035243044595973e+03, 3.5108947566348434e+03
25, 14, -2.4537671197273949e+02, 5.1444601974811094e+03
25, 15, 3.8069507983042749e+03, -9.3683585486339998e+03
25, 16, 2.5516827081588735e+03, -4.6031188322659336e+03
25, 17, -1.0041520088516821e+04, -1.4858149845326061e+04
25, 18, -5.2832197823541392e+03, -4.6296098613290751e+03
25, 19, -1.1216424438087521e+04, -1.5787557048194785e+03
25, 20, 1.6032510919101718e+04, 3.4109545183205501e+03
25, 21, -6.8721406008616395e+03, -1.1805952199221594e+04
25, 22, 1.0244747547565967e+04, 6.4785457057932344e+03
25, 23, -6.5359119394400732e+03, -4.6748676641685051e+02
25, 24, 1.4971960250711287e+04, 2.1432239557172388e+03
25, 25, -4.6032308890178865e+02, -3.5448726408117964e+03
26, 0, 1.1532845251573443e+04, 0.0000000000000000e+00
26, 1, -1.1254886047799260e+04, -3.8586605308923572e+02
26, 2, -6.9467386698468254e+03, 5.0766555709112508e+03
26, 3, -1.5279051792825274e+04, 3.3892079263135888e+03
26, 4, -8.0980335322742121e+03, 1.3202583091064076e+04
26, 5, 1.4419955552627043e+03, 1.5757003554032553e+04
26, 6, -1.6681525062101227e+03, 8.9847462451182728e+03
26, 7, 4.9912366166561987e+03, -9.0023491878793429e+03
26, 8, 1.2725265806600875e+04, -1.3438975296689554e+04
26, 9, -2.8240280231112674e+03, -9.8003325082144493e+03
26, 10, 9.8209358996612682e+03, -2.1550393731724721e+03
26, 11, -4.2302632008878281e+03, -4.8626039098895799e+03
26, 12, 1.2541280475368776e+03, 7.2855712656576197e+03
26, 13, 4.8802824667282785e+03, -2.5033839336933952e+03
26, 14, 3.9785790864845103e+03, -5.5799009660643878e+03
26, 15, 3.5657539714771110e+02, 1.6622662641742022e+03
26, 16, -1.1815467628790169e+04, -1.7984263014357562e+03
26, 17, 3.9923665784716422e+03, 4.0994061669028533e+03
26, 18, -4.1549697685913106e+03, 2.0271543792202650e+04
26, 19, -2.2628253610108272e+03, -1.5059992133829270e+04
26, 20, 7.6637149741394478e+02, 5.5793001402745849e+03
26, 21, -1.6169017472929700e+03, -1.5600433928400042e+04
26, 22, -6.9544075227730900e+02, 1.3985813276424698e+04
26, 23, -5.5657567532316389e+03, -3.9298407428958863e+03
26, 24, 3.6415150136753873e+03, 4.6291836147642516e+03
26, 25, 3.8199983030677467e+03, -5.8428781171979681e+03
26, 26, -1.6675589762412292e+03, 4.9232920121889238e+03
27, 0, 5.0335452957544276e+03, 0.0000000000000000e+00
27, 1, 3.0789649027140531e+03, -3.7019788173319389e+03
27, 2, -2.0147606141542412e+03, -3.6185528518164665e+03
27, 3, 1.3951024199850749e+03, 8.6117435813656521e+03
27, 4, 2.2015648076172256e+03, -2.0088104769390052e+03
27, 5, 1.4426740890078231e+03, -7.8981870286448793e+02
27, 6, -4.9913483836991254e+03, -4.4689870216432446e+03
27, 7, 5.4630554341582747e+03, 1.0881607545158022e+03
27, 8, -2.1508510548942468e+03, -6.8708940368631556e+03
27, 9, -1.1261680863372865e+04, 2.0689128874161943e+03
27, 10, -1.3945113481237277e+04, 2.4206754698144132e+03
27, 11, -1.2872203764557498e+03, -7.4764502010365404e+03
27, 12, -4.0341050905070651e+03, -2.0837743673373666e+01
27, 13, 3.2249516743775239e+03, -2.8621828723623098e+03
27, 14, -1.0417674249531272e+04, -3.2725777144476028e+03
27, 15, -4.8490111906819611e+03, -1.4942785377506298e+03
27, 16, -6.7340679212345394e+03, 3.4289599372868997e+03
27, 17, 6.2782965670508211e+03, -4.3269815591256629e+03
27, 18, -3.7415576933067196e+03, -9.3849499194854616e+02
27, 19, 9.1823706170020596e+03, 4.1728202107384241e+03
27, 20, 4.2751928288983709e+03, -3.2089833404984442e+03
27, 21, 8.3004645452278783e+02, -3.0222516029354301e+03
27, 22, -5.4256702375985542e+03, 5.9527779129316077e+03
27, 23, 1.8800577250550423e+03, 2.3064791565745327e+02
27, 24, -1.8345130516032787e+03, -7.9078300635580790e+03
27, 25, -3.1403383876350013e+03, -7.6784947610283052e+03
27, 26, -8.7355775772681463e+03, -3.9770259374645339e+03
27, 27, 1.0622301867947648e+04, -2.3435104380769617e+03
28, 0, 1.1960669771204248e+03, 0.0000000000000000e+00
28, 1, 1.3287956539235411e+03, 2.2664830639643833e+03
28, 2, 1.6420950425236479e+03, 2.0776569791153979e+03
28, 3, 5.5207168476638835e+03, 2.6149368535849098e+03
28, 4, 1.3286299931869098e+04, -1.0324315732551329e+04
28, 5, 3.5954282525345498e+03, -1.3243738334752250e+04
28, 6, 5.0753392398507112e+03, -2.8816036082967239e+03
28, 7, 1.8818840549334100e+03, -9.4203478030892620e+03
28, 8, -4.9897411645023567e+02, 5.2786120469662328e+03
28, 9, 4.1170510674916568e+03, 2.5174557505740795e+03
28, 10, 4.4817628364202437e+02, 9.5892748347823381e+03
28, 11, 7.2386460203035449e+03, 3.0038931851093130e+03
28, 12, 4.9800395910050465e+03, 3.3609735624357163e+03
28, 13, -3.5420405979482321e+03, -5.3581504449318927e+03
28, 14, -7.5925770811706971e+03, -4.5060184908889169e+03
28, 15, 4.6064253121553975e+02, -2.1461273812585450e+03
28, 16, 2.3025800495418398e+03, -4.0716363207241648e+03
28, 17, 1.3353051343008134e+04, -1.5567567125398054e+03
28, 18, 2.9697333678115901e+03, -8.7307140052000141e+03
28, 19, -1.4424599304208314e+03, -4.0160336085376289e+03
28, 20, -2.8714950575662824e+03, -6.0311030735138811e+03
28, 21, 1.0341450314827856e+04, 5.0366317002624219e+03
28, 22, -6.7769858751924148e+03, 1.4554470138082233e+03
28, 23, 8.6621553737301474e+03, -3.2530553630054419e+02
28, 24, -1.0106719105917777e+04, 4.4799587428397872e+03
28, 25, 1.3794748092605691e+03, -3.9761818236165063e+03
28, 26, -8.9656781490431422e+02, 2.2033665944496570e+03
28, 27, 6.3704195210779317e+03, -3.4631259301725249e+03
28, 28, -8.3908872422593868e+02, -9.7206548446533452e+03
29, 0, -2.0364040888857737e+03, 0.0000000000000000e+00
29, 1, 7.5603438367642648e+03, 6.0568686938898536e+03
29, 2, -9.5161235763895147e+03, -1.5431427075705799e+03
29, 3, 1.1496803955035907e+03, -6.1109095635413178e+02
29, 4, -7.3751067524883792e+03, -8.5071984127391261e+03
29, 5, -1.8379236109643216e+03, -5.8657629768423785e+03
29, 6, -4.4422669289146515e+03, -8.9756759063946065e+03
29, 7, -1.5499856129255422e+03, 1.7093882521543410e+03
29, 8, 6.5047216691581264e+02, 4.5668550696030024e+02
29, 9, -2.9634231187713763e+03, -7.4476954568740257e+02
29, 10, -1.7025107754777641e+03, 8.1503228437875841e+03
29, 11, -5.2143457337375003e+03, -4.4986255098827569e+03
29, 12, 4.3926696000132406e+03, 1.1770839282007855e+03
29, 13, -3.7737932661461273e+03, 1.1912729924294429e+03
29, 14, 1.0571700271112099e+04, 1.2846102450391691e+03
29, 15, -5.3167173684037043e+03, 3.5413006487608582e+03
29, 16, 6.9484609579908101e+03, -2.7361910290754086e+03
29, 17, -5.9680423782030293e+03, 1.4121458087578783e+03
29, 18, 6.2467689665095113e+03, -3.3095216348052709e+03
29, 19, -1.6977633994713333e+03, 2.0477267130623404e+03
29, 20, -3.7186208401142812e+03, -6.5177297927633808e+03
29, 21, -3.1997979730609995e+03, -3.7321618549111508e+03
29, 22, -6.7529823838230841e+03, -4.1151412278487305e+03
29, 23, 4.2467697752256990e+03, 4.7327723929038184e+03
29, 24, -7.1848117718927824e+03, -6.0738913855141509e+03
29, 25, 9.2492224376732283e+03, 5.7275772918538314e+02
29, 26, 5.8760675570685203e+02, 7.1898056199262210e+03
29, 27, 8.9814040930727642e+03, 1.5666088403464237e+03
29, 28, -2.6203216987068618e+03, 3.1906938866959099e+03
29, 29, -2.9713711379707383e+03, 4.8340422759003377e+02
30, 0, 4.2889609800922508e+03, 0.0000000000000000e+00
30, 1, -9.1893697877228988e+01, -1.4756276979267482e+03
30, 2, 2.0851622779538930e+03, -3.2178992976995742e+03
30, 3, 2.0173112203701353e+03, 6.0563037283285448e+03
30, 4, -4.1169806851056637e+02, -2.7938341251448101e+03
30, 5, 4.3913944377513599e+02, 3.7288687938153471e+03
30, 6, -8.1349842594420552e+03, 2.6043245170530736e+03
30, 7, -5.8691938868403695e+03, 4.2550883227468767e+03
30, 8, 3.6373861084854389e+03, -5.2031951443154621e+03
30, 9, 4.1422280942404632e+03, -9.8175143777659705e+03
30, 10, -8.6646167790374420e+01, 6.3407668638794166e+02
30, 11, 8.3907683256642940e+02, -5.8374174662563519e+03
30, 12, -3.3070296777605436e+03, -1.1701061088117067e+03
30, 13, 1.0195667396139102e+03, 4.7013492750926762e+03
30, 14, -3.9415799469920585e+03, 1.3365501126563062e+04
30, 15, 3.3149913922897877e+03, -2.0818522634278916e+03
30, 16, 8.8548275649352763e+03, 6.0195440164962283e+03
30, 17, -3.4269056864992017e+03, -8.0070408075810356e+03
30, 18, -3.4957690338262405e+03, 6.2060436504032205e+03
30, 19, -1.4043075537702121e+04, -5.0896131948876555e+03
30, 20, -3.2267590974689410e+03, 9.7076160369462250e+03
30, 21, 4.5587286245501546e+03, -1.3379816484246653e+03
30, 22, -1.7912103261313432e+03, -9.2676339198999849e+03
30, 23, -4.5812636570028371e+03, 4.5252465582958157e+03
30, 24, 6.6758941646160702e+03, -5.7346952850687303e+03
30, 25, 2.8656134915707134e+03, 6.2136227922592807e+03
30, 26, -2.7479428583813560e+03, -4.2436782234187140e+03
30, 27, 6.4102045839329621e+03, 1.6479913216517407e+03
30, 28, -5.8058613630412547e+03, -6.0974779603132265e+02
30, 29, 4.4862318287351786e+02, 8.3798593678641228e+03
30, 30, -1.5393843980813715e+03, -5.3726229458249400e+03
31, 0, -2.1028205251770964e+03, 0.0000000000000000e+00
31, 1, -2.4469116428692464e+03, 3.8435251127628908e+02
31, 2, 9.7977019594077410e+02, -7.4000153154839436e+03
31, 3, -4.5107874533548393e+03, 2.8476681325331356e+02
31, 4, 2.8596969817601648e+03, -2.0683007485078997e+03
31, 5, 3.8915700502682744e+03, 8.9670256722000522e+02
31, 6, 4.8508827688326965e+03, 4.9565999576626045e+03
31, 7, 7.1367584224392558e+03, -3.6474003175227699e+02
31, 8, 2.6924039344440130e+03, 6.6072699007082902e+03
31, 9, -2.3959379547874632e+03, 8.7342325442868741e+01
31, 10, -2.0733162690869917e+03, 2.9683589425860255e+03
31, 11, -6.0630589477090653e+03, 2.6400559941534393e+03
31, 12, 5.4874458139439312e+03, -7.9835204599600656e+03
31, 13, -1.5923598685380366e+03, 4.4450152653370696e+02
31, 14, -4.4583169342752317e+03, -7.4747533564247160e+03
31, 15, 4.4881694486709912e+03, -3.6784037540016025e+03
31, 16, -1.7390870783394475e+03, 2.2864223479337566e+03
31, 17, 3.1774574476672669e+03, 3.7860773943259883e+03
31, 18, 5.0595881241318671e+02, -7.0440114736296673e+03
31, 19, -4.5695729187700681e+02, -1.8384562904247900e+03
31, 20, 5.1080479377203355e+03, 2.4812076092737816e+03
31, 21, -6.4326469202569806e+03, 3.0483101124691266e+03
31, 22, 6.5638720264086169e+03, 3.6064948409827680e+03
31, 23, -8.0215840359310459e+03, -6.6980876744111301e+03
31, 24, -6.6176160904879634e+03, 1.7709405322946741e+03
31, 25, -2.3655746434887365e+03, 2.6699932419808624e+03
31, 26, 2.5248198063866876e+03, 3.0559874896367755e+03
31, 27, -5.2746267376578999e+02, 9.3677671011940038e+02
31, 28, -5.6802092677435576e+03, -1.6202111348567398e+04
31, 29, -2.6669201334879972e+02, 7.2530947339128834e+03
31, 30, 8.2751829560696876e+02, -2.2890302975716704e+03
31, 31, -1.2984821481236930e+04, 1.1227163259629446e+04
32, 0, -1.6522278084885147e+02, 0.0000000000000000e+00
32, 1, -5.4412044227372444e+03, 5.7689323544531089e+02
32, 2, -5.4107146763653745e+03, 2.9560358579220210e+03
32, 3, 2.1448974309462901e+03, 9.2586630845085056e+03
32, 4, 1.8862377029911167e+03, 8.4516628718319589e+02
32, 5, 6.7886031485779449e+02, -3.8947537612727992e+03
32, 6, 4.2217519117660886e+03, -3.2743045946778930e+03
32, 7, -3.3766777154621650e+02, -5.7744136523397528e+03
32, 8, -1.3891922887660367e+03, -2.7131019712218558e+03
32, 9, 4.6703938036045820e+03, -3.1672935651296957e+03
32, 10, 3.8772638759551783e+03, 6.3333820696337325e+03
32, 11, -4.4909437032378282e+03, 8.1474320444562572e+03
32, 12, 1.7006653822427497e+03, 6.0881228964257425e+03
32, 13, 3.2389137713507912e+03, -3.0702710403112128e+03
32, 14, 2.4928067890341490e+03, 8.4774532515592455e+02
32, 15, 5.0068028750635985e+03, -3.8713998038481814e+03
32, 16, -8.4715736850460671e+03, -3.8925459905771845e+03
32, 17, -1.7595324122224309e+02, 2.3350113504701926e+03
32, 18, -1.8165571122052397e+03, -1.6171084496370265e+03
32, 19, 2.8247954238413022e+03, 4.9215897094888351e+03
32, 20, -7.7310111263650042e+03, -1.4437141399128814e+03
32, 21, 5.5265106718430125e+03, -1.1429029993894437e+03
32, 22, -3.8194081465586032e+03, -3.4999424169715217e+03
32, 23, -4.6866420142569132e+03, 6.8249497317766109e+03
32, 24, -8.4478912542042599e+02, -9.1298795463010811e+02
32, 25, -4.0637251522513320e+03, 4.8898773599552087e+03
32, 26, -2.5011746292667112e+02, -7.0510380749434489e+02
32, 27, 6.9099779562934600e+00, 2.1557382350095099e+03
32, 28, -4.2782008559005480e+03, -1.7226261116763926e+03
32, 29, -9.0012037118798016e+03, 1.3039854941178673e+03
32, 30, 3.1222137678024965e+03, -1.0984196154227720e+03
32, 31, 1.5483922374242866e+03, -2.6570850634598878e+03
32, 32, 5.2042065816162149e+03, 7.4561578671461448e+03
33, 0, -3.4905257159253251e+03, 0.0000000000000000e+00
33, 1, 4.4977614605168137e+03, 2.4978965700049584e+03
33, 2, 2.4265754780251427e+01, -4.4530662781385581e+02
33, 3, 2.3991074072228598e+03, -4.7383074695504620e+03
33, 4, 5.1585495071529676e+03, -2.6526383655083491e+03
33, 5, -1.9713101205160729e+03, 4.0852023291937821e+03
33, 6, -7.4051878058399780e+01, 3.5232308422056785e+03
33, 7, -1.5192442988544658e+03, 1.4253658679200125e+03
33, 8, 5.2393774300766354e+03, -3.5436311088926632e+03
33, 9, 5.4822203393033160e+03, 3.4738787505894625e+03
33, 10, 3.2536120282418478e+03, -1.9620056844968533e+03
33, 11, 4.7017300121671187e+03, -2.1655874904056627e+03
33, 12, -1.0466050807510110e+03, -4.9248559236627643e+03
33, 13, -5.7497417585821577e+03, 6.0045205962751697e+02
33, 14, 1.8386190260860376e+03, 2.7465484769803002e+03
33, 15, -5.6208351787340607e+03, 1.4048132098687138e+03
33, 16, 2.9880023288519642e+03, -1.2881897002437872e+03
33, 17, 2.3392253565285055e+03, 3.5624060352073720e+03
33, 18, 2.6057302736751385e+03, -2.3876999647606021e+02
33, 19, -1.4738358313204189e+03, -3.9780349042906510e+03
33, 20, -5.1172885320860869e+03, -3.5921568765476645e+03
33, 21, -4.8438578774908137e+03, -2.2820161425577317e+02
33, 22, 7.0789317470404148e+02, -1.6519999680987985e+02
33, 23, 7.1988476331549771e+02, -9.1237100406639729e+02
33, 24, 9.6262750410233566e+03, 1.0084924364713341e+04
33, 25, 1.1134718769901187e+04, -5.2033684539336318e+03
33, 26, 2.7526358991282113e+03, -6.0341225279039736e+03
33, 27, -4.0155580490417378e+01, 2.4821023473215155e+02
33, 28, -4.7548365741800317e+03, 2.5564357816775273e+03
33, 29, 8.1372592899278516e+02, 5.2222211919600741e+03
33, 30, -5.0453631937041773e+03, 3.4910771547934951e+03
33, 31, -3.1060713265192871e+03, -1.3167689340100012e+03
33, 32, -1.9216908025081707e+03, -4.9178067562034776e+03
33, 33, 6.1822431179054329e+03, -8.8679040232457919e+03
34, 0, 7.1766051678607655e+03, 0.0000000000000000e+00
34, 1, -1.6469223576965187e+03, 5.9930409437396520e+01
34, 2, -3.4281597989143156e+03, -3.4435961556524767e+03
34, 3, 4.0373486088124046e+03, 4.1904884313794646e+03
34, 4, 1.6566213145794748e+03, -2.1059284244213409e+03
34, 5, -1.7500967972929984e+03, 1.7254741093623188e+03
34, 6, 3.0295171112366563e+02, 5.0480376391836726e+03
34, 7, -4.2612489081686235e+03, 1.1236961495426203e+03
34, 8, 1.7513936970442467e+02, 8.4800646679102065e+03
34, 9, -7.9204278394455123e+03, 4.7369213070330452e+03
34, 10, -2.5895375807548307e+03, -9.1592249268058822e+02
34, 11, 4.8918148748779022e+03, 3.2112476041636664e+03
34, 12, 2.1024326869069591e+03, -3.2674420506063852e+03
34, 13, 6.4135583797176632e+03, -7.2745583760341133e+03
34, 14, 3.1097861239092726e+03, -7.6569082291338200e+03
34, 15, -4.6230815495048400e+03, -2.3562488337481918e+03
34, 16, -7.3181260317263877e+02, 1.3180821390975000e+03
34, 17, 1.0711883207875808e+03, -2.0792627734910548e+02
34, 18, -3.7842820631755103e+02, 1.6924244621304115e+02
34, 19, -1.5444625245475497e+03, -2.6089700332739812e+02
34, 20, -5.9524178111550236e+03, 2.4257392788355946e+02
34, 21, -3.7682065274519259e+03, 8.5259746793546146e+03
34, 22, 5.1569113295978332e+03, 4.6154439782534964e+03
34, 23, -1.2661212050846425e+03, -1.6398527807047753e+03
34, 24, 5.6279171060890849e+03, -4.1531881925213083e+03
34, 25, -2.4025492793553658e+03, -5.8960439320107898e+03
34, 26, -3.4872699066029963e+03, 1.9210377236827358e+03
34, 27, 3.0820307317705901e+03, -5.0709724185422692e+02
34, 28, 2.7473326714387640e+03, -3.1485550840391115e+03
34, 29, -8.5659526938458384e+02, -6.3139341233909599e+03
34, 30, 2.4495498877687987e+03, -5.3740178595622583e+03
34, 31, -5.5127626565641203e+03, 1.0875648159205043e+03
34, 32, 5.4804456455251648e+03, 4.0124219683492765e+03
34, 33, -4.3662764551395630e+03, -1.5678611395729517e+03
34, 34, 2.7341559149925156e+03, 5.0921985281872385e+03
35, 0, -8.2643078513502144e+02, 0.0000000000000000e+00
35, 1, 3.9588424076495039e+02, 4.8989842080396993e+03
35, 2, -5.1115020724871883e+03, 2.0789136375347534e+03
35, 3, 4.2462738318989777e+03, 5.0416471580051111e+03
35, 4, 3.4970790387296438e+02, -9.9161289316109651e+02
35, 5, 8.0599453937590315e+03, -1.9602663720258442e+03
35, 6, 4.7115169545897343e+03, 4.0313551190649177e+03
35, 7, 1.1831842729389361e+03, -6.0279546283665413e+03
35, 8, 4.1235355340336846e+03, 1.7118519730234375e+03
35, 9, -1.8743844134398128e+03, -2.8453665103534750e+03
35, 10, 1.4059006671623138e+00, 1.2521244310556885e+03
35, 11, -5.8492445263396239e+03, 3.9324188244071229e+03
35, 12, -4.0578114074773248e+03, 2.2540392508416562e+03
35, 13, -5.5885502773773314e+03, 1.9058477974321970e+03
35, 14, 1.5620475271717007e+03, 6.3617776183785190e+03
35, 15, 3.8776329867277673e+02, -2.0254955318064995e+03
35, 16, -1.9822779792128863e+03, -3.5205606421301563e+03
35, 17, -4.3237539106539771e+01, -7.1785276747654943e+03
35, 18, -3.3427716719008445e+03, -1.7600072997735624e+03
35, 19, -7.3378797377023475e+03, -1.7688377139424483e+02
35, 20, -1.1646833205703279e+03, 6.5230463885137142e+03
35, 21, -1.1340993419377292e+03, 8.4012434122012019e+02
35, 22, 3.2271833647812014e+03, 2.8949209797270737e+03
35, 23, 5.9574863635613419e+03, -6.4656111551378799e+03
35, 24, -5.6161725212996316e+02, -3.7047612247750958e+03
35, 25, -1.8777772860453479e+03, -1.3987552999969203e+03
35, 26, -2.5092093594323883e+03, -4.1637426567159873e+03
35, 27, -4.9851027638521628e+03, 5.7509883116909314e+03
35, 28, 4.2440286450236190e+03, 1.6637515295637711e+03
35, 29, -5.3006667953065999e+03, -6.5047827996846227e+03
35, 30, -3.6932442666122370e+02, -3.2551239744725081e+03
35, 31, 1.6733814684647798e+03, -2.9502665688549143e+02
35, 32, 7.5942318122526904e+03, 8.1867369698593411e+03
35, 33, -4.7335007928284995e+03, -5.5073306978321143e+03
35, 34, 1.6064772843937781e+03, 1.4096085599123067e+04
35, 35, 6.6873772426866253e+02, -4.8427267749033035e+03
36, 0, -2.6249414748108393e+00, 0.0000000000000000e+00
36, 1, -2.2371382551848683e+03, -1.2682218833451423e+03
36, 2, -1.5342166042055646e+03, -1.3053405664276706e+03
36, 3, -4.4500390399984344e+03, -4.7885623346342709e+02
36, 4, 3.1522264076286083e+03, 5.7471076770638854e+02
36, 5, -2.2861263795547447e+03, -3.6010161038464082e+02
36, 6, -4.9541006849657606e+01, -1.5198225198699151e+03
36, 7, 1.0822215023330184e+04, -5.0125710192135830e+02
36, 8, 8.0568076773364828e+02, -3.1724785328939565e+03
36, 9, 1.0587677683464202e+04, -4.6871828673989612e+03
36, 10, 4.3678499040241049e+03, -5.5794849176174448e+03
36, 11, -1.9373172593765985e+03, -1.2967063868907658e+03
36, 12, 6.4638859212004882e+03, 3.5932195037215238e+03
36, 13, -4.3856571171238220e+03, 4.1980769573066736e+03
36, 14, 3.1693117506618364e+02, 1.4356646794578878e+03
36, 15, -2.9159179965882286e+03, 3.0713014241585620e+03
36, 16, 2.4617208266317475e+03, -1.0725341792638428e+03
36, 17, -2.5446210348496684e+03, -1.4691185944509571e+03
36, 18, 4.1902062812881309e+02, 4.4740154851676016e+02
36, 19, -3.5288958070414164e+03, 3.1218223719356020e+03
36, 20, -4.5143130342498080e+02, -9.2060700540105427e+02
36, 21, -1.1237338282234705e+03, 1.7602925032707585e+03
36, 22, -1.0069563877087635e+03, -2.2254671351443994e+02
36, 23, -1.0645273116808614e+03, -2.9534528990379363e+03
36, 24, -4.1425709891456963e+03, -2.4308311410543538e+03
36, 25, -2.8599896342722482e+03, 5.2899496255341537e+03
36, 26, 4.1140884129294818e+03, 8.7406811444803152e+03
36, 27, 3.2491886714025713e+03, -2.7708230597702964e+03
36, 28, 2.2431253413506338e+03, 7.3900731104186525e+02
36, 29, -3.7087801983412601e+03, 4.1425308273931751e+03
36, 30, -7.0061453799191277e+03, 3.3167234455495691e+03
36, 31, -2.2687811378382939e+03, -1.2668312489006876e+03
36, 32, 5.5706058778435927e+03, 8.4217187372226726e+02
36, 33, 7.8846909780106389e+03, -5.1532087116154344e+03
36, 34, -3.5413330403472473e+03, -2.3394677104732546e+02
36, 35, 5.8728572424738340e+03, -4.8469312771436234e+03
36, 36, -1.3328116307782493e+03, 1.7919911284127775e+03
37, 0, 1.6850275134887847e+03, 0.0000000000000000e+00
37, 1, 8.1963338332020066e+02, -1.3046468778228882e+02
37, 2, -5.4509109370877140e+03, 1.9296317324488132e+03
37, 3, 3.2735393000734534e+03, 2.8269718633930493e+03
37, 4, 4.2244209768681794e+03, -4.2208686907529373e+03
37, 5, -3.5674289260565629e+03, 3.1715808365760167e+03
37, 6, -5.2004077135438129e+03, -5.9271229136928023e+03
37, 7, -8.6573107271674326e+03, -9.4200210973981007e+02
37, 8, -8.4580552893326749e+03, -7.4700326935319872e+03
37, 9, -4.7239952894862154e+03, -1.8576820272046562e+03
37, 10, -2.4902284526683638e+03, 6.7367888132809148e+03
37, 11, -3.9184165058607955e+03, 1.8027520147013377e+03
37, 12, 4.3741218618691964e+03, 7.2826064353872080e+03
37, 13, 6.8865332124336910e+03, -7.0345220626407081e+03
37, 14, 3.4881358544860004e+03, 8.0234879723496670e+02
37, 15, -1.9182040963623670e+03, 2.6016119836553457e+03
37, 16, 1.9143734370047041e+03, 1.2046317255155486e+03
37, 17, 7.1115937283049834e+02, 1.1128578541094821e+03
37, 18, 2.2871127359739344e+03, 8.5260541739297732e+03
37, 19, 6.5665497256662466e+03, 1.4365779769634719e+03
37, 20, -3.2061938386911424e+02, -1.7184266173981823e+03
37, 21, 8.5295222921596064e+02, -2.3194130398450852e+03
37, 22, -3.0115866134113739e+03, -7.1202691344136042e+02
37, 23, 1.8630937290011780e+03, -1.8750906165482347e+03
37, 24, 5.7219489559937938e+03, -4.1769941431037169e+03
37, 25, 2.4760332026295700e+03, 7.4128905119803676e+02
37, 26, -4.4185649262330007e+03, -3.7508425900067768e+03
37, 27, 1.3824825527872144e+02, -1.4425834788637576e+03
37, 28, -1.3467226308025420e+02, 3.0669108136721854e+02
37, 29, 1.1083159617185902e+03, -1.0830032558448165e+03
37, 30, 3.1666438791982919e+03, 9.5137910464084507e+03
37, 31, 1.0330453141189309e+03, -1.6616311244452500e+03
37, 32, -3.9105970159015840e+02, -6.0882306544891435e+02
37, 33, -3.4578550085593870e+03, -5.3442382229795967e+03
37, 34, -5.2744140069765026e+03, 4.0011375553806442e+02
37, 35, 9.3522460167324789e+02, 7.0658261077637962e+02
37, 36, -3.2079085013784952e+03, -2.4572130201524360e+03
37, 37, -8.3978766610228286e+02, 2.8958764460706343e+03
38, 0, -3.7817959562068390e+03, 0.0000000000000000e+00
38, 1, -6.9053987590136358e+03, 3.8856204266558848e+03
38, 2, -6.7818070199374997e+03, 5.3774584580592964e+03
38, 3, 4.8401333299209518e+03, -5.5975503791008759e+02
38, 4, 2.1884867584151689e+03, -2.2466039501432929e+03
38, 5, 5.6589441754022591e+03, 1.3692658519612382e+03
38, 6, 7.4029883262477979e+03, 5.1306982414696613e+03
38, 7, 1.7701193780349854e+03, 3.3938021602890640e+03
38, 8, 4.2144887872454465e+03, 3.8208736028798944e+03
38, 9, -5.7316311906854971e+03, 2.2848587716956681e+03
38, 10, -4.3490047711978659e+03, 1.5034807168873106e+03
38, 11, -3.3209159484891043e+03, -1.1189962686385879e+03
38, 12, -4.2214382319626236e+02, 2.6119951409229907e+02
38, 13, -1.0838701922030737e+04, 2.0870953433853797e+03
38, 14, -5.0965203813068110e+03, 5.0986509528557381e+03
38, 15, -3.6444258306612255e+02, 3.0422706308381862e+03
38, 16, -2.4619113078361670e+02, 2.6578559920459466e+03
38, 17, -7.6301146375849112e+02, 2.5126887313357420e+03
38, 18, -1.4270564636598947e+03, -6.2072400557199317e+03
38, 19, 1.4516967626806399e+02, -5.9274007887509433e+03
38, 20, -6.9246261212956160e+03, 1.3572686359711563e+03
38, 21, 1.9915756642249085e+02, 7.9787417439943647e+02
38, 22, 9.4428653110847154e+02, 1.0062573538222057e+04
38, 23, -1.2567751260837085e+03, -6.7208132728063356e+02
38, 24, -2.7986593238055939e+03, 9.2374131518553395e+02
38, 25, 4.9739114261568034e+02, 1.0000701105164364e+03
38, 26, 8.2255734936017379e+03, -9.0347714061739407e+02
38, 27, 1.7929201799805742e+02, -5.4180961843743326e+03
38, 28, -6.8543236076831136e+03, -2.6960783918265925e+03
38, 29, 1.4063683992264841e+03, 7.7732135693822511e+03
38, 30, 7.7067106459349907e+02, 3.6935074778917351e+02
38, 31, 6.2069905203690323e+03, -1.4835009647540946e+03
38, 32, -9.9094428117744610e+02, 2.8047241104592881e+03
38, 33, 5.5724076250792405e+02, -2.8401108723876482e+03
38, 34, -1.0169163810743355e+04, 6.6224723435450578e+03
38, 35, -3.0358070313688049e+03, -1.3441195982518157e+03
38, 36, -6.4869650755055227e+03, -4.2262281787808479e+03
38, 37, -1.9448510449391952e+03, 5.9337038391770657e+03
38, 38, -8.8455206250779338e+02, -3.1966770212029969e+03
39, 0, 5.8291946757795158e+03, 0.0000000000000000e+00
39, 1, 2.3624265437887625e+03, -1.7246605855276821e+03
39, 2, 1.5824872947301708e+02, 5.1380741761094914e+03
39, 3, 9.8831159464862890e+02, -1.1498667416385740e+03
39, 4, -2.9792860864321724e+03, -1.1690833964175913e+03
39, 5, -4.7165137573525681e+03, 2.5265588315932782e+03
39, 6, -1.0999288266620806e+02, 3.3094111550948110e+03
39, 7, -9.3394243836159148e+01, -3.6011069315941486e+03
39, 8, 5.0940878704003717e+03, 2.2092252231677339e+03
39, 9, 6.4243304362581921e+03, 1.9823000314521553e+03
39, 10, 7.7698079031454745e+02, -1.0313654765062120e+03
39, 11, -1.9572303586221153e+03, 5.5302361841326319e+03
39, 12, -2.5935917295252184e+03, 1.1941975293640144e+02
39, 13, 1.9527385326919321e+03, -1.5309447404192069e+03
39, 14, -3.5220289914018995e+03, -2.2997865413438476e+03
39, 15, 1.4201363042153753e+02, 5.5800535985131701e+03
39, 16, -2.4621412640334165e+03, -6.9257084979971864e+02
39, 17, 1.9528188400586409e+03, 3.7654331290033087e+03
39, 18, 5.4633274626247112e+02, -3.8268360089635516e+03
39, 19, -5.8892043590872163e+02, 5.1542700745645125e+03
39, 20, -3.2963633572072072e+03, -1.5101110421004933e+03
39, 21, 3.2983779850382643e+03, -1.9056582995805552e+03
39, 22, 1.7330049511950308e+03, -2.2751622868397653e+03
39, 23, 4.4242294561123854e+03, -1.6102750598965315e+03
39, 24, -1.0127566338642755e+04, -5.1007690459049018e+03
39, 25, -5.3228232718194649e+03, 3.6664053205967593e+02
39, 26, -3.7432177301646607e+03, -1.2009022954634349e+02
39, 27, 1.4577147171017937e+03, -4.0369078564061692e+02
39, 28, 9.9518336915444343e+02, -8.0918996339136447e+03
39, 29, -4.1118907821072207e+02, -1.1571997145723799e+02
39, 30, -4.2452366620866196e+03, -4.9221106847498522e+03
39, 31, -1.2038370911426425e+03, -1.3682050484793081e+03
39, 32, -5.2267531322205041e+03, -3.7010868807529296e+03
39, 33, 2.9595632849342564e+03, 3.9413538612500997e+02
39, 34, 3.4127587358676092e+03, 6.7613293898905158e+02
39, 35, 3.5685699762639069e+02, 3.7525064707364809e+03
39, 36, -6.6938332908050484e+02, -9.7898408712233595e+02
39, 37, -2.4468082170207958e+03, 3.7118699704706623e+03
39, 38, 3.1816067689427873e+03, 2.0375881108893300e+03
39, 39, 5.6995942104834910e+02, -8.9451711486431686e+03
40, 0, -4.1120889459102245e+03, 0.0000000000000000e+00
40, 1, -5.1598474412900378e+03, 4.4344819202256213e+02
40, 2, -3.4760599686961632e+02, -6.8469709034002899e+03
40, 3, 5.1633314245729407e+03, 1.6737690347570333e+03
40, 4, 7.7307977920839130e+02, 7.6360478420704339e+02
40, 5, 2.3551508701549114e+03, 4.0282628345295466e+03
40, 6, -7.0233419253897709e+03, -2.0556549708305693e+03
40, 7, -3.5577588127935637e+03, -4.5921229769387692e+03
40, 8, -8.4218526259934079e+03, 3.6572718654475229e+03
40, 9, -5.2299237409633315e+02, -4.9425474820780892e+02
40, 10, 3.0204756572530855e+03, 5.3557248503924120e+03
40, 11, 5.3398103485608972e+03, 1.6312474101272001e+03
40, 12, 1.1148411062880648e+03, 1.6036049853191621e+03
40, 13, 3.9310180038688154e+03, 3.7607364502092387e+03
40, 14, 2.5578763846193242e+03, 3.3011305814233751e+03
40, 15, -9.8631000110658897e+02, 1.2512443882431785e+03
40, 16, 1.5640573490960032e+03, 8.7087005666167613e+02
40, 17, -4.6451540221692985e+03, 1.9217635280773766e+02
40, 18, 6.6935138171662620e+03, 6.7138484297888335e+03
40, 19, 2.3517442868881690e+03, -6.4183088758211937e+01
40, 20, -2.4054663239509528e+03, 9.2416601531241895e+02
40, 21, -3.7254392661528204e+03, -2.4997726489398810e+03
40, 22, 3.8673484402925656e+03, -3.8370483889382408e+03
40, 23, 8.0161660796000251e+02, 7.0646225291468909e+01
40, 24, 3.6910268881523334e+03, 4.1139917302276936e+03
40, 25, -2.0824271018728887e+03, 3.2612315676006701e+03
40, 26, 3.2015557163231151e+03, 5.0633746780210604e+03
40, 27, -2.5016716231322653e+02, 7.8777327256804642e+02
40, 28, 3.2614309991795744e+02, 1.7198095557311672e+03
40, 29, 5.7373255273134055e+03, 4.2221152467263537e+03
40, 30, -5.5705932266217496e+02, 5.1216322824244417e+03
40, 31, -2.6561879995633244e+03, -1.4367841666517452e+03
40, 32, -1.3225821577285296e+03, -7.2966868197603617e+02
40, 33, 2.1190264431726655e+03, 1.8322608842193413e+03
40, 34, 9.8796835192079925e+02, -2.0692522983353119e+03
40, 35, -3.7653307133706148e+03, -4.5679331967053986e+02
40, 36, 7.7358352659127740e+02, 8.5194473389275936e+02
40, 37, 2.6302524984670954e+03, 1.8033263175213669e+03
40, 38, 2.1863898560167572e+03, 3.1851211848883281e+02
40, 39, -2.6066111958044894e+02, -8.8224831254491573e+02
40, 40, -7.5068338160902422e+03, 3.1504589951973148e+03
41, 0, 1.1916126158867182e+03, 0.0000000000000000e+00
41, 1, -4.0984382058004121e+03, 1.9719588570825420e+03
41, 2, -7.2406350972451701e+03, -5.0087486790473968e+03
41, 3, -3.5726677036579531e+01, 1.1852616745753398e+03
41, 4, -2.2627959614433285e+03, -2.5421551744801191e+03
41, 5, -1.8446160839046961e+03, 6.5121233851669140e+03
41, 6, 3.5260909856141320e+03, 5.4189212998935327e+03
41, 7, -1.4584856399082105e+03, 5.8984829224493033e+03
41, 8, -3.8602289582326284e+03, 2.6559596283968585e+02
41, 9, -1.6640982314607581e+03, -1.3874465684871179e+03
41, 10, -4.1500210303580234e+03, -2.1708942631648051e+03
41, 11, -1.0144359795242849e+02, -2.7883011856006428e+03
41, 12, -1.7834490701357818e+03, -1.9659249325786002e+03
41, 13, 1.5435545956847086e+03, 2.9384049939022420e+03
41, 14, 6.9454321544021022e+03, -2.7280419264803386e+03
41, 15, 1.4320283532032236e+03, -5.1729335160580740e+03
41, 16, 5.8503589718661515e+03, 1.4645296268018549e+03
41, 17, -6.1121530609473757e+02, -7.2873377783218721e+03
41, 18, -2.4242753864191118e+03, 3.9830653349900749e+03
41, 19, 4.6866989544905942e+02, 3.3182475440936823e+03
41, 20, 3.4146318196811394e+03, -1.8736920198383170e+03
41, 21, 5.0965497795085648e+03, 6.9301385824023400e+03
41, 22, 7.4417691645814057e+02, 4.2848473703250420e+02
41, 23, -3.5798213091790285e+03, 1.4374314415809074e+03
41, 24, -7.6272355243812353e+02, 1.9856300870245013e+02
41, 25, 2.7892939851654833e+03, 7.5210393353122527e+00
41, 26, 3.8400701671118559e+03, 4.3220476097328556e+03
41, 27, 3.1979918769129508e+03, 2.8190503847264927e+02
41, 28, 3.5762331135550330e+03, -6.0172237468022140e+03
41, 29, 1.7616504739419292e+02, -8.3736256036382110e+02
41, 30, -9.9638589335641791e+02, 4.3217627254559475e+03
41, 31, 3.2907953303698605e+02, 2.0557182004517927e+01
41, 32, -4.5889622032776633e+03, 1.0603213654742831e+02
41, 33, -9.2443172049540226e+02, 3.7859672985432881e+03
41, 34, 2.3807822664664709e+03, 1.6492334365604256e+02
41, 35, -4.2134884107527723e+03, -1.1503122350786475e+03
41, 36, -2.9461748984537580e+03, -1.6548569539633181e+03
41, 37, 2.0018621947272268e+03, -3.5891665945843579e+02
41, 38, -8.9399973163767208e+02, -7.2079317983856363e+03
41, 39, -8.5254933067444472e+02, 2.7606167027998313e+03
41, 40, 5.5636081050413723e+03, 7.1842410774810560e+02
41, 41, -1.8875827591231705e+03, 7.9080480464304310e+02
42, 0, -1.1287001553486975e+03, 0.0000000000000000e+00
42, 1, -6.6995412287613362e+03, -7.2818054294334081e+02
42, 2, -1.5816976068249085e+03, 7.0057176311254716e+02
42, 3, -1.6920969108985246e+03, -7.8873999323388864e+02
42, 4, -2.1474031131177408e+03, -2.3648846920688893e+03
42, 5, -2.0369301325026231e+03, 4.8618470095862122e+03
42, 6, 9.4659866665154823e+03, -2.5668232400471411e+03
42, 7, 2.4705923553831417e+03, -1.7645319197865390e+03
42, 8, 5.8957969387955854e+03, 6.1345773448677692e+03
42, 9, -6.6854879826976457e+01, 6.9442074561677446e+03
42, 10, -1.0686127086052413e+03, 2.8850943937829425e+03
42, 11, -2.8234132188646163e+03, 5.4820118856786703e+03
42, 12, -4.5019366004840072e+02, -1.0500256363819296e+03
42, 13, 2.4726814969448191e+02, 4.8141710682936828e+03
42, 14, 3.1081239055556939e+03, -2.7750409112190237e+03
42, 15, -5.1909911064139396e+02, -2.7177156001023377e+01
42, 16, -1.4852158623006490e+03, 1.4783474308484679e+03
42, 17, 4.7332318559979649e+03, -3.1041503453143923e+02
42, 18, 2.6643653207420621e+03, -7.2131518445908887e+03
42, 19, 1.9339405828277722e+03, 4.6059760338206797e+02
42, 20, 3.9560949525174465e+01, 2.1642297838531545e+03
42, 21, -5.6127966859264088e+03, -2.9226980149600777e+03
42, 22, 2.2299277987666587e+03, -1.1186818350414842e+03
42, 23, 5.5062697745436835e+03, 2.5084787703133247e+03
42, 24, -2.5590739690117293e+03, 4.2835582367113930e+03
42, 25, -7.5843114321563212e+02, 3.9253669554824482e+03
42, 26, -2.1945034037242826e+03, -2.0272238699426180e+03
42, 27, 2.9611843934394010e+03, -6.0636298739366139e+03
42, 28, -8.4291346003234321e+02, -2.7938586139973313e+02
42, 29, 1.4644900159382548e+03, -2.3573229460620587e+03
42, 30, -3.0551582216481529e+02, 4.3981548878220356e+03
42, 31, 3.4582020432601530e+02, 3.7603468478674558e+03
42, 32, -1.0805758425346346e+03, -2.0141690552196560e+03
42, 33, -1.2575378182530094e+03, -1.0259573083350078e+03
42, 34, -1.1674813785386527e+02, 2.9645360561317539e+03
42, 35, 2.8209274976663028e+03, -5.6701002085894743e+02
42, 36, 3.2962364159331182e+03, 1.8054280272789829e+03
42, 37, -4.0945916154644647e+02, 5.2366374664114846e+03
42, 38, 1.2740040048907997e+03, -3.7525049015173790e+03
42, 39, -3.2217747199134628e+03, 2.2111061462577900e+03
42, 40, 5.7180674184384989e+03, 1.7202044818120812e+03
42, 41, 4.3073822067529363e+01, 8.8365785856459752e+02
42, 42, 4.2990523926362102e+03, -6.8867894924318716e+02
43, 0, -2.7721741660041939e+03, 0.0000000000000000e+00
43, 1, 1.2664486174785434e+03, -1.6491449887001909e+02
43, 2, -4.5549220059018180e+03, 1.9785966463546356e+03
43, 3, 2.7585919868992364e+03, 2.2031950285456060e+02
43, 4, -2.6704297106435897e+03, 2.0352714060410563e+02
43, 5, -1.7375483906018849e+03, -2.9812602541831802e+03
43, 6, -8.3383410964440054e+02, -2.8868299258696079e+03
43, 7, 2.0036072231449648e+03, 9.5774853495835941e+01
43, 8, -1.8389205544635986e+03, -2.0535618019641224e+03
43, 9, -1.8777386439125371e+03, -4.4248045649886308e+03
43, 10, 2.9430243829297065e+03, 1.9810066684902447e+03
43, 11, 2.5270238995239952e+03, 3.6346067444758392e+03
43, 12, 7.0774128569686818e+03, 4.8899753776999205e+01
43, 13, -1.1498936460105620e+03, -1.1273770831453849e+03
43, 14, -2.5211421091298162e+03, 1.8619210376652468e+03
43, 15, -4.9176272320407325e+03, 3.9946919488848262e+03
43, 16, -3.4640126472778902e+03, 7.0714147228247020e+02
43, 17, -1.8544067124199416e+03, 4.1153112850392581e+03
43, 18, 1.5033190379537023e+03, -2.4244606277852954e+03
43, 19, -2.9120421939290753e+02, 2.2472173934600087e+03
43, 20, -6.7592688720656824e+01, -1.7127038576017194e+03
43, 21, -2.3511194415001864e+03, -4.8551799706917973e+03
43, 22, -2.7646446264198648e+03, 1.4086622123866209e+02
43, 23, 7.2234749826622101e+02, 2.0437550822857711e+03
43, 24, 6.3931257324242767e+02, 1.3988149174708101e+03
43, 25, -9.8933398873195529e+02, -2.4576401466065736e+03
43, 26, 3.0498166206174237e+03, 2.0500378272062467e+03
43, 27, 3.2591329216279155e+02, -5.2432017688216456e+02
43, 28, 3.1511474286588650e+03, -5.9471179802297729e+02
43, 29, 1.7748003786061244e+02, 1.1642435299331300e+03
43, 30, -5.3784217509399605e+03, 7.6172523829174270e+02
43, 31, 3.0622556517007615e+03, 5.1614607160693367e+02
43, 32, -1.0844266512066931e+03, 8.3014464105046909e+02
43, 33, 8.0559676354491839e+03, 1.7839195905503357e+03
43, 34, -3.6973494939803095e+02, 2.6388624702142311e+03
43, 35, 2.3479127971060198e+03, -1.4854054889695008e+03
43, 36, -7.3523090618203184e+02, 4.4169428048505542e+03
43, 37, 1.7163677889183109e+03, 1.6788748357261647e+02
43, 38, 9.9674596962974147e+02, 3.0482413275346039e+03
43, 39, 1.2255808445753364e+03, 1.2470815614399826e+03
43, 40, -2.3281069679483849e+03, -1.8188599924035170e+03
43, 41, 4.5819148061648748e+03, -2.1610183744659389e+03
43, 42, -5.9573532996767335e+03, -3.7307730007916107e+03
43, 43, -1.4856161673196766e-01, 3.1387131185733051e+03
44, 0, 5.1335099136479585e+01, 0.0000000000000000e+00
44, 1, -5.3181419448386187e+03, 1.5800661031983341e+03
44, 2, 1.7215072861739432e+03, -1.8321933523189068e+03
44, 3, 2.9186122033298770e+03, 1.9813764258129504e+03
44, 4, -2.7726674246738630e+03, -8.7537860759896500e+02
44, 5, -1.1059823315406509e+03, 2.9694911096098185e+03
44, 6, -3.0052561360519030e+03, -5.2874713584456595e+02
44, 7, -4.4200655164011914e+03, -5.1925994720526523e+03
44, 8, -4.4214120931771577e+03, -2.7325423004249419e+03
44, 9, 3.9917185386212846e+03, -6.0147504982438213e+03
44, 10, 5.4716349834860803e+03, 5.1987505487632006e+01
44, 11, 1.2554372029318765e+03, -3.5632773650090276e+03
44, 12, 7.3344816204909976e+03, -1.1280830291482864e+03
44, 13, 2.3187349163098829e+03, 3.8528463737965421e+02
44, 14, 4.2476853791894710e+03, -3.5541650173152539e+03
44, 15, 1.3873236169967954e+03, -5.3148129048303817e+03
44, 16, 6.6373879646572823e+03, -1.4076558453570017e+03
44, 17, -2.9731432014696516e+03, -2.9065657698080754e+03
44, 18, -1.9362300460325855e+03, 2.4507503230495331e+03
44, 19, -5.2504301091745820e+03, 1.3423632796025631e+03
44, 20, -8.1142781294468386e+02, 3.6725538850755511e+03
44, 21, -3.3692208648645778e+03, 4.0438153263391041e+03
44, 22, 2.6052364841048643e+02, -4.9926044321101926e+01
44, 23, -1.0401877664056127e+02, -2.2854925899590421e+03
44, 24, 5.7536923240365759e+03, -4.0656476746134695e+02
44, 25, -2.1946225850850760e+03, 1.7463801186615472e+03
44, 26, -4.3557167773560022e+03, 1.0199218513279625e+03
44, 27, 1.5512121277498263e+03, 1.9734321023553962e+03
44, 28, -4.8525833999688166e+02, -1.6966350061705816e+03
44, 29, -1.6878985304363505e+03, -6.4245938222538280e+02
44, 30, -2.1432237615833674e+02, -2.0362870798894801e+02
44, 31, -3.6924816912304295e+03, 3.0436757550502475e+03
44, 32, -4.5894417614153654e+03, -4.9859320748970185e+03
44, 33, -1.4238304846083856e+03, 3.0497462114031418e+03
44, 34, 2.4781670556988138e+03, 9.9735292939304236e+02
44, 35, 1.3538088117973411e+03, -2.0967300864368526e+03
44, 36, 2.3687646495338859e+03, -1.8793616913839264e+03
44, 37, -3.8059346447233497e+03, -1.4257955457664689e+03
44, 38, -1.2532806997443504e+03, -2.3420044916635647e+03
44, 39, 7.6237623690071814e+01, -2.4160493428615337e+02
44, 40, 7.5095483143747515e+01, 2.1171988894085007e+03
44, 41, 7.0604712888574602e+02, -1.2456117658553994e+03
44, 42, 4.0946845883648130e+03, -9.8834589388634299e+02
44, 43, -1.5263502253882266e+03, 4.3787429008730505e+03
44, 44, 2.9767745487900738e+03, -3.8102681320980355e+03
45, 0, -4.9719401263562640e+03, 0.0000000000000000e+00
45, 1, -2.6365060913629477e+03, -9.3232570565127753e+02
45, 2, -3.8015244300013364e+00, -3.8173939632484598e+02
45, 3, -1.3579337230695307e+03, -6.2216369555951860e+03
45, 4, 6.0348788883286034e+03, -1.6436238802230714e+03
45, 5, 1.1639421811524335e+03, 1.4437055440317724e+03
45, 6, 5.2520882835513685e+03, 2.1647684339700736e+03
45, 7, 3.3480357329700128e+03, 2.9047217510063820e+03
45, 8, 7.5206460381877775e+02, 2.3210593203479680e+03
45, 9, -4.0790781967008061e+03, 1.4514322411391486e+03
45, 10, -5.8601843079056489e+03, 1.7850095037694546e+03
45, 11, 6.9402547563198641e+02, 1.3736985972320854e+03
45, 12, 2.1142505347251699e+02, -5.9338907154381895e+03
45, 13, -2.5689556333328774e+03, -5.1399181340472333e+03
45, 14, -1.3493485445724838e+02, -2.3206062153116168e+03
45, 15, 1.5658765452052107e+03, 5.0756431422883452e+02
45, 16, -5.1040613472532732e+02, 2.1212367471070356e+03
45, 17, 2.3235335807534930e+03, 1.2106133723637877e+03
45, 18, -3.0703190294732040e+03, -7.5867083069888122e+03
45, 19, 5.4501373781213078e+03, -8.8281904753076424e+02
45, 20, -1.9364965081014526e+02, -2.6591781188965674e+03
45, 21, -3.8655442752124418e+02, -2.7935688021055225e+03
45, 22, -3.6865233322918743e+03, 7.6695955004813686e+03
45, 23, -5.2388927099788179e+02, -6.9661688814130116e+02
45, 24, -1.3195098702872933e+03, 7.3711212568042820e+03
45, 25, -2.9797949207970896e+02, -1.6686516444551326e+03
45, 26, -2.4255768463618624e+03, 3.3681025590779623e+03
45, 27, -4.8730615490295395e+02, -4.2527760484945611e+03
45, 28, 2.2107029544194838e+03, -2.8552525452872737e+03
45, 29, 1.2890415489293584e+03, 3.4770211494993614e+03
45, 30, 1.5986608372050187e+03, 3.0788790851954582e+02
45, 31, -1.1360028652597821e+03, 3.6091096565615544e+02
45, 32, 1.7368554345352622e+03, 1.6785078860677013e+03
45, 33, 1.8376552379661262e+03, -1.3663328453215581e+02
45, 34, -9.5654065556601381e+02, -4.1659850117545375e+02
45, 35, -4.2507898673607815e+03, 2.4121794226784568e+03
45, 36, 1.7499455259018127e+03, 4.7280354563915371e+03
45, 37, 1.6183368649659969e+03, 1.9412897971530469e+03
45, 38, -3.1909961474274473e+03, -9.6705531656309358e+02
45, 39, 8.0172457604230385e+02, 6.1139200545744347e+02
45, 40, 9.5051847428685460e+02, -3.6986631011073891e+03
45, 41, -4.1746539930735908e+03, -3.3203963779090991e+03
45, 42, -1.9772052614586646e+03, 3.0824059932243472e+02
45, 43, 3.4270691446284695e+03, -2.9197055317457507e+03
45, 44, -1.2950915150465135e+03, -2.4529512490187217e+03
45, 45, -8.1553761599796962e+02, 4.4018658060343932e+02
