0, 0, 0.0000000000000000e+00, 0.0000000000000000e+00
1, 0, -3.0829695722385859e-12, 0.0000000000000000e+00
1, 1, -1.7970013746601194e-13, -1.3951052373843039e-12
2, 0, 0.0000000000000000e+00, 0.0000000000000000e+00
2, 1, 6.6440758470231106e+02, 3.5871802843989713e+02
2, 2, 5.3889969982219482e+03, -2.6807698172475889e+03
3, 0, 1.8123905878679379e+03, 0.0000000000000000e+00
3, 1, -9.9277456774804341e+02, -3.8486514940326556e+03
3, 2, 1.5369247970338984e+03, -3.8658547229041085e+02
3, 3, -3.9266111555490752e+03, -1.8580901414408058e+03
4, 0, -5.1121579008911533e+02, 0.0000000000000000e+00
4, 1, -9.2708878240847230e+02, -6.8950203688213594e+02
4, 2, 8.5865794987336596e+02, 1.2867803805892463e+03
4, 3, -1.6924705122894857e+03, 9.2296027040846354e+01
4, 4, -2.3141823399274543e+02, 1.9329483716190409e+03
5, 0, -2.0472197861853221e+02, 0.0000000000000000e+00
5, 1, 5.5230851759137906e+01, 9.1688544061768823e+01
5, 2, 4.9783705422514265e+02, 3.3501290141624503e+02
5, 3, -4.2605255874981856e+02, 4.7198457016294674e+02
5, 4, 8.9606650923354744e+02, -1.8595229683502112e+01
5, 5, 6.9758990216406039e+02, -6.6988824371389751e+02
6, 0, -5.4646538080226264e+01, 0.0000000000000000e+00
6, 1, -5.1503920057042569e+02, 2.1123113933368722e+02
6, 2, -4.6694959052421649e+02, -2.0570235538995746e+02
6, 3, -4.5337801929353566e+02, -1.8811690803881993e+02
6, 4, -1.1637370826279167e+02, -4.0264945418588883e+02
6, 5, -8.8605186537801103e+01, -4.0536174397557210e+02
6, 6, -3.3634216600425043e+02, -1.0360604555143813e+02
7, 0, 3.0726357740723131e+01, 0.0000000000000000e+00
7, 1, -4.1653556426721917e+02, 3.2087918222926044e+02
7, 2, -4.0131171107116444e+02, -6.2359026778859885e+01
7, 3, -1.1562519329238478e+02, 3.8084429643592387e+01
7, 4, -6.9043094441029052e+02, -1.1817910953679478e+02
7, 5, 6.2182765407279021e+01, 3.9706016605514503e+02
7, 6, 2.8210595999743543e+02, 4.8613279915955616e+02
7, 7, -1.2979489586619493e+01, 2.7859939556874485e+02
8, 0, -1.5545702039200532e+02, 0.0000000000000000e+00
8, 1, 4.2075599363276908e+00, -5.8125004778632274e+01
8, 2, -4.8828069091619346e+02, -1.2353099219632279e+02
8, 3, 3.7487885531935598e+02, 4.0980428582423093e+02
8, 4, -3.8285994188598590e+02, 1.1706876655933277e+02
8, 5, 8.2666880932889967e+02, 5.8202849591958125e+02
8, 6, 9.8332346527041238e+01, 3.9067777050876452e+02
8, 7, 1.7974372139060733e+02, -3.3865377217905404e+02
8, 8, -2.9586700850590987e+01, 7.8645313929963635e+01
9, 0, 7.4046112469818311e+01, 0.0000000000000000e+00
9, 1, 5.8812894880022384e+00, -1.1203519719917864e+02
9, 2, -4.1044227846536216e+02, -4.3597109366956687e+01
9, 3, 2.3636758209686192e+02, 1.8972264700276378e+02
9, 4, -1.2094249625178338e+02, -4.4636780901124524e+02
9, 5, 5.3994997097731152e+02, 4.9007931016731555e+02
9, 6, -1.6706081878491295e+02, 1.6792829777293662e+01
9, 7, 2.1739603175062834e+02, -4.5074920435718434e+02
9, 8, -4.7270095391379465e+02, 1.1719832030580804e+02
9, 9, 2.6275562911548730e+02, 9.4416055569477791e+01
10, 0, -1.3891317535983939e+02, 0.0000000000000000e+00
10, 1, -1.8363175247885076e+02, -7.9894685961163475e+01
10, 2, -7.1505712584009117e+01, 3.2416846811494872e+02
10, 3, 2.3626963976335281e+02, -8.8444609338387906e+01
10, 4, 3.5871164974075293e+02, -9.3752673690322339e+01
10, 5, -1.8158927959964294e+02, 2.9750202406416514e+02
10, 6, -1.5406619633575883e+02, -4.1977784824076929e+02
10, 7, -1.2349545434663348e+02, 1.0842909317253249e+02
10, 8, -1.5763742191248406e+02, -2.2769605488147462e+02
10, 9, 3.5687952205011482e+02, 3.1551353291587247e+02
10, 10, 9.5650731624370465e+01, -1.6896263691611352e+02
11, 0, 8.3368508284489593e+01, 0.0000000000000000e+00
11, 1, 1.3921537632529149e+02, 4.3235472997491797e+01
11, 2, 7.0371133561568143e+01, 3.5568001886376368e+02
11, 3, 3.8023785773355019e+02, -2.8015660212532606e+02
11, 4, 4.9687840979053783e+02, 2.3088207225120217e+02
11, 5, -3.4658583334941443e+02, -2.9125939615745710e+02
11, 6, 1.4226100628559445e+02, 5.2366681672170245e+01
11, 7, -2.2645964057288566e+02, 2.1263787287982944e+02
11, 8, 3.9010898855154932e+02, -1.7168047972952701e+02
11, 9, 9.6895458837044259e+01, 1.1883606718864684e+02
11, 10, -1.0095052635554367e+01, -5.8219886244835516e+02
11, 11, 3.5184476570979228e+01, 1.0987888724492799e+02
12, 0, -1.6201698013245007e+01, 0.0000000000000000e+00
12, 1, 3.5753443725873956e+02, -1.4837304257090384e+01
12, 2, 5.5683305157531080e+01, -1.4110442218347947e+02
12, 3, 4.2484311490410863e+02, -7.8119643474545185e+01
12, 4, 7.3211296488179897e+01, -6.0667372551070784e+01
12, 5, -1.4327333382002996e+02, -3.0841390215321479e+02
12, 6, 9.6600996983098341e+01, 4.3806252010557381e+02
12, 7, -6.3008565364935535e+01, 8.7825031422345205e+01
12, 8, 3.8663315378136394e+02, 5.8757135134795320e+01
12, 9, -1.3485820159605302e+02, -8.9879687894533504e+01
12, 10, -5.7629533247400872e+01, -3.5426186504805912e+02
12, 11, -2.3734475262857464e+02, 5.2878093073534205e+02
12, 12, 2.3407623356629173e+01, 2.5958670758126303e+01
13, 0, 1.0646269741611772e+02, 0.0000000000000000e+00
13, 1, 1.9764302345375981e+02, 3.2326356837583774e+01
13, 2, -1.0524794557529580e+02, -2.7095518907256388e+02
13, 3, 1.6620400138786522e+00, 2.4936425111913465e+00
13, 4, -6.6661151002122665e-01, -1.7125988513164828e+02
13, 5, -1.9683646448103108e+01, 1.3102261050469505e+02
13, 6, -1.0257223071847544e+02, 3.2352554512690961e+02
13, 7, 2.1762250090748338e+02, -1.0782488249848529e+02
13, 8, 5.8368424466922264e+01, 1.0198872065194450e+01
13, 9, -2.4355202883893543e+02, -1.8304582533978339e+02
13, 10, 9.9148565486276894e+00, 1.5726624686693521e+02
13, 11, -2.0763643287213702e+02, 2.5403119200950346e+02
13, 12, 3.5008775481903825e+02, 1.2207724972415465e+02
13, 13, -1.7612978294038720e+02, -2.5495112401308208e+02
14, 0, -1.4654136690554992e+01, 0.0000000000000000e+00
14, 1, -1.8729592407994593e+02, -5.4654994731851865e+01
14, 2, -1.0415204567991485e+02, 1.1994851742971724e+02
14, 3, -9.3729041928520033e+01, 6.2166954858809873e+01
14, 4, -8.9923392763920432e+01, 2.8215372030432053e+02
14, 5, 1.1932076330103452e+02, 2.5929893717241009e+02
14, 6, 3.2605878863080413e+00, 4.4080175578036410e+01
14, 7, 8.8343925501605867e+01, -6.8823995437391631e+01
14, 8, -2.4551311547419732e+02, -1.2105244846397025e+02
14, 9, -2.1245817486017820e+01, -2.6340617738011326e+02
14, 10, 1.6841070125989990e+01, 4.1494702581643531e+02
14, 11, 1.9476282677221872e+02, -7.5265603844482229e+01
14, 12, 9.4338355152766084e+01, 5.3392778386096417e+01
14, 13, -1.9293469042288024e+02, -5.2846190184526870e+02
14, 14, 4.3883633444674821e+00, 1.8286358771442298e+02
15, 0, -1.0608198286889638e+02, 0.0000000000000000e+00
15, 1, -4.6410870541701350e+01, -9.4326795279872570e+01
15, 2, 1.1417248198662321e+02, 1.8065995529574946e+02
15, 3, 1.2864624087931156e+02, 6.8739620386993550e+01
15, 4, 1.7714908968913500e+02, 2.3569982900114542e+02
15, 5, 2.1733338011466790e+02, 1.3857939830034798e+02
15, 6, 1.2146274244159734e+01, -1.5738754083869247e+02
15, 7, -2.3559236586028459e+02, -1.0252426309386907e+02
15, 8, -2.6702759770569151e+02, -1.4129073065650871e+02
15, 9, 3.1285306832164252e+00, 8.3884581195422498e+01
15, 10, 6.1736599358918880e+01, 4.4078997053686550e+01
15, 11, 1.9221178184507104e+02, -1.4319536226531596e+02
15, 12, -1.7453921391327640e+02, -1.8365227876449219e+02
15, 13, -2.9677950984736636e+01, -1.8858992272112349e+02
15, 14, -4.7501677532345319e+01, 3.1728540762385529e+02
15, 15, 1.2790813505461236e+02, -1.7301764847470249e+01
16, 0, -1.0655142840518381e+02, 0.0000000000000000e+00
16, 1, 5.0020360962967686e+01, 1.2361365376777989e+02
16, 2, 1.5946903604995560e+02, 5.2359821484221911e+01
16, 3, 1.0885838724793007e+02, -1.0378792891280064e+02
16, 4, 2.0997791507858261e+02, 1.9502498649222726e+01
16, 5, 8.5514073186724914e+01, -1.3632932053521731e+02
16, 6, -3.5487225050052793e+01, -5.0475877705903514e+01
16, 7, -1.0584557532083146e+02, -5.9408535072539784e+01
16, 8, -6.3518622166816805e+01, -1.1034063906409774e+02
16, 9, 1.0582503729024334e+02, 2.2001404803721860e+02
16, 10, 1.3733281330079086e+02, -6.7687196366826839e+01
16, 11, 1.1935294893209694e+00, 3.4278983122485251e+01
16, 12, -1.3404329264106218e+02, -1.4538302525319619e+02
16, 13, 2.1346499964324110e+01, 1.4613298640052193e+02
16, 14, 1.6359071301274358e+01, 2.1090301731880709e+02
16, 15, 2.3480028321592320e+02, -7.1320546321446685e+01
16, 16, -4.5389914867219630e+01, -1.3990657336703176e+01
17, 0, 2.3626429671774197e+01, 0.0000000000000000e+00
17, 1, 9.9135277000790069e+01, 1.3657999068076447e+02
17, 2, 5.4817370107966759e+01, -1.9219401572412096e+00
17, 3, 4.2567012999808242e+01, -2.8335500156726102e+01
17, 4, -9.4315420993159933e+01, -2.4026739410592333e+00
17, 5, -1.4411710928185764e+02, -4.8392613645511808e+01
17, 6, -1.2648909967896699e+02, 5.0800926664300675e+01
17, 7, -6.6095631967406121e+01, 7.0407498391900930e+01
17, 8, 7.4464535681748913e+01, 4.1192926919911045e+01
17, 9, 2.5684669517288359e+01, 9.6374784530132402e+01
17, 10, 1.0937635248941331e+02, -4.9896887022777605e+01
17, 11, -5.3819351387039880e+01, 3.6564174797016804e+01
17, 12, -6.9282082846812798e+01, 9.9522302662874207e+00
17, 13, 1.1917110750515629e+02, 1.8769114320973091e+02
17, 14, 6.2766359230010139e+01, 9.5337792922625411e+01
17, 15, 7.0075871090147089e+01, -9.5095399527953262e+01
17, 16, -2.4032552437089711e+02, -1.2117650575497774e+02
17, 17, -3.0830092202599545e+01, -6.5024026858784765e+01
18, 0, 5.9585160772742377e+01, 0.0000000000000000e+00
18, 1, 3.4342785548141734e+01, 1.2983862188482837e+02
18, 2, 8.7766913399978996e+00, -6.3317842054881917e+00
18, 3, 6.9633104510691965e+01, 8.1706438846573761e+01
18, 4, -1.9051179725114585e+02, -3.3987135591559010e+01
18, 5, -4.2405964566120730e+01, 1.3140302067261138e+02
18, 6, -4.8535344013477598e+01, 1.3992576023854812e+02
18, 7, 3.3921728922179227e+01, 3.3112879713266693e+01
18, 8, -2.1278830661018688e+01, 6.1474569768013680e+01
18, 9, -7.7080340185932315e+00, -8.9237908479122410e+01
18, 10, -1.4006999515418315e+02, 3.0774470141049967e+01
18, 11, -6.4865312312347143e+01, 4.8931325319468009e+01
18, 12, -2.0179668986975262e+01, 4.7191480686916989e+01
18, 13, 7.5226656438212160e+01, 4.7336632868951142e+01
18, 14, 8.2688135205596936e+01, -4.7628794616166481e+01
18, 15, -9.1590404693073879e+01, -1.5473082436275016e+02
18, 16, -9.9681141771862983e+01, -3.5507361441099974e+01
18, 17, -3.9207688648539133e+01, 2.0749529811337666e+02
18, 18, -8.2933118507260744e+01, -6.9770669824358620e+01
19, 0, 2.9183466956180721e+00, 0.0000000000000000e+00
19, 1, -1.2144057241808117e+01, -8.8622308497880255e+01
19, 2, 7.4543697889018885e+00, -1.0670084394310281e+01
19, 3, 2.9960283226120410e-01, 3.5433402291382990e+01
19, 4, -3.7788752678656415e+01, -4.9899981729095828e+01
19, 5, 4.6956215932408838e+01, 7.1883648814156544e+01
19, 6, 3.5511907215482509e+01, 4.1029516136520513e+01
19, 7, 8.3462966951723843e+01, -3.6371999738323510e+01
19, 8, -7.9941494609106002e+01, 1.4313146543755785e+01
19, 9, -4.2352750347561617e+01, -9.1461359363362277e+01
19, 10, -1.1047088985773772e+02, 2.6163466447414638e+00
19, 11, -9.3414932866255640e-01, 7.6824069220684692e+01
19, 12, -1.2533235830819400e+00, -5.2027456746284644e+00
19, 13, 4.4850496225436935e+01, -3.0445896359549440e+00
19, 14, -3.2389577938080542e+01, -9.6007354398974115e+01
19, 15, -1.5999518111106855e+02, -1.0464708826189248e+02
19, 16, -6.4275400780927949e+00, 3.1259448107827762e+01
19, 17, 3.2360224237887252e+01, 8.7093494175506891e+01
19, 18, 1.1828159530521938e+02, -1.1301621894348359e+02
19, 19, 6.3819119084005749e+01, 1.4159045126801283e+02
20, 0, -4.9053079581369545e+01, 0.0000000000000000e+00
20, 1, -1.5281543705315574e+01, -9.9185732767725796e+01
20, 2, -8.8250254054208632e+00, 4.1233999007617065e+01
20, 3, -5.4003461582864205e+01, -3.3486348006702435e+01
20, 4, 6.5110900514401251e+01, -2.7040578948610886e+01
20, 5, -3.1696826118234906e+01, 2.4494460405457992e+00
20, 6, -3.1767807788952446e+01, -5.7200627065369034e+01
20, 7, -4.4430508365026444e+00, -3.0277323975499030e+01
20, 8, -4.8332234354201667e+01, -5.3291139300042893e+01
20, 9, -2.7226655229264470e+01, -2.9144921985814559e+01
20, 10, 6.5358963758102249e+01, 6.9459337912819477e+00
20, 11, 8.1606551953773234e+00, 1.1167401479955419e+01
20, 12, 9.1682798663334268e+01, 2.9808349261187509e+01
20, 13, 2.5861768124710082e+01, -5.7060400427303342e+01
20, 14, -5.6158197833068506e+01, -5.2007163234313737e+01
20, 15, -1.3484810109184341e+01, 5.9196142275659739e+01
20, 16, -8.4455405839651831e+00, 3.1842647941907924e+01
20, 17, 9.1600256419966684e+01, 7.0730859772840134e+01
20, 18, -7.8195897515210397e+00, -1.1739136216167125e+02
20, 19, -1.8795701628946674e+01, 2.4800176076376097e+01
20, 20, 8.1605601607531625e+01, -3.1925998493747603e+00
21, 0, -1.1710623501255581e+01, 0.0000000000000000e+00
21, 1, 2.6426884732532741e+01, 5.8342246892205274e+01
21, 2, 2.7412051961444597e+00, 8.7097637402342698e+01
21, 3, 2.0184349780567075e+01, -3.3207899080966058e+01
21, 4, 6.0032554903501932e+01, 2.4816821689278932e+01
21, 5, -5.6117862415517074e+01, -2.0625627247984106e+01
21, 6, -9.2658021766257956e+00, -3.1933552562261269e+01
21, 7, -3.5716458211895386e+01, 5.1399820938801859e+01
21, 8, -1.0748196456672133e+01, -4.3598611072065935e+01
21, 9, 4.1286071940722607e+01, 8.0451038703802578e+00
21, 10, 4.8143439124135952e+01, -3.0400975571595893e+01
21, 11, 5.6956376627148813e+01, 4.3835137225280285e+01
21, 12, -3.4195355899745351e+01, -1.9018434529932044e+01
21, 13, 3.2879552665245955e+00, -7.7866865137931160e+00
21, 14, -1.9464284951185444e+01, 6.5338472538451867e+01
21, 15, 5.0648161554721781e+01, 7.8727396588118125e+01
21, 16, 4.6494634799486576e+01, 1.7372496023635147e+01
21, 17, 4.8035136484911582e+01, 4.8039680859183690e+01
21, 18, -3.9254650688903098e+01, -7.6340591188451768e+01
21, 19, -1.4457091943961270e+01, 1.2379216333192869e+02
21, 20, 3.4452464450833247e+01, 5.8643198577919939e+01
21, 21, -1.1062414279473785e+02, -7.5959050126610279e+01
22, 0, 3.4981875391523630e+01, 0.0000000000000000e+00
22, 1, 6.0812700518953157e+01, 2.7394158899585161e+01
22, 2, -5.3325222835683395e+00, -1.4051723834642516e+01
22, 3, 5.6663245361093516e+01, 3.5308161142016981e+00
22, 4, -3.4989724426314879e+01, 4.6832387714118902e+01
22, 5, -8.5006433004438335e+00, -7.8306055653440474e+00
22, 6, 2.9728033699303214e+01, 6.2784631098961135e+01
22, 7, -3.5286181184144930e+01, 6.5353444858277800e+00
22, 8, 4.6764936195960203e+01, 2.6161504037870412e+01
22, 9, 6.8641092549588283e+00, 1.7931240674418301e+01
22, 10, 3.7796085903225929e+01, -3.0244420066721531e+01
22, 11, 2.7240409539526894e+01, 3.3717035243108803e+01
22, 12, -5.0790896190055314e+01, 3.4415672462033875e-01
22, 13, 2.3307837272371749e+01, 2.2632375691378222e+01
22, 14, 1.4284615208703471e+01, 6.8141884683814155e+01
22, 15, 5.7673470455383750e+01, -3.2839303112739884e+01
22, 16, 3.0303134478471776e+01, 2.5918961414173172e+00
22, 17, -5.7999420390120996e+01, -3.8858342229241963e+01
22, 18, 1.7958521172050457e+01, -2.9936804214364088e-01
22, 19, -6.3998799401412640e+01, 5.2721098834741916e+01
22, 20, 6.9126080646843164e+01, -1.3793388326867982e+01
22, 21, -4.2631343530848241e+01, -9.0400721318494220e+01
22, 22, 9.7350697789800904e+00, 4.3537815265706911e+01
23, 0, -1.0895720994058427e+01, 0.0000000000000000e+00
23, 1, -2.9592446600111046e+01, -5.5615460608525158e+00
23, 2, -2.2705929686700074e+01, -5.6229318636319157e+01
23, 3, -1.8647031282354195e+01, 2.1487851747406310e+01
23, 4, -4.9356268773326022e+01, -7.3296708447359560e+00
23, 5, 4.4410317203535314e+01, -2.5306193460836781e+01
23, 6, -4.7936319712267235e+01, 6.7333461828648353e+01
23, 7, 3.1910820421369841e+01, -4.7626144348240977e+01
23, 8, 2.0041674208108848e+01, 3.9906979932683960e+01
23, 9, -4.7432476932362277e+00, -1.9279425101074420e+01
23, 10, 1.4936328684315917e+01, 3.8364274303041867e+01
23, 11, -3.5391918020794463e+01, 3.1895335667759689e+01
23, 12, -6.9007773784626893e+00, 1.4402270524060661e+01
23, 13, 3.1785373811525005e+01, 3.3371240364584214e+00
23, 14, 6.3885411546908308e+00, 5.3674756059754607e+01
23, 15, 3.6597741491195578e+01, -9.7557538065022356e+01
23, 16, -5.6304766544556969e+01, -1.1200657473004835e+01
23, 17, -4.1758543954019537e+01, -9.9790389288278078e+01
23, 18, 1.8323317579684094e+01, 7.2874848487029283e+01
23, 19, -6.3392669578206416e+01, -9.0582590670021155e+00
23, 20, 7.0457037885088980e+01, -9.3855391213657029e+00
23, 21, -5.8948583615004296e+01, -8.5620716358590272e+01
23, 22, -2.7417907357672689e+01, 1.4806478038129086e+01
23, 23, 7.5643547136760105e+01, -2.3691939014238155e+01
24, 0, -2.3953131084744982e+01, 0.0000000000000000e+00
24, 1, -2.6269076897131161e+01, -2.8268752490247117e+01
24, 2, 1.0239565385452627e+00, 2.3361791489455047e+01
24, 3, -4.5532051259687499e+01, 2.7154364300523060e+01
24, 4, -1.7409303721613156e-01, -1.8249690853034604e+01
24, 5, 3.3458264789628913e+01, 1.9824386234283661e+01
24, 6, -4.3204711624926361e+01, 2.3787970392637607e+00
24, 7, 5.0459331706929262e+01, -6.0281442562289442e+01
24, 8, -2.0012675443650242e+01, -7.1064637654022391e+00
24, 9, -1.2624824615423822e+01, -3.8999158011878741e+01
24, 10, 1.6424000953304581e+01, 2.8495711232358996e+01
24, 11, -5.4221844072597869e-01, -3.9421679868761736e+01
24, 12, 3.9277208164020507e+01, 3.7456452746263544e+01
24, 13, -1.8418330104471021e+01, 2.8962617930989136e+00
24, 14, -8.1423468151927503e-01, -4.7897634402746043e+01
24, 15, -2.9116851529375602e+01, 7.0414213840156075e+00
24, 16, -7.0291225509111229e+01, -4.1296695610112010e+01
24, 17, 1.5366314497658912e+01, 3.5573372860605357e-01
24, 18, -4.5422696289937036e+01, 7.4175938455505587e+01
24, 19, 4.3601636541564105e+01, -4.6211390429706839e+01
24, 20, 1.5539173101305035e+01, 1.3552431015577048e+01
24, 21, 3.2876387528348339e-01, -4.9601530169264564e+01
24, 22, 1.4722449138447288e+01, 8.3199810635992748e+01
24, 23, 6.7742050217496896e+01, 4.8920556093204617e+00
24, 24, -3.3685971667000082e+01, -1.3313035722546351e+01
25, 0, 1.4304572403680790e+01, 0.0000000000000000e+00
25, 1, 1.2601278224135559e+01, 3.5068481242860101e+00
25, 2, 2.1919459185389954e+01, 4.2238862783882240e+01
25, 3, -7.8352014276574771e+00, 1.7006642437102307e+01
25, 4, 7.0789412583231822e+01, -1.9860504186896637e+01
25, 5, -2.8670150249563896e+01, 3.2550635045367230e+01
25, 6, 1.9152503815084160e+01, -3.3721231167198653e+01
25, 7, -6.4570019961206526e+00, -3.3699387549576038e+01
25, 8, -2.1503125798940125e+01, -1.9191787798862649e+01
25, 9, -8.0026354486825078e+00, -2.2893224521268017e+01
25, 10, -1.6557741738831304e+01, 2.4292562459682067e+01
25, 11, 5.1026953331878801e+01, -4.4736086156309852e+01
25, 12, 3.4770089563339326e+01, 2.9363393990626186e+01
25, 13, -1.0892645065741218e+00, -3.0129528297484836e+01
25, 14, 8.6911466564884705e+00, -2.7544672596530610e+01
25, 15, -4.8822432085636230e+01, 1.0811897377351972e+01
25, 16, 1.1928602398997938e+01, -3.1213461532601901e+01
25, 17, 3.4422903968013912e+01, 8.5453206074219537e+01
25, 18, -1.8369973124597163e+01, -8.4923191043412452e+00
25, 19, 7.0798849718250864e+01, 5.5479335711783353e+00
25, 20, -5.5222427594816764e+01, -1.1248231475116141e+01
25, 21, 7.5511618053994368e+01, -2.2837409690562932e+01
25, 22, -3.2283256728543222e+01, 5.1811897952071227e+01
25, 23, 5.5409369041742863e+01, -4.9728999438404365e+01
25, 24, -2.8385544804134884e+01, -1.0767008880945982e+01
25, 25, -1.6425260078779569e+01, 3.0686842058256389e+01
26, 0, 2.5825479514472896e+01, 0.0000000000000000e+00
26, 1, 1.3645893169760216e+01, 4.0823043428496369e+01
26, 2, 1.7498632902134336e+01, 1.4207795872337068e+00
26, 3, 7.1693109784571352e+00, -1.1479382434905226e+01
26, 4, 3.4863165229428063e+01, -1.4656041586400669e+01
26, 5, -2.0864914898621766e+01, -1.5139402598020716e+01
26, 6, 3.3970954718495591e+01, -8.3848104511720578e-01
26, 7, -1.0101751887077379e+01, 1.9313661890350865e+01
26, 8, -1.6468826115123836e+00, -1.0372254731189825e+01
26, 9, 3.9326276343385684e+00, 4.8858886939209917e+01
26, 10, -9.8244970131460043e+00, -5.8782209027175440e+00
26, 11, 4.6746974448436546e+01, 2.0581694296480020e+01
26, 12, -2.3521397000379235e+01, 1.0458039816870228e+01
26, 13, -2.7090842536850630e+00, -5.7897562958988069e-01
26, 14, -1.1484996914765105e+01, 5.4579155681779783e+00
26, 15, -9.7890676676624153e+00, 6.1676168130768509e+00
26, 16, 4.6525036533081675e+01, 1.1272384822607219e+01
26, 17, 2.8277465074496309e+01, 8.2166537559114836e+00
26, 18, 2.6597546842295174e+01, -4.3613843362751538e+01
26, 19, 1.0359803934728329e-01, 9.1199801508178169e+00
26, 20, -1.2678169709825012e+01, -3.5536687018294771e+01
26, 21, 2.7076669329020916e+01, 5.2346244819012412e+01
26, 22, -4.3298354258020581e+01, -6.5105792934696005e-01
26, 23, 2.4790234883295849e+01, -2.3959003867910504e+01
26, 24, -7.5500283614504724e+01, -4.7210866510214995e+00
26, 25, -2.7203078889258322e+01, 4.0673488423453769e+01
26, 26, 1.5843991209789044e+01, -4.3331811921105071e+01
27, 0, 2.4484402309314667e+01, 0.0000000000000000e+00
27, 1, -3.9577383075634507e+00, 2.1414546241989743e+00
27, 2, -9.0726754368891527e-01, -2.8185978572682465e+01
27, 3, -1.1181240350450556e+01, -2.5945111180237362e+01
27, 4, -3.2341824909897888e+01, -9.9329884060094464e+00
27, 5, -8.6414922981746614e+00, -2.8156200331801994e+01
27, 6, -2.9149426251327380e+01, 2.9044102328745936e+01
27, 7, 2.7035345603776282e+00, 1.1499446239853626e+01
27, 8, 3.2864204074916216e+01, -8.9537394625274072e+00
27, 9, -2.0858532751729468e+00, 3.9062161553009503e+01
27, 10, 2.3072856972837677e+01, -1.2075241903540490e+00
27, 11, 1.8171319203218378e+01, 1.7792468295111792e+01
27, 12, -8.0155227784708725e+00, 6.2232749033530210e-01
27, 13, 8.4913655956686132e+00, 9.2300858069029239e+00
27, 14, -2.2507004084874570e+01, 1.5145350609619346e+00
27, 15, 2.4347268723203195e+00, -9.2885842032129595e+00
27, 16, 6.5837863397177170e+00, 2.4359220542120905e+01
27, 17, -1.8366975711864011e+01, -3.8025628760827360e+01
27, 18, 1.2565651485267764e+00, -1.5142463805546614e+01
27, 19, -6.7389949694731087e+01, -1.6180547008715294e+01
27, 20, 2.6535160420046950e+01, 5.7362463430608663e+00
27, 21, -2.7501776940998532e+01, 2.6431413056310859e+01
27, 22, 1.9946116890727733e+01, -3.3826167611086795e+01
27, 23, -1.3292864224748378e+01, 2.5307116518738102e+01
27, 24, -1.6757464327298816e+01, -6.1850634069599719e+00
27, 25, 7.7317803686554818e+00, 5.3378860463902072e+01
27, 26, 2.3441353786890236e+01, -3.3621245527142875e+01
27, 27, -4.3284690249863864e+01, 2.1178698377986693e+00
28, 0, -2.6881047409578320e+00, 0.0000000000000000e+00
28, 1, -1.3407804032046240e+01, -8.0578757150564435e+00
28, 2, -2.6974946169847797e+01, -2.1616996114138114e+01
28, 3, -1.5198098209498289e+01, 2.6143408809704919e+01
28, 4, -2.9855508676189949e+01, -6.8106582586816895e+00
28, 5, 6.1023851237345488e+00, -2.9100018333783542e+00
28, 6, -3.8871586615930859e+01, 2.2159713682978502e+01
28, 7, 1.6480417188352920e+01, -2.2182391157472768e+01
28, 8, 2.1976932951884073e+01, 2.7746590957564701e+00
28, 9, -6.4074211461891650e+00, -3.7094829950237617e+01
28, 10, 7.7133944361143927e+00, 3.4615409374078294e+00
28, 11, -1.5505559678863243e+01, -2.3951607273020784e+01
28, 12, -5.7435456210067599e+00, 3.0684635945934220e+00
28, 13, 1.0047748572108391e+01, -5.8069270620683522e+00
28, 14, -1.0916686523943110e+01, -1.3669138417419003e+01
28, 15, 8.0511893424772065e+00, -1.2709960152690517e+01
28, 16, -1.4447319659753445e+01, -7.8125995633177885e+00
28, 17, -7.9853318854916999e+00, -3.4904280589755167e+01
28, 18, -2.3513809851952317e+01, 2.6197151498491138e+01
28, 19, -2.9225970864698972e+01, -6.2618357429491764e+00
28, 20, 2.2474719359998971e+01, 3.5030305050863525e+01
28, 21, -1.4650368936702741e+01, -1.1362017909792257e+01
28, 22, 3.0218095557295410e+01, -5.5861482060611110e+00
28, 23, -3.0515873928935132e+01, -1.2353586485532215e+01
28, 24, 2.1846770644321342e+01, -1.3455336676098726e+01
28, 25, 5.1625684936690535e+00, 8.0957974359891907e+00
28, 26, 3.3577162013232538e+01, -4.5265010534870058e+01
28, 27, -1.6207371308615128e+00, -5.4979069028971344e+00
28, 28, 1.1920958148297011e+01, 4.8378212958871472e+01
29, 0, -8.9285286169707625e+00, 0.0000000000000000e+00
29, 1, -2.6670948929410452e+00, -1.4042423067871937e+01
29, 2, -1.0753690713933416e+01, -9.2461084763687307e-01
29, 3, -8.1383192948059104e+00, 2.5094086317296931e+01
29, 4, 1.2277230152213125e+01, -7.6315598618348890e+00
29, 5, 9.5373948581339736e+00, 1.1810845958960892e+01
29, 6, 5.4884764993342525e+00, -4.5265462690265332e+00
29, 7, 2.0708719260459599e+01, -1.3100317943489621e+01
29, 8, 3.6778892858978911e+00, 1.1284190192315138e+00
29, 9, -8.6801271652623413e+00, -2.7923312504497602e+01
29, 10, -1.2255593322710981e+01, 5.6122223241705171e+00
29, 11, -2.6588081488661015e+01, -6.7479599687871357e+00
29, 12, 1.3489720480723985e+01, -7.9718144687887769e+00
29, 13, -1.6070299018784318e+01, -1.8626951417060962e+00
29, 14, -1.1854348911954009e+00, -1.0996274298592597e+01
29, 15, -5.8535881145587503e+00, -9.8314233082784046e+00
29, 16, -9.0853945728092622e+00, -3.1993566969969160e+00
29, 17, -2.2641100472831877e-01, 6.6375743262503253e+00
29, 18, 3.4194582783582472e-01, 6.2661585415892471e+00
29, 19, 1.5418753082429516e+01, 3.2452943290130571e+00
29, 20, 8.8954478788777021e+00, 5.2420640283383548e+00
29, 21, 1.2940778233021870e+01, -2.2454114909677003e+01
29, 22, -9.4615018240366702e+00, -6.7684316577485992e-01
29, 23, -3.6846766968238205e+00, -2.4553236504926815e+01
29, 24, 6.0358147575538093e+00, 2.3611794706915507e+01
29, 25, -4.8865591678693638e+00, -2.3326902205468393e+01
29, 26, 1.3093916024027619e+00, -1.8906323461890686e+01
29, 27, -3.5365762127711271e+01, -5.2429239062095521e+00
29, 28, 1.9948530709190819e+00, 2.0002689030431217e+01
29, 29, 1.1482508565222176e+01, -1.2988107810094803e+01
30, 0, 6.1733292106911786e-01, 0.0000000000000000e+00
30, 1, 1.1062284854686432e+01, -4.2975900999982275e-01
30, 2, 1.5421008486309509e+01, 2.0764775117074121e+00
30, 3, 3.5319112532918044e+00, 1.7501739106482785e+00
30, 4, 1.9753241826953474e+01, -1.7382043353540553e+01
30, 5, 7.2999998133977719e+00, -9.7637152071237203e+00
30, 6, 7.7404368775754335e+00, -2.6549201023191664e+01
30, 7, 4.1554778359650726e+00, -5.5318190306803317e-01
30, 8, -2.6709422297444281e+00, -9.2245947042710537e+00
30, 9, 7.3837267331934306e+00, -2.6760853131289633e+00
30, 10, -5.1521802640904477e+00, 1.8409389921346058e+01
30, 11, -9.9144850075681088e+00, 6.4901012252320340e+00
30, 12, 2.1895708590629866e+01, -8.5332318920916990e+00
30, 13, -7.0702658156157483e+00, -2.9492237352338266e+00
30, 14, 8.8147055780848760e+00, 2.5667031528898683e+00
30, 15, -7.9649804739580130e+00, 5.3605236969037873e-01
30, 16, -1.6429243396370943e+00, -2.4890645587982543e+00
30, 17, 8.6334328156569171e+00, 1.1244809596305419e+01
30, 18, 4.0528152270551754e+00, 2.0798684821797653e+00
30, 19, 1.4203971913620205e+01, -5.2821667141536910e+00
30, 20, -1.0649925000255516e+01, -1.0263885137686312e+01
30, 21, 4.3835141121418815e+00, -6.4246014564048153e+00
30, 22, -1.6075967183730690e+01, -3.4427325956765316e+00
30, 23, 1.0620162498486030e+01, -4.3860099516561615e+00
30, 24, -5.9924189550652862e+00, 1.4996307469293349e+01
30, 25, 1.5165125215001790e+01, -1.7436947134215579e+01
30, 26, -9.9232859644945357e+00, 2.3305151123557426e+01
30, 27, -2.1328542238574350e+01, 1.6535237181992162e+01
30, 28, 1.4662309003449241e+01, 2.5565209414977900e+01
30, 29, -1.1727652350214204e+00, -2.8082768696042590e+00
30, 30, -6.9532928005756158e+00, -1.5260948884534651e+00
31, 0, -9.1064715754269336e+00, 0.0000000000000000e+00
31, 1, 3.6609579436754935e+00, 5.9808317252572794e+00
31, 2, -5.5410250298033459e+00, -3.6115066979554404e+00
31, 3, 1.0179519464049713e+00, -3.5941125674801833e+00
31, 4, 3.1137391061739152e+00, -1.1690704393079243e+00
31, 5, -4.9638537270790550e+00, -1.2179273512638911e+01
31, 6, -2.3682380389961408e+00, -6.3779410221269686e+00
31, 7, -1.4445011276857915e+01, 9.3420695939992360e+00
31, 8, 1.2175915785794920e+00, -1.7036416492405437e+00
31, 9, 8.4450535712763077e+00, 3.0961524597774388e+00
31, 10, 5.0430945389006503e+00, 1.6904008066901103e+01
31, 11, 1.1444434364059383e+01, -1.2347423714274701e+01
31, 12, 7.9042214281269008e+00, 3.9922518811457453e-01
31, 13, -2.6707348631788572e+00, -9.8337337207619484e+00
31, 14, -1.0283182154498172e-01, 5.7424371657187514e+00
31, 15, -4.5048797106481091e+00, -2.4320576691881715e+00
31, 16, 8.6031967117278256e+00, 1.3519028762435594e+00
31, 17, 4.5413400630383984e+00, -2.1101487628846698e+00
31, 18, -1.9828861796503052e+00, -1.3409713126817326e+01
31, 19, -4.8226918850613405e+00, -7.7983473533550978e+00
31, 20, -2.6402081661467395e+01, -1.0899213068390830e+01
31, 21, -1.3410253022476806e+00, -7.4621172493252241e-01
31, 22, -7.3410878995624120e+00, 1.1584567052991478e+01
31, 23, 5.7523226790358093e+00, 1.0206854897436788e+01
31, 24, -3.7031499410088742e+00, -7.6049973842794607e+00
31, 25, -1.1178283211563511e+00, 1.5130388611823360e+00
31, 26, -1.1490393161616815e+01, 3.2830906728951201e+00
31, 27, 6.3685844837083403e+00, 9.7152344497232939e+00
31, 28, 2.4805110655177941e+01, 6.5861217484219505e+00
31, 29, 5.3332453260625190e+00, -1.1888571944407811e+01
31, 30, -1.4081884875107828e+00, -1.5307535138442685e+01
31, 31, 9.3892501558112897e+00, -1.5020417024017068e+00
32, 0, -9.5140186850652260e+00, 0.0000000000000000e+00
32, 1, 2.7160357865293028e+00, 1.2151592669890601e+01
32, 2, -1.0549195267293376e+01, -1.0945416705129126e+01
32, 3, 1.0779849043872648e+01, 5.1117614629938890e-01
32, 4, -1.2325919161764997e+01, -4.1620457062084597e+00
32, 5, -5.8378420701675235e+00, 2.9540073389668011e+00
32, 6, 7.9153221796786233e-01, 1.2667086961038727e+01
32, 7, -1.0806409646624450e+01, 9.0376839581454931e+00
32, 8, 1.5016195831641667e+01, 1.7362108869507569e+00
32, 9, 1.9173228597872640e+00, 5.4416473437712742e+00
32, 10, 2.7656074317735349e+00, -4.9573055702114406e+00
32, 11, 2.3214132514879964e+00, -2.7816017070225971e+00
32, 12, -3.8536749533614918e+00, 1.9943021303646358e-01
32, 13, -2.1298749832224195e+00, -2.1793593883154285e+00
32, 14, -4.2360990457939840e-01, 1.2229772183767043e+01
32, 15, -1.3482465337854252e+00, -6.2976478785087648e+00
32, 16, 9.0576013734313108e+00, 2.8208578442671928e+00
32, 17, -8.2499349186291271e-01, 2.0121491251955295e+00
32, 18, -5.6013904608074263e+00, -1.2294742308350826e+00
32, 19, -1.3325054957101766e+01, 8.0443022202161529e+00
32, 20, -1.2873728274476969e+01, -3.6692176063966713e+00
32, 21, 6.2428292889511292e+00, 1.4490011378920048e+01
32, 22, 6.8117629454307433e+00, 3.8126396628359576e+00
32, 23, 1.1778439757957142e+00, -6.3231484440301529e+00
32, 24, 1.6453292587732051e+00, -1.0278945339016138e+01
32, 25, -8.0437190143173130e+00, 9.3880604797855831e+00
32, 26, -2.2799467030406464e+00, 4.0258829068580999e+00
32, 27, 3.2813364169184083e+00, 7.8721703624437005e+00
32, 28, 2.3618650038691489e+00, -1.8253460494474247e+01
32, 29, -5.6720296520564659e+00, -1.2144869131725004e+01
32, 30, -9.5725315095514691e+00, 3.5217622449651955e+00
32, 31, -6.6022748865914043e+00, -4.4373053451441491e+00
32, 32, -3.9691409354489648e+00, -3.3938670885873616e+00
33, 0, 4.9698867710093779e+00, 0.0000000000000000e+00
33, 1, 3.8506194548262780e+00, 6.5212175283138887e+00
33, 2, -3.5204950219119437e+00, -1.2675502556329654e+01
33, 3, 8.2025203936690847e+00, 5.6853472247535706e+00
33, 4, -3.8927611646167750e+00, -2.8115215287903568e+00
33, 5, 8.5314098055632659e+00, -2.0842236458487045e+00
33, 6, 8.4278747879095750e+00, 1.7066484570156341e+01
33, 7, 4.8942818333513065e+00, -1.6864723994557089e+01
33, 8, 8.2481648631543525e+00, 8.2355476686127957e+00
33, 9, -3.5111618085641840e+00, -5.5863423701211552e+00
33, 10, 6.1995025741664467e-01, 5.1220333941351948e-03
33, 11, -9.1591052814683636e+00, 8.9117229524703419e+00
33, 12, -1.0986362097641997e+01, 6.8299239016180824e-01
33, 13, -1.6217078906664595e+00, 1.4007479304192447e+00
33, 14, -3.0919988797653124e+00, 1.7342116834552477e+00
33, 15, 5.9818610031637878e+00, -5.5632105878121347e+00
33, 16, -9.2009407504048757e-01, 3.0098672818560077e+00
33, 17, -1.9422228541882733e+00, -6.1376181930671603e-01
33, 18, 8.3340197895620811e+00, -2.5139374369747616e+00
33, 19, -1.3483912338393845e+01, 1.0751271509688376e+01
33, 20, 8.3677729916824966e+00, 2.1774537837483550e+00
33, 21, 1.3454859947102080e+00, 1.4379347494596331e+01
33, 22, 4.1112015839556015e+00, -7.0240809831323565e+00
33, 23, 1.2444079459418989e+00, -7.3698794778723906e+00
33, 24, -5.4398960948946691e+00, -6.0546670755128469e+00
33, 25, 3.4841013013757172e-01, 1.8394728864895553e+00
33, 26, 2.2724918948591522e+00, 5.5287334665403538e+00
33, 27, 3.2232478586666904e+00, -2.3377926235161453e+00
33, 28, 3.0462417437770792e+00, -1.0461680069494772e+01
33, 29, -9.2988743173756916e+00, -3.1776579978634056e-01
33, 30, -9.3048179188505529e+00, 1.0188298137252794e+01
33, 31, 8.9646475675281856e+00, 1.0900257732807108e+00
33, 32, -3.0764883096343518e+00, 2.2526587237052809e+01
33, 33, -1.6901440553034264e+00, 3.0604174148890091e+00
34, 0, 8.8187581175866381e+00, 0.0000000000000000e+00
34, 1, -4.3514448020237806e+00, 2.9843902746428901e+00
34, 2, 4.9870603916098437e+00, -3.6488061948304180e+00
34, 3, -3.8980875325804361e+00, 1.0170238520968919e+01
34, 4, 1.9871834023524444e+00, -6.0819594945786193e+00
34, 5, 7.2630813499732154e+00, 3.7855873408231924e+00
34, 6, 5.3941561246403680e-01, -2.4206322870806707e-01
34, 7, 8.7389587882253856e+00, -1.2438395170378485e+01
34, 8, -1.1399942772186527e+00, 2.1402782552998589e-01
34, 9, -4.2648534871125303e+00, -5.5157612131171714e+00
34, 10, 5.3221046821069495e-01, 5.9461396301966793e+00
34, 11, -5.4516734395123674e+00, 1.2835067926924133e+01
34, 12, 4.4341503420748660e+00, 1.8766778335456162e+00
34, 13, 4.0065715157772583e+00, 4.8823900981677690e+00
34, 14, -1.3878660207200755e+00, -6.4213759885149528e+00
34, 15, 5.0927317592912509e+00, -4.5298831695221349e+00
34, 16, -1.2935962388547416e+01, 5.0433024468177501e-01
34, 17, 4.9896608043074684e+00, -3.9411574349157958e+00
34, 18, 1.5235222163062341e+00, 5.5153480718733450e+00
34, 19, -1.0265810309935794e+00, -1.1195642947602977e+01
34, 20, 7.9741382092277853e+00, 5.1035137978379135e+00
34, 21, -2.8851863736595398e+00, -5.5350062514419696e+00
34, 22, 5.2791743228416683e+00, -5.5978473387733141e+00
34, 23, -7.5994052026567100e+00, 2.2346714068825717e+00
34, 24, -4.7242480065422772e+00, -1.6446459385051937e-01
34, 25, 5.5905614563694215e+00, 4.1135836044639547e+00
34, 26, -5.0236406041393664e+00, 6.3014345663867468e+00
34, 27, 7.0269840422404766e+00, -6.6382222514905838e+00
34, 28, -3.7603539053917805e+00, -4.0027055411467449e-02
34, 29, -6.0296665641076110e+00, -5.5845261498730059e+00
34, 30, -1.3697079227723987e+00, 1.1505392171345722e+01
34, 31, 1.4105373028137477e+01, -4.3716048473508957e+00
34, 32, -5.2004555460128925e+00, -5.2419103141627170e+00
34, 33, 2.0176724411600077e+01, -5.5796308306452014e-01
34, 34, 4.4948057186223095e-01, -1.8415980913131587e+00
35, 0, -1.6077491989995418e+00, 0.0000000000000000e+00
35, 1, -3.6120627314732090e+00, -6.7891072914871717e+00
35, 2, 8.8450075654250560e-01, 3.6776658297540377e+00
35, 3, -2.6124015570730332e+00, 4.2463071116456144e+00
35, 4, 9.3473970514150082e+00, -4.3850204616467554e+00
35, 5, -2.1702726483453465e+00, 1.0574424617278771e+01
35, 6, -7.2828669126182906e+00, -8.8188880202444082e+00
35, 7, -1.6383282548971732e+00, 3.9913779844390231e+00
35, 8, -8.4275412499775229e+00, -4.5511512437532025e+00
35, 9, 1.4931924973611761e+00, 1.8499275487285458e+00
35, 10, 2.7928738914172011e+00, 3.9294385082574586e+00
35, 11, 1.4448406850972497e+00, -8.4971999926447461e-01
35, 12, 7.2414302544367990e+00, -1.7916777031687479e+00
35, 13, 1.8757391281123597e+00, -2.1489355235232355e-01
35, 14, 3.6767304121314521e+00, -3.5841289847836451e+00
35, 15, -3.9855244794840292e+00, 8.3103064843378061e+00
35, 16, -6.3296875465011810e+00, -5.0711834396498698e+00
35, 17, 7.4957807904996523e+00, 2.7305128920657369e+00
35, 18, -6.7929263237492092e+00, 2.5441053970916396e+00
35, 19, 3.8942921993887265e+00, -3.8374081896989183e+00
35, 20, -7.7547919462292372e+00, 6.3040821620860079e+00
35, 21, -2.8756856729806373e+00, -1.1647227797517969e+01
35, 22, -2.8790518492557262e+00, 5.8778810187106556e+00
35, 23, -8.6166326993907028e-02, -4.5458229707158342e+00
35, 24, 7.1892788906453156e+00, -1.5856970308601737e-01
35, 25, 2.2737878132694060e+00, 2.1531301759769512e+00
35, 26, -6.8598712990759103e-01, -3.0035511811867619e+00
35, 27, 3.6751652537595034e+00, 1.9215527463992754e+00
35, 28, -6.8295599136400345e+00, 4.3999808642291027e-02
35, 29, 5.3282687602714276e+00, 1.9613090916343388e+00
35, 30, -5.4321458279040220e+00, 5.1924138708632217e+00
35, 31, 3.6196899333409100e+00, -1.1211906731331027e+00
35, 32, -9.6594904448581431e+00, -1.1112287451769369e+01
35, 33, 3.1292096956172304e+00, 1.0149139981491373e+01
35, 34, -6.9090793353052717e+00, -1.4809934294311685e+01
35, 35, -5.4959179063144257e+00, -2.1150350833452327e+00
36, 0, -8.5093783826261209e+00, 0.0000000000000000e+00
36, 1, 3.7759105502141561e+00, 9.7276666481379248e-01
36, 2, -5.7089918365690364e+00, 5.7041178206285634e+00
36, 3, 4.5828954705250702e+00, -2.5705233241807521e+00
36, 4, 8.1373270058597384e+00, 1.1143002673211877e+00
36, 5, -4.3069062939365068e+00, -5.9923537305734198e-01
36, 6, 5.5511085742676141e+00, -5.4626425167173576e-01
36, 7, -2.5902441041289102e+00, 5.6234107560733770e+00
36, 8, -3.1253432151763043e+00, 1.4859840540518590e+00
36, 9, 4.4763684104796759e+00, 2.2044770183097606e+00
36, 10, -2.6315649293055663e+00, -2.9155363126282330e+00
36, 11, 3.2278758903945142e+00, -2.0043576062704442e+00
36, 12, 3.4245833727920605e+00, 5.7348867154770156e-01
36, 13, -8.0765769725110346e+00, -8.0116806301575743e+00
36, 14, 4.9793889641273061e+00, 2.7461801223165998e+00
36, 15, -1.2940491513079220e+01, 4.6651322625604790e+00
36, 16, 7.4668008547730205e+00, 4.3123746778590111e-01
36, 17, -3.2711451715882606e-01, 5.3476034699255672e+00
36, 18, 1.7578371091967162e+00, -7.1831968662233860e+00
36, 19, 3.9014333674001334e+00, 4.4286493422649071e+00
36, 20, -8.9661469848336530e+00, -4.7186484207910446e+00
36, 21, -4.2675952031669677e+00, 2.1070303243696218e+00
36, 22, -2.8470821227382777e+00, 4.8294366239943445e+00
36, 23, -2.2030991540942821e-01, -5.0409027305026415e+00
36, 24, 5.3310020297541580e+00, 3.0203954923322867e+00
36, 25, -1.7878600616889955e+00, -4.3709987155901491e+00
36, 26, 8.6871694429624302e-01, -1.6334832260021375e+00
36, 27, -2.4117894313446917e+00, 2.4019699764782585e+00
36, 28, 7.3096125496905295e-01, -9.1187363449625138e+00
36, 29, 6.1049467570765659e+00, 9.9444686927238628e+00
36, 30, 3.1748811682714804e+00, -8.6373568188877599e+00
36, 31, 4.8571153455113487e+00, 7.7295153206127303e+00
36, 32, -8.4950280848584310e+00, -1.8829823884145716e+00
36, 33, -2.6771527919537186e+00, 1.2863971978891581e+01
36, 34, 3.4520858156648329e+00, -6.8611471738475069e+00
36, 35, -7.8888185553519161e+00, 7.9747667861783702e+00
36, 36, 3.1319549145202528e+00, 1.0170185961676310e+01
37, 0, 3.1789371193242619e+00, 0.0000000000000000e+00
37, 1, 4.6862557728606014e+00, 8.4326798618587464e+00
37, 2, -3.6646241043291701e+00, 1.5124222650806038e+00
37, 3, 6.2223089296033969e+00, -2.1697585226461742e+00
37, 4, -3.6326554316872568e+00, -1.0953994269353649e+00
37, 5, -3.9037375294102308e+00, -5.0382001422954330e+00
37, 6, 6.8804026155960596e+00, 4.2672579870203631e+00
37, 7, -2.6539709370765703e+00, 7.0378718858248379e-01
37, 8, 9.6833888188218964e+00, 3.1705249907090165e+00
37, 9, 3.6669910488970721e+00, 2.0337135087752367e+00
37, 10, -3.3154330326334064e-01, -1.0524008517573948e+00
37, 11, -4.2215081396377991e+00, 2.4461784089076795e+00
37, 12, -2.4783975492071084e+00, 5.3298873954949322e+00
37, 13, -2.0209526780433094e+00, -3.3532863996562261e+00
37, 14, 6.2576153890909725e-01, 9.8923648992521205e+00
37, 15, -2.4357335189158462e+00, -1.2491416679640563e+00
37, 16, 6.5920819888868287e+00, 6.0397291712469192e-01
37, 17, -2.6019081862525484e+00, -5.0053003066812494e+00
37, 18, 5.7831897965436250e+00, -4.6655605801860220e+00
37, 19, -4.0185864150791915e+00, 3.3532141517116978e+00
37, 20, -2.9364417645522547e+00, -4.5435431679258071e+00
37, 21, 3.2280480794662930e-01, 4.5044084456257139e+00
37, 22, -2.5190138641746698e+00, -2.3875666786368952e+00
37, 23, 6.1475859066391312e+00, -1.2930268893297485e+00
37, 24, -8.7054712109208254e-01, -2.1249061826400650e-01
37, 25, -2.7113622696084723e+00, -2.5808887451615421e+00
37, 26, 9.6992254220492846e-01, 3.1716837851880686e+00
37, 27, -6.3664269859669753e+00, 2.5840999062423529e+00
37, 28, 7.8543261488214249e+00, 3.8159861331587358e-01
37, 29, -3.4703423127305708e+00, 4.1160976066468997e+00
37, 30, 4.8260788718952634e+00, -1.1705208148214421e+01
37, 31, -6.5948252430423331e+00, 4.8265282412261090e+00
37, 32, 6.7150888807505560e-01, -4.5948318837260000e+00
37, 33, 9.6465337374668039e+00, 8.0098145770082958e+00
37, 34, 4.7710983402738147e+00, -1.2375448032620509e+00
37, 35, -9.3512228833353568e+00, -4.4176966885995874e+00
37, 36, 1.2632125981268034e+01, 7.8828739775758692e+00
37, 37, 3.6846953106866662e+00, -3.1132893293322130e+00
38, 0, 5.7562315050796009e+00, 0.0000000000000000e+00
38, 1, -3.8774799868657572e-01, 1.4134348428520549e+00
38, 2, -5.4302976217023780e-01, -3.9204673063066093e+00
38, 3, 4.9104444397844267e+00, 4.2918226688041367e-01
38, 4, -6.8141823347686135e+00, -3.1582340584223592e+00
38, 5, 3.3376721640153848e+00, 1.8428297221324104e+00
38, 6, -2.8209123526538806e+00, 5.8867046587653427e+00
38, 7, 2.6177008941229416e+00, -5.9956749054972160e+00
38, 8, 4.1923207135727019e+00, -2.1053997621733949e+00
38, 9, 2.7027812006651453e-01, -5.3624155853259374e+00
38, 10, 1.2387989442722949e+00, 2.9283702789886884e-01
38, 11, -2.4341209359001694e+00, 3.7406971116798249e+00
38, 12, 1.8401789143011155e-01, 3.8158286280552667e+00
38, 13, -3.2199255535523275e-02, 4.1839571932746349e+00
38, 14, -2.5740388617388157e+00, 2.3751006001107879e+00
38, 15, 2.8820800511514149e+00, 3.8023390665886931e+00
38, 16, 2.3668887726882959e+00, -2.3353476198411993e-02
38, 17, -2.8039947510836214e+00, -3.1951587336127623e+00
38, 18, 8.4441266981985952e-01, 2.9415635390420687e+00
38, 19, -5.1965883632869065e+00, 1.2175361849943089e+00
38, 20, -2.0314915528106363e+00, 1.7754839296833946e+00
38, 21, 5.4166000597997377e-01, 3.4235925713227822e+00
38, 22, 4.4520444945326059e+00, -6.0039243465551406e-01
38, 23, 1.2372792326899831e+00, 4.1658794953806844e+00
38, 24, -2.7576381441628262e+00, -1.6859418337448511e+00
38, 25, 9.8128264679376609e-01, 1.9926384187918362e+00
38, 26, -2.6924296109614909e-01, 4.6083877439496499e+00
38, 27, 7.0247976475759832e-01, -5.3100138749948487e+00
38, 28, 3.5144739430715277e+00, 5.2402926259527929e+00
38, 29, -5.1370431380146320e+00, -7.7939802740458326e+00
38, 30, 5.4813773495220133e+00, 4.5686338381828655e+00
38, 31, -1.1568619317241007e+01, -2.6830355302175821e+00
38, 32, 4.9516088058441063e+00, 1.0022058608236240e-01
38, 33, -3.2139966903245414e+00, -1.2636922699335429e+00
38, 34, 7.9237361156543784e-01, -6.3856114999328764e+00
38, 35, -6.1020166464792664e+00, -3.0567551400145865e+00
38, 36, 3.1010051034954147e+00, 7.0399575620747123e+00
38, 37, -1.4154730372697706e+00, -1.2511120572030077e+01
38, 38, -5.8141428271530078e+00, -1.8490888400914562e+00
39, 0, -1.4003468161556771e+00, 0.0000000000000000e+00
39, 1, -4.8235560488136660e+00, -4.6704228980523057e+00
39, 2, 1.8042837513187006e-02, -2.9133319386282306e+00
39, 3, -5.3413203718627567e-01, 6.3934519977123572e-01
39, 4, 8.0946752401663713e-02, -1.7981232411739383e+00
39, 5, 3.5229568402607847e+00, 7.9705138192167162e+00
39, 6, -2.6955694534708607e+00, 7.6453911861999269e-01
39, 7, 3.2190826384503439e+00, -5.5592557500331707e-01
39, 8, -4.4212583986975389e+00, -9.0595429222173507e-01
39, 9, -2.8352375327271284e+00, -3.9508666375694801e-01
39, 10, -3.1138206272935407e+00, -6.8304018747469419e-01
39, 11, -2.2156738773651514e+00, 2.2440491005041707e+00
39, 12, 2.5396956201431138e+00, 1.4143711357713447e+00
39, 13, 1.1645901296251928e+00, 3.2005699731949275e+00
39, 14, 3.9951600539338405e-01, -2.3967700234120892e+00
39, 15, 2.1104843998700300e+00, -4.1650732376799171e-02
39, 16, -3.1593090996250242e+00, 6.1098383492198249e-01
39, 17, -1.3734328283117732e+00, -2.3237969768073763e-01
39, 18, -2.5083564645367105e+00, 6.3978453632544756e+00
39, 19, 3.0494931142880621e+00, -1.6692063479224462e+00
39, 20, -7.8363514500887965e-01, 3.9434127166708732e+00
39, 21, 2.0070883088810221e+00, -3.0493853586816573e+00
39, 22, 2.7308391914866705e+00, 1.2334953182614139e-01
39, 23, -2.6815708883164371e+00, -3.9283060401371078e-01
39, 24, -1.0781284069426926e+00, -4.1065974651259407e-01
39, 25, 5.9826695356711568e-01, 3.7872752426977061e+00
39, 26, -1.4886996626870097e-02, 2.7436171641479928e-01
39, 27, 3.8419049361940312e+00, -4.7983602558507616e+00
39, 28, -7.5002992281372292e+00, -9.6988385634295460e-02
39, 29, 2.7758738804794794e+00, -8.2862002532042691e+00
39, 30, -5.5849006337640530e+00, 8.4016359997360937e+00
39, 31, -1.9419308907979806e+00, -6.8282972945064664e+00
39, 32, 2.1089897217331020e+00, 9.4629496938731741e+00
39, 33, -5.5470877067904452e+00, -5.4377578390156662e+00
39, 34, 2.1152121644153721e+00, 2.9594978629676039e+00
39, 35, -4.9109736905383254e+00, -3.6886918830854984e+00
39, 36, 1.2933694256915713e+00, 2.5759385397785515e+00
39, 37, 1.9340839988694170e+00, -2.6233505738448537e+00
39, 38, -8.7804977618402589e+00, 4.8362607280948495e+00
39, 39, 6.1665943147625035e-01, 7.4953302220721003e+00
40, 0, -4.9399997491678684e+00, 0.0000000000000000e+00
40, 1, -2.1877582134718807e+00, 4.7657839231550414e-01
40, 2, 1.2486694182389675e+00, 2.0186668288488940e+00
40, 3, 7.4032975743372198e-03, 5.5718432596386358e-01
40, 4, 3.4230280467715963e+00, -1.9479985258358583e+00
40, 5, -1.5241258524344583e+00, 5.3133076567424844e+00
40, 6, 2.9793742039606768e+00, -2.9637549704832145e+00
40, 7, -1.3689890976438150e+00, 7.9835870560729760e-01
40, 8, -3.5884044550618270e+00, 3.2513593209040006e+00
40, 9, -2.4079036547326389e+00, 4.1738899383342938e+00
40, 10, 7.1657167385528631e-02, 4.9727101051493623e+00
40, 11, -2.7027116797606991e+00, 2.4009633042865897e+00
40, 12, 3.9001770120480261e-01, -1.8340622287313901e-01
40, 13, 3.4471467956618074e-01, -5.0821312218320502e-01
40, 14, 3.5867643458601678e-01, -1.1942776543618485e+00
40, 15, 3.4837137790087263e+00, 1.5552676069669034e+00
40, 16, -4.6273376562962065e+00, 1.2565223987279539e-01
40, 17, 2.1316227652215325e+00, 1.5787324931032831e+00
40, 18, -1.0640766105271691e+00, -1.3093642824453346e+00
40, 19, 4.2782175710501491e+00, 7.2652596993164495e-02
40, 20, -2.2351314297312457e+00, 2.4153606855739215e-01
40, 21, -7.9383454987930846e-01, -3.3958857360063099e+00
40, 22, -9.0425084443681358e-01, 5.7700924366181816e-01
40, 23, -2.6805149280637472e+00, -2.8219591351183748e+00
40, 24, -1.2608627770750678e+00, 5.4999726753591416e-01
40, 25, 2.2681604614516244e+00, 2.4008012506999563e+00
40, 26, -3.3964078783188079e-02, -3.7345075971086201e+00
40, 27, -2.8517482486641543e-01, 7.6793704084837011e-01
40, 28, -5.9584776603389811e+00, -4.7683294316928198e+00
40, 29, 3.6180817147870137e+00, 6.3647934004859303e+00
40, 30, -6.0755424072226276e+00, 2.4296624654526005e+00
40, 31, 7.2599988590367026e+00, 1.2282591117149375e+00
40, 32, -4.0845240261796194e+00, 1.5363321064858664e+00
40, 33, 3.6068011628726584e+00, -4.0837683164452532e+00
40, 34, -1.1921092822064754e+00, 7.4681071375610202e+00
40, 35, 2.6125336622438979e+00, -2.5972331779948692e+00
40, 36, 3.7865759729825677e-01, 2.5471373357268754e+00
40, 37, 1.7930796027949261e+00, -3.8318738530992515e+00
40, 38, -3.5693919796379889e+00, 1.1304578460017678e+00
40, 39, 4.8771964301398087e+00, 8.6204591241191919e-01
40, 40, 9.1110531586377554e+00, -8.0708351994163319e-01
41, 0, -2.5174322195342023e+00, 0.0000000000000000e+00
41, 1, 7.5055565586669015e-01, 2.4418390260324170e+00
41, 2, -3.0140228568106151e+00, 3.2158176634152293e+00
41, 3, 2.9555729028498821e+00, -2.1062402217825049e+00
41, 4, -1.6742387053672074e+00, -1.2407679300127444e-01
41, 5, -4.0972850852516913e+00, -2.0422928415808541e+00
41, 6, 2.1428103466019444e+00, -9.0962081813405815e-01
41, 7, -2.7390600270983252e+00, -3.1792598149124220e+00
41, 8, -1.1467305954308196e+00, 2.1934701706307504e+00
41, 9, 2.2437422307849038e+00, 4.3529485889857800e-01
41, 10, 2.0452556475143151e+00, 2.2473318267317932e+00
41, 11, 9.0420213202312849e-01, -6.3585318867766472e-02
41, 12, 2.4451457148112405e+00, -6.2752855467294455e-01
41, 13, -1.3243381121142246e+00, 4.5455950869187739e-01
41, 14, 2.9175177392940244e+00, -2.3292229696554672e+00
41, 15, -3.3918285262230774e+00, 1.1329470406044306e+00
41, 16, 2.2164640369564923e+00, 1.9744646533272775e-01
41, 17, -5.2424617318710864e-01, 2.3241809156926201e+00
41, 18, 3.4878669778695501e+00, -3.0346370156934235e+00
41, 19, -2.0198291763419673e-01, -1.8966595526427543e-02
41, 20, -6.9355017061758562e-01, -2.4001051644743656e+00
41, 21, -2.7509189156072305e+00, 4.8742868474072720e-01
41, 22, -2.0893388790965464e+00, 9.6878226358932495e-01
41, 23, 1.0702171793212272e+00, 1.6126090947402536e+00
41, 24, 6.6498200105291794e-01, 2.9587410605611981e+00
41, 25, -1.8510724927867328e-01, 1.9512572805139676e+00
41, 26, 1.4193978163246070e+00, -2.6458059395188922e+00
41, 27, -3.9838533681962756e+00, 1.9653351652592519e+00
41, 28, 3.8356162054497633e+00, -2.5459501923828132e+00
41, 29, 1.0775819225321159e+00, 3.4025112374572783e+00
41, 30, 9.5593062608798862e-01, -2.8639844577050511e+00
41, 31, 2.1633706786508839e+00, 3.9459842935703380e+00
41, 32, -3.8887868927354292e+00, -5.8008321365833400e+00
41, 33, 4.8173450390154038e+00, 2.2358157491842938e+00
41, 34, -4.6397149710809433e+00, 1.9807567347757020e+00
41, 35, 5.9137229079674434e+00, -9.4695361714568715e-01
41, 36, -1.4727220143911759e+00, 1.3805406920699381e+00
41, 37, -2.0993857161986926e+00, -3.8176218807442672e+00
41, 38, -1.5277367973510891e+00, 2.7331980717254516e+00
41, 39, 1.5372709507571471e+00, 1.4652048435515974e+00
41, 40, -1.7078008674809431e+00, -5.3858871693115642e+00
41, 41, -2.6382150777419122e+00, -5.5044913970631448e+00
42, 0, 3.5846453122703742e-01, 0.0000000000000000e+00
42, 1, -1.0140533595035572e-01, 3.8947914651380255e-01
42, 2, -1.8494895515847998e-01, -2.5023303838607651e+00
42, 3, 3.5441388130508895e+00, -7.1151865254889590e-01
42, 4, -4.4891265769517990e+00, -1.6827499954243170e+00
42, 5, -1.6403169205713406e+00, 1.9004648696468811e+00
42, 6, -3.3956923656467075e-01, 2.5464955785215526e-01
42, 7, -2.0635998717311486e+00, 4.0450407634142677e-01
42, 8, -6.8706948024486647e-01, 1.0613370455139579e+00
42, 9, 7.2820564152117839e-01, -7.1864638816465320e-01
42, 10, 3.9713963965030008e-01, -6.7821373465640611e-01
42, 11, 3.0513095738677993e+00, -2.3493145885875544e+00
42, 12, 7.7991488784933283e-01, -5.1547067763154519e-01
42, 13, 4.4862078756431813e-02, 4.5737837068963622e-01
42, 14, 2.1288439996661177e+00, 2.4083614214211755e+00
42, 15, -3.4859624917107186e+00, -6.0478969121687687e-01
42, 16, 4.5667954337378447e+00, 1.5659124707516864e-01
42, 17, -5.2026572093152512e-01, -1.0041394028342989e+00
42, 18, 2.6739544119406000e+00, -1.6974596549872771e+00
42, 19, -2.1813521046083171e+00, 1.4275650309233354e+00
42, 20, -7.9724606776776219e-01, -3.8675750690172772e-01
42, 21, -2.0594706027918281e+00, 1.9390957863975808e+00
42, 22, 1.1114669570427060e+00, 2.2752470069108397e+00
42, 23, 2.4795448261207640e+00, 8.5856089523146095e-01
42, 24, 1.6040679992620572e+00, 1.2263616168082239e+00
42, 25, -4.8893889475404506e-01, -1.7423236277555549e+00
42, 26, -8.1475222351634802e-01, 2.6232581479707520e+00
42, 27, -1.1140323715747456e+00, 5.9430371094467227e-01
42, 28, 4.1377560680134371e+00, 1.6246947810665375e+00
42, 29, 4.8778168347309525e-02, 3.5947696247530236e-01
42, 30, 3.3976082127338740e+00, -2.3137826424484738e+00
42, 31, -2.9503412007147212e+00, -9.0584598018379314e-01
42, 32, 1.4025945951605226e-01, -3.7491819798002184e+00
42, 33, -4.1033237226324131e+00, 5.3523779904862199e+00
42, 34, 1.9774861994246476e-01, -8.6328957785773375e-01
42, 35, 4.2988163206073775e+00, 1.3168980633604095e+00
42, 36, -1.7848597129662307e+00, -2.3605696287964997e+00
42, 37, -3.9652775949041225e-01, 1.9026097828521649e-01
42, 38, -6.6751590965835284e-01, 3.6574315089192129e+00
42, 39, 3.1863419232466272e-03, 2.8443149319984445e-01
42, 40, 2.1947951545940425e+00, -4.2865017938548613e+00
42, 41, -3.1814304931308532e+00, 4.6475020919935028e+00
42, 42, -2.3937006333551580e+00, 2.9144026200042212e+00
43, 0, -1.3652473814297681e+00, 0.0000000000000000e+00
43, 1, -2.9104064295115379e+00, 1.3984826580761800e+00
43, 2, 4.9647811655712870e-01, -4.4349235808415024e+00
43, 3, 1.9379360544701294e+00, -6.0266069324345484e-01
43, 4, -2.1170059160909691e+00, -1.9704521813764642e+00
43, 5, 1.5879502993647336e+00, 2.4400247424313344e+00
43, 6, 5.8068485654156654e-01, 1.7107084041818823e+00
43, 7, 5.2049815758993956e-01, 1.8411314728923345e+00
43, 8, -1.3521479797881969e-01, 1.1406800628818368e+00
43, 9, -2.1820521569337759e+00, -1.8090555624001847e+00
43, 10, -1.3902188456045601e+00, -4.0684354857086075e-01
43, 11, -1.8225911952223850e-01, 7.6728864324543733e-02
43, 12, -1.7053735986937906e+00, -6.8514720680476993e-01
43, 13, 1.2908701210917932e+00, -1.0020703997429367e-01
43, 14, -5.8058378560803126e-01, 9.6470472961894660e-01
43, 15, -3.0759193309531074e-01, -1.8576114355893452e+00
43, 16, 1.8708813209497206e+00, 3.1964027146930221e+00
43, 17, -4.0596601255492648e-01, -2.6386382767775203e+00
43, 18, -2.1040968742908162e-01, 4.2893156971079438e-01
43, 19, -7.6951019832934661e-02, 2.6112653935469736e+00
43, 20, -1.6230255257631360e-02, 1.5421628456685712e+00
43, 21, 6.7955035070070280e-01, 2.5702726780568783e+00
43, 22, 1.6420698841437535e+00, -9.7577597257090376e-01
43, 23, 3.2659633278451268e+00, -5.8129813284219811e-01
43, 24, 6.4224682743041606e-01, 3.0461027777281174e-01
43, 25, -1.1720503099326920e+00, -2.2700550785012412e+00
43, 26, -8.5465300227711194e-01, 2.9527603577912744e+00
43, 27, 1.5569326000882460e+00, -3.2266350846122065e+00
43, 28, 2.8569297573476353e+00, 1.4847813526569111e+00
43, 29, 1.2685555846996380e-01, -4.2652051267872348e+00
43, 30, -1.8574902791467351e+00, 1.2063580975492705e+00
43, 31, -3.8336451050021818e+00, -5.7333483247401973e-01
43, 32, 7.0606127942399854e-01, 2.2579864849296647e+00
43, 33, -2.9087138571855045e+00, 1.8335143217192644e+00
43, 34, 5.6302026447902165e+00, 5.9402831554667979e-01
43, 35, -3.1363059321975513e+00, -1.0198805540641014e+00
43, 36, -2.3645677019636890e-01, -3.0667721757153954e+00
43, 37, -1.2743647863319478e+00, 1.7631271113926317e+00
43, 38, 2.1428818447280253e+00, -1.1894942702528211e-01
43, 39, 2.6468319004312200e+00, -1.0080555910386955e+00
43, 40, -2.6409178448895748e-01, -2.2838601403263228e+00
43, 41, -2.1823786724311294e+00, 3.9026568217679181e-01
43, 42, 3.3339362923895104e+00, 1.7888279163531846e+00
43, 43, 3.4563773640336652e+00, 9.3080965947588989e-01
44, 0, -2.1273965048618040e+00, 0.0000000000000000e+00
44, 1, -2.8244233570831980e+00, 1.3742392102687834e-01
44, 2, 1.2499407696372891e+00, 6.0393530624178071e-02
44, 3, -2.2841118303732051e+00, 8.7509868694553916e-01
44, 4, -1.5280883940543488e+00, -7.9209519943911444e-01
44, 5, -1.0889576998746830e+00, 1.7233343271412060e+00
44, 6, 2.4938051710599578e+00, -1.8038898395796128e+00
44, 7, 2.3969624443628641e+00, -8.5080111440810946e-01
44, 8, 5.8139915927314079e-01, -1.6784738662468492e+00
44, 9, 2.8741019804559131e-01, -7.9335798264781443e-01
44, 10, -8.2525933278833508e-02, 1.1525614841054077e+00
44, 11, -1.5232703083428156e+00, 3.7753369836490585e+00
44, 12, 2.2316238008709410e-02, -5.1333972989138277e-01
44, 13, 1.2741733898151351e+00, 1.6375822929472879e+00
44, 14, -9.5887169034012754e-01, -2.0649228293626085e+00
44, 15, 1.6409370818763729e+00, -1.2940946327598861e+00
44, 16, -2.4136105852511616e+00, -2.9148980649615713e-02
44, 17, -7.8198123111647977e-01, -2.2471029063503492e-01
44, 18, -1.8477630886954755e+00, 8.1415360545402149e-01
44, 19, -5.0900086651776000e-01, 1.2380281939313330e-01
44, 20, 1.8887840798047042e+00, 1.8684750133264909e+00
44, 21, 8.0907997722650626e-01, -1.2168986818038918e+00
44, 22, -1.1071025826813591e-01, -6.5152662414278328e-01
44, 23, 1.5289370734681135e-01, -2.0196855032024502e-01
44, 24, -2.1025040718872328e+00, -1.1763408392745658e+00
44, 25, 5.8881840419794884e-01, 1.2011634322854869e+00
44, 26, -4.5607515003081867e-01, 1.7032743572267230e+00
44, 27, 2.1593537970239387e+00, -8.9091578203995048e-01
44, 28, 3.1744796783751716e-01, -2.4926426942521046e-01
44, 29, 3.7116243413795158e-01, -2.2490254200998336e+00
44, 30, -3.2095257197112144e+00, 1.4031725011075999e+00
44, 31, -4.9393906009214178e-01, 2.0439621438292346e-01
44, 32, 2.0195452498528677e-01, 2.8089653891920552e+00
44, 33, 2.8217383709148476e+00, -1.1081722546474959e+00
44, 34, 1.7661901677457292e+00, 1.2399638671815791e+00
44, 35, -2.2194873240194948e+00, -2.9774961947561307e+00
44, 36, -5.1598751743343829e-02, 1.2354084330758313e+00
44, 37, -2.6275189222323792e+00, 6.1952998113522750e-01
44, 38, 3.0794274243958664e+00, -1.0675598688923196e+00
44, 39, -1.3665250062958278e+00, -1.1609153697464343e+00
44, 40, -2.7759210371786707e+00, -6.2394703866028967e-01
44, 41, 6.3566135408264035e-01, 1.6773490898062469e+00
44, 42, -1.3318503256340057e+00, 4.2541312681406318e-01
44, 43, 3.6981677199712376e-01, -2.4117351117561490e+00
44, 44, -1.0434489620932352e-01, -6.1206346610894480e+00
45, 0, -5.2899206475744953e-01, 0.0000000000000000e+00
45, 1, -7.5257491869380744e-02, -1.7332320228824611e+00
45, 2, 1.8141336930170167e+00, 1.5091127439897303e+00
45, 3, 5.6868831496593253e-01, -5.1501770837515992e-01
45, 4, -2.4269607680546479e-01, 1.3550183086103335e-01
45, 5, -1.3061117860065390e+00, -1.8425181062637919e-01
45, 6, -1.7260826927173900e-01, -1.0571424684392314e+00
45, 7, -7.1802526122004240e-01, -2.2156799713637767e+00
45, 8, 2.6003035984614131e-01, -6.2801479917102265e-01
45, 9, 6.8041450442620977e-01, -1.6035706774107088e+00
45, 10, 1.6208020658116427e+00, 2.6832545647389532e+00
45, 11, 8.2489433450268113e-01, 1.0934596458656007e+00
45, 12, 3.0179286961620884e+00, -4.4613670449299103e-01
45, 13, 1.7121094660668237e+00, 1.0695855544572475e-01
45, 14, 1.3145978027392319e-01, -2.0685598843453268e+00
45, 15, 5.5649709778870438e-01, 3.2104535307677575e+00
45, 16, -1.7583621945652412e+00, -1.2462541737547659e+00
45, 17, -2.4797644165159560e-02, 1.7578132116107092e+00
45, 18, -2.2118261198599507e+00, -2.0107116207412168e-01
45, 19, 6.9848588399071820e-02, 3.2587300972007627e-02
45, 20, -7.1555930160678780e-03, 5.5863566209659188e-01
45, 21, -2.8480115879901663e-01, -2.0438614518039606e+00
45, 22, -1.9211313132688885e+00, 1.0435998794219459e+00
45, 23, -1.2024004735448921e+00, 5.7654235380104990e-01
45, 24, 2.3303701635145879e-01, 2.6769196079426272e-01
45, 25, -1.3827451080952731e+00, 1.3771247562172066e+00
45, 26, 1.2438517124041681e-01, -9.7710483684902316e-02
45, 27, 1.1243455282626853e+00, -3.3960633605223955e-01
45, 28, -1.7914669235892564e+00, -1.6945764786268611e+00
45, 29, 5.0955348883860085e-01, 1.0364908382329781e+00
45, 30, -1.1381840059783852e+00, 1.0994503367003201e+00
45, 31, 2.2660468105901552e+00, 1.1488120876968957e+00
45, 32, 1.0869471467236316e+00, -1.0081426328245562e+00
45, 33, 3.0315612076645708e+00, -1.4900108362656084e+00
45, 34, -1.2725084385200793e+00, -7.1187874477329816e-01
45, 35, 3.8606216124369597e-01, -1.8904235085219412e-01
45, 36, -9.0075446909642354e-01, 2.6714134876856841e+00
45, 37, 3.3191848875588215e+00, -7.7906672937342236e-01
45, 38, 3.7352328281050562e-01, 1.0601615147783716e+00
45, 39, -2.3677373131154789e+00, 5.3519843201057321e-02
45, 40, -2.0598001979461539e-01, 9.7361668967131942e-01
45, 41, 1.4385154164491107e+00, 3.2295214917264916e+00
45, 42, 1.3189563715181210e+00, -1.8277768884606149e+00
45, 43, 2.3571450077632927e-01, 2.2162729680757201e+00
45, 44, -8.4119112648072614e-01, -1.3725890233013552e-01
45, 45, -3.9450158934217425e+00, 2.9525275521107717e+00
