0, 0, 6.5000000000000000e+04, 0.0000000000000000e+00
1, 0, -1.7355575770910345e+03, 0.0000000000000000e+00
1, 1, -1.0116218401629482e+02, -7.8537442840332255e+02
2, 0, -0.0000000000000000e+00, 0.0000000000000000e+00
2, 1, 1.7088317465396219e+02, 9.2245823587193968e+01
2, 2, -2.0918609997308686e+03, 1.3213404932758813e+03
3, 0, -2.4831729657303410e+02, 0.0000000000000000e+00
3, 1, -6.6998389485444022e+01, 5.2100622775672366e+02
3, 2, -6.4925685408992808e+02, 4.8895439250170529e+02
3, 3, 1.2327594191230964e+03, 1.2560933242179824e+03
4, 0, 3.3796452940613369e+02, 0.0000000000000000e+00
4, 1, 6.7726838955738089e+01, 1.1764971193354199e+02
4, 2, 2.5375446782414167e+02, -4.2938190278532136e+02
4, 3, -9.2948985906224095e+00, 1.7541750837868499e+01
4, 4, -6.2708785032513234e+01, -5.7880240237390706e+02
5, 0, -3.2820495073526490e+02, 0.0000000000000000e+00
5, 1, 9.0982717741830285e+01, 3.3017486484243665e+02
5, 2, -3.5493930948169498e+02, -4.5647234260985385e+00
5, 3, 2.5412961071201880e+02, 2.5334998039924730e+02
5, 4, -2.1873885601221065e+02, -4.6748645295828413e+02
5, 5, -2.8390840079803780e+02, 2.0569477642071584e+02
6, 0, 1.8795029541650436e+02, 0.0000000000000000e+00
6, 1, 3.2738474023719412e+01, -1.3786315006521247e+02
6, 2, -9.3669751361913541e+01, 1.3272374656915702e+02
6, 3, -7.1931934081014816e+01, -3.9984462652019161e+01
6, 4, 1.0340778245260042e+02, 2.2196515860293260e+02
6, 5, 2.2082477658954895e+02, 5.8398035070124756e+01
6, 6, 2.7448994626134436e+02, 7.9924452497136855e+01
7, 0, 2.0672021464499036e+02, 0.0000000000000000e+00
7, 1, 2.7161138248574865e+01, 1.2854467684310220e+02
7, 2, 2.9375498794353774e+02, -1.4602848823826929e+02
7, 3, 9.7166219555966649e+01, -5.1203546283994889e+01
7, 4, 7.9147515949395896e+01, -1.3823997317595735e+02
7, 5, -1.5796969867888526e+00, -3.4490036420248629e+01
7, 6, 4.8433617839159908e+01, -8.5012012893403366e+01
7, 7, 7.2336804889319851e+01, -1.7195135945760438e+02
8, 0, -5.8458312903415958e+01, 0.0000000000000000e+00
8, 1, -2.3708813355649170e+01, 1.1506860041588227e+02
8, 2, 8.3100492406644960e+01, 3.0681897984269796e+01
8, 3, -2.7818681889715752e+01, -3.4742201136072410e+01
8, 4, 9.8312967354710224e+01, 9.4554408298502480e+01
8, 5, -8.6909295616944320e+01, 4.7004219203378241e+00
8, 6, -1.2475825184183448e+02, -1.3363681600043302e+02
8, 7, 7.2433619672943976e+00, 1.3409896885905422e+02
8, 8, -7.7582572445617487e+01, -5.2784397170562087e+00
9, 0, -1.7010545930803652e+01, 0.0000000000000000e+00
9, 1, 9.2388058266969139e+01, -1.6962738451868253e+02
9, 2, -1.5932389653234402e+00, 5.5022898815294681e+01
9, 3, -7.0439462350353267e+01, -1.0091905969828886e+02
9, 4, -9.0759585060901120e+00, 7.9638593836340007e+01
9, 5, -1.6130605020748459e+02, -3.8224045060583983e+01
9, 6, 7.2224022404994017e+01, 1.3195399039104643e+02
9, 7, -2.3224935057809599e+00, -8.2370778001754914e+01
9, 8, -2.3665569599432981e+01, 3.8255072493870706e+01
9, 9, -9.2495168931644741e+01, -8.3303387330023057e+01
10, 0, 7.6222228577781706e+01, 0.0000000000000000e+00
10, 1, 9.2506166994581648e+01, 1.9693085711404379e-01
10, 2, -4.3007747339515440e+01, -4.7847271413545776e+01
10, 3, 8.0344549604383459e+01, 4.4221788721493930e+01
10, 4, -4.8276857248102729e+01, -7.4129065111100644e+01
10, 5, -1.8795646839977685e+01, -5.2608722775209529e+01
10, 6, 5.3918360403596225e+01, -1.1467338136596574e+01
10, 7, -5.7765477298377750e+00, -7.1340325428375010e+01
10, 8, 2.2772919934855466e+01, 4.1887942000553792e+01
10, 9, -1.0393337967342694e+02, -1.3125809771465657e+02
10, 10, -1.9612453631675271e+00, 6.3392496498879602e+01
11, 0, -7.4624033022018272e+00, 0.0000000000000000e+00
11, 1, -1.0018936491356176e+02, -2.3501386476461782e+01
11, 2, -2.7242947918003402e+01, 1.4838147339106023e+00
11, 3, -5.5035462435041666e+01, -5.3560521801068415e+00
11, 4, -4.1595087129590986e+01, 1.1046789725637307e+00
11, 5, 8.9889880896478047e+01, 1.8867362828334873e+01
11, 6, 3.6588499570201314e+01, 3.9544534909075345e+01
11, 7, 5.5882129323671741e+00, -6.2846900320819422e+01
11, 8, -2.0034411685969975e+01, 6.6878981268490918e+01
11, 9, -3.3580861046482134e+01, -2.0101268557509961e+01
11, 10, 7.1690896039436865e+01, 7.7572311696396426e+01
11, 11, 1.2746264189107483e+01, -3.3990598209541352e+00
12, 0, 5.2519275654170983e+01, 0.0000000000000000e+00
12, 1, -2.3894650086824207e+01, -2.3102713132376742e+01
12, 2, 1.5447665884438592e+01, 3.1115014003877157e+01
12, 3, -5.3741471548012036e+01, 2.2051046377020153e+01
12, 4, 2.6895718042733478e+01, -1.2564351932324911e+01
12, 5, 7.5618425521111206e+01, 2.7934967702462977e+01
12, 6, -3.0724805346960395e+01, -9.0566577127668239e+01
12, 7, 5.4836926480240265e+01, 3.4456212421098790e+01
12, 8, -1.2058194214387723e+02, -5.3873064964718658e+01
12, 9, 7.8665794044296888e+01, 5.3626587281533112e+01
12, 10, 7.9200258180340640e+01, 8.8077517056257335e+01
12, 11, 4.4693222495564925e+01, -3.2442374915504665e+01
12, 12, 1.4935095715986998e+01, -3.5506660109047146e+00
13, 0, -4.4106892630225062e+01, 0.0000000000000000e+00
13, 1, 5.2127878585999570e+00, 8.2244732338296188e+01
13, 2, -3.1174340593211252e+01, 1.1449257083553336e+01
13, 3, 5.6396525770828447e+01, 4.8241564322497695e+01
13, 4, 4.3226928033814055e+01, 4.5553580119411258e+01
13, 5, -1.3447276090594404e+01, -3.5487741718613677e+00
13, 6, -6.6912061411739728e+01, 8.4840252137948013e+00
13, 7, -3.0953934249239285e+01, 1.9306272739783644e+01
13, 8, -1.4901510403666730e+01, 6.1378546441354107e+00
13, 9, 9.7180703809239631e+01, 6.6142182277131639e+01
13, 10, -3.2735842421282385e+01, -4.5505725198240846e+01
13, 11, 3.6447104902368018e+01, -1.6614660667496445e+01
13, 12, -1.0510904474271229e+02, -1.6835991006361059e+01
13, 13, -2.5034728805583644e+01, 2.8847442811377192e+01
14, 0, 6.7409006962565613e+01, 0.0000000000000000e+00
14, 1, 4.4328506905072061e+01, 3.6738155184188500e+01
14, 2, 3.2901802576871127e+01, -3.9047951439972984e+01
14, 3, 3.5123026932098327e+01, -3.1095921233986711e+01
14, 4, -1.4187555715354637e+01, -2.0666667775744511e+01
14, 5, -2.1242106941019109e+01, -4.0569935682617491e+01
14, 6, -1.4781778451316061e+01, 1.4437997450611052e+01
14, 7, -4.5067979663916134e+01, 6.8975654374935225e+00
14, 8, 1.3220638987587748e+01, -1.1808500903147348e+00
14, 9, 3.7858603290055463e+01, 8.6969721731779686e+01
14, 10, 2.0658356107442863e+01, -7.5989879602542857e+01
14, 11, -8.4385791907216444e+01, -1.9824885420670864e+01
14, 12, -4.0413675058236798e+01, -3.6384162425130256e+01
14, 13, 3.9606213653533615e+01, 1.0920373551890816e+02
14, 14, 1.6089837075002478e+01, -4.5656546315664627e+01
15, 0, 3.8917475875332705e+01, 0.0000000000000000e+00
15, 1, 2.2087562119899896e+01, -1.4158669756500993e+01
15, 2, 6.7557948512630865e+00, -5.0369156122012569e+01
15, 3, -3.6582850923688881e+01, -1.9596207035429774e+01
15, 4, -3.6165245492624209e+01, -1.5649802830119828e+01
15, 5, -5.9272720287023425e+01, -4.2460548153106199e+00
15, 6, -5.9786865527722926e+00, 3.0345589150611247e+01
15, 7, 3.9480055447788132e+01, 6.1253137358628171e+00
15, 8, 7.5077730639301365e+01, 1.6904918305751129e+00
15, 9, -7.9093608773478039e+01, -2.6141580077672668e+01
15, 10, 1.1881109325143452e+01, -3.1147920622145704e+00
15, 11, -3.7398014099640406e+01, 2.6664081944600440e+01
15, 12, 1.0905111363820218e+02, 4.1135666464710773e+01
15, 13, 2.1977510665746927e+01, 2.3331751986041706e+01
15, 14, 1.7836231000577044e+01, -8.4592142050000106e+01
15, 15, 2.2831205435545446e+01, 1.8796830479133092e+01
16, 0, 6.9363592053360122e+01, 0.0000000000000000e+00
16, 1, -1.6132293944925614e+01, -3.3014855433649856e+01
16, 2, 2.2710195766266150e+01, 2.7210125141167058e+01
16, 3, -4.2350282211666482e+01, 1.6781547429656520e+01
16, 4, -9.8437691373604164e+00, 3.9496485169936819e+00
16, 5, -1.2030939593753626e+01, 3.0061758681109350e+01
16, 6, 5.0541111932938190e+00, 1.2874189405909732e+01
16, 7, 3.9499774447697837e+00, 2.8403385649367891e+01
16, 8, 3.0090526334647301e+00, 2.4244950403185062e-01
16, 9, 4.5603479055193645e+00, -4.4874789214032738e+01
16, 10, -8.3306254158873472e+00, 2.8701466821246555e+01
16, 11, -1.7421789011666295e+01, -5.3433471917000929e+01
16, 12, -1.7790339076467681e+01, 4.3832168074563150e+01
16, 13, 2.9312198297293888e+00, -2.2667995070145061e+01
16, 14, -3.1261645145415450e+01, -5.4776700835104691e+01
16, 15, -7.9548148452499108e+00, 2.0065884493812547e+01
16, 16, 1.3832227791923549e+01, 1.9810210024409155e+01
17, 0, 1.0283794235821313e+01, 0.0000000000000000e+00
17, 1, 8.4575329621815198e-01, -3.4423760050894700e+01
17, 2, 1.5368970534331274e+00, 3.9637589535145302e+01
17, 3, 3.2997190803334107e+01, 2.4081794066710263e+01
17, 4, 2.8730563139548046e+01, -5.2542383257599159e+00
17, 5, 4.3796872682130690e+01, 3.7005445147221408e+01
17, 6, 4.4874309981620797e+01, -3.3328798520236944e+01
17, 7, 2.5261685594135212e+01, 7.4291415854990257e+00
17, 8, -2.5363144941027855e+01, -1.3717597398292760e+01
17, 9, -2.7844686880134748e+01, 1.0433819705470768e+01
17, 10, -4.4267693574119278e+01, 2.2342544734291309e+01
17, 11, 4.2150866971953725e+01, 5.4389727380979110e+01
17, 12, -1.7540437061041587e+01, 9.9627940168289761e+00
17, 13, 1.9826532021932795e+00, -2.5949216939759399e+01
17, 14, -3.3151310857444727e+01, -3.1201656161831341e+01
17, 15, -2.8429296644204612e+01, 1.3216277096797295e+01
17, 16, 4.6174872483778508e+01, 3.0649709470225780e+01
17, 17, -1.7748726378568797e+01, 1.3330837549485665e+01
18, 0, -2.0452203835321871e+01, 0.0000000000000000e+00
18, 1, -1.1774148280969714e+01, -1.4493254997362053e+01
18, 2, -2.0328941566303470e+01, 5.2640683721877251e+00
18, 3, -2.6478261964551351e+00, -3.7432267093453738e+01
18, 4, 2.8066941364303762e+01, -1.9504987862168450e+00
18, 5, 9.6575974257380146e+00, -2.4055266258244142e+01
18, 6, 7.3521413998261336e+00, -3.1577286222692894e+01
18, 7, -1.7239232308881025e+01, -1.0094828022708972e+01
18, 8, -7.5544672624236977e+00, -3.0884292854908897e+00
18, 9, 1.1157137262455699e+01, -3.9757472829655001e+01
18, 10, 2.7855507079671042e+01, 1.7218623673723783e+01
18, 11, 2.9383429960428140e+00, -2.9759009738756330e+01
18, 12, -2.4981038821032677e+00, 2.6923877145264505e+01
18, 13, 2.3351267019887327e+00, -2.1817379125188729e+01
18, 14, -8.3508955276008408e+00, -8.0137745785048176e-01
18, 15, -4.5528946774890295e+00, 3.4918437782438097e+01
18, 16, 1.5080302203942471e+00, 2.2800575663363027e+01
18, 17, -2.6088689732852842e+01, -7.5196942680843804e+01
18, 18, 3.7524404714097940e+01, 1.7392433494484457e+01
19, 0, 6.0487142853377769e+00, 0.0000000000000000e+00
19, 1, -2.1919860250140633e+00, 3.4119259839698856e+01
19, 2, -5.7093621818182996e+00, 1.2203333503059234e+01
19, 3, -1.5271848493772836e+01, -1.2857795893923782e+01
19, 4, -8.7328166678206198e+00, 9.3400038878201492e+00
19, 5, -2.2666641967300027e+01, -3.8089109422314664e+01
19, 6, -3.4924607203490588e+01, 8.6552666295864977e+00
19, 7, -3.5635153189523201e+01, 8.0118725362351881e+00
19, 8, 2.1985977834871839e+01, -2.0617624767512304e+01
19, 9, 6.8742313089079943e+00, -3.1094565149182425e+00
19, 10, 3.3821705140493521e+01, -2.0071723921065537e+01
19, 11, 1.2043692259511234e+01, -1.5438370168764497e+01
19, 12, -3.5418775514424929e+01, -1.3363292393329399e+01
19, 13, -7.3849100643451560e-01, -1.5877324046165494e+01
19, 14, 3.1266937314118728e+00, 2.7271957958113532e+01
19, 15, 3.5274205362268184e+01, 1.2234060222136854e+01
19, 16, -1.0343889592900986e+01, 6.6384948543766553e-01
19, 17, 7.8536899994203306e+00, -1.5053964683598496e+01
19, 18, -5.9501097977106994e+01, 2.7370727204531843e+01
19, 19, -2.4757110559593841e+01, -6.1690774912836574e+01
20, 0, 1.9203107314376862e+01, 0.0000000000000000e+00
20, 1, 3.3639653986616416e+01, 2.2822748940724203e+01
20, 2, 8.3399714281409292e+00, -1.2136062962918539e+01
20, 3, 5.0187597175369532e+01, 1.5052456403327939e+01
20, 4, -1.4110644246602515e+01, 2.3366931682559891e+01
20, 5, 4.9962081761904251e+00, 7.9018559512518332e+00
20, 6, 1.4909965639161406e+01, 3.1522445523989031e+01
20, 7, 1.4493444505478104e+01, -3.2005027757988309e+01
20, 8, 2.4022231957184218e+01, 1.8617906672007852e+01
20, 9, -2.2112582198643747e+01, 1.2685542381448892e+01
20, 10, -3.2355779657820030e+01, 1.6457759013691773e+00
20, 11, -3.7326798288969336e+01, 2.2385834420914833e+01
20, 12, -9.6586716204648013e+00, -8.5929122222074987e+00
20, 13, 3.7716234946387608e+01, 2.1006794837469275e+01
20, 14, 3.2122734041622412e+00, -4.8758118806748669e+00
20, 15, 4.2376572193749062e+00, -6.5894854782169976e-01
20, 16, 1.9260855862735089e+00, -3.7262966150321773e+01
20, 17, -1.3967327152515255e+01, -1.1696998787195243e+01
20, 18, -6.4609988530325124e-01, 4.8802245303483389e+01
20, 19, 2.5888005119969620e+01, 3.0408939709385571e+01
20, 20, -2.5047629706311348e+01, 1.6216487717819582e+01
21, 0, 1.9965768274134398e+01, 0.0000000000000000e+00
21, 1, -3.1966316154404222e+00, -3.7225791695256405e+01
21, 2, -2.4509941410171685e+01, -3.1372530062322301e+01
21, 3, -1.6539494908730781e+01, 2.2813320130991396e+01
21, 4, -2.6387263476234004e+01, -3.2948568223571248e+00
21, 5, 9.9595436709523106e+00, 1.8145033578323538e+01
21, 6, 4.3762635029376273e+00, 3.4172068723269035e+01
21, 7, 1.6962998338054554e+01, -1.0576048702934802e+01
21, 8, -4.7951787317963159e+00, 2.5763769311800374e+01
21, 9, 1.1725287281108859e+01, -1.8478763027815628e+01
21, 10, -1.0161696379141857e+01, -1.6286566593179355e+01
21, 11, 5.4482974662896604e+00, 1.8022964828333802e+01
21, 12, 2.3256211189737900e+01, -6.8266981023875459e+00
21, 13, 6.2336289057128011e+00, 1.8855482568650885e+01
21, 14, 1.0155788084759060e+01, -1.5428499477977963e+01
21, 15, -2.0057726311807127e+01, -5.2045680924391036e+01
21, 16, -1.3085129024143818e+01, 2.3912309394381861e+01
21, 17, -3.7238496695247045e+00, -2.3915322584562148e+01
21, 18, 1.1958183504362626e+01, 4.4213050400896947e+01
21, 19, 3.3164707985765190e+01, -3.8909186559987923e+01
21, 20, 1.7538692721825104e+01, -2.0459764450936531e+00
21, 21, 2.8014987926946336e+01, -4.5540425827905229e-01
22, 0, 2.7556190234267888e+01, 0.0000000000000000e+00
22, 1, -1.7586940182899188e+01, 1.1858756841131390e+01
22, 2, 2.2633914996463584e+01, -1.5354626031024858e+00
22, 3, -1.7391078023456810e+01, 1.0931771714955303e+01
22, 4, -1.1092939813407607e+00, -3.5728482603121989e+01
22, 5, 7.7557385155954011e+00, -4.0617603140109821e+00
22, 6, -3.1427372578425700e+01, -5.4469050734637612e+01
22, 7, 1.9478461518912447e+01, 1.5639257954766947e+01
22, 8, -3.3539088012830561e+01, -1.9993996534088829e+01
22, 9, 1.2060013189670293e+01, 2.2463060109012535e+01
22, 10, -1.2206328727728035e+01, 3.3431493302304055e+01
22, 11, 2.1509085134747195e+01, 9.7040986782110430e+00
22, 12, 2.8664964722528200e+01, -2.1462929817461767e+01
22, 13, -1.1749722126252548e+01, -1.3880859205207669e+01
22, 14, -2.0289421139095410e+01, -4.1515409225396247e+01
22, 15, -2.8888695735696341e+01, 2.2993609273092911e+01
22, 16, -9.0060137022701898e+00, -8.9016150531162133e+00
22, 17, 2.6487572536354220e-01, 4.6025493460033804e+00
22, 18, -4.5339785649322017e+00, 1.5984611840531571e+01
22, 19, 1.4595588467382104e+01, -3.7510801008899087e+01
22, 20, -1.3674463263477234e+01, -6.8177673240429906e+00
22, 21, -4.7897534126658021e+00, 2.2244849554847512e+01
22, 22, -1.8648490230254236e+01, -2.4361999296206882e+01
23, 0, -6.1641591508814315e+00, 0.0000000000000000e+00
23, 1, 1.9538406851418163e+01, 1.2888233930164752e+01
23, 2, 1.7643614007732857e+01, 3.9386457865062425e+01
23, 3, -4.5951584465024293e+00, 3.2900632003384639e-01
23, 4, 4.4306857444577631e+01, 9.0582730330292982e+00
23, 5, -1.3318245646995347e+01, 1.0013046901179408e+01
23, 6, 2.7411552352068018e+01, -2.5381952646961704e+01
23, 7, -3.0361930770021669e+01, -3.6945480524319283e+00
23, 8, -2.9297723505681230e+01, -1.1957236557311852e+01
23, 9, -1.4989736924922279e+00, -4.9529312321146630e+00
23, 10, 7.3446084427260050e-01, 2.8786045364425100e+01
23, 11, 3.7069677242432824e+01, -3.6966458433546975e+01
23, 12, 1.0393244950577978e+01, 2.5475965041484294e+01
23, 13, -9.6374754033134948e+00, -2.4610948469472163e+01
23, 14, -1.4216986100588599e+01, 2.9333994631311611e+00
23, 15, -1.6189875598586546e+01, 3.1324602205243043e+01
23, 16, 2.8360533570509055e+01, 2.2215699095660391e+01
23, 17, 1.7318811390812822e+01, 5.3634398660290586e+01
23, 18, -6.2064971883886049e+00, -4.8964034500133835e+01
23, 19, 6.8993444786327043e+00, 1.0552249937842531e+01
23, 20, -1.7515475354070233e+01, -1.7077424648839553e+01
23, 21, 2.4556909089287888e+01, 3.9903145152735661e+01
23, 22, 5.9256610643210328e-01, -3.1024755410960740e+01
23, 23, -2.6690253218141081e+01, 2.5788912588911938e+01
24, 0, 3.3677690643114119e+01, 0.0000000000000000e+00
24, 1, 4.3044620901874335e+00, -6.8292655220157767e+00
24, 2, 8.4526333541159229e+00, 5.9599742365715320e+00
24, 3, 8.6366953001172977e+00, -3.3783354468467465e+01
24, 4, 1.8431088428871597e+01, -1.6230499515057797e+00
24, 5, -3.9461774276897550e+01, -1.0578670957581441e+01
24, 6, 8.2650502986059653e+00, 1.7076367521520794e+01
24, 7, -2.1778864740213002e+01, 3.2883157337819789e+01
24, 8, 1.6643894860370786e+01, 2.2388612291238118e+01
24, 9, 8.9017673207850567e+00, 2.2781128972390484e+01
24, 10, -3.7513037998287539e+00, -3.6948941410903174e+01
24, 11, -2.2908247657718221e+00, 1.4371897610529039e+01
24, 12, -1.0552137437453631e+01, -2.2001330108702597e+01
24, 13, -1.5112901451465659e+01, -1.0771322128593848e+00
24, 14, -8.1180732322027138e-01, 2.4977570577622792e+01
24, 15, 6.2055061583815156e+00, 5.6821373658723351e+00
24, 16, 4.1659368503894143e+01, 1.5569300464605815e+01
24, 17, -5.0728656074944223e-01, -6.5588276215597174e+00
24, 18, 1.7726531014340900e+01, -1.5605134905569287e+01
24, 19, 3.5315149255389509e+00, 2.8982296974826962e+01
24, 20, 7.4501288111637471e+00, -1.8622340310684763e+01
24, 21, -1.1645063653208320e+01, 5.2194371931744371e+01
24, 22, -2.1169959926184192e+00, -4.6961354268702614e+01
24, 23, -4.3117225475818415e+01, 5.6425449739985387e+00
24, 24, 1.5285331342190240e+01, 1.4228948999171177e+01
25, 0, -1.2223029106859128e+01, 0.0000000000000000e+00
25, 1, 4.7230083863108936e+00, 2.9883621052383700e+00
25, 2, -4.0099775626106915e+00, -1.7576437399614232e+01
25, 3, 1.7086879537584746e+01, -7.1956608702412188e+00
25, 4, -3.3163786962588503e+01, 3.2259044934636498e+00
25, 5, 2.5031134922508681e+01, -2.6370675347024864e+01
25, 6, -6.2303124232826059e+00, 3.4118180234300326e+01
25, 7, 2.3817000185283245e+01, 4.8398366424786179e+00
25, 8, 2.9113541103173596e+01, 5.7202840527763863e+00
25, 9, 6.8189874918870492e+00, 1.4990353184011104e+01
25, 10, 3.0919619441634872e+01, -2.3665915520897720e+01
25, 11, -1.5598895247904744e+01, 2.5225935152630740e+01
25, 12, -2.4751529428121007e+01, -7.3803689919928157e+00
25, 13, -8.3755927695007024e+00, 1.9208980905325035e+01
25, 14, -4.1293522571492502e+00, 2.1120213578597713e+01
25, 15, 2.7664150478530406e+01, -2.1809437824738456e+01
25, 16, -3.5392883677879700e-01, 4.7411633655831809e+00
25, 17, -3.3039594280774345e+01, -6.3495484087507037e+01
25, 18, -1.9451129370843463e+00, -4.9228028253396561e+00
25, 19, -5.0594678986915802e+01, -5.2520744715384096e+00
25, 20, 5.2862641795616028e+01, 1.1034860528042786e+01
25, 21, -4.4597314296519507e+01, -1.2053767327699129e+01
25, 22, 3.2507985694332945e+01, -1.0008069551312323e+01
25, 23, -3.5471830328794667e+01, 2.0184549900186589e+01
25, 24, 3.9554704637365170e+01, 8.4991003280218997e+00
25, 25, 6.1041047465973808e+00, -1.9507333042310496e+01
26, 0, 8.8070631055819906e+00, 0.0000000000000000e+00
26, 1, -2.7172625592079015e+01, -2.0229726767735798e+01
26, 2, -2.1111743735458909e+01, 8.6336885020055369e+00
26, 3, -3.1457804427292643e+01, 1.1707013993486287e+01
26, 4, -3.1527629084851675e+01, 3.1228731916949044e+01
26, 5, 1.2623081899837311e+01, 3.6145957885211075e+01
26, 6, -1.9305363521482594e+01, 1.6883467126937969e+01
26, 7, 1.3987140291129698e+01, -2.5750716471484871e+01
26, 8, 2.4132026220901967e+01, -1.9693691923974693e+01
26, 9, -7.0612832138241464e+00, -4.1343342342039840e+01
26, 10, 2.2714629228580414e+01, -1.1424105068173951e+00
26, 11, -3.0115129973585219e+01, -1.8762743372185806e+01
26, 12, 1.3548787073629654e+01, 8.3642609868366709e+00
26, 13, 1.0248371315572555e+01, -4.3155829662649809e+00
26, 14, 1.2790899142073114e+01, -1.2846329891968621e+01
26, 15, 5.3353354327470761e+00, 1.0002809369245669e-01
26, 16, -4.3924040774568986e+01, -8.6897404827364255e+00
26, 17, -6.1984867243498041e+00, 3.5910932218185252e+00
26, 18, -2.0341411380426436e+01, 5.8044544007338878e+01
26, 19, -4.2006900824465472e+00, -3.1988763129537432e+01
26, 20, 7.4686937855901157e+00, 2.7229100181260257e+01
26, 21, -1.5914450071652631e+01, -5.3651295494996127e+01
26, 22, 1.9429781927495373e+01, 2.5968288026925414e+01
26, 23, -2.2065228569741908e+01, 4.2480728131498529e+00
26, 24, 4.2785099999521982e+01, 1.0749884143736328e+01
26, 25, 2.0016476399115419e+01, -3.0169086745838513e+01
26, 26, -1.0635837804127934e+01, 2.9753336120233445e+01
27, 0, -4.0144142264946590e+00, 0.0000000000000000e+00
27, 1, 7.7703134342539091e+00, -7.9291905903454518e+00
27, 2, -3.1959662193678668e+00, 8.6021921438431370e+00
27, 3, 8.5908875549569608e+00, 2.9766969277170958e+01
27, 4, 2.1494359774534885e+01, 1.6893870048584432e+00
27, 5, 7.3062919185708450e+00, 1.3761200886936974e+01
27, 6, 6.6110241627187776e+00, -2.3861564508909790e+01
27, 7, 8.5344269457651691e+00, -4.2196778181332064e+00
27, 8, -2.1683698588282532e+01, -7.7345175921688654e+00
27, 9, -1.9476439290179304e+01, -1.7311051335584246e+01
27, 10, -3.7973020703657092e+01, 5.0806992701482789e+00
27, 11, -1.2168610828025390e+01, -2.3287031872368477e+01
27, 12, -3.0513877898925039e+00, -3.7421879788611045e-01
27, 13, 1.3140783787741943e+00, -1.0221122193831242e+01
27, 14, -6.9036225530257251e+00, -6.8050364113473023e+00
27, 15, -1.0186040404188315e+01, 2.2826893976035891e+00
27, 16, -1.5875457538858569e+01, -6.8823525918732749e+00
27, 17, 2.1405313750193827e+01, 1.2620183017673941e+01
27, 18, -7.5237020309387699e+00, 6.4609501134954304e+00
27, 19, 5.3193784145199551e+01, 1.6372591379038596e+01
27, 20, -6.5093398811345091e+00, -8.9686868725271154e+00
27, 21, 1.6371268832585862e+01, -1.9803782445457085e+01
27, 22, -2.0698294882767602e+01, 2.9158740588626657e+01
27, 23, 1.0618512074941176e+01, -1.3245500557458143e+01
27, 24, 5.6939136185368122e+00, -1.1126825858454838e+01
27, 25, -9.9208190725057008e+00, -4.2875598871559561e+01
27, 26, -2.8641330720914741e+01, 1.0881767981263240e+01
27, 27, 4.2809713840892059e+01, -5.4311729609025479e+00
28, 0, 3.8200683004258851e+00, 0.0000000000000000e+00
28, 1, 1.0593659522303211e+01, 9.0448040791622191e+00
28, 2, 1.9431626749238998e+01, 1.6961754414859943e+01
28, 3, 1.9332643270547145e+01, -1.1158011236502675e+01
28, 4, 4.2431614440003230e+01, -1.4687062675455017e+01
28, 5, 2.8417341081443217e+00, -2.2390196144070085e+01
28, 6, 3.2944118501986544e+01, -1.8759230746219604e+01
28, 7, -6.6078842674259590e+00, -3.6718962929655903e+00
28, 8, -1.4300749830421607e+01, 7.9402645388163515e+00
28, 9, 1.1415561678827311e+01, 2.7194689345624553e+01
28, 10, -3.8820109210360609e+00, 1.5386569037247614e+01
28, 11, 2.2654343603232260e+01, 2.0074134906299705e+01
28, 12, 1.2585592548549235e+01, 4.2625150997098746e+00
28, 13, -1.2584475994817000e+01, -6.2378458480964563e+00
28, 14, -7.2012276661056873e+00, 1.0725399855601261e-01
28, 15, -4.0650819635779589e+00, 3.8284621539980552e+00
28, 16, 1.3003700426249010e+01, -2.6685570060410062e+00
28, 17, 2.9228078071919910e+01, 1.8426593206109743e+01
28, 18, 1.9745063744344506e+01, -3.1890927479446354e+01
28, 19, 1.5175379117702201e+01, -3.5119777468909303e+00
28, 20, -1.8932718117247287e+01, -3.2347449991674175e+01
28, 21, 2.7794357680487842e+01, 1.6112135416839678e+01
28, 22, -3.0776274307790572e+01, 6.0590626895814275e+00
28, 23, 3.4397205241539424e+01, 6.9334209902129249e+00
28, 24, -3.1750800177315664e+01, 1.6371926521323502e+01
28, 25, -6.2865626822733978e-01, -1.2187259579098725e+01
28, 26, -2.2094087788797353e+01, 3.1599658761797901e+01
28, 27, 1.2610350190749504e+01, -2.9686519211894233e+00
28, 28, -8.7942645270424222e+00, -4.7211821322819361e+01
29, 0, 2.4236586652493903e+00, 0.0000000000000000e+00
29, 1, 1.5587463634304973e+01, 2.0660449297208373e+01
29, 2, -9.9333620602854040e+00, -2.1731594805987227e+00
29, 3, 7.6785359373724065e+00, -1.8337934927310439e+01
29, 4, -2.1847354383643463e+01, -1.0240754609559318e+01
29, 5, -9.8912516417723690e+00, -1.8780836476333569e+01
29, 6, -1.1850643523154254e+01, -1.3224642875639375e+01
29, 7, -1.7035959361402675e+01, 1.2103164957811693e+01
29, 8, -1.3411291234389771e+00, 5.6362831515224657e-02
29, 9, 5.6636047283894597e-01, 1.7812985936721915e+01
29, 10, 5.3150893454124963e+00, 1.0977580679315837e+01
29, 11, 8.7636751637131756e+00, -3.5534059975535710e+00
29, 12, -1.2673168149487783e+00, 7.6141003531202927e+00
29, 13, 4.1648650950116526e+00, 3.4462713220244705e+00
29, 14, 2.0049758902916601e+01, 9.8859139418615065e+00
29, 15, -5.6559337948678161e+00, 1.3192512969399115e+01
29, 16, 1.8879982509265957e+01, -2.7824862366213332e+00
29, 17, -1.0703883504657117e+01, -1.9869024859638464e+00
29, 18, 1.1131737955911847e+01, -1.0323372912231889e+01
29, 19, -1.3673518453849242e+01, 1.4982390909910823e+00
29, 20, -1.2872653690478092e+01, -1.5457953780277370e+01
29, 21, -1.4705561137348910e+01, 8.6228310582449677e+00
29, 22, -5.7926494626740102e+00, -7.0231873285888566e+00
29, 23, 1.0256690833993245e+01, 2.5466376236372753e+01
29, 24, -1.7216635604836210e+01, -2.7260384551972837e+01
29, 25, 2.0184072663550712e+01, 1.7055088993573520e+01
29, 26, 1.7035407642073938e-01, 2.6060771780397186e+01
29, 27, 4.0619416052505159e+01, 6.4496046659215169e+00
29, 28, -6.1372543474020764e+00, -7.9252748100263606e+00
29, 29, -1.3288881944742105e+01, 9.7953667953002963e+00
30, 0, 7.3064178493607264e+00, 0.0000000000000000e+00
30, 1, -8.7085548353674849e+00, -2.3459525078265036e+00
30, 2, -8.1235031744164399e+00, -7.4428217902295213e+00
30, 3, 9.3359314960073869e-01, 9.6388518380209849e+00
30, 4, -1.5999662384922852e+01, 8.3517127132320521e+00
30, 5, -4.8398325564007347e+00, 1.4305806265243721e+01
30, 6, -2.0739214498090259e+01, 2.5226112146833646e+01
30, 7, -1.3859384985411042e+01, 8.1487685152545293e+00
30, 8, 8.6630752127956807e+00, -2.3193217899462115e+00
30, 9, 1.8154405893064105e+00, -1.5749301000721385e+01
30, 10, 3.8210459569955502e+00, -1.3064253386846136e+01
30, 11, 9.1781743655177728e+00, -1.5604411749007202e+01
30, 12, -2.2908080757013497e+01, 4.4656076534729783e+00
30, 13, 7.3095282065860854e+00, 1.0808704996070990e+01
30, 14, -1.3959026671077790e+01, 2.2272223844259404e+01
30, 15, 1.2165849172464149e+01, -4.1918124523976665e+00
30, 16, 1.7337276211560294e+01, 1.2845493328518726e+01
30, 17, -1.2885086606685482e+01, -2.3212956452577476e+01
30, 18, -9.4731054128301597e+00, 9.6560067072217723e+00
30, 19, -3.6451363433380898e+01, -5.1573717959089107e+00
30, 20, 2.3678541760347911e+00, 2.5541531806308001e+01
30, 21, 4.8878848250867604e+00, 2.5327779019288630e+00
30, 22, 9.1626616391272737e+00, -1.4159473145120359e+01
30, 23, -1.6513940670617302e+01, 1.1598556278393348e+01
30, 24, 1.6741691394933955e+01, -2.1986112369212847e+01
30, 25, -6.5096519499830414e+00, 2.4739764648531587e+01
30, 26, 2.6756748668424870e+00, -2.5696106657793365e+01
30, 27, 2.8101411931455957e+01, -9.7771859599800752e+00
30, 28, -2.1857357531496874e+01, -2.0846798467520181e+01
30, 29, 1.7196641933517554e+00, 1.7375193249070179e+01
30, 30, 2.5755278265835946e+00, -8.5712132639775955e+00
31, 0, 4.0897141774091326e+00, 0.0000000000000000e+00
31, 1, -7.6025372477308464e+00, -4.4898469537141219e+00
31, 2, 6.5773313437458043e+00, -1.0261397732873593e+01
31, 3, -9.0462415209504119e+00, 3.6315116570928976e+00
31, 4, 2.4758576822936602e+00, -2.7296320960096918e+00
31, 5, 1.1346719520378160e+01, 1.2182434575097707e+01
31, 6, 1.0832463174596450e+01, 1.4500250949412065e+01
31, 7, 2.5440167198042097e+01, -8.7597945304077456e+00
31, 8, 3.8170714570114050e+00, 1.3434976057023736e+01
31, 9, -1.1658151977949451e+01, -2.5263277785686000e+00
31, 10, -8.1247296032841341e+00, -9.2838108730322979e+00
31, 11, -2.0895440277984065e+01, 1.5483360062268369e+01
31, 12, 3.0781772798818596e+00, -1.4794782673029465e+01
31, 13, -5.6630907362601024e-01, 9.3304262289643969e+00
31, 14, -7.9795471287915243e+00, -1.8506639089942666e+01
31, 15, 1.2028514780472477e+01, -4.5485866809202991e+00
31, 16, -1.0606489110626095e+01, 2.9658727180138356e+00
31, 17, 1.8131966519231064e+00, 8.6816020363757858e+00
31, 18, 2.6348746993747474e+00, -1.1219380197793829e+00
31, 19, 3.3543252318055261e+00, 3.4340038898285754e+00
31, 20, 3.2135509236451078e+01, 1.3940259048834713e+01
31, 21, -1.0479179570230320e+01, 6.1638344215334815e+00
31, 22, 1.8244166629416213e+01, -3.5168884220685896e+00
31, 23, -1.9504869206043235e+01, -2.0971725177695568e+01
31, 24, -8.7659485511845929e+00, 9.7986871876673849e+00
31, 25, -3.3120686826179675e+00, 3.5203560951557500e+00
31, 26, 1.4531748929337937e+01, 2.6842762650002907e+00
31, 27, -6.4762447912986145e+00, -6.7278357380852825e+00
31, 28, -3.1786419428282336e+01, -3.5032977402088669e+01
31, 29, -5.1066483481408742e+00, 2.3434250658334687e+01
31, 30, 2.7185663650232321e+00, 9.1291053095213215e+00
31, 31, -3.1640641640658426e+01, 2.1621312574174194e+01
32, 0, 8.9463917899800052e+00, 0.0000000000000000e+00
32, 1, -1.2460256314932762e+01, -1.0766231226808777e+01
32, 2, 4.8437761189210327e-01, 1.5970989075962862e+01
32, 3, -6.6031537735561301e+00, 1.6214770718406921e+01
32, 4, 1.5381462302556564e+01, 5.5696768950199349e+00
32, 5, 6.8978451327136705e+00, -9.9002151162914096e+00
32, 6, 6.8509545040573041e+00, -1.8218367835454249e+01
32, 7, 9.8909308111224323e+00, -1.9204322957964322e+01
32, 8, -1.7098414073414741e+01, -6.5840743139662008e+00
32, 9, 6.5668212332870404e+00, -1.1004379901322769e+01
32, 10, 4.3109934438816957e+00, 1.6248401036890311e+01
32, 11, -1.0361630238171363e+01, 1.7408585197113037e+01
32, 12, 6.8141757641457694e+00, 1.0795006026232350e+01
32, 13, 7.9156578133106388e+00, -3.4240548762611795e+00
32, 14, 4.9110191442497895e+00, -1.0353321057739963e+01
32, 15, 1.0347123238678039e+01, -8.6838492119759159e-01
32, 16, -2.4091929365660558e+01, -9.7668510706483165e+00
32, 17, 4.8404454737084796e-01, 2.2594194780250403e+00
32, 18, 2.1639724629098596e+00, -1.7241489086929320e+00
32, 19, 1.8046360331301795e+01, 1.0667360716545800e+00
32, 20, -1.4449439803328266e+00, 9.5947754254965645e-01
32, 21, 3.9090521663959685e+00, -1.6142588384284636e+01
32, 22, -1.3512735721136588e+01, -1.0021916881047797e+01
32, 23, -9.6036699404832557e+00, 1.8462825124399597e+01
32, 24, -3.1235452066152445e+00, 8.3399754903077223e+00
32, 25, 4.8110431932622549e-01, -2.9621053688184917e-01
32, 26, 1.7639349486800355e+00, -5.1845633000184010e+00
32, 27, -3.1759470570368364e+00, -3.7582442703925385e+00
32, 28, -1.0016945217958224e+01, 1.4627316787980662e+01
32, 29, -1.0735353773004240e+01, 1.4154599897180013e+01
32, 30, 1.4936923365107498e+01, -5.4046351623407798e+00
32, 31, 9.2100977623947475e+00, -4.8426469746663542e-01
32, 32, 1.3250106972269551e+01, 1.6755794230747089e+01
33, 0, -1.1684881715036241e+01, 0.0000000000000000e+00
33, 1, 3.9114180956030395e+00, -2.5911147210686916e+00
33, 2, 3.8699449269236519e+00, 1.2974817423054059e+01
33, 3, -4.5962769941677211e+00, -1.4708630894216887e+01
33, 4, 1.3516834864801817e+01, -1.7193356500581500e+00
33, 5, -1.2820977227095273e+01, 9.6190725396664334e+00
33, 6, -9.2931705264130411e+00, -1.2206562004651245e+01
33, 7, -8.0541808511225454e+00, 2.0895311089766391e+01
33, 8, 4.6692117759402296e-01, -1.5329773782344944e+01
33, 9, 1.3684736186088125e+01, 1.2324912482344445e+01
33, 10, 5.1830739978276341e+00, -3.5373988759452151e+00
33, 11, 1.8418254908895218e+01, -1.3584043285443190e+01
33, 12, 1.0056563316070120e+01, -9.6076102181687517e+00
33, 13, -8.5876254060772865e+00, -4.4152681430416785e-01
33, 14, 6.6702731565409614e+00, 3.0592628960388368e+00
33, 15, -1.6619547675497053e+01, 8.5752197992537269e+00
33, 16, 6.3787497447699115e+00, -5.5901731122594009e+00
33, 17, 6.3217825447172364e+00, 7.0798029201908497e+00
33, 18, -4.3672531167840818e+00, 2.3024697868888726e+00
33, 19, 1.2001971957648667e+01, -1.8845974035600602e+01
33, 20, -1.8306244606663128e+01, -8.8328625430701120e+00
33, 21, -1.0181838353968939e+01, -1.6039038932792931e+01
33, 22, -3.1939878511513062e+00, 7.3367713079459147e+00
33, 23, -5.6615724164271457e-02, 6.3676115017998081e+00
33, 24, 2.3240755427279122e+01, 2.4734542297603582e+01
33, 25, 1.9665081291562782e+01, -1.1365889613991715e+01
33, 26, 2.4851889843958799e+00, -1.6871028172022783e+01
33, 27, -3.5754841635302337e+00, 2.9876455590037119e+00
33, 28, -1.1870063005134156e+01, 1.5972191355876044e+01
33, 29, 1.1571316670130118e+01, 9.7459533561283518e+00
33, 30, 1.0307538939076444e+00, -4.7888583674515566e+00
33, 31, -1.5334541807460525e+01, -3.5550316876589054e+00
33, 32, -1.1556724124513204e-01, -3.3335717674230857e+01
33, 33, 1.2965676013491711e+01, -1.9289456147458708e+01
34, 0, 2.1847439812936349e+00, 0.0000000000000000e+00
34, 1, 2.3226582563849067e+00, -3.5131870007317865e+00
34, 2, -1.2204998223670394e+01, -1.7553403272930268e+00
34, 3, 1.1977477467052889e+01, -4.8158362357601634e+00
34, 4, 5.6316829590492778e-01, 3.5981424719321877e+00
34, 5, -1.1953765124328923e+01, -1.4951156176172757e+00
34, 6, -1.1055735816498100e-01, 9.3563144371168381e+00
34, 7, -1.8252574858303959e+01, 1.7108094207996441e+01
34, 8, 1.6975095186898719e+00, 1.4964411599715699e+01
34, 9, -9.0450877623353421e+00, 1.5196030209666340e+01
34, 10, -5.2946398840065667e+00, -8.8584247543499401e+00
34, 11, 1.5396353526540775e+01, -9.8069213851771835e+00
34, 12, -1.6052319060386029e+00, -8.1428275535820021e+00
34, 13, 6.6531950583185315e+00, -1.8983365139309161e+01
34, 14, 7.2667456714628491e+00, -5.9556193668592012e+00
34, 15, -1.4478420283664081e+01, 1.2657080159812015e+00
34, 16, 1.4380607049108148e+01, 1.7544514997400753e+00
34, 17, -4.1305698122307231e+00, 4.4082804558723172e+00
34, 18, -2.5277806812944998e+00, -6.3875982412890604e+00
34, 19, -1.5272523173776187e+00, 1.3114608259860356e+01
34, 20, -2.0360783994018394e+01, -5.7562943846632679e+00
34, 21, -3.2645597529476427e+00, 2.2021785424804364e+01
34, 22, 2.8531921145849450e+00, 1.5077534654537791e+01
34, 23, 6.9468547586876150e+00, -5.6551831673088371e+00
34, 24, 1.5835321168436364e+01, -7.2565949633878422e+00
34, 25, -1.1095932669924862e+01, -1.5575801626715446e+01
34, 26, -1.6574410301501022e-01, -4.1963485125241631e+00
34, 27, -2.9923075727897732e+00, 7.1433695490866302e+00
34, 28, 9.4944356649689361e+00, -5.6039711354356267e+00
34, 29, 5.7775997083038391e+00, -4.5599056042280663e+00
34, 30, 6.0594075812637342e+00, -2.3606650101151590e+01
34, 31, -2.7010133933968397e+01, 7.2562834788920343e+00
34, 32, 1.6148322389513236e+01, 1.3563105460007485e+01
34, 33, -3.2317872309560727e+01, -2.1378049375467230e+00
34, 34, 4.3632441910694277e+00, 1.1376213671148172e+01
35, 0, 6.9332542104628436e-01, 0.0000000000000000e+00
35, 1, 5.5908143794306850e+00, 1.7947423452852860e+01
35, 2, -1.0347357515329495e+01, -1.2484844102339587e+00
35, 3, 1.1133613003328092e+01, 3.2875711116191457e+00
35, 4, -1.2007652780498658e+01, 4.1512891274977655e+00
35, 5, 1.7364221247851368e+01, -1.7801972743370200e+01
35, 6, 1.8279130310333034e+01, 1.9137396247539410e+01
35, 7, 4.3327677338916866e+00, -1.6187422284112049e+01
35, 8, 1.8773502727592469e+01, 9.2162432186206686e+00
35, 9, -5.3741628732579407e+00, -7.5948134410447610e+00
35, 10, -3.7722848174191483e+00, -3.0690996391194640e+00
35, 11, -1.2425593499068274e+01, 8.1892606455124337e+00
35, 12, -1.7052699126300148e+01, 6.4573429403534277e+00
35, 13, -1.2541229070545825e+01, 3.7027687968594241e+00
35, 14, -2.1726422420863685e+00, 1.6234684149021849e+01
35, 15, 6.0810389530812419e+00, -1.4858617691010233e+01
35, 16, 5.0059341229460523e+00, 5.5074504284479220e-01
35, 17, -1.0208587525509174e+01, -1.6543299675465761e+01
35, 18, 3.1961461428806013e+00, -6.5897729849455029e+00
35, 19, -1.8401556131191619e+01, 4.8698759613791243e+00
35, 20, 8.3959426734674718e+00, 3.1586854555663404e+00
35, 21, 1.8561826296674941e+00, 1.7246399156784488e+01
35, 22, 9.6693841652634038e+00, -2.7612396699202706e+00
35, 23, 1.0783033210654837e+01, -5.4322845795669474e+00
35, 24, -1.0722456797714271e+01, -6.4188638174763213e+00
35, 25, -6.4352773134932093e+00, -5.4145342799517753e+00
35, 26, -3.5654411890454751e+00, -3.3954166517927709e+00
35, 27, -1.3892861898498323e+01, 7.6997093075497176e+00
35, 28, 1.6829434372310160e+01, 2.9193919380480255e+00
35, 29, -1.6692170299693100e+01, -1.4297351113924893e+01
35, 30, 6.6807418188674417e+00, -1.2846112109903945e+01
35, 31, -1.8962095946564101e+00, 9.8715268924349209e-01
35, 32, 2.6652687593935976e+01, 2.9677113864312147e+01
35, 33, -1.2704477065690575e+01, -2.3578000914828504e+01
35, 34, 1.2214511754519908e+01, 4.5255176083453918e+01
35, 35, 8.6255318722978327e+00, -5.8120063294957287e+00
36, 0, 1.2782035413017569e+01, 0.0000000000000000e+00
36, 1, -9.6685969642813259e+00, -3.7263019308470344e+00
36, 2, 5.8391595991270329e+00, -1.0902205056018051e+01
36, 3, -1.4832622242995452e+01, 3.0075734686207021e+00
36, 4, -6.5989771303393558e+00, -6.4820214794521613e-01
36, 5, 2.3896734662044041e+00, 2.5744387772721700e-01
36, 6, -8.4299032852145768e+00, -1.8929744303333893e+00
36, 7, 2.3216623540800018e+01, -9.3451422473943833e+00
36, 8, 6.1349751132254964e+00, -7.8977727258291006e+00
36, 9, 1.2179096423599184e+01, -1.1682111079779311e+01
36, 10, 1.1753672749352077e+01, -5.5817719827819676e+00
36, 11, -8.3097196104114257e+00, 6.9644814459171467e-01
36, 12, 6.3960500561050937e+00, 5.5543639905993141e+00
36, 13, 4.3052520670534378e+00, 1.9535020146655693e+01
36, 14, -6.9164217716819278e+00, -1.5630302374446710e+00
36, 15, 1.4238468593950268e+01, -1.5259420515586528e+00
36, 16, -6.8243831503167227e+00, -2.5631425567314690e+00
36, 17, -4.0521829878357121e+00, -1.0658929648944047e+01
36, 18, -1.8932241274745563e+00, 1.1592808575493791e+01
36, 19, -1.2163803215037085e+01, -1.0803768658416593e+00
36, 20, 1.2667006878154297e+01, 5.4466812679675884e+00
36, 21, 4.4061933045505279e+00, -2.2942032711884518e-02
36, 22, 2.4801618816572968e+00, -7.6543964251341183e+00
36, 23, -1.5697896103216629e+00, 2.3010308456576607e+00
36, 24, -1.5407752773053231e+01, -8.8791747768496876e+00
36, 25, -2.4203040576436483e+00, 1.6013973923184544e+01
36, 26, 6.0408094073171288e+00, 1.8062106914627126e+01
36, 27, 9.4259207552215454e+00, -8.5569863306921068e+00
36, 28, 2.9069810230959625e+00, 1.5021967905135993e+01
36, 29, -1.5796144962202478e+01, -7.5461937508921810e+00
36, 30, -1.7281086202130190e+01, 1.8901437936022567e+01
36, 31, -1.1349784865511600e+01, -1.3876930634072016e+01
36, 32, 2.2712142963682108e+01, 4.3332855081979478e+00
36, 33, 1.8101916907697802e+01, -2.8531877847430014e+01
36, 34, -1.1510793734540197e+01, 9.8922475881809113e+00
36, 35, 2.2340920740364243e+01, -2.0638158212330065e+01
36, 36, -7.0861655619030683e+00, -1.2082540779667532e+01
37, 0, -2.2995039831744015e+00, 0.0000000000000000e+00
37, 1, -6.3537146085528597e+00, -1.4291985296234007e+01
37, 2, -3.5969673003654359e+00, 9.1463498349089623e-01
37, 3, -4.5448566356287028e+00, 8.6518431488034651e+00
37, 4, 1.3579468520539756e+01, -5.6901420467423067e+00
37, 5, 1.5578857780451760e-01, 1.4048020425177377e+01
37, 6, -2.0732406480688994e+01, -1.7669684901910170e+01
37, 7, -1.0991936541577930e+01, -2.8509198473000357e+00
37, 8, -3.1206961825290843e+01, -1.8588720428797608e+01
37, 9, -1.4526352734459801e+01, -6.6989158735663041e+00
37, 10, -3.8817983461593504e+00, 1.3751456708070359e+01
37, 11, 6.0566529952738590e-02, -8.6814595786525450e-01
37, 12, 1.1921581044102943e+01, 4.0823693078629111e+00
37, 13, 1.5632969064684133e+01, -6.9361342721406194e+00
37, 14, 5.1683173465679912e+00, -1.5064546687218508e+01
37, 15, 6.4513544128581779e-01, 6.7155965962653941e+00
37, 16, -7.5817618881133075e+00, 1.1382032636649759e+00
37, 17, 5.6045402627529173e+00, 1.0327013334695678e+01
37, 18, -5.5693400192825582e+00, 2.2961919047186022e+01
37, 19, 1.8393764298744951e+01, -3.0325094452987149e+00
37, 20, 4.3249205279931804e+00, 4.5152102397630491e+00
37, 21, 9.8072236778381650e-01, -1.1640507063303813e+01
37, 22, -1.1630976526736436e+00, 2.7127762886137132e+00
37, 23, -6.9319799898453311e+00, -1.1833026500682273e+00
37, 24, 1.1641038352593784e+01, -7.0840686144557106e+00
37, 25, 8.9299011676462126e+00, 5.6231495647797169e+00
37, 26, -9.4856716447423324e+00, -1.1967555039970748e+01
37, 27, 1.0860820041240215e+01, -6.8773617457985461e+00
37, 28, -1.3335199389857186e+01, -9.0080002537641299e-02
37, 29, 7.7597173960556036e+00, -8.7912969321933971e+00
37, 30, -2.4073057626911667e+00, 3.6457948659621984e+01
37, 31, 1.2835070202691615e+01, -1.1006199976188086e+01
37, 32, -1.8159899573982738e+00, 6.5766941629162803e+00
37, 33, -2.2241206169688233e+01, -2.2871586642485365e+01
37, 34, -1.7347391187653937e+01, 2.7758548014533546e+00
37, 35, 1.7256564108215947e+01, 8.6238214325755234e+00
37, 36, -2.6773927974153874e+01, -1.7518754575157164e+01
37, 37, -7.6389117165885132e+00, 1.0347679654740430e+01
38, 0, -1.7343922525569198e+01, 0.0000000000000000e+00
38, 1, -1.1547806016329321e+01, 4.2911023499267307e+00
38, 2, -1.1041618757976060e+01, 1.6788418064850326e+01
38, 3, -4.7018011665310355e-01, -1.7864917837988559e+00
38, 4, 1.6467545470462401e+01, 1.8411088816912675e+00
38, 5, 3.8877706640904273e+00, -9.7062030150642808e-01
38, 6, 1.8355587975153160e+01, -1.7565983153556264e+00
38, 7, -1.6893500977366742e+00, 1.7096941337781754e+01
38, 8, -2.5544133944901837e-01, 1.0672866943917697e+01
38, 9, -1.0678144416868509e+01, 1.3958330904491412e+01
38, 10, -1.0010818311246442e+01, 2.1294593922252845e+00
38, 11, -1.4037391754322830e+00, -8.8936626425876284e+00
38, 12, -1.0894581028654537e+00, -6.5812068733821318e+00
38, 13, -1.9189629042134733e+01, -4.0181610506885352e+00
38, 14, -4.2988102243566484e+00, 4.6698896655174398e+00
38, 15, -5.9683600097165401e+00, -1.6172362641876075e+00
38, 16, -4.8071633132970693e+00, 4.7633572836863758e+00
38, 17, 3.8218818443428204e+00, 1.0361585397326090e+01
38, 18, -4.0934139518188015e+00, -1.6454745248926066e+01
38, 19, 9.8521698360867678e+00, -1.2774726127656708e+01
38, 20, -8.5471429605167675e+00, -8.6758769496608401e-01
38, 21, -6.4636032412458067e-01, -4.9039178983007234e+00
38, 22, -6.5427054337966855e+00, 1.8979198813501053e+01
38, 23, -4.5163429565304831e+00, -8.8849660621903972e+00
38, 24, 1.2106977419333556e-01, 4.7532455090019896e+00
38, 25, -9.2837633359172378e-01, -1.9028851071245561e+00
38, 26, 1.5105369658676933e+01, -1.0112909187210338e+01
38, 27, -9.7855892615765427e-01, 1.8145930304487329e-01
38, 28, -1.8661691108030112e+01, -1.4463166503551403e+01
38, 29, 1.1982068491578470e+01, 2.8194765802524238e+01
38, 30, -8.7514753435758639e+00, -7.7790236731033326e+00
38, 31, 3.2382258385432223e+01, 2.3189983213569514e+00
38, 32, -1.0901929156370535e+01, 4.7960366139739534e+00
38, 33, 6.9235723412291685e+00, -2.7107880834989819e+00
38, 34, -1.9522949558676903e+01, 2.3550855470111419e+01
38, 35, 5.8745629360560665e+00, 3.2565246121388207e+00
38, 36, -1.7245898789611534e+01, -2.0503332537750239e+01
38, 37, -8.4061463593587304e-01, 3.3637033509328305e+01
38, 38, 9.1636055726948662e+00, -2.2632288462577654e+00
39, 0, 1.3181650285190953e+01, 0.0000000000000000e+00
39, 1, 1.4026724642818746e+01, 6.4755269138280358e+00
39, 2, 2.4346080823538044e-01, 1.5044874539587905e+01
39, 3, 2.8403286110051380e+00, -3.3411522977799124e+00
39, 4, -5.4418499587429165e+00, 1.5985252706133422e+00
39, 5, -1.5542194202636516e+01, -1.1789182453857730e+01
39, 6, 5.3055631667249301e+00, 4.3013072830761239e+00
39, 7, -6.7340275408769168e+00, -5.2436167206898219e+00
39, 8, 1.8043929438404689e+01, 5.7614265823405679e+00
39, 9, 1.7163636522538205e+01, 4.3170770065959232e+00
39, 10, 7.7299523854563308e+00, -4.3291324072344611e-01
39, 11, 1.0546436776722177e+00, 5.2156816808173208e+00
39, 12, -9.7758743892431053e+00, -2.6745512612876086e+00
39, 13, 1.0821622546557963e+00, -9.2423278896697223e+00
39, 14, -7.0531614916116583e+00, 8.1746623876653224e-01
39, 15, -4.0549705170477930e+00, 9.9679394685786491e+00
39, 16, 2.0858955821449348e+00, -2.4733538942951143e+00
39, 17, 6.2612009724508360e+00, 7.1432140440667871e+00
39, 18, 6.0859826994198691e+00, -1.9832745969691377e+01
39, 19, -7.2656129138067769e+00, 1.2534891443289435e+01
39, 20, -4.2392321560434523e+00, -1.0721217254852338e+01
39, 21, 1.7463148942793936e+00, 2.8471922314010163e+00
39, 22, -2.5029811390086789e+00, -4.2812853895537426e+00
39, 23, 1.3307655199195361e+01, -2.0504117542898066e+00
39, 24, -1.5737198729360530e+01, -8.1961181899405489e+00
39, 25, -1.0648142131008008e+01, -7.0786608690191324e+00
39, 26, -6.5993142870896149e+00, -7.7253596575717243e-01
39, 27, -5.2577096533963665e+00, 9.0761835125793979e+00
39, 28, 1.7067129942942202e+01, -1.4133826318072625e+01
39, 29, -6.3925025885530857e+00, 1.6703235516813454e+01
39, 30, 3.8772953406746815e+00, -2.5861392625502024e+01
39, 31, 1.8304152166689049e+00, 1.1510047065482860e+01
39, 32, -1.3560656190925945e+01, -2.5864447664617028e+01
39, 33, 1.6560709704316192e+01, 1.1793936250958001e+01
39, 34, 1.7282677344865678e+00, -4.8414128448212077e+00
39, 35, 1.0652996073128829e+01, 1.4173006960053311e+01
39, 36, -3.8247100906446563e+00, -6.9901634175445890e+00
39, 37, -8.2801380442294192e+00, 1.1927180406262368e+01
39, 38, 2.3551826053004362e+01, -6.2596904540550629e+00
39, 39, -2.4884119873912453e-01, -3.1137380936883655e+01
40, 0, 3.8564317406236981e+00, 0.0000000000000000e+00
40, 1, -4.1892662511382914e+00, -2.8948508128476158e-01
40, 2, -3.4246190788512263e+00, -1.6637505836471256e+01
40, 3, 9.1032160148381358e+00, 1.7021667198136263e+00
40, 4, -6.3394750584591124e+00, 5.7335198852048386e+00
40, 5, 7.5905313462417867e+00, -4.8447767773856176e+00
40, 6, -1.9111497884411378e+01, 3.0403051559584009e+00
40, 7, -3.2025125034722484e+00, -9.9080056338865212e+00
40, 8, -6.7981379647412750e+00, -8.5877727607129262e-01
40, 9, 4.4962391314420982e+00, -1.0268067678281037e+01
40, 10, 5.1737063142617714e+00, -1.7334529059926418e+00
40, 11, 1.5515168461863485e+01, -2.5231301708833054e+00
40, 12, 1.0912225065759662e+00, 3.2452447047204909e+00
40, 13, 6.1673479339289443e+00, 7.7864522804826324e+00
40, 14, 3.7105709583094524e+00, 8.5189341421724034e+00
40, 15, -9.5836455314614302e+00, -1.2907311619302355e+00
40, 16, 1.3178309579236169e+01, 1.2553662222073227e+00
40, 17, -1.3002738813837601e+01, -3.2141575351757710e+00
40, 18, 1.4217755382846004e+01, 1.4805793948349303e+01
40, 19, -5.4760741122827259e+00, -2.7690009994623815e-01
40, 20, 7.8237046544283018e-01, 1.0886569362936642e+00
40, 21, -4.7933075052763989e+00, 3.2285598577947709e+00
40, 22, 8.8662064270022256e+00, -8.0760947018619067e+00
40, 23, 7.4494923398477635e+00, 6.4767742689423411e+00
40, 24, 9.3574770530851605e+00, 6.0284565637344043e+00
40, 25, -8.7835847872966415e+00, 3.5624023408644401e-01
40, 26, 5.7312886601065296e+00, 1.7349392225048195e+01
40, 27, 2.0003978861326097e-01, -3.3713505129433596e-01
40, 28, 1.3988093036726861e+01, 1.3770771984364522e+01
40, 29, 1.9897149992693846e+00, -6.8691857052845986e+00
40, 30, 1.2691614697686461e+01, 3.5772614594905909e+00
40, 31, -2.1033215843416773e+01, -5.3024689493281665e+00
40, 32, 6.8578729142886301e+00, -4.7469526952499876e+00
40, 33, -4.3758165556704318e+00, 1.2428502659131995e+01
40, 34, 4.4283650831928405e+00, -2.0464958338526952e+01
40, 35, -1.2531216103367953e+01, 5.0393299647483536e+00
40, 36, 5.1403729237821039e-01, -4.2286210590964135e+00
40, 37, 6.0968606895898703e-01, 1.1810402847936675e+01
40, 38, 1.1896174974516708e+01, -1.9819847745054018e+00
40, 39, -1.1438560259082864e+01, -3.4986891048808402e+00
40, 40, -3.3767374264362694e+01, 7.3812646619941109e+00
