0, 0, 0.0000000000000000e+00, 0.0000000000000000e+00
1, 0, -9.8099242951653468e+03, 0.0000000000000000e+00
1, 1, -5.7180088971567693e+02, -4.4391864537901365e+03
2, 0, 0.0000000000000000e+00, 0.0000000000000000e+00
2, 1, 1.4246513242825351e+03, 7.6912746286839126e+02
2, 2, -2.0794886568798574e+02, 1.0529882592760550e+03
3, 0, 1.6513184141534280e+03, 0.0000000000000000e+00
3, 1, -1.7335600234093802e+03, -3.5323410640982343e+03
3, 2, -3.9099240739724792e+02, 1.4280995034342518e+03
3, 3, -7.4059156304758017e+02, 2.3966625783477307e+03
4, 0, 7.2990839902931134e+02, 0.0000000000000000e+00
4, 1, -1.1354368801897801e+03, -5.4097683373807774e+02
4, 2, 2.4791957259593551e+03, 6.3159035340923538e+01
4, 3, -2.6724622492520621e+03, 2.2257805934236669e+02
4, 4, -6.4254649101492851e+02, 3.9347388872834404e+02
5, 0, -1.9153884812759682e+03, 0.0000000000000000e+00
5, 1, 5.2858993144844544e+02, 1.7479981702934792e+03
5, 2, -9.4538891374915488e+02, 5.0230776409736438e+02
5, 3, 5.6789845336509609e+02, 1.9700591311339276e+03
5, 4, 3.3992401999956337e+02, -2.3008169232418195e+03
5, 5, -2.8749205642328548e+02, -4.9210215251694990e+01
6, 0, 8.8859862538588993e+02, 0.0000000000000000e+00
6, 1, -6.1579891202962222e+02, -3.9090916016366668e+02
6, 2, -1.1961560974863710e+03, 3.7276081295542633e+02
6, 3, -1.0630614385812537e+03, -4.9351381855504235e+02
6, 4, 3.5733337865882197e+02, 5.3401874538275331e+02
6, 5, 1.0068295542323972e+03, -3.1592747856251901e+02
6, 6, 9.0670074240444922e+02, 2.5536234815486335e+02
7, 0, 1.1708761293337486e+03, 0.0000000000000000e+00
7, 1, -4.5969687525785343e+02, 1.1683165140641156e+03
7, 2, 1.0147092009906538e+03, -8.8642083446875472e+02
7, 3, 3.6061029839337937e+02, -2.2335907576580769e+02
7, 4, -5.7607890255253812e+02, -9.2542639047345779e+02
7, 5, 8.2108396777503629e+01, 3.9136363255373880e+02
7, 6, 6.7537029207330625e+02, 2.4609975388487186e+02
7, 7, 3.7510028396568202e+02, -5.3023216598375257e+02
8, 0, -5.4911877525394436e+02, 0.0000000000000000e+00
8, 1, -1.2884206092549786e+02, 5.7270343012404157e+02
8, 2, -2.0926869955484619e+02, 1.9346758278460641e+00
8, 3, 3.6511711385562921e+02, 3.7451966335794708e+02
8, 4, 2.4294989635534591e+01, 7.0064290453271281e+02
8, 5, 6.5988389868805496e+02, 8.3899115203360816e+02
8, 6, -5.7164664966332680e+02, -2.1409549922881570e+02
8, 7, 2.9200864198955878e+02, 2.8932653707189235e+02
8, 8, -4.8211783329628605e+02, 7.9765727458000086e+01
9, 0, 9.3811058276756398e-02, 0.0000000000000000e+00
9, 1, 5.5064855709856658e+02, -1.1477526990690872e+03
9, 2, -5.6375892891696685e+02, 2.6432637653065001e+02
9, 3, -9.4503723708496580e+01, -3.3655157689553010e+02
9, 4, -2.1667546835497308e+02, -1.3511415284258851e+02
9, 5, -2.1821055791491722e+02, 4.3743362497751315e+02
9, 6, 1.9860183161750678e+02, 7.9780476348911463e+02
9, 7, 2.8000230908274148e+02, -1.0927051693936517e+03
9, 8, -7.7751101960092069e+02, 3.8302155961535505e+02
9, 9, -1.8841967208167273e+02, -3.6180809891149437e+02
10, 0, 2.7460785266201435e+02, 0.0000000000000000e+00
10, 1, 3.1325986177834716e+02, -1.0512273359918814e+02
10, 2, -3.5438745619695169e+02, 1.4293462235073082e+02
10, 3, 7.9868345134472713e+02, 1.4887166861846424e+02
10, 4, 1.8630916919636201e+02, -5.7158153015512789e+02
10, 5, -3.5492263729106122e+02, 7.8750741765038015e+01
10, 6, 1.2000258709720535e+02, -6.2768879572848118e+02
10, 7, -1.9914563752625131e+02, -2.8574377860209199e+02
10, 8, -7.2486511097406549e+01, -5.0487504269204322e+01
10, 9, -1.5161268398655392e+02, -3.7136201533914465e+02
10, 10, 1.1545324704967305e+02, 1.5728881410393262e+02
11, 0, 6.5548166882699505e+01, 0.0000000000000000e+00
11, 1, -4.3001520997561687e+02, -8.6726728121171504e+01
11, 2, -7.3463212616652200e+01, 4.8455606666314691e+02
11, 3, 1.6982383318661550e+02, -4.0741702271898771e+02
11, 4, 4.0838522932822468e+02, 3.1540929050000665e+02
11, 5, 8.9491188921968501e+01, -2.7329905517125945e+02
11, 6, 4.1515434831120439e+02, 3.1317188094450785e+02
11, 7, -2.6834079127090479e+02, -1.0223973179496733e+02
11, 8, 3.9825302970301499e+02, 1.8178157591363453e+02
11, 9, -7.6982801489198721e+01, 3.5235925097890288e+01
11, 10, 4.2736038671938229e+02, -3.0119417039510449e+02
11, 11, 1.2541207227447879e+02, 1.2597117385373383e+02
12, 0, 3.0586400035798675e+02, 0.0000000000000000e+00
12, 1, 3.4016898562553462e+02, -1.6461278888345683e+02
12, 2, 1.7271124369836107e+02, 1.1947591352533777e+00
12, 3, 2.4587877432517848e+02, 3.0798017100078411e+01
12, 4, 2.6821075170230887e+02, -1.6152423935807440e+02
12, 5, 2.7619971553290480e+02, -2.4769305155248412e+02
12, 6, -5.9676847266261319e+01, 3.3960167250741733e+01
12, 7, 2.5626784710659751e+02, 3.3543884755187412e+02
12, 8, -2.2391967291953290e+02, -2.5606709977829888e+02
12, 9, 3.0675318080940212e+02, 2.1192485648945828e+02
12, 10, 4.1580747826057211e+02, 6.5205009235116336e+01
12, 11, -4.5734491677538188e+01, 5.2119291840905885e+02
12, 12, 1.2532847008152859e+02, 1.3356125067812087e+01
13, 0, -1.2699486033726993e+02, 0.0000000000000000e+00
13, 1, 3.1507668878962983e+02, 5.6630134229658995e+02
13, 2, -3.4739025223751582e+02, -3.1433998277645236e+02
13, 3, 3.5905429127627667e+02, 3.0866492761627285e+02
13, 4, 2.7243884327541684e+02, 4.3655422372495195e+01
13, 5, -1.1314350198376155e+02, 1.6457238797380359e+02
13, 6, -5.6959560301628221e+02, 5.1544572793224665e+02
13, 7, 1.1485684279766849e+02, -3.1801928858986372e+01
13, 8, -1.0932272649273585e+01, 5.3376579821651980e+01
13, 9, 2.6698603080196233e+02, 1.5704600696805306e+02
13, 10, -1.9288697897801808e+02, -6.3326754841331137e+01
13, 11, -6.5861339698397416e+01, 2.5751451604594320e+02
13, 12, -1.6506403588362275e+02, 6.7768611718729346e+01
13, 13, -4.0973411314317582e+02, -1.8146089955063829e+02
14, 0, 4.0858376210988632e+02, 0.0000000000000000e+00
14, 1, -1.3445109328614535e-01, 1.5206433262891241e+02
14, 2, 5.2653888476412448e+01, -6.8026955730791457e+01
14, 3, 8.2619303740973436e+01, -1.0464274738774881e+02
14, 4, -2.2672697316538262e+02, 2.9487041672792441e+02
14, 5, 4.4806160924816510e+01, 1.3310225435209742e+02
14, 6, -8.9524901896800628e+01, 1.5896069851955173e+02
14, 7, -1.5431795577761491e+02, -6.0062649920920784e+01
14, 8, -2.8701014438938296e+02, -1.9071370448798672e+02
14, 9, 2.0977658170714861e+02, 1.5718709102029482e+02
14, 10, 1.5749381382736914e+02, 1.4227702422699178e+02
14, 11, -2.4454141623088896e+02, -2.4057155461251676e+02
14, 12, -1.1550565877290254e+02, -1.5171214118484517e+02
14, 13, -3.8843045397350920e+01, -1.0179621041144947e+02
14, 14, 1.0945750520865428e+02, -1.5058684005387533e+01
15, 0, 7.8226499770332083e+01, 0.0000000000000000e+00
15, 1, 6.6856831703840413e+01, -2.4485374574466141e+02
15, 2, 2.2943105569821586e+02, -3.0650829014072372e+01
15, 3, -2.6439168150535522e+01, -1.4442360977280003e+01
15, 4, 5.5215671702014504e+01, 2.8281266850388846e+02
15, 5, -2.8354046305693487e+01, 1.9822900143300583e+02
15, 6, -1.8774573139276384e+01, -6.0567262905850498e+01
15, 7, -1.2898805759103135e+02, -1.2741467870052985e+02
15, 8, 4.9357779257522509e+01, -2.1912046209822054e+02
15, 9, -5.0487645385297537e+02, -3.1988904776133666e+01
15, 10, 1.7711219929736887e+02, 5.1677102170127220e+01
15, 11, 7.1789128100008952e+01, -6.1199660028140642e+01
15, 12, 4.1897738495964370e+02, -3.3755166380153639e+01
15, 13, 9.3388317574415780e+01, -1.5658741970750660e+02
15, 14, 3.7669816228478709e+01, -2.8884267238595157e+01
15, 15, 3.5544157191612601e+02, 9.3028667575067260e+01
16, 0, 2.6181334912278322e+02, 0.0000000000000000e+00
16, 1, -1.6103111979859079e+01, 4.7483510554626776e+00
16, 2, 4.3061475982975435e+02, 2.6979429767186673e+02
16, 3, -8.2120422747187348e+01, -7.5090398840470371e+01
16, 4, 3.0863005295903815e+02, 6.0282974039979528e+01
16, 5, 7.3543443587280038e+01, -4.6509611239961259e+01
16, 6, -3.0120258170410501e+01, -5.8844266726686385e+00
16, 7, -1.6215299755170622e+02, 7.9211006442342239e+01
16, 8, -9.3157582837600543e+01, -1.9423042983850155e+02
16, 9, 2.1743762560395587e+02, 9.8721879414933539e+01
16, 10, 1.8955284915701222e+02, 6.6457663044161990e+01
16, 11, -1.1113174002686499e+02, -2.8651219633179608e+02
16, 12, -3.5351380767315447e+02, 2.6938082893630451e+01
16, 13, 5.6935011086072166e+01, 1.1196974161610586e+02
16, 14, -1.7418502760218806e+02, 1.8186745102515317e+01
16, 15, 3.6495800174477472e+02, 3.8747503213136270e+00
16, 16, 9.3686322791295567e+00, 1.0394827253099791e+02
17, 0, 1.1358752372944755e+02, 0.0000000000000000e+00
17, 1, 1.9946252692891107e+02, 4.1652161925275436e+01
17, 2, 1.1729859688641403e+02, 2.5591374257949258e+02
17, 3, 2.9943757216890640e+02, 1.0233634683727591e+02
17, 4, 3.7257741264263586e+00, -3.9121455841859756e+01
17, 5, 5.0092538960952311e+00, 1.4776722712538802e+02
17, 6, 4.6550488939245270e+01, -1.1896984082675687e+02
17, 7, 3.6202179103188769e+01, 1.8639617295363507e+02
17, 8, -2.0496165358381319e+01, -9.2876991356916392e+00
17, 9, -1.3217314499191488e+02, 2.5687586389263777e+02
17, 10, -7.6051248908589798e+01, 4.8765245435691114e+01
17, 11, 1.7086043098478675e+02, 4.2784175523193136e+02
17, 12, -2.5043571084497529e+02, 8.4736031099900515e+01
17, 13, 2.4610333186802501e+02, 1.9715072830941457e+02
17, 14, -9.4401102064712092e+01, -1.7914473909772340e+01
17, 15, -4.9167916516350886e+01, -9.9436977753051579e+01
17, 16, -1.6760852667011534e+02, -3.6245404957631024e+01
17, 17, -1.7658302579701271e+02, -3.9862850749413226e+01
18, 0, -5.3257471842171640e+00, 0.0000000000000000e+00
18, 1, -2.9785964237897957e+00, 1.8692697046352703e+02
18, 2, -1.1510171797848648e+02, 2.0969907326221918e+01
18, 3, 1.3408331884420869e+02, -6.9273433479058298e+01
18, 4, -2.2937913181824592e+02, -8.6852953960443699e+01
18, 5, -2.8544498672243634e+01, 1.2720675094872718e+02
18, 6, -5.7105576387874052e+01, 9.6099414437580350e+01
18, 7, -3.9973776268963533e+01, 5.4307170852667213e+00
18, 8, -9.6187637057640160e+01, 1.1341673478913093e+02
18, 9, 5.6878487123387821e+01, -4.5670113086079562e+02
18, 10, -1.2098333208348259e+02, 1.8065546356034773e+02
18, 11, -1.2178784547731081e+02, -8.9955391019861537e+01
18, 12, -6.0414734689237420e+01, 2.8045965489150507e+02
18, 13, 1.7915407834150517e+02, -4.0998334933105241e+01
18, 14, 1.2484908737594640e+02, -1.0895926186073099e+02
18, 15, -2.2941239392402204e+02, -1.0626691877691997e+02
18, 16, -2.0701043547868869e+02, 7.3236669551985614e+01
18, 17, -2.5756849836177923e+02, -4.4791528987612082e+01
18, 18, 6.7211705300234883e+01, -3.7043639599937421e+01
19, 0, 4.7364959604014480e+01, 0.0000000000000000e+00
19, 1, -4.4220133753924365e+01, 1.0725319061513744e+01
19, 2, -1.9793476591789418e+01, 5.5151146994340721e+01
19, 3, -1.0087469768735987e+02, 9.2736874783766154e-01
19, 4, -1.5032091778108102e+02, -5.9636200479334008e+01
19, 5, -3.6211888959058484e+01, -7.7986572966711577e+01
19, 6, -1.4569478572039830e+02, 1.5771377082393337e+02
19, 7, -3.3401710190643030e+01, -3.5458575539769377e+01
19, 8, -4.8814408814402640e+01, -1.0224208325193165e+02
19, 9, -5.7622977964410147e+01, -2.4389126244110247e+02
19, 10, -4.4573942156584678e+01, -1.2715516011238202e+02
19, 11, 7.7848743572347445e+01, 8.4768796094004784e+01
19, 12, -2.3870494784752222e+02, -1.0160480232721471e+02
19, 13, 1.0454049428425242e+02, -1.1306422999028429e+02
19, 14, -5.8241629821724253e+01, -5.2853356928288378e+01
19, 15, -1.5577002348532972e+02, -1.7398722917613674e+02
19, 16, -8.4505277243164997e+01, 8.0702686196853648e+01
19, 17, 1.3122410148073723e+02, 1.1238795177046551e+02
19, 18, -1.0721347698277611e+02, -9.3704903516747009e+01
19, 19, -8.9676170976237870e+00, -6.4898458667264379e+01
20, 0, -6.2380337759912550e+00, 0.0000000000000000e+00
20, 1, 1.8353665303626417e+02, -1.1995610146473467e+02
20, 2, 3.1639577535926279e+01, 3.2109809280041276e+01
20, 3, 1.8792916802910807e+02, 8.7744069464240084e+00
20, 4, 8.4589944872581071e+01, 8.2276647922618764e+01
20, 5, -5.3740740558298157e+01, 5.9734978635459939e+01
20, 6, 1.2549182134875153e+01, 5.3953433786587226e+01
20, 7, 8.4968642163337876e+01, -2.9797738329803701e+02
20, 8, 2.8064952043611953e+01, -2.1828082626639258e+01
20, 9, -2.2323788216574749e+02, 4.8510102785067062e+00
20, 10, -3.7085836098505581e+01, 3.0156219728851937e+01
20, 11, -2.2786461188443528e+02, 1.8086648718566121e+02
20, 12, 1.8758703176277362e+02, 2.4421790484434098e+01
20, 13, 3.2412479364649317e+02, -1.6182405867637954e+01
20, 14, -1.3303565145920936e+02, -1.7585138883718338e+02
20, 15, -8.6983481255691615e+00, 1.5852128583766043e+02
20, 16, -1.0329748115601975e+01, -1.6225062266302388e+02
20, 17, 1.5846440143887219e+02, 1.1624596690316091e+02
20, 18, -2.5856807852662090e+01, 4.1600206751994619e+00
20, 19, 1.2187834393467776e+02, 2.7219729756520007e+02
20, 20, 5.6645014384470272e+01, 9.9965934493842454e+01
21, 0, 9.8484432344824725e+01, 0.0000000000000000e+00
21, 1, 6.0797263170062834e+01, -6.9772205227343989e+01
21, 2, -1.5718219859822491e+02, 5.9479811800741174e+01
21, 3, -4.8891463630211035e+01, 5.0699742180074423e+01
21, 4, 8.7866729601600184e+00, 5.5112110120566939e+01
21, 5, -1.0765921438869731e+02, 5.8371627834712385e+01
21, 6, 6.9592132003471363e-01, 1.3147905736445122e+02
21, 7, 3.3182655603162345e+00, 8.8777350206926982e+01
21, 8, -6.5942123016075385e+01, 3.8246604218477074e+01
21, 9, 2.0803420733714427e+02, -9.9860553278112803e+01
21, 10, 8.1424089654028464e+01, -2.0493139950275372e+02
21, 11, 2.1445842895852121e+02, 2.5856691993733887e+02
21, 12, 5.0615089579995015e+01, -1.0546950571934738e+02
21, 13, 5.2403856388411519e+01, 1.0321371868733569e+02
21, 14, 7.9718127399702325e+00, 9.9433825433772981e+01
21, 15, 2.2320359464047982e+01, -1.0640989320747360e+02
21, 16, 5.6514713154411950e+01, 2.1586566168321966e+02
21, 17, 1.2461760059751428e+02, -1.1898366380750048e+01
21, 18, -4.1556994057903438e+01, 6.0890675718929344e+01
21, 19, 1.7916780160366756e+02, 1.2295042280975423e+02
21, 20, 2.2603254649559796e+02, 1.6904420557149530e+02
21, 21, -1.5555008036546582e+02, -2.3995740097468297e+02
22, 0, 3.1190551811373030e+02, 0.0000000000000000e+00
22, 1, 9.5599375605551245e+01, 1.7796308077695960e+02
22, 2, 1.3545384686245902e+02, -6.0273865785537346e+01
22, 3, 8.2228409883825549e+01, 8.7064045799891545e+01
22, 4, -1.3157686082852257e+02, -7.7667726108659849e+01
22, 5, 2.2762493320438146e+01, -5.5453000268080586e+01
22, 6, -1.0895792428461260e+02, -1.4893178754906882e+02
22, 7, 7.7720776401633316e+00, 1.2981584773171261e+02
22, 8, -6.2976059442799738e+01, -4.3627843318896453e+01
22, 9, 1.0657215633798674e+02, 2.1674103004357735e+02
22, 10, 5.0716447983548676e+01, 1.2079497025619102e+02
22, 11, 2.4322925138049891e+02, 1.8567902338313462e+02
22, 12, 1.5467666404639544e+01, -1.4514819142082246e+02
22, 13, 2.4804904925279914e+00, -1.4446946675108848e+01
22, 14, -8.7737046993711573e+01, -4.1606126700301843e+01
22, 15, 7.4000735256872474e+00, 4.0416197047644573e+01
22, 16, 4.5984410228228057e+01, -5.1518892452039580e+01
22, 17, -2.0375747945088148e+02, -1.0633584879215532e+02
22, 18, 3.2729507430231493e+01, 1.0794715701236584e+02
22, 19, -1.2729140630864568e+02, -6.8951371635111741e+01
22, 20, 1.5174539574450864e+02, -9.5381312931308685e+01
22, 21, -1.8375973958848630e+02, -1.6870145637063609e+02
22, 22, -9.2671279974429467e+01, -1.1829943478749698e+01
23, 0, -8.6386484330614451e+01, 0.0000000000000000e+00
23, 1, 1.4977600944570270e+01, 6.6220894518078907e+01
23, 2, 2.9737632824747323e+01, 4.4015013702700344e+01
23, 3, -1.0687845431073274e+02, 8.8994397558776114e+01
23, 4, 1.0560803749420307e+02, 3.2734785147149481e+01
23, 5, 8.7625044462138462e+01, -3.3254734145737970e+01
23, 6, -4.8974423717398849e+00, 9.7152948980442005e+01
23, 7, -8.0083983470933987e+01, -2.1765009587737455e+02
23, 8, -1.2066956576798617e+02, 7.8811842144509541e+01
23, 9, -2.9457735248398606e+01, -1.1189238509406870e+02
23, 10, 6.5340102357412022e+01, 3.5289181083578376e+02
23, 11, 1.1218145333843285e+02, -1.2558449562237899e+02
23, 12, 4.3650293948106331e+01, 2.3340177883010216e+02
23, 13, 6.1990358574624551e+01, -1.5584952929442375e+02
23, 14, -7.2024500232042911e+01, 2.3682738845170709e+02
23, 15, 3.6335017192026100e+01, -1.7826124497909188e+02
23, 16, -3.2145972645698691e+01, 1.0763123883409446e+02
23, 17, -4.9398554461586826e+01, -3.3786095360003969e+01
23, 18, 3.1258328509128084e+01, -4.2721144069636296e+01
23, 19, -2.0840398253632426e+02, 3.6036030233875906e+01
23, 20, 1.6388056992632161e+02, -1.5537235885615044e+02
23, 21, -6.8985427389664068e+01, -7.1062047112703112e+01
23, 22, -1.0658947670364756e+02, -1.5368194180596601e+02
23, 23, 1.2169386087615976e+02, 8.1796077112443982e+01
24, 0, 1.2358476942723462e+02, 0.0000000000000000e+00
24, 1, -9.0996477354714273e+01, -1.7749431864227770e+02
24, 2, 6.3394410859445912e+01, 1.4887928456169004e+02
24, 3, -1.4956073964080673e+02, -1.0958748720531818e+02
24, 4, 1.2715704013025847e+02, -9.5246174038124053e+01
24, 5, -1.2000186744627081e+02, 1.7781663734847839e+01
24, 6, -1.4143136151891693e+02, 1.2949929395433540e+02
24, 7, 8.0994467843223390e+01, -4.9100335186849293e+01
24, 8, 2.3459822848691985e+01, 1.2273209001803987e+02
24, 9, 3.7060423489073884e+00, -2.1300879624834408e+01
24, 10, 4.9533501159164715e+01, -1.2539226191389645e+02
24, 11, -1.8399173130820749e+01, -8.1626398226085996e+01
24, 12, 1.0748034551696158e+02, 1.9615705059435896e+01
24, 13, -1.8967571476231848e+02, 5.8494839014734410e+00
24, 14, -9.3827840413418482e+00, -4.6999442648408859e+01
24, 15, -9.0902819528009871e+01, 7.1850274332229873e+01
24, 16, -3.4232543538067659e+01, -8.1941516025402990e+01
24, 17, 6.7188076955941966e+01, -4.3897823072827769e+01
24, 18, -8.5951188216982416e+01, 2.3299047892834236e+02
24, 19, 2.2515571663421156e+02, -1.1437108351570856e+01
24, 20, 1.2322800010304189e+02, -6.6922797207675458e+01
24, 21, -7.9333209606213529e+01, 1.3411299219763328e+02
24, 22, 5.3049818423819502e+01, 5.6823804573721986e+01
24, 23, 1.2381013205643626e+01, 6.1684841371832050e+01
24, 24, -4.8891325695886565e+01, 3.7523207999541199e+01
25, 0, -1.0585973468564021e+01, 0.0000000000000000e+00
25, 1, 9.9225883936725069e+01, 3.9344405472367498e+01
25, 2, 8.6928974871578092e+01, 9.8493514037056315e+01
25, 3, 7.8619736312812378e+01, 3.8823573323016980e+01
25, 4, 1.3909202817391628e+02, -8.1618412668366631e+01
25, 5, 2.4951763737715140e+01, -1.3974632658063115e+01
25, 6, 5.6849384644013817e+01, 6.2122693754247507e+01
25, 7, 1.3301400682446865e+02, -1.4293250422738654e+02
25, 8, 9.1170659454040248e+01, -6.0629595300172355e+01
25, 9, 5.7881769461911503e+00, -1.5093438882502028e+01
25, 10, 1.2977929969460470e+02, -3.8357649544370958e+01
25, 11, 1.5846948896727434e+02, -5.7994131049527169e+01
25, 12, 9.0189082277377963e+00, 1.0237509664357475e+02
25, 13, -6.4408744195074405e+01, -2.3505883567766375e+01
25, 14, 1.6672786255874229e+01, 3.4520293357830667e+00
25, 15, -6.2352548839835237e+01, -9.6092226706626406e+01
25, 16, 6.0118853384459584e+01, -1.3057829746192868e+02
25, 17, -5.0882189907300813e+01, 3.4935515540545339e+00
25, 18, -1.1003261871750126e+02, -7.9062921669132095e+01
25, 19, 1.6993483294357759e+01, -7.6897432851750906e+00
25, 20, 8.0641502919538482e+01, 1.8298902310358841e+01
25, 21, 8.3752102546041897e+01, -2.0431390404306796e+02
25, 22, 5.8385370309662306e+01, 2.0176679046890135e+02
25, 23, 4.2206732309440042e+01, -1.1952381171395092e+02
25, 24, 1.2822014460018033e+02, 3.0547681176676633e+00
25, 25, -4.3421737514007205e+01, 2.4339838652141594e+01
26, 0, 2.1682077118814129e+02, 0.0000000000000000e+00
26, 1, -1.1060013948933744e+02, 1.0111887877963269e+02
26, 2, -4.4669571388579584e+01, 6.9582572148467207e+01
26, 3, -1.7966611941920479e+02, 1.4145164339041671e+01
26, 4, -1.4469743154459877e+01, 1.3325288219833450e+02
26, 5, -3.5526760867980713e+01, 1.6514965876991442e+02
26, 6, 6.6663057181257727e+01, 1.1443161420237873e+02
26, 7, 3.8519007867644362e+01, -6.6630469405737188e+01
26, 8, 1.6087755443155544e+02, -2.0138660585821717e+02
26, 9, -2.6428965231041495e+01, -1.7913688542887485e-01
26, 10, 1.0192357740327756e+02, -4.3251376732068231e+01
26, 11, 6.6623484144668566e+01, -9.6049809756899265e+00
26, 12, -4.4871070201511429e+01, 1.2174570018989547e+02
26, 13, 5.6297545022162630e+01, -3.3996120988359984e+01
26, 14, 2.1779910326121751e+01, -5.8231677642423797e+01
26, 15, -2.0820543338668969e+01, 3.7608101115687688e+01
26, 16, -3.2400482505869547e+01, 5.9631749564163101e+00
26, 17, 1.2532864494907639e+02, 7.4566145927268380e+01
26, 18, 1.5218583255196052e+01, 1.4971854682262466e+02
26, 19, -2.9099479676257136e+01, -1.7175186253291847e+02
26, 20, -2.3012622697856742e+01, -1.9971385707139461e+01
26, 21, 4.9405276253139647e+01, -6.6391581421422700e+01
26, 22, -1.2158798756829927e+02, 1.7982680071783773e+02
26, 23, -7.7902040932929992e+00, -1.1329050401954277e+02
26, 24, -1.4901422435879203e+02, 4.7808010305098392e+01
26, 25, -2.1140308672597286e+01, 2.9904509098920016e+01
26, 26, 1.9546404914569194e+01, -4.8750449011522903e+01
27, 0, 1.3819619512463851e+02, 0.0000000000000000e+00
27, 1, 2.8539018842925636e+01, -4.2053184256060291e+01
27, 2, -2.9016535640996569e+01, -1.3064826511616002e+02
27, 3, -1.4831196677107783e+01, 3.5832175515800884e+01
27, 4, -6.6867406792092311e+01, -5.5629983799079483e+01
27, 5, -6.6987773722438959e+00, -9.3587796171866188e+01
27, 6, -1.5144026183790334e+02, 2.7479359861913764e+01
27, 7, 7.9398779597151602e+01, 4.8229205538416110e+01
27, 8, 6.9075051119402588e+01, -1.1628300709694314e+02
27, 9, -1.5336192944418804e+02, 1.4255748182494190e+02
27, 10, -1.1403487051328474e+02, 2.8068019447739168e+01
27, 11, 3.6912584775155892e+01, -4.5102866563148012e+01
27, 12, -7.6430789476983620e+01, 1.5680158482420756e+00
27, 13, 6.7262091724840730e+01, -1.0114018115868618e+01
27, 14, -2.0272074251957565e+02, -3.8294733768791765e+01
27, 15, -5.6177966671902979e+01, -4.6999238776140558e+01
27, 16, -6.8546463518878880e+01, 1.1685358860121104e+02
27, 17, 2.7743681567538374e+01, -1.6900584394878223e+02
27, 18, -4.5187322199195251e+01, -5.7046304373159430e+01
27, 19, -7.9271870711705844e+01, 6.6902645862577970e+00
27, 20, 1.3434888279872681e+02, -2.4978924783618460e+01
27, 21, -7.0480383839097755e+01, 3.8662279733912982e+01
27, 22, -1.1929699897284081e+01, -2.2227478224817617e+01
27, 23, -1.4737262263688237e+01, 7.7853842329864392e+01
27, 24, -7.3533473695220835e+01, -1.2164843517650098e+02
27, 25, -1.8180442525899053e+01, 5.7493834727472859e+01
27, 26, -4.4854933410736322e+01, -1.5140700247183099e+02
27, 27, 1.0833489925989170e+01, -2.4367339128343403e+01
28, 0, 6.7182220854422816e+00, 0.0000000000000000e+00
28, 1, -2.7537418884629076e+01, 2.7756170454995726e+00
28, 2, -6.8979195002643905e+01, -4.5249797154291144e+01
28, 3, 2.1637182894346807e+01, 1.2223105980941520e+02
28, 4, 7.4644414290111399e+01, -1.5879581667375237e+02
28, 5, 6.7829903911389067e+01, -1.8412989166046236e+02
28, 6, -6.3735764404120118e+01, 3.6488447017867571e+01
28, 7, 8.0126281229030482e+01, -1.9852220085308664e+02
28, 8, 6.7242344020631180e+01, 7.8812890326086460e+01
28, 9, 3.2681900555131378e+01, -9.1443408026309271e+01
28, 10, 3.1806432448140562e+01, 1.3787055887731006e+02
28, 11, 4.3221419484633714e+01, -4.0896710938483949e+01
28, 12, 4.6272996310397176e+01, 5.4553573575506192e+01
28, 13, -1.2885420161125410e+01, -9.0044163828651733e+01
28, 14, -1.3662239664170107e+02, -1.0523159926115019e+02
28, 15, 3.3105066521771960e+01, -7.0941689154947056e+01
28, 16, -1.8208660802265115e+01, -7.9843179541358083e+01
28, 17, 1.4897609538715244e+02, -1.3772405965997294e+02
28, 18, -3.9876050982557842e+01, -2.6956146997327153e+01
28, 19, -1.1714822448911804e+02, -7.3902784188712403e+01
28, 20, 3.7679501949276869e+01, 3.8251669806560926e+01
28, 21, 8.6942675445369275e+01, 2.8147915942788529e+01
28, 22, 1.2269754262719403e+01, 3.9968050388729637e-01
28, 23, 1.1548755358368567e+01, -4.5773302580045097e+01
28, 24, -5.9682653956222680e+01, 1.3788615241644408e+01
28, 25, 3.5499988984235856e+01, -2.5156771268378705e+01
28, 26, 1.0096832093404046e+02, -1.2301871319079657e+02
28, 27, 7.8424429177266234e+01, -6.4057925498105760e+01
28, 28, 2.8990805252987926e+01, 3.4508107663849330e+01
29, 0, -6.1004433485367180e+01, 0.0000000000000000e+00
29, 1, 9.0119392233331808e+01, 2.6867153843359034e+01
29, 2, -1.6715867635984739e+02, -2.3987440272596533e+01
29, 3, -1.5738068923116202e+01, 8.7440260677317042e+01
29, 4, -5.1072141087606667e+01, -1.4188964948671634e+02
29, 5, 1.1936720415617941e+01, -3.2829171005171645e+01
29, 6, -3.8021373716025735e+01, -1.3628087445760079e+02
29, 7, 5.8290313067619735e+01, -2.7207274869749341e+01
29, 8, 2.2630835365543682e+01, 1.0353543470651680e+01
29, 9, -7.2353882778541120e+01, -1.1619552907890881e+02
29, 10, -6.9243680204414488e+01, 1.2946774849133479e+02
29, 11, -1.7039251766928905e+02, -8.5358878490148527e+01
29, 12, 1.0962269559760394e+02, -1.4740646444336903e+01
29, 13, -1.1123992465673683e+02, 8.7079069332336587e+00
29, 14, 1.3570099068013650e+02, -2.4830079995783620e+01
29, 15, -9.2804084973488983e+01, 9.5359918488612720e+00
29, 16, 5.7566311201345201e+01, -4.8472125291614987e+01
29, 17, -8.0017360181310607e+01, 4.4002007833744258e+01
29, 18, 8.4154061763499925e+01, -2.0036542753604266e+01
29, 19, 3.6188857299812014e+01, 3.9515796146766192e+01
29, 20, -1.5451533438412000e+01, -6.6486851516488940e+01
29, 21, 6.8322369162888208e+00, -1.3499402241995574e+02
29, 22, -1.2559061266312986e+02, -5.7156984884457991e+01
29, 23, 4.2296392063853489e+01, -3.0714323962684460e+01
29, 24, -7.2312297769270259e+01, 9.3422798935745845e+00
29, 25, 1.0406874692533803e+02, -8.1220160246795132e+01
29, 26, 1.2779027231945935e+01, 2.3374303626621781e+01
29, 27, -1.5532392367413934e+01, 8.1589940311995690e-01
29, 28, -2.7158468366341815e+01, 1.1847866808024516e+02
29, 29, 4.3095710467507047e+00, -4.3040500887799766e+01
30, 0, 5.9977183267213775e+01, 0.0000000000000000e+00
30, 1, 4.6426570410442281e+01, -2.1571670557825062e+01
30, 2, 9.4297532137558662e+01, -3.4058956253493697e+01
30, 3, 4.2174345912793946e+01, 8.8476112994671524e+01
30, 4, 7.9592015706459335e+01, -1.1221608452256525e+02
30, 5, 3.7315961978669115e+01, 7.7721175787089294e+00
30, 6, -7.5371555988303101e+01, -7.9565646742062285e+01
30, 7, -6.0534921798110517e+01, 5.4482108196955039e+01
30, 8, 3.7104127352639189e+01, -1.0927381149270745e+02
30, 9, 8.7164835852830862e+01, -1.4272973371589168e+02
30, 10, -2.3352751013204937e+01, 8.7778672198752233e+01
30, 11, -3.1496644767393050e+01, -5.0053058258223629e+01
30, 12, 5.0128135659773363e+01, -5.2397199280416324e+01
30, 13, -1.6832108393134888e+01, 5.0124169555278307e+01
30, 14, -1.4702985137508335e+01, 1.8967393644251695e+02
30, 15, 9.9897228586989542e+00, -2.5512705837441420e+01
30, 16, 1.1125872075095609e+02, 6.9722860515476782e+01
30, 17, -8.6057579221131135e+00, -5.8565411076551555e+01
30, 18, -2.9258653700040028e+01, 9.1897516004668859e+01
30, 19, -1.2648354435423641e+02, -9.0772518660091478e+01
30, 20, -8.9000765278762231e+01, 8.5517624311228388e+01
30, 21, 7.9806502145758586e+01, -4.5557033971223078e+01
30, 22, -9.3190611631127041e+01, -1.3868371419159553e+02
30, 23, -1.5474104174503907e+01, 4.1581270920732393e+01
30, 24, 6.3402426263097226e+01, -1.2036833117664685e+01
30, 25, 1.0362520003466804e+02, 7.9233306429749177e+00
30, 26, -7.9471599831436222e+01, 4.3682399642894524e+01
30, 27, -6.2139440385129774e+00, 9.3255093733546076e+01
30, 28, -1.4426713371620707e+01, 1.0198234542678605e+02
30, 29, 9.4331980513688052e-01, 9.9891069649417574e+01
30, 30, -5.0526108433777907e+01, -7.8374083566134459e+01
31, 0, -7.2611549051830892e+01, 0.0000000000000000e+00
31, 1, -1.5147626913835438e+01, 3.4265703353120315e+01
31, 2, -1.3755293698842181e+01, -1.1722508470764811e+02
31, 3, -5.5797818513611823e+01, -1.3645880933485060e+01
31, 4, 5.3657434416738958e+01, -3.3540886980522934e+01
31, 5, 2.8266528645295210e+01, -4.7160980828561875e+01
31, 6, 5.3810549652204244e+01, 3.5731982490146450e+01
31, 7, 2.5856759795411676e+01, 4.0525638495884749e+01
31, 8, 4.2181976449120008e+01, 8.0697097675307646e+01
31, 9, 8.8076455064793748e+00, 1.6235282939987858e+01
31, 10, -3.3938335217301727e+00, 1.2219366218481332e+02
31, 11, -2.5990884249193783e+01, -2.4500259576194537e+01
31, 12, 1.1234642224669672e+02, -1.0557610999961813e+02
31, 13, -3.4434930055398652e+01, -4.1842798484306130e+01
31, 14, -6.0542418135110836e+01, -7.2736098148678010e+01
31, 15, 3.8533563809230074e+01, -6.1367798375264599e+01
31, 16, 1.8422940869153436e+01, 3.7367690557129123e+01
31, 17, 6.4880401269786105e+01, 4.0725600384284462e+01
31, 18, -2.8303338010418919e+00, -1.6008692653911584e+02
31, 19, -2.9610569679211871e+01, -6.2688803024567498e+01
31, 20, -5.9621397896939925e+01, -1.9595768989938847e+01
31, 21, -9.3153955548792752e+01, 3.7423627613679457e+01
31, 22, 5.2693343176794713e+01, 1.0491515327343021e+02
31, 23, -8.0052445083791582e+01, -4.0562430512468097e+01
31, 24, -1.0713387609921440e+02, -1.3138934016230849e+01
31, 25, -3.7295185038148567e+01, 4.3317151431263930e+01
31, 26, -2.1883792404808815e+01, 5.7124660359811280e+01
31, 27, 2.3871800035270795e+01, 5.9868772742275638e+01
31, 28, 4.4148515500448752e+01, -1.8616806824764490e+02
31, 29, 2.2348060858290090e+01, 3.9857472911535012e+01
31, 30, 4.2954629162616023e+00, -1.0527992931400019e+02
31, 31, -1.2920550289446336e+02, 1.4389592845832192e+02
32, 0, -5.4375137116120726e+01, 0.0000000000000000e+00
32, 1, -5.8972585147207198e+01, 7.4415584876663004e+01
32, 2, -1.3124619803840233e+02, -1.9852694841936852e+01
32, 3, 8.8182080138422350e+01, 1.2847184929535479e+02
32, 4, -4.1937940413875850e+01, -1.1334410032542543e+01
32, 5, -2.2774340234387509e+01, -3.6678132639611349e+01
32, 6, 6.1640445451847178e+01, 2.4966703588874140e+01
32, 7, -6.3797506192984969e+01, -2.8855572297767992e+01
32, 8, 6.3425997029735043e+01, -2.7312163011003378e+01
32, 9, 7.3898830282695243e+01, -1.3172938671643379e+01
32, 10, 6.7781636041492106e+01, 5.8801257929432566e+01
32, 11, -4.8236741171808902e+01, 9.5345818385515301e+01
32, 12, 1.9672886198952426e+00, 8.3728852952186045e+01
32, 13, 3.2292076019266247e+01, -5.3615686833937843e+01
32, 14, 3.1514484169001477e+01, 7.8520336432193673e+01
32, 15, 6.0571177933045355e+01, -8.7056023542987859e+01
32, 16, -6.5355861351290145e+01, -3.7377764797381275e+01
32, 17, -6.9088611872068100e+00, 4.2719532177691846e+01
32, 18, -5.5349802158166945e+01, -2.8686499328756810e+01
32, 19, -3.4673403995096265e+01, 1.1088146653916954e+02
32, 20, -1.7547772233769425e+02, -3.9701651213378234e+01
32, 21, 1.0922099884644055e+02, 6.3885708833440759e+01
32, 22, -1.4516688130967296e+01, -2.6614313902541724e+01
32, 23, -5.7159259646654462e+01, 5.7989264622267768e+01
32, 24, -2.4509372718297122e+00, -6.8716247954724452e+01
32, 25, -9.9234197102690857e+01, 1.1781421139033665e+02
32, 26, -1.5888001051446963e+01, 1.2489412983602143e+01
32, 27, 1.8074029251380217e+01, 7.2396463215935825e+01
32, 28, -4.5127456251549752e+01, -1.2340246156996733e+02
32, 29, -1.5325641031136868e+02, -4.8848966204603130e+01
32, 30, -1.0074318927414055e+01, 4.3884570426239051e+00
32, 31, -1.5160647293594977e+01, -6.0379901143974209e+01
32, 32, 4.8889287771134477e+01, 8.2607992807425248e+01
33, 0, -1.7142788854495308e+01, 0.0000000000000000e+00
33, 1, 8.5254014400909824e+01, 7.4342863956030925e+01
33, 2, -2.1352862719361219e+01, -8.4168489781591518e+01
33, 3, 8.3347447302925190e+01, -2.9807252246917926e+01
33, 4, 4.6598375469599858e+01, -5.3609694717453756e+01
33, 5, 2.5579793983994506e+01, 4.3053344343964831e+01
33, 6, 5.0899230516560749e+01, 1.5332554520015080e+02
33, 7, 9.3614274179606838e+00, -8.4378991060901996e+01
33, 8, 1.2248750271406648e+02, 2.2458298061538073e+00
33, 9, 5.3377150012611310e+01, 1.3117912969544932e+01
33, 10, 4.8332653354844687e+01, -2.6811457880697162e+01
33, 11, 7.9098496530429259e+00, 2.5264383385267678e+01
33, 12, -8.1990666463174904e+01, -6.3172019441073736e+01
33, 13, -8.8653661463249165e+01, 1.6843083322088326e+01
33, 14, 6.1094176182513493e+00, 4.8258716416598460e+01
33, 15, -4.0055069967303893e+01, -1.5047341975694508e+01
33, 16, 3.5212675658103265e+01, 9.1533455786795770e-01
33, 17, 2.0040583055275796e+01, 4.4958214411727482e+01
33, 18, 8.6984323913848868e+01, -1.8751567780993302e+01
33, 19, -1.0321970478795228e+02, 1.1798433319282282e+01
33, 20, -1.8469569786030490e+01, -3.5733525849385622e+01
33, 21, -5.7983154077430058e+01, 8.5448955004276428e+01
33, 22, 3.5008348527319370e+01, -4.5525721070914415e+01
33, 23, 1.7514099041475763e+01, -5.7878056773766076e+01
33, 24, 9.8193430656848733e+01, 1.0068165557438783e+02
33, 25, 1.5448474008252384e+02, -5.9859003039603088e+01
33, 26, 5.1657593473099340e+01, -4.8500510188857646e+01
33, 27, 1.9304542885346386e+01, -1.1004008574876700e+01
33, 28, -4.6289236372566549e+01, -2.9464147852177348e+01
33, 29, -4.6144456797611880e+01, 6.9490046994067001e+01
33, 30, -1.2634167763876181e+02, 1.1051873800898851e+02
33, 31, 1.2723231433529492e+01, -1.1301131659602746e+01
33, 32, -4.5241390398119620e+01, 7.1472300452354261e+01
33, 33, 7.4171196694056619e+01, -1.0247448908163938e+02
34, 0, 1.5990193725418996e+02, 0.0000000000000000e+00
34, 1, -5.2776001317988630e+01, 2.1444445591724708e+01
34, 2, -1.2826256777782248e+01, -7.2700755384187858e+01
34, 3, 2.8751200271716414e+01, 1.2805544950761214e+02
34, 4, 3.6576067729870971e+01, -7.1061831139305653e+01
34, 5, 2.6040984363770306e+01, 4.9950081410940449e+01
34, 6, 7.9047842204878789e+00, 6.7948160554933821e+01
34, 7, 1.6044221839249246e+00, -7.0434134840885690e+01
34, 8, -5.4602951222366229e+00, 1.1843221965362923e+02
34, 9, -1.3869940486893057e+02, 2.7223587439692892e+01
34, 10, -3.2037024782399612e+01, 2.8447373851775325e+01
34, 11, 2.9802572047843313e+01, 1.3296035657938583e+02
34, 12, 5.9629591990350988e+01, -3.2098041270625444e+01
34, 13, 1.1613291374892046e+02, -6.6597339413103100e+01
34, 14, 3.3300712377858275e+01, -1.4996356605375274e+02
34, 15, -2.8576090337644203e+01, -6.3791498931409926e+01
34, 16, -9.9462038925848162e+01, 2.1662658530401828e+01
34, 17, 4.9244881119805889e+01, -3.0095450150465687e+01
34, 18, 5.3062533139104602e+00, 4.0437366232789557e+01
34, 19, -2.8392817644726318e+01, -8.0944220760566424e+01
34, 20, -2.7003315971774583e+01, 3.8603532564847221e+01
34, 21, -7.1902117724095916e+01, 7.9347708982893664e+01
34, 22, 1.0759363351196480e+02, 2.4981122840283604e+01
34, 23, -6.9962953365358118e+01, -7.1777658609661543e+00
34, 24, 4.4980073009957238e+01, -5.8415293711932009e+01
34, 25, 5.4878824624532854e+00, -5.2896794851299205e+01
34, 26, -8.2801244447818988e+01, 7.0028155955135873e+01
34, 27, 9.1052616873920044e+01, -5.2854391863870532e+01
34, 28, 1.1911371304872759e+01, -4.3700116806453444e+01
34, 29, -5.3470268131901825e+01, -1.2566036825067297e+02
34, 30, 2.4320450441902878e+01, 5.3697034454645802e+00
34, 31, 2.1418377067118740e+01, -1.5202347738294506e+01
34, 32, 3.9656287200894212e+01, 1.9123510127929791e+01
34, 33, 7.9174685667733627e+01, -2.5478035500679184e+01
34, 34, 4.0813636483747018e+01, 5.7506689116250783e+01
35, 0, -2.3920492083429455e+01, 0.0000000000000000e+00
35, 1, -2.2421714316435839e+01, 1.5625499790376239e+01
35, 2, -6.4230652966439237e+01, 5.7337863043201324e+01
35, 3, 3.8841801474299629e+01, 1.0292728845631279e+02
35, 4, 7.7129898203338371e+01, -4.7689094125743964e+01
35, 5, 9.5284342964745434e+01, 5.4499146191611715e+01
35, 6, 9.2015934621091731e+00, -1.2130660609602387e+01
35, 7, 3.7842605174234194e+00, -5.2952533196741982e+01
35, 8, -7.8233836561552721e+00, -1.1385225745030652e+01
35, 9, -1.4516618719066351e+01, -2.5258872824080349e+01
35, 10, 2.1612128747883581e+01, 4.7788932723903208e+01
35, 11, -7.0155870322689282e+01, 4.8105884859310137e+01
35, 12, -4.3300009766383596e-01, 1.7487559072719620e+01
35, 13, -6.3199834184029513e+01, 2.4837006391021795e+01
35, 14, 5.0144258103629525e+01, 6.0742491225176209e+01
35, 15, -2.5421975364599049e+01, 3.6087611455643554e+01
35, 16, -7.6497875060201977e+01, -8.8155871169113510e+01
35, 17, 5.7351061862673475e+01, -7.8697946071668639e+01
35, 18, -9.8995271912102211e+01, -4.8014125860218115e+00
35, 19, -7.1915994234076805e+01, -3.2127549067097867e+01
35, 20, -7.6148177831801490e+01, 1.3943358327212167e+02
35, 21, -3.8001049652317832e+01, -7.8367488628443880e+01
35, 22, 2.2611073970657046e+01, 8.5693970117326799e+01
35, 23, 8.2165173237004865e+01, -1.2504136695053529e+02
35, 24, 4.7773982148828850e+01, -5.2735995390340150e+01
35, 25, -8.5287658413546907e+00, -2.8014097674083160e+00
35, 26, -4.0190980035476294e+01, -8.1112996218188727e+01
35, 27, -4.0897729667453419e+01, 9.4816381674674176e+01
35, 28, 6.2064148921431013e+00, 2.3472547934029347e+01
35, 29, -3.2504590293156127e+01, -7.5277326436543802e+01
35, 30, -4.7132609648079367e+01, -5.1142277478555798e+00
35, 31, 5.1251218694976430e+01, -1.2770250178761721e+01
35, 32, 3.0907696701304701e+01, 2.7913707423456117e+01
35, 33, -4.1620473987259814e+01, 1.8936712097766133e+00
35, 34, -3.1080207674887959e+01, 8.1488100751433080e+01
35, 35, -3.3192703431389916e+01, -8.3684020252860236e+01
36, 0, -7.3496606124362728e+01, 0.0000000000000000e+00
36, 1, 1.2370396297736193e+00, -9.3799217557430161e+00
36, 2, -7.0790894341938284e+01, 3.0944592825852638e+01
36, 3, -2.2816323892009848e+01, -2.8903319212996259e+01
36, 4, 1.1443510984250406e+02, 1.7675694144611050e+01
36, 5, -6.9227051482856155e+01, -1.0220899762263590e+01
36, 6, 4.7227187980632308e+01, -2.6020297353523059e+01
36, 7, 1.2934211650019097e+02, 4.1519311789211002e+01
36, 8, -1.5686642786930122e+01, -3.1642824519881202e+01
36, 9, 1.8705912174108568e+02, -4.6672973068454681e+01
36, 10, 3.8509673925897829e+01, -1.0338112756322153e+02
36, 11, 7.0878103211208554e-01, -3.5480146052388065e+01
36, 12, 1.2017295112608723e+02, 5.5319697520513479e+01
36, 13, -1.3120059973268508e+02, -1.0315655714577019e+01
36, 14, 4.7428762001963861e+01, 4.3832039417597997e+01
36, 15, -1.5258738174324128e+02, 8.3325940390139067e+01
36, 16, 9.8967247760793938e+01, -1.1311735234281965e+01
36, 17, -3.8493797796438116e+01, 2.5571072948505758e+01
36, 18, 2.1048795980059850e+01, -5.5739576346152631e+01
36, 19, -1.5786890959743715e+01, 8.1992619701373030e+01
36, 20, -8.3731059668922995e+01, -5.3640021215105151e+01
36, 21, -5.2593549054430000e+01, 4.2864937645117983e+01
36, 22, -3.8693577721541210e+01, 3.8571982125372998e+01
36, 23, -1.6824178875673777e+01, -8.4917921734121222e+01
36, 24, -1.2048052600207228e+01, -8.0003150688689999e+00
36, 25, -5.5524890970541591e+01, 3.6419250690794968e+01
36, 26, 6.5169760129984311e+01, 1.0842320921249426e+02
36, 27, 2.4725830721472008e+01, -1.8104986815412502e+01
36, 28, 3.7753834570127829e+01, -6.8361053625377480e+01
36, 29, 7.1403616811616644e-01, 1.4391766057035676e+02
36, 30, -7.0802317756629364e+01, -2.8071596882282506e+01
36, 31, 1.0127308295729350e+01, 4.8969270229918578e+01
36, 32, 4.7514777942294018e+00, -4.4500596511080346e+00
36, 33, 8.7414349664067032e+01, 3.8815738463728110e+01
36, 34, -1.9840363198217105e+01, -6.2510359739950971e+01
36, 35, 1.4221653352210893e+01, 9.0150287553737485e-01
36, 36, 8.3545274603341966e+00, 1.1291693736381413e+02
37, 0, 5.4391306287823994e+01, 0.0000000000000000e+00
37, 1, 5.6658012636475547e+01, 7.9263875534403155e+01
37, 2, -1.1228808868205317e+02, 4.1819440515594252e+01
37, 3, 1.0611459847120429e+02, 1.9085829992044040e+01
37, 4, 2.4766211366900080e+01, -7.0191720651142901e+01
37, 5, -8.7967653663643617e+01, -3.6330713406289590e+00
37, 6, -7.3226572039943107e+00, -4.2727659755567657e+01
37, 7, -1.4788517350248790e+02, -6.5446204516353923e+00
37, 8, -2.6404909407010280e+01, -7.5083132763889324e+01
37, 9, -3.1496722114479581e+01, -6.6948385838587399e+00
37, 10, -3.8384649422238596e+01, 8.5092484723013541e+01
37, 11, -9.5984759266646989e+01, 4.9007299483932883e+01
37, 12, 3.7983982558578660e+01, 1.5419340873741820e+02
37, 13, 7.7893110617850255e+01, -1.3167560990259622e+02
37, 14, 5.5318497499541166e+01, 1.0648749151161201e+02
37, 15, -5.0538585813689807e+01, 2.4755437117192734e+01
37, 16, 9.0461333380879864e+01, 2.2834901920352163e+01
37, 17, -1.4974650872252894e+01, -3.2413702229988431e+01
37, 18, 8.7949319238074395e+01, 7.5628810024407500e+01
37, 19, 5.4156823225265356e+01, 5.2556075417340772e+01
37, 20, -3.2774985454691716e+01, -6.7988505878728574e+01
37, 21, 1.5160069874727736e+01, 1.0543076575365120e+01
37, 22, -6.6792978577278518e+01, -3.3027734885946785e+01
37, 23, 8.5461284870119641e+01, -3.8938376452883986e+01
37, 24, 7.2498310355364779e+01, -6.1079560696998087e+01
37, 25, 8.9165278896145281e+00, -1.4346640772296794e+01
37, 26, -5.3121043265043902e+01, -2.2506616613024789e+01
37, 27, -5.9280084742714010e+01, 4.4657446097509705e+00
37, 28, 7.3641644460470786e+01, 8.0049537619302829e+00
37, 29, -1.7714252446503906e+01, 2.4283060712887448e+01
37, 30, 9.1174466478815788e+01, 2.1879799303687207e+01
37, 31, -4.8830219528491170e+01, 2.2938107835417853e+01
37, 32, 9.3169182889180391e-01, -5.2799174034673584e+01
37, 33, 4.3911204232055184e+01, 1.5074976422532131e+00
37, 34, -2.8656490456310650e+01, -6.2480130375566461e+00
37, 35, -7.6724554861196907e+01, -3.2504083741552549e+01
37, 36, 7.6160073494452149e+01, 4.1090472279964104e+01
37, 37, 2.3571216702048673e+01, 1.0984561015818045e+01
38, 0, 7.6574709309347497e+00, 0.0000000000000000e+00
38, 1, -1.0255544344264555e+02, 7.0488207875598931e+01
38, 2, -1.0245457675794603e+02, 3.4712439938912297e+01
38, 3, 1.2148495031048598e+02, -3.3878035948513272e+00
38, 4, -4.1676596508412359e+01, -6.5787835492739987e+01
38, 5, 1.1633603205528262e+02, 3.9219072487676762e+01
38, 6, 7.5336043252493738e+01, 1.3606506982551400e+02
38, 7, 5.3217444633501465e+01, -1.5747187341863537e+01
38, 8, 1.0488987628592172e+02, 3.1938192383876626e+01
38, 9, -7.8791669346021763e+01, -2.4779284162442593e+01
38, 10, -4.8731280760850211e+01, 2.4557524773398629e+01
38, 11, -7.3354888300991618e+01, 2.4052830404486429e+01
38, 12, -4.0482697638805192e+00, 4.4525464757416330e+01
38, 13, -1.5480723467413327e+02, 7.4482845754926132e+01
38, 14, -1.0015528116524538e+02, 9.8058374236737933e+01
38, 15, 2.5624724140805085e+01, 8.4014413450300424e+01
38, 16, 2.1800932080932924e+01, 3.7627527340689014e+01
38, 17, -4.0857157293508997e+01, 1.6422607870318870e+00
38, 18, -1.1307656204888033e+01, -5.7005233229861602e+01
38, 19, -5.3498898950530176e+01, -7.1452452481240186e+01
38, 20, -1.2040619337092363e+02, 3.8327963176782376e+01
38, 21, 8.6302382267224136e+00, 4.7979418743241645e+01
38, 22, 6.1063304366408261e+01, 1.3698221127627943e+02
38, 23, -4.6800001490655205e+00, 3.4968363639409503e+01
38, 24, -6.9371587929722963e+01, -4.8636836450414052e+00
38, 25, 1.7581316664073661e+01, 3.5559565813486493e+01
38, 26, 1.1434404437672922e+02, 3.6402521284715192e+01
38, 27, 1.0066797490014054e+01, -1.3399417218882655e+02
38, 28, -6.0100658599691400e+01, 1.7613096312992610e+01
38, 29, -3.4888764111284388e+01, 2.7434553207751947e+01
38, 30, 6.9595876165634309e+01, 5.4116566904608788e+01
38, 31, -3.5248427178027214e+01, -4.9831461016067479e+01
38, 32, 3.8826124831026306e+01, 4.1041944525645903e+01
38, 33, -2.6426369885868965e+01, -5.3987380325038245e+01
38, 34, -1.3644835807799649e+02, 2.6095128112021598e+01
38, 35, -1.0851301842893704e+02, -5.1841356631741945e+01
38, 36, -5.9286682466957956e+01, 1.5050874470497831e+01
38, 37, -4.2851993633666837e+01, -4.9221325197662850e+01
38, 38, -7.4777100097112140e+01, -6.5328536863872742e+01
39, 0, 6.7154456123454864e+01, 0.0000000000000000e+00
39, 1, -2.3273022102195057e+01, -8.0188668332396375e+01
39, 2, 2.4881068711796810e+00, 3.9274463357636108e+01
39, 3, 7.8658574269480646e+00, -8.9392994914013642e+00
39, 4, -4.1852667679045091e+01, -3.8130991498740173e+01
39, 5, -2.5984611829194279e+01, 1.3086089042230418e+02
39, 6, -3.3558001617482077e+01, 5.6626579838704139e+01
39, 7, 3.6845694258558666e+01, -5.8343536017727978e+01
39, 8, 2.0753928419789247e+01, 2.0999723798099069e+01
39, 9, 5.8684651259900846e+01, 2.3799156261887990e+01
39, 10, -2.5773702430373461e+01, -2.2923792842908249e+01
39, 11, -5.4410198923079307e+01, 1.0609161763413206e+02
39, 12, -7.1421696732065669e+00, 1.8494687280077372e+01
39, 13, 4.1876705768414659e+01, 1.5968192743030002e+01
39, 14, -4.5872822960640534e+01, -6.1481132409138844e+01
39, 15, 2.7077316535796513e+01, 7.9692381022692416e+01
39, 16, -7.2860158342085796e+01, -2.7043156812153164e+00
39, 17, 1.1769442624226564e+01, 5.1353317075241733e+01
39, 18, -2.1905574969518696e+01, 2.0904868128096894e+01
39, 19, 2.7713053660540609e+01, 5.4266190401810235e+01
39, 20, -5.6665615423888426e+01, 2.5079876940986665e+01
39, 21, 7.1208319001170665e+01, -6.3559368467775371e+01
39, 22, 5.7299411016975696e+01, -3.1231246806067137e+01
39, 23, 3.1765740321093716e+01, -2.7800099587077113e+01
39, 24, -1.5832491863360826e+02, -7.8170699201391301e+01
39, 25, -6.9392824496206217e+01, 5.0196921050738140e+01
39, 26, -5.3967387632196491e+01, 1.5290164073094239e+00
39, 27, 6.6523943168383340e+01, -6.2723782655737907e+01
39, 28, -7.4674625753152554e+01, -1.1743277637445266e+02
39, 29, 2.7021159768776897e+01, -9.9961625610123292e+01
39, 30, -1.2725824403543947e+02, 2.8936403512460117e+01
39, 31, -4.0336390706641566e+01, -1.0066506842934749e+02
39, 32, -5.0090662056747547e+01, 5.9073060659253770e+01
39, 33, -2.3275261773374581e+01, -5.8843997666662716e+01
39, 34, 7.4134660107269227e+01, 4.4824514156098232e+01
39, 35, -5.3130486140096124e+01, 1.0165530112422545e+01
39, 36, 5.7239937641178784e+00, 1.6490011245870306e+01
39, 37, -1.2217196441751511e+01, 2.2219656848582090e+01
39, 38, -5.8442206137302207e+01, 8.6652823607105333e+01
39, 39, 1.5505824952050437e+01, -3.9627228526853742e+01
40, 0, -1.2446777285796925e+02, 0.0000000000000000e+00
40, 1, -1.0350406720490145e+02, 1.2685147675033061e+01
40, 2, 1.1362328572444767e+01, -7.2706764035008618e+01
40, 3, 7.4918747329773367e+01, 3.1572293043790069e+01
40, 4, 5.6159170216353019e+01, -1.4518791569246673e+01
40, 5, 1.4111158211831508e+01, 1.2815591292709468e+02
40, 6, -6.2645044703651564e+01, -6.8713000720907715e+01
40, 7, -6.9534952879202550e+01, -5.6058883425833621e+01
40, 8, -1.6916904335204612e+02, 9.5699198773400369e+01
40, 9, -3.9202979486752582e+01, 4.7655788286960515e+01
40, 10, 4.4710638767520095e+01, 1.4291882687096137e+02
40, 11, 4.1882654767636836e+01, 5.5171483083730266e+01
40, 12, 2.1277411400051726e+01, 2.0828965193493634e+01
40, 13, 6.1491466701096712e+01, 4.7821955076317316e+01
40, 14, 4.1776724026778190e+01, 3.2151370263342372e+01
40, 15, 3.1460981187939396e+01, 3.8557893882372824e+01
40, 16, -3.8108724560206298e+01, 1.4269984334904313e+01
40, 17, -3.9316859306779548e+01, 2.3519181922520673e+01
40, 18, 8.3020187788845419e+01, 8.0093356849352006e+01
40, 19, 9.0267176410296969e+01, 2.4113544878553661e-02
40, 20, -6.4212679736233198e+01, 1.6564259133376581e+01
40, 21, -6.4410977409650116e+01, -8.0824094631155276e+01
40, 22, 4.4165480545986021e+01, -4.8024249168983800e+01
40, 23, -2.3588507314664028e+01, -3.6038618774782023e+01
40, 24, 3.6926834270338190e+01, 6.6839017307026324e+01
40, 25, -3.8731728156133727e-01, 7.8789354169573613e+01
40, 26, 4.5947476486589181e+01, 2.4325696601145665e+01
40, 27, -7.3705154215308930e+00, 2.1501315228877488e+01
40, 28, -7.3529860552382530e+01, -3.7703451888854573e+01
40, 29, 1.3065749536266262e+02, 1.4477475958557974e+02
40, 30, -8.7865768146429645e+01, 1.0612735593289196e+02
40, 31, 5.6858921465855275e+01, -4.6889446308514948e+00
40, 32, -7.2809767400422587e+01, 9.6039149353524209e+00
40, 33, 7.8076793817304406e+01, -2.7083207213556022e+01
40, 34, -1.3400418411032362e+00, 6.8097371374042609e+01
40, 35, -2.0251325675584525e+01, -4.0730262351044097e+01
40, 36, 1.6183070435797497e+01, 4.5798440627812660e+01
40, 37, 6.1664331323924195e+01, -2.4194227032682818e+01
40, 38, -1.5195957530552391e+01, 1.9462466999985157e+01
40, 39, 6.0277691916853996e+01, -1.4628802607746110e+00
40, 40, 1.0879432587946042e+01, 3.5053232189757459e+01
41, 0, -1.9117040420389856e+01, 0.0000000000000000e+00
41, 1, -4.9000134230738979e+01, 6.4250103937224324e+01
41, 2, -1.4954540840619589e+02, -2.6529400950058829e+01
41, 3, 4.2366105975975387e+01, -1.3243059228661267e+01
41, 4, -5.7361558610864869e+01, -3.8949567483420289e+01
41, 5, -8.6411319658589761e+01, 6.5527526094143326e+01
41, 6, 8.2621799968717610e+01, 6.5988467944260648e+01
41, 7, -6.1059563294029850e+01, 4.0061780138229324e+01
41, 8, -7.3050565185507224e+01, 3.5710563440260962e+01
41, 9, 8.2409967676254894e+00, -1.3958529322277290e+01
41, 10, -3.0966591344329785e+01, 8.8715898926517411e-01
41, 11, 1.1638418785575258e+01, -4.1668766290258496e+01
41, 12, 9.4194527589380641e+00, -3.7834549567689805e+01
41, 13, 3.3389041575850626e+00, 4.9535676778707590e+01
41, 14, 1.4383115882442982e+02, -7.3664752015565441e+01
41, 15, -2.8292116552142232e+01, -5.9153115267841542e+01
41, 16, 1.1765564475008185e+02, 2.4266643128377027e+01
41, 17, -1.6539142073643511e+01, -7.2765445793639884e+01
41, 18, 1.5185793600541757e+01, 1.4169960198858575e+01
41, 19, 3.9178150917251351e+00, 4.8215086364020898e+01
41, 20, 3.9834719299427796e+01, -6.2208509959364228e+01
41, 21, 3.4558583730001970e+01, 1.0834475524037377e+02
41, 22, -1.9443476976856388e+01, 2.0319502109141155e+01
41, 23, -3.6782872710969201e+01, 4.4406013670714337e+01
41, 24, -1.4963291070326434e+00, 4.5835807700838842e+01
41, 25, 3.8074507406431337e+01, 2.8424515027720638e+01
41, 26, 7.6712642182966277e+01, 2.4765896260650891e+01
41, 27, -1.1076534321370900e+01, 3.2638434686357996e+01
41, 28, 1.0791876952198439e+02, -1.2487523691896399e+02
41, 29, 1.8211083866756500e+01, 3.7137120054077826e+01
41, 30, -6.8894763268229298e-01, 2.1595754324330613e+01
41, 31, 3.6201490960699410e+01, 5.7560410893230838e+01
41, 32, -1.2348956868276360e+02, -8.2626147511677743e+01
41, 33, 5.6395349426386872e+01, 8.7769029224040324e+01
41, 34, -3.2535783944520631e+01, 3.1152736157411930e+01
41, 35, 2.4241103163918922e+01, -3.0550977796171846e+01
41, 36, -6.4423731396269091e+01, -4.1498377992771225e+00
41, 37, -1.2104237535056228e+00, -6.0642273961584550e+01
41, 38, -3.5233143718974830e+01, -6.5669838143019888e+01
41, 39, 9.8487727519916035e+00, 6.1603045736564191e+01
41, 40, 5.6520453796183517e+01, -6.7655875541523329e+01
41, 41, -6.5866700959923222e+01, -6.8319220593434494e+01
42, 0, -1.0897774793639574e+01, 0.0000000000000000e+00
42, 1, -1.0035400498984168e+02, -4.4990267196716864e+00
42, 2, -2.6268969834932086e+01, -2.9716339599132311e+01
42, 3, 3.1774550044036545e+01, -2.3008956431609437e+01
42, 4, -1.0347849095723137e+02, -6.1777680949698357e+01
42, 5, -5.6265615796480617e+01, 1.0205923925092415e+02
42, 6, 1.3406701837090463e+02, -3.3752627591476575e+01
42, 7, 3.3888031195212420e+00, -1.9531355158014073e+01
42, 8, 7.5892526362346601e+01, 1.0738832530086532e+02
42, 9, 1.0667038341342760e+01, 9.0837716619676044e+01
42, 10, -9.3934095560542197e+00, 3.1665397938567288e+01
42, 11, 7.2163622419618036e+00, 4.3196377522138107e+01
42, 12, 5.8451791605558370e+00, -2.3722498055081985e+01
42, 13, 4.3618539773999583e+00, 7.8265289602884337e+01
42, 14, 7.9868935209595421e+01, -2.3588186006302010e+00
42, 15, -6.3430125564662248e+01, -1.0077968722016386e+01
42, 16, 5.1187260995560166e+01, 2.4292132634600211e+01
42, 17, 6.1428849765555292e+01, -2.0642194368678336e+01
42, 18, 8.2051757201800854e+01, -1.3346214406778881e+02
42, 19, -6.4040494313712486e+00, 2.9630826522932416e+01
42, 20, -1.2174010742821082e+01, 2.5705686309727362e+01
42, 21, -1.1567031990564413e+02, -1.2043735369078831e+01
42, 22, 5.0647510374592756e+01, 1.9920993311122913e+01
42, 23, 1.2082218811959714e+02, 5.0705685011263490e+01
42, 24, -1.2045895102341220e+01, 8.2750407378852586e+01
42, 25, -1.9000714825073757e+01, 2.9968726129422066e+01
42, 26, -4.5377620309489863e+01, 1.2100428242474948e+01
42, 27, 2.5813047813908483e+01, -7.9850264937781475e+01
42, 28, 5.3787681110511556e+01, 2.1880007647192848e+01
42, 29, 2.2362759449672765e+01, -2.8987833062961194e+01
42, 30, 4.9863956759823452e+01, 2.7792097191716238e+01
42, 31, -4.2113108837170614e+01, 4.0921599376284107e+01
42, 32, -1.3680143110049954e+01, -8.9674895433607972e+01
42, 33, -8.4191143263985950e+01, 7.0525760773498632e+01
42, 34, 1.4437254592279043e+00, 2.9874667270770871e+01
42, 35, 1.1035902114152850e+02, 1.2716113697414499e+01
42, 36, 2.0016571349752155e+01, -1.1165667861385700e+01
42, 37, -1.2379198190260338e+01, 8.0216950464450605e+01
42, 38, 8.0938803071145884e+00, 3.2230801828063420e+00
42, 39, -4.7428424879732738e+01, 3.7136442240651199e+01
42, 40, 1.1938707546527834e+02, -4.3239145571875412e+01
42, 41, -5.0272436352228766e+01, 8.7388855129661295e+01
42, 42, 2.5052823534293850e+01, 3.6485320908122546e+01
43, 0, -6.5244594697244054e+01, 0.0000000000000000e+00
43, 1, -3.2433314505644262e+01, 2.2177917556806136e+01
43, 2, -5.8953201227838591e+01, -4.8697681461638211e+01
43, 3, 7.5128455923746046e+01, -7.3391049729120112e+00
43, 4, -7.6971790633341101e+01, -3.1677102637441749e+01
43, 5, 2.1416580538174088e+00, -1.3367641850196605e+00
43, 6, -2.1661738257769798e+00, -1.2777431520944830e+01
43, 7, 3.8944865101526517e+01, 3.3847938071640897e+01
43, 8, -2.9711941871691781e+01, -1.0431995740877667e+01
43, 9, -6.6336093222739123e+01, -9.7622524294024231e+01
43, 10, 1.9256811997525830e+01, 2.2277385146225264e+01
43, 11, 3.4347672142243482e+01, 5.5370021506263555e+01
43, 12, 7.5153222502624430e+01, -1.1339487308639228e+01
43, 13, 5.6436456209004291e+00, -1.8520217920411181e+01
43, 14, -4.7694819780843332e+01, 4.4662080348894477e+01
43, 15, -7.8504470545176048e+01, 2.6655709832642117e+01
43, 16, -1.8534879007311986e+01, 6.6802199968127141e+01
43, 17, -3.4710351055693430e+01, 1.4693589204299826e+01
43, 18, 1.8637264895097331e+01, -2.8479149388345590e+01
43, 19, -5.6831724310937073e+00, 7.9386361574685623e+01
43, 20, -1.2904190135634142e+00, 1.7045346232081755e+00
43, 21, -2.2975435450275860e+01, -2.6893762905004081e+01
43, 22, -1.2170278345529113e+01, -1.5090966957263404e+01
43, 23, 6.8253241564103760e+01, 2.0137621637851026e+01
43, 24, 2.0812401687108284e+01, 2.6154199883234849e+01
43, 25, -3.5345001727354912e+01, -7.6504617844527957e+01
43, 26, 3.0275940997064524e+01, 8.2469942966359099e+01
43, 27, 3.2263254273903677e+01, -6.4617476756652650e+01
43, 28, 9.7147310385767724e+01, 1.7309948961049173e+01
43, 29, 4.8718436628508561e+00, -5.7811926134822244e+01
43, 30, -1.1264849299512711e+02, 3.2566405367592012e+01
43, 31, -2.2002756228449670e+01, -2.4259689611105344e+00
43, 32, -3.6825366879458912e+00, 5.2103695584482637e+01
43, 33, 6.8504585872422609e+01, 5.8803560181785059e+01
43, 34, 9.3659396057308612e+01, 4.9681193036958575e+01
43, 35, -2.0338590915367718e+01, -4.0037892357326832e+01
43, 36, -1.5091529587116479e+01, 1.1636593529777628e+01
43, 37, 3.0661601397629425e+00, 3.3545951030658429e+01
43, 38, 5.2552651302738582e+01, 4.3209137571544282e+01
43, 39, 6.4828827240376910e+01, 7.8149152173233460e-01
43, 40, -3.9252069205932088e+01, -6.7253977962005706e+01
43, 41, 2.9663676736410082e+01, -2.5244734866328457e+01
43, 42, -2.9825611458837500e+01, -2.3944617588788248e+01
43, 43, 6.0868680699226644e+01, 6.3041257128443476e+01
44, 0, -4.0389354295753506e+01, 0.0000000000000000e+00
44, 1, -1.3435836800427171e+02, 2.6342508867114379e+01
44, 2, 4.9986490142138933e+01, -2.6294486737804935e+01
44, 3, -4.4343890862199942e-01, 4.6629609690175648e+01
44, 4, -7.1123763388317144e+01, -2.8445830214008382e+01
44, 5, -3.7645781728126892e+01, 7.7851403052468825e+01
44, 6, 3.2016696865750873e+00, -4.2825367050908852e+01
44, 7, -1.9878664331820261e+01, -9.4292855238204339e+01
44, 8, -5.5024620187377735e+01, -7.3431837482007197e+01
44, 9, 6.5392789761363389e+01, -1.0550480172174943e+02
44, 10, 8.0418231533663914e+01, 2.3077896570267370e+01
44, 11, -1.0652899372457483e+01, 1.9631280415720397e+01
44, 12, 1.1036900471427353e+02, -2.6840548469121604e+01
44, 13, 5.9407222050479710e+01, 3.7457435414246973e+01
44, 14, 4.5117638328329548e+01, -9.3223862318534060e+01
44, 15, 5.2541999444513650e+01, -1.0470114070530363e+02
44, 16, 5.2792231909733545e+01, -2.1663435515395882e+01
44, 17, -5.9693750479397025e+01, -4.7914272874722066e+01
44, 18, -6.4771081406085088e+01, 5.2485993446915273e+01
44, 19, -8.8546861841568685e+01, 2.2516030373035534e+01
44, 20, 2.4379807724305024e+01, 9.1197721099039143e+01
44, 21, -3.4848275059568891e+01, 3.7069752453927833e+01
44, 22, 1.7630984898915809e+00, -1.3353456650115760e+01
44, 23, 1.3988929033830324e+00, -3.8164961833844387e+01
44, 24, 4.5565422357009936e+01, -2.8852749398076050e+01
44, 25, -2.1503517309399641e+01, 4.9415614424748881e+01
44, 26, -7.4111961666183603e+01, 4.8241020619283844e+01
44, 27, 6.5028368014192722e+01, 1.2343382402513200e+01
44, 28, -1.1319061077126236e+00, -3.0253550855481656e+01
44, 29, -1.8119179962661605e+01, -5.3141865862895386e+01
44, 30, -6.5307314837862947e+01, 2.4095021392261600e+01
44, 31, -6.4903221571731962e+01, 4.9576410447222521e+01
44, 32, -6.4884362834810972e+01, -2.0389456058452453e+01
44, 33, 3.3250347212093800e+01, 2.4273089041013506e+01
44, 34, 7.1316033051654699e+01, 3.8939047212701794e+01
44, 35, -2.2648134915745800e+01, -8.9033821318510249e+01
44, 36, 3.4507358526028703e+01, -4.2684395359507477e+00
44, 37, -1.0788222951223007e+02, -9.3853167023405177e+00
44, 38, 4.0792254280595699e+01, -5.5758652314520894e+01
44, 39, -2.5295478152499591e+01, -2.6081713421191999e+01
44, 40, -5.2580236388081161e+01, 1.9663371049760286e+01
44, 41, 2.2881172814087108e+01, 1.3781141836910308e+01
44, 42, 3.5608262900631686e+01, -6.5839278856316454e+00
44, 43, -1.5723751431412076e+01, 1.8973468309102202e+01
44, 44, 4.2600395819429011e+01, -1.7552862754563125e+02
45, 0, -8.6385320823523429e+01, 0.0000000000000000e+00
45, 1, -4.1453521155104127e+01, -5.0866084719811703e+01
45, 2, 3.8430750553297159e+01, 2.6246096773201415e+01
45, 3, -8.4631502736701805e+00, -1.0498089704017245e+02
45, 4, 8.6082146234809414e+01, -2.1972395704128868e+01
45, 5, -1.0114476829312821e+01, 1.7915900780299339e+01
45, 6, 7.5735424890059747e+01, 1.0297395112821391e+01
45, 7, 3.5379840381596878e+01, -3.0957521548099294e+00
45, 8, 1.6885933682267190e+01, 2.1764360991062084e+01
45, 9, -4.7229175659541525e+01, -1.2079216361476810e+01
45, 10, -5.4203672720052253e+01, 8.3911816204567231e+01
45, 11, 2.7992555018432441e+01, 4.3965199772201117e+01
45, 12, 6.7223819289819374e+01, -9.9169585665227345e+01
45, 13, -2.5119971995766264e+00, -7.5432522479236084e+01
45, 14, 7.4916688641483375e-01, -7.8967384145916697e+01
45, 15, 3.5478346267832904e+01, 7.5785208000043639e+01
45, 16, -4.5020951927116442e+01, 5.6271652013659974e+00
45, 17, 3.4599473653507673e+01, 5.5594553812061179e+01
45, 18, -9.3340525824248985e+01, -1.1895648847485722e+02
45, 19, 8.3873299938100814e+01, -1.2654483823788555e+01
45, 20, -3.0792728750228342e+00, -2.8347738154530958e+01
45, 21, -1.1885934757967631e+01, -8.5593309639743296e+01
45, 22, -9.6488566157928290e+01, 1.3808440419549842e+02
45, 23, -3.3429631955003480e+01, 1.7008098548788269e+00
45, 24, -1.5003381375784166e+01, 1.1711080315141777e+02
45, 25, -3.3840632006531251e+01, 3.9912219736755503e+00
45, 26, -3.4029268439386911e+01, 4.8843644293543605e+01
45, 27, 1.6487083791303007e+01, -7.1495533867823809e+01
45, 28, -4.5874476695956616e+00, -7.9115456756561002e+01
45, 29, 3.0297401972444604e+01, 7.4553139743725467e+01
45, 30, 2.0014250959903279e-02, 2.7980107602531717e+01
45, 31, 3.0902592191229076e+01, 2.9828920434244900e+01
45, 32, 4.9316986194176764e+01, 3.9860128950264055e+00
45, 33, 9.2097267075413896e+01, -3.3677235187499335e+01
45, 34, -4.1457550040231027e+01, -2.1400894525604357e+01
45, 35, -5.6069901743234219e+01, 3.2454984446683937e+01
45, 36, 7.3442789230839480e+00, 1.2815123066620609e+02
45, 37, 9.4883917588960841e+01, 1.2818586842641409e+01
45, 38, -4.0314694704179097e+01, 7.8728551846971015e+00
45, 39, -3.8113421263266645e+01, 1.0378065672016101e+01
45, 40, 9.9992591910774635e+00, -3.5257816943023514e+01
45, 41, -3.2590339841732771e+01, 1.8321285702979168e+01
45, 42, -1.9073646164540179e+00, -3.4117901791661524e+01
45, 43, 5.6808923777736901e+01, 2.8818185897671640e+00
45, 44, -3.7424804669095138e+01, -3.9994072788089994e+01
45, 45, -9.6025231974333366e+01, 6.9294543145304573e+01
