0, 0, 6.5000000000000000e+04, 0.0000000000000000e+00
1, 0, -9.3995609326889717e+03, 0.0000000000000000e+00
1, 1, -5.4788162910666790e+02, -4.2534888454268703e+03
2, 0, -0.0000000000000000e+00, 0.0000000000000000e+00
2, 1, 1.2223317104554972e+03, 6.5989514964277396e+02
2, 2, -1.5321337415136368e+03, 1.6861327845074970e+03
3, 0, 1.1087519848292904e+03, 0.0000000000000000e+00
3, 1, -1.3833734160203931e+03, -2.3785447880164024e+03
3, 2, -7.3660565146073623e+02, 1.4300442742792297e+03
3, 3, 2.5357532401888318e+02, 2.6915316216675337e+03
4, 0, 7.8724833684270891e+02, 0.0000000000000000e+00
4, 1, -8.1910296938663646e+02, -3.3191618441397270e+02
4, 2, 2.0629391614158967e+03, -2.4527370886006665e+02
4, 3, -2.0431915616466663e+03, 1.8162663971233167e+02
4, 4, -5.3257331977076672e+02, -9.5625395514472984e+01
5, 0, -1.6723366514717459e+03, 0.0000000000000000e+00
5, 1, 4.6181432058912861e+02, 1.5486843559666461e+03
5, 2, -9.6703501876481323e+02, 3.7204631110312476e+02
5, 3, 6.1093151231646243e+02, 1.6582552763868439e+03
5, 4, 9.3498635966447480e+01, -2.0626085974545917e+03
5, 5, -4.2322743339325871e+02, 1.1419091170943535e+02
6, 0, 8.0150237225309900e+02, 0.0000000000000000e+00
6, 1, -4.2123599619212234e+02, -3.9803017968447222e+02
6, 2, -9.4771888889161255e+02, 3.8058957123273728e+02
6, 3, -8.3295041283282137e+02, -3.9211445632620428e+02
6, 4, 3.4522220122601448e+02, 5.7143875727584498e+02
6, 5, 9.1462266094684162e+02, -1.8185425095519943e+02
6, 6, 8.8593472243176666e+02, 2.5166897448988220e+02
7, 0, 1.0203658557066686e+03, 0.0000000000000000e+00
7, 1, -2.9971814070524806e+02, 9.4574603688797060e+02
7, 2, 9.9101394904965071e+02, -7.6272384898305825e+02
7, 3, 3.4545629809772919e+02, -2.0560874727563231e+02
7, 4, -3.3358422548569649e+02, -7.8304761181764593e+02
7, 5, 5.6581044683748658e+01, 2.4457924099044232e+02
7, 6, 5.2261013787415038e+02, 9.4820193161199356e+01
7, 7, 3.3257571727194505e+02, -5.3503485461370258e+02
8, 0, -4.3882357824212318e+02, 0.0000000000000000e+00
8, 1, -1.1323786736841164e+02, 5.1329916511967804e+02
8, 2, -5.8878853342172363e+01, 3.2883128101258841e+01
8, 3, 2.2320743587912636e+02, 2.2257299250450524e+02
8, 4, 1.1784649717027352e+02, 5.8044199226061755e+02
8, 5, 3.6574047188166827e+02, 5.8346446485091110e+02
8, 6, -5.2253376747482775e+02, -2.8506910714570154e+02
8, 7, 2.0883908954706888e+02, 3.3742928505085519e+02
8, 8, -4.1227932818017285e+02, 4.9584844082194778e+01
9, 0, -1.8464865507709305e+01, 0.0000000000000000e+00
9, 1, 4.7480410639892420e+02, -9.6467459461761041e+02
9, 2, -3.8481514893039116e+02, 2.3954565168464757e+02
9, 3, -1.4094186990650351e+02, -3.3861543716261860e+02
9, 4, -1.5711902781958756e+02, -5.0656450191449736e+00
9, 5, -3.2397763502550868e+02, 2.5560518365822310e+02
9, 6, 2.1362137470855330e+02, 6.8584607258338951e+02
9, 7, 1.8773455826586354e+02, -8.3222564619389857e+02
9, 8, -5.5410391491916516e+02, 3.0193596301463788e+02
9, 9, -2.2878269343949509e+02, -3.3658975122383544e+02
10, 0, 2.7018102219126826e+02, 0.0000000000000000e+00
10, 1, 3.1432787379799714e+02, -7.1077934489517759e+01
10, 2, -2.8771020140478493e+02, 4.4246748156886909e+01
10, 3, 6.3015167531922782e+02, 1.4966525778515290e+02
10, 4, 7.3190514758105905e+01, -4.6928505948859936e+02
10, 5, -2.6140934643468677e+02, -4.5267027486338094e+00
10, 6, 1.4076453702210904e+02, -4.3833045734449752e+02
10, 7, -1.4142312952897504e+02, -2.7235722276154843e+02
10, 8, -2.4081838224308676e+01, 1.1888616315977011e+01
10, 9, -2.1728221560758863e+02, -3.9640901967705105e+02
10, 10, 7.6141175607483461e+01, 1.7648574494142315e+02
11, 0, 3.7013343909603421e+01, 0.0000000000000000e+00
11, 1, -4.0128580643602191e+02, -8.4433351372404161e+01
11, 2, -7.9314837804087830e+01, 3.3380572736114812e+02
11, 3, 5.7961839989068082e+01, -2.8503068528625431e+02
11, 4, 2.3580864422181131e+02, 2.1742974573443726e+02
11, 5, 1.5686695532940752e+02, -1.6733702627399759e+02
11, 6, 3.2352034583013847e+02, 2.5673828365167822e+02
11, 7, -1.7804664084960643e+02, -1.3687448178379253e+02
11, 8, 2.5176999390984102e+02, 1.9569535818749034e+02
11, 9, -8.8462067486516858e+01, 2.8013013833904523e+00
11, 10, 3.6918576255564210e+02, -1.2408855165007313e+02
11, 11, 9.9530037960802474e+01, 8.2758870703214100e+01
12, 0, 2.6567230119650719e+02, 0.0000000000000000e+00
12, 1, 2.1492265024703320e+02, -1.3792967296804187e+02
12, 2, 1.3611150446546247e+02, 3.1287575902822351e+01
12, 3, 1.1965770997125995e+02, 4.3155868589057228e+01
12, 4, 2.1421774295642857e+02, -1.2545265024311354e+02
12, 5, 2.6749672968964717e+02, -1.4618414050189511e+02
12, 6, -7.1875613602961792e+01, -6.4841649450067180e+01
12, 7, 2.3319563219562605e+02, 2.6871376237258079e+02
12, 8, -2.7487505142385106e+02, -2.3211171852942198e+02
12, 9, 2.9188340448839836e+02, 2.0094643900923904e+02
12, 10, 3.6880497884129255e+02, 1.3187639195320332e+02
12, 11, 1.1699317316193149e+01, 3.3337465860386550e+02
12, 12, 1.0241564519755664e+02, 5.8818541470565773e+00
13, 0, -1.2947908025911696e+02, 0.0000000000000000e+00
13, 1, 2.3170994556511579e+02, 4.7906794557451997e+02
13, 2, -2.7731717693631884e+02, -2.1686473882292884e+02
13, 3, 3.0739690107876936e+02, 2.6405063572538478e+02
13, 4, 2.3361662468264223e+02, 7.0617889298384995e+01
13, 5, -9.3150726425020267e+01, 1.1564015782898628e+02
13, 6, -4.6827188068172404e+02, 3.7902535680492804e+02
13, 7, 5.6242538561551996e+01, -6.3499171192788531e+00
13, 8, -2.0685774015615966e+01, 4.3767791033015179e+01
13, 9, 2.7603426610301176e+02, 1.7008172448473226e+02
13, 10, -1.6723160574361680e+02, -8.4763648361219595e+01
13, 11, -1.6188188913251292e+01, 1.7144503279598064e+02
13, 12, -2.0933963252171239e+02, 3.4411065058655481e+01
13, 13, -3.1700489888040977e+02, -1.0608669036673490e+02
14, 0, 3.5281873760210624e+02, 0.0000000000000000e+00
14, 1, 3.1564336941884960e+01, 1.3963200643485789e+02
14, 2, 6.2764565027882313e+01, -7.8618048101598319e+01
14, 3, 8.6695438860271707e+01, -1.0024096140948019e+02
14, 4, -1.7919719112256817e+02, 2.0511254279353867e+02
14, 5, 1.8236876265596113e+01, 7.0270153484620437e+01
14, 6, -7.7314620900928418e+01, 1.2884502269323627e+02
14, 7, -1.4726259117639626e+02, -3.9859679555706016e+01
14, 8, -2.0457022113636907e+02, -1.4305238424953737e+02
14, 9, 1.8346647100248924e+02, 1.7933312417329810e+02
14, 10, 1.3219452148968014e+02, 5.1810417675652403e+01
14, 11, -2.4262460265182318e+02, -1.9354747501043289e+02
14, 12, -1.1499690123890599e+02, -1.3911652601885757e+02
14, 13, -6.7259075661753087e-01, 2.0999942790542292e+00
14, 14, 9.3112070126749060e+01, -4.3841994542755465e+01
15, 0, 8.1984902610276521e+01, 0.0000000000000000e+00
15, 1, 6.3873477193118205e+01, -1.9692501132718104e+02
15, 2, 1.8091097487605091e+02, -5.1597036035669895e+01
15, 3, -4.0700592429454026e+01, -2.2017990964792375e+01
15, 4, 2.2584245469245666e+01, 2.0970842135165020e+02
15, 5, -5.4760324229787606e+01, 1.5071666690895296e+02
15, 6, -1.7812652813441584e+01, -2.9943588455637236e+01
15, 7, -7.7712759399263689e+01, -9.4992341412103031e+01
15, 8, 7.9742817396294384e+01, -1.6826591192472719e+02
15, 9, -4.3371780790197249e+02, -3.9196584563071298e+01
15, 10, 1.4335261154600866e+02, 3.8177599569156207e+01
15, 11, 3.4698604699011682e+01, -3.2473242755288013e+01
15, 12, 3.8399799486874770e+02, -3.2565980113387809e+00
15, 13, 8.4299879750321381e+01, -1.0797869942471047e+02
15, 14, 3.8978194656467899e+01, -6.9208867573442546e+01
15, 15, 2.8712888751948714e+02, 8.2258537347996992e+01
16, 0, 2.3618975643383931e+02, 0.0000000000000000e+00
16, 1, -1.9135073001542047e+01, -9.0256626667209190e+00
16, 2, 3.5298672743542721e+02, 2.2619891060393707e+02
16, 3, -8.2080536244778159e+01, -5.3498950067532775e+01
16, 4, 2.4284901382765349e+02, 4.9714772823157091e+01
16, 5, 5.4107369881533778e+01, -2.5498689655772360e+01
16, 6, -2.2110849454051067e+01, 2.9636574945400262e-01
16, 7, -1.2806640655240020e+02, 7.4339148988805931e+01
16, 8, -7.3287413304706831e+01, -1.5514395819921879e+02
16, 9, 1.7555732858748183e+02, 6.1476800650058344e+01
16, 10, 1.4826450713645320e+02, 6.4261831006771629e+01
16, 11, -9.5587183091974367e+01, -2.4974404215985754e+02
16, 12, -2.8945347006893138e+02, 3.8551676340893493e+01
16, 13, 4.6643433316734068e+01, 8.0688754369693854e+01
16, 14, -1.5135681818635302e+02, -6.7359148209994046e+00
16, 15, 2.8860250791656409e+02, 1.0889134593934568e+01
16, 16, 1.2859367241611587e+01, 9.0773320935795041e+01
17, 0, 9.6072675169979846e+01, 0.0000000000000000e+00
17, 1, 1.6486978404205783e+02, 2.6717042308134772e+01
17, 2, 9.7187207401979308e+01, 2.2012287780662584e+02
17, 3, 2.5457730132324915e+02, 8.9858583808505415e+01
17, 4, 9.4792813707899590e+00, -3.3470673720431392e+01
17, 5, 1.3896787080085623e+01, 1.3024776149588774e+02
17, 6, 4.8434406746342475e+01, -1.0565249815067577e+02
17, 7, 3.5519510395005817e+01, 1.5554911430728859e+02
17, 8, -2.2574841763101176e+01, -1.0725403170224938e+01
17, 9, -1.1533123349684142e+02, 2.1440857739269788e+02
17, 10, -7.2655781143569811e+01, 4.5241304972535929e+01
17, 11, 1.5046085433692562e+02, 3.6535879236341594e+02
17, 12, -2.1067527839598119e+02, 7.2180614090138576e+01
17, 13, 2.0363098962408532e+02, 1.5698930260707232e+02
17, 14, -8.5328371316053790e+01, -2.1744562781368678e+01
17, 15, -4.6930316401223223e+01, -7.9152160460228856e+01
17, 16, -1.2809081887732140e+02, -2.3094211115292552e+01
17, 17, -1.4974706125517346e+02, -2.9940727195061140e+01
18, 0, -5.8215858392769722e+00, 0.0000000000000000e+00
18, 1, -3.2771139747760341e+00, 1.5805873342837569e+02
18, 2, -9.9174194022748694e+01, 1.8166729857944500e+01
18, 3, 1.1386559722149076e+02, -6.1279578258655540e+01
18, 4, -1.9330509534000629e+02, -7.3988458402867238e+01
18, 5, -2.3665840968663321e+01, 1.0666474096349778e+02
18, 6, -4.8101645492417639e+01, 7.9733838596298099e+01
18, 7, -3.5085445228293693e+01, 3.9808004092326996e+00
18, 8, -8.2281337072290398e+01, 9.6261594416742611e+01
18, 9, 4.9077989468164830e+01, -3.9091939570909750e+02
18, 10, -1.0113184249922352e+02, 1.5472870630946630e+02
18, 11, -1.0339039686030887e+02, -7.8383996183791766e+01
18, 12, -5.1538331798962616e+01, 2.4022168230892709e+02
18, 13, 1.5251144721750634e+02, -3.6246056264112219e+01
18, 14, 1.0565188743443653e+02, -9.2716449165295401e+01
18, 15, -1.9539440831906020e+02, -8.8169819799108737e+01
18, 16, -1.7595942411272242e+02, 6.3725687000719937e+01
18, 17, -2.2070083193820372e+02, -4.2844717555714539e+01
18, 18, 5.9531976370864399e+01, -3.0405333963105818e+01
19, 0, 4.0830965800326346e+01, 0.0000000000000000e+00
19, 1, -3.8422008999809250e+01, 6.3828507509640566e+00
19, 2, -1.6784833463919526e+01, 4.7091945729449499e+01
19, 3, -8.6750134453227133e+01, 1.9337968771148546e+00
19, 4, -1.3049888398459035e+02, -5.2891636466628036e+01
19, 5, -2.9639241428922112e+01, -6.4769264850569598e+01
19, 6, -1.2416964195639980e+02, 1.3696120415258679e+02
19, 7, -2.6051670427472960e+01, -3.1663299192988063e+01
19, 8, -4.4547387896822556e+01, -8.7476836028417907e+01
19, 9, -5.0918109426723355e+01, -2.1269737911345032e+02
19, 10, -4.1879212447812286e+01, -1.0927899882194977e+02
19, 11, 6.6925754561521856e+01, 7.5370872746139767e+01
19, 12, -2.0534419449672049e+02, -8.7554514452521175e+01
19, 13, 9.1350753941590852e+01, -9.7341271987250039e+01
19, 14, -5.1130721634239698e+01, -4.8536343918293042e+01
19, 15, -1.3910413388884359e+02, -1.5299751959144018e+02
19, 16, -7.2886924985387083e+01, 7.0412662181957856e+01
19, 17, 1.1390013322928048e+02, 9.9454695021331105e+01
19, 18, -8.8418801007687421e+01, -8.4217110076949808e+01
19, 19, -5.6664237453030566e+00, -5.1277327777244601e+01
20, 0, -9.9360002639084257e+00, 0.0000000000000000e+00
20, 1, 1.5636743827593767e+02, -1.1237650786180198e+02
20, 2, 2.6378797244479379e+01, 3.1449821326004574e+01
20, 3, 1.5653396743467204e+02, 4.4218612438830540e+00
20, 4, 7.8794518579558456e+01, 6.8214886870173260e+01
20, 5, -4.9157490109178319e+01, 5.1584333056675590e+01
20, 6, 7.8273615084443211e+00, 4.1052885749747233e+01
20, 7, 7.2635930531398969e+01, -2.5900284987629169e+02
20, 8, 1.9622523926477687e+01, -2.3734333903758664e+01
20, 9, -1.9446262210370270e+02, 1.4535267853905989e+00
20, 10, -2.5790736660434263e+01, 2.6573756625884236e+01
20, 11, -1.9514138151772076e+02, 1.5653751759650555e+02
20, 12, 1.6982142101775977e+02, 2.3775041065808246e+01
20, 13, 2.8107093614428766e+02, -1.9231962648157275e+01
20, 14, -1.1961015497135314e+02, -1.5603317048462776e+02
20, 15, -8.7353563896513720e+00, 1.4180414465796710e+02
20, 16, -9.6681349348475543e+00, -1.3652327998284568e+02
20, 17, 1.4477611226931288e+02, 1.0653408705139738e+02
20, 18, -2.2958867630053064e+01, -7.3673105994605024e+00
20, 19, 1.0303030159836896e+02, 2.3632831668602725e+02
20, 20, 5.6307127472528343e+01, 8.5646133545727039e+01
21, 0, 8.2678556193791252e+01, 0.0000000000000000e+00
21, 1, 5.6555436034423963e+01, -5.0372863743845009e+01
21, 2, -1.3456959501109188e+02, 6.5366504904205655e+01
21, 3, -3.8689733133443269e+01, 3.8108730648209161e+01
21, 4, 1.7385879557540196e+01, 5.1408056333765572e+01
21, 5, -1.0167542091412818e+02, 4.6760836185968095e+01
21, 6, -9.2069099504557883e-01, 1.0770665169331953e+02
21, 7, -3.0028556866378757e+00, 8.4682786644912198e+01
21, 8, -5.8405416845578266e+01, 2.5708704113017589e+01
21, 9, 1.8546646201137594e+02, -8.4461345316831995e+01
21, 10, 7.7832710293038033e+01, -1.8101730843329898e+02
21, 11, 1.9355289796760417e+02, 2.2929158451990048e+02
21, 12, 3.7874189506136879e+01, -9.3714597539771788e+01
21, 13, 4.5553516553057364e+01, 8.7384049390776653e+01
21, 14, 3.6579355421217254e+00, 9.6120925854631139e+01
21, 15, 2.7473338250841216e+01, -7.8503749684880177e+01
21, 16, 5.6165457301074525e+01, 1.8827467823247156e+02
21, 17, 1.1491799968209766e+02, -2.3478776012440576e+00
21, 18, -4.2130349352514386e+01, 3.9794090680137558e+01
21, 19, 1.5153512690105873e+02, 1.2590100137978294e+02
21, 20, 1.9980706200767958e+02, 1.5481871479517741e+02
21, 21, -1.5174598354955080e+02, -2.1857057186898709e+02
22, 0, 2.7616389660970589e+02, 0.0000000000000000e+00
22, 1, 9.6938064292794536e+01, 1.5939473207973253e+02
22, 2, 1.1489482251610949e+02, -5.5156577416080687e+01
22, 3, 8.4448957833700860e+01, 7.5557320809366331e+01
22, 4, -1.2146492499442958e+02, -5.5135968568936548e+01
22, 5, 1.7441283440533166e+01, -4.9494018247832081e+01
22, 6, -8.6177141852151138e+01, -1.1235711320420560e+02
22, 7, -1.9925910840054719e+00, 1.1297075445738670e+02
22, 8, -4.2548791119632675e+01, -3.1006889862843636e+01
22, 9, 9.3111072882966127e+01, 1.9033923696858253e+02
22, 10, 5.2784899999973689e+01, 9.6205208592443569e+01
22, 11, 2.1534773938465796e+02, 1.6756590281697677e+02
22, 12, 8.0407334719191326e-01, -1.2443570792025955e+02
22, 13, 7.8483057629609476e+00, -6.8392310328263681e+00
22, 14, -7.1762317967674207e+01, -1.8969442214107413e+01
22, 15, 2.0502931525542405e+01, 2.6612771540572634e+01
22, 16, 4.6886404516481321e+01, -4.3561067315374110e+01
22, 17, -1.8903461760502191e+02, -1.0076054570792240e+02
22, 18, 3.2485566598345834e+01, 9.2532563451332550e+01
22, 19, -1.2490806971352247e+02, -4.6213116619256574e+01
22, 20, 1.4714509767370961e+02, -8.5211259052404912e+01
22, 21, -1.6810717936332424e+02, -1.6691275158355697e+02
22, 22, -7.7111886746916483e+01, 5.3657727570387337e-01
23, 0, -7.7681149756592902e+01, 0.0000000000000000e+00
23, 1, 2.7828115802341991e+00, 5.4825051837879421e+01
23, 2, 1.7760988112745185e+01, 1.8609877756235367e+01
23, 3, -9.7861788378525105e+01, 8.3509795580940221e+01
23, 4, 7.3692091054778217e+01, 2.5546814659211364e+01
23, 5, 9.0117403695918526e+01, -3.7069377927761948e+01
23, 6, -2.0464809243894770e+01, 1.0605784769319784e+02
23, 7, -5.7754173495243549e+01, -2.0256468827440531e+02
23, 8, -9.6541015762944539e+01, 8.1041097008193333e+01
23, 9, -2.6838082527601539e+01, -1.0237045513338830e+02
23, 10, 6.1028117310191661e+01, 3.1524443460119932e+02
23, 11, 8.4061463283661169e+01, -9.6726877706356206e+01
23, 12, 3.5040625739567538e+01, 2.0477785791908485e+02
23, 13, 6.3878242407081956e+01, -1.3233962340988086e+02
23, 14, -5.9514664265339917e+01, 2.2104148357636575e+02
23, 15, 4.3539965982453957e+01, -1.8577909610547346e+02
23, 16, -4.6641354920509819e+01, 8.8375579689679270e+01
23, 17, -5.6479492094467432e+01, -6.2805881443146937e+01
23, 18, 3.2989491888519268e+01, -1.1851956672181586e+01
23, 19, -1.9999762848749197e+02, 2.7787342043722060e+01
23, 20, 1.6426477444321782e+02, -1.3624929428840485e+02
23, 21, -7.9088684355886329e+01, -8.9920197523893705e+01
23, 22, -1.0059131481473582e+02, -1.2659033314604372e+02
23, 23, 1.2989573172669998e+02, 6.2010094852996374e+01
24, 0, 9.4897918837832322e+01, 0.0000000000000000e+00
24, 1, -8.9526512158709551e+01, -1.6434531704080615e+02
24, 2, 5.4637160689958883e+01, 1.3769365308545841e+02
24, 3, -1.4819949875788183e+02, -8.1502527564481852e+01
24, 4, 1.0859443787360122e+02, -8.9568941791473705e+01
24, 5, -8.7581342337162681e+01, 2.4070198242645773e+01
24, 6, -1.4021015740347497e+02, 1.1173887960179106e+02
24, 7, 9.1806090487831227e+01, -6.8944769131491384e+01
24, 8, 1.1091780557771299e+01, 1.0170979473873176e+02
24, 9, -2.4835978620333350e+00, -3.5660496121359543e+01
24, 10, 4.9684286978449741e+01, -9.4409390116206396e+01
24, 11, -1.5967203810916008e+01, -8.7405682640391291e+01
24, 12, 1.0943660446837075e+02, 3.3529775526536469e+01
24, 13, -1.7034684820472444e+02, 6.2955235324750776e+00
24, 14, -8.3832722187454269e+00, -6.1606263516243729e+01
24, 15, -9.0721138932082198e+01, 6.4557234064558216e+01
24, 16, -6.0718690885046982e+01, -8.8514252940131684e+01
24, 17, 6.4299014087178421e+01, -3.7357218096727060e+01
24, 18, -9.3787849754495426e+01, 2.3232221104473408e+02
24, 19, 2.1194126028791518e+02, -3.0458820103790686e+01
24, 20, 1.1226984763361006e+02, -5.1128208977818403e+01
24, 21, -6.7653473560654774e+01, 9.2415390413349229e+01
24, 22, 5.1927823080980843e+01, 8.5803794088409916e+01
24, 23, 4.0902677277137613e+01, 5.4907478363333993e+01
24, 24, -5.6861956736617671e+01, 2.6109559254197713e+01
25, 0, -8.4441588572808080e-01, 0.0000000000000000e+00
25, 1, 9.1802276702550273e+01, 3.5548875067986252e+01
25, 2, 8.6647495995524707e+01, 1.0812749691704457e+02
25, 3, 6.2546839550710033e+01, 4.2825310468105563e+01
25, 4, 1.5906795534759493e+02, -8.0942434841777882e+01
25, 5, 4.8764499353484645e+00, 6.7014056822741388e+00
25, 6, 5.9420539712888754e+01, 3.3678071919654002e+01
25, 7, 1.0970920800447396e+02, -1.4113055227213928e+02
25, 8, 6.5430582073441201e+01, -6.2665848751230136e+01
25, 9, 3.5807444692787360e-01, -2.5960543965371283e+01
25, 10, 1.0117486830201062e+02, -1.8809246940417182e+01
25, 11, 1.6428626784700924e+02, -7.5027641009822304e+01
25, 12, 2.7573992041065658e+01, 1.0407333982035465e+02
25, 13, -5.5535031206437260e+01, -3.7271038253080583e+01
25, 14, 1.9184919532718524e+01, -1.2809629892586610e+01
25, 15, -8.1080401506771622e+01, -7.5740763058732199e+01
25, 16, 5.8076628055948440e+01, -1.2917620415207230e+02
25, 17, -2.3693625046087700e+01, 5.1848769817003465e+01
25, 18, -1.0431471908790218e+02, -7.2262318656238989e+01
25, 19, 5.4977459472184066e+01, -3.3831003750540640e+00
25, 20, 3.7169959203427503e+01, 9.1680307482621206e+00
25, 21, 1.1458815785980607e+02, -1.8724973773866179e+02
25, 22, 3.1314164370311627e+01, 2.0164856474838106e+02
25, 23, 6.7671998023801279e+01, -1.3034058815249585e+02
25, 24, 9.3081331101793992e+01, -3.5532439266199010e+00
25, 25, -4.6413014602451447e+01, 3.8300757314731364e+01
26, 0, 2.0279716965146034e+02, 0.0000000000000000e+00
26, 1, -8.4286219636077817e+01, 1.1513897108477885e+02
26, 2, -2.5477799087446016e+01, 6.0175998539862235e+01
26, 3, -1.4763498966520777e+02, 3.8254376245390880e+00
26, 4, 1.2604556720676985e+01, 1.0282451012684919e+02
26, 5, -4.5112216909437912e+01, 1.2959867478090641e+02
26, 6, 8.0948409175510378e+01, 9.6693777482517362e+01
26, 7, 2.5532942996645431e+01, -4.2852837942660074e+01
26, 8, 1.3560581187288574e+02, -1.7863446008644880e+02
26, 9, -1.9661043233780731e+01, 3.4753705194458483e+01
26, 10, 7.9639276312519314e+01, -4.0973021843211953e+01
26, 11, 9.0042271503772099e+01, 6.5376668161067713e+00
26, 12, -5.4954855165948729e+01, 1.1098292573931239e+02
26, 13, 4.5930236144986729e+01, -2.9318043144369440e+01
26, 14, 1.0312691092986920e+01, -4.5610853350091759e+01
26, 15, -2.4695736096299147e+01, 3.6381710139119278e+01
26, 16, 5.6908969077626921e+00, 1.3123324289736820e+01
26, 17, 1.2675988446495582e+02, 6.9268308497228389e+01
26, 18, 3.1941198646046761e+01, 9.6135878562903301e+01
26, 19, -2.4667140428833111e+01, -1.3951247055575178e+02
26, 20, -2.8623547247823545e+01, -4.2368503566955084e+01
26, 21, 6.1349933608566218e+01, -1.9050424700357524e+01
26, 22, -1.3431077715096154e+02, 1.5242840837062502e+02
26, 23, 1.1087325274538689e+01, -1.1343951927856237e+02
26, 24, -1.8063515949916214e+02, 3.7274782494350674e+01
26, 25, -3.7408614734686502e+01, 5.4483769446763731e+01
26, 26, 2.7938218618171838e+01, -7.2406262890446840e+01
27, 0, 1.3863090879443556e+02, 0.0000000000000000e+00
27, 1, 2.0718744302517209e+01, -3.3768176222185630e+01
27, 2, -2.5392690813635248e+01, -1.3548095947695839e+02
27, 3, -2.2383835445519090e+01, 7.6064701904507750e+00
27, 4, -8.5062496649613763e+01, -5.5872501239267535e+01
27, 5, -1.3261506888611496e+01, -1.0403966137563977e+02
27, 6, -1.5395122844801935e+02, 4.8780467451182531e+01
27, 7, 6.9676640326576901e+01, 5.0973666939384970e+01
27, 8, 8.7392258829849695e+01, -1.0642712836153103e+02
27, 9, -1.3183119019705308e+02, 1.5512021504058947e+02
27, 10, -7.6417277485626315e+01, 2.2732874663467300e+01
27, 11, 4.7235611491823406e+01, -2.2619141429076397e+01
27, 12, -7.1822161478519945e+01, 1.8752734872378651e+00
27, 13, 6.4467666325608320e+01, -4.7374353711823325e-01
27, 14, -1.9159142142298339e+02, -3.1132376519283589e+01
27, 15, -4.5484021995310513e+01, -4.7990968507723430e+01
27, 16, -5.2327558640273843e+01, 1.2042950263357602e+02
27, 17, 7.4000801437330406e+00, -1.7663019893928208e+02
27, 18, -3.7201414388308997e+01, -6.1644527494334810e+01
27, 19, -1.2633306337010852e+02, -8.5276898847527853e+00
27, 20, 1.3716923839797627e+02, -1.6140261174339340e+01
27, 21, -8.3877853400899241e+01, 5.5967226782723721e+01
27, 22, 7.3907457468937530e+00, -4.8524973868699924e+01
27, 23, -2.4157214257821472e+01, 8.8202265464032237e+01
27, 24, -7.7037464027000283e+01, -1.0854567327997167e+02
27, 25, -8.6262371921213035e+00, 9.5577312807370220e+01
27, 26, -1.7451932191088382e+01, -1.5784717230799319e+02
27, 27, -2.8800174601100146e+01, -1.8797055250479495e+01
28, 0, 2.8168953245474739e+00, 0.0000000000000000e+00
28, 1, -3.7529721334643504e+01, -6.2264528089914357e+00
28, 2, -8.6977074815914136e+01, -6.1227951470933192e+01
28, 3, 2.1146718660840058e+00, 1.3108633470111309e+02
28, 4, 3.1309833918393224e+01, -1.4141540755072850e+02
28, 5, 6.3802629578963675e+01, -1.5867143353346418e+02
28, 6, -9.5201932680719437e+01, 5.4402591261878783e+01
28, 7, 8.5231870467884661e+01, -1.9133303422120548e+02
28, 8, 8.0192883519275497e+01, 6.9542526502600253e+01
28, 9, 2.0797790968185680e+01, -1.1672276352233683e+02
28, 10, 3.5079235170713623e+01, 1.2017248586859307e+02
28, 11, 2.0024661327704464e+01, -6.0033385759523071e+01
28, 12, 3.2987447126236070e+01, 4.9357768030600973e+01
28, 13, -1.9882372985973973e-01, -8.2257710042713953e+01
28, 14, -1.2704836318631432e+02, -1.0345344965636674e+02
28, 15, 3.6535815636975961e+01, -7.3460723120048172e+01
28, 16, -3.0753417694185330e+01, -7.5772199298823878e+01
28, 17, 1.1737911052612870e+02, -1.5349621161612720e+02
28, 18, -5.8705293884598156e+01, 5.0915491946271629e+00
28, 19, -1.3007082566987071e+02, -6.9103373156265079e+01
28, 20, 5.5744033199981843e+01, 6.9583592928798140e+01
28, 21, 5.7875547163528509e+01, 1.1696417056766961e+01
28, 22, 4.2511798358715609e+01, -5.6046171486238912e+00
28, 23, -2.2703715959051252e+01, -5.1816236039307064e+01
28, 24, -2.7187642693143431e+01, -2.6628979626095663e+00
28, 25, 3.5486547484847058e+01, -1.2643597450720447e+01
28, 26, 1.2102864566573035e+02, -1.5209262405519286e+02
28, 27, 6.4538662496378748e+01, -5.9972572553325364e+01
28, 28, 3.7176077236062426e+01, 8.0619525938578505e+01
29, 0, -6.2758294846402855e+01, 0.0000000000000000e+00
29, 1, 7.2478125610152205e+01, 4.7052273887776419e+00
29, 2, -1.5446966360503302e+02, -2.1377323680774627e+01
29, 3, -2.3635458324580682e+01, 1.0564350451918034e+02
29, 4, -2.7338248013368233e+01, -1.2920936132849957e+02
29, 5, 2.2219814513082234e+01, -1.2572614783512691e+01
29, 6, -2.5011363406099001e+01, -1.2052496548786743e+02
29, 7, 7.5503644015814828e+01, -3.9623753333876536e+01
29, 8, 2.3748033939814576e+01, 1.0157533875594483e+01
29, 9, -7.1997666530213209e+01, -1.3346552111241036e+02
29, 10, -7.3940886673888286e+01, 1.1617350979740348e+02
29, 11, -1.7739609835627331e+02, -8.0482658300911638e+01
29, 12, 1.0951494839674842e+02, -2.2583173883385587e+01
29, 13, -1.1416929475318192e+02, 4.9554549607273390e+00
29, 14, 1.1274863143635483e+02, -3.4937534064880587e+01
29, 15, -8.5610420189240642e+01, -4.5148030947282241e+00
29, 16, 3.6878931021637300e+01, -4.4896003814282658e+01
29, 17, -6.7664046525006896e+01, 4.5519047325564834e+01
29, 18, 7.1294591395069801e+01, -8.8757480347574162e+00
29, 19, 5.0144459727737512e+01, 3.7413326661918738e+01
29, 20, -1.6603590740004393e+00, -4.9293893950391720e+01
29, 21, 2.2264271545937195e+01, -1.4231568666978947e+02
29, 22, -1.1782033260455799e+02, -4.8990173008775088e+01
29, 23, 3.0912473911145682e+01, -5.7189794527086917e+01
29, 24, -5.3186191839925876e+01, 3.7993177223053280e+01
29, 25, 8.1391704132678754e+01, -9.8151340570322205e+01
29, 26, 1.2430715445716929e+01, -4.4417555633446817e+00
29, 27, -5.8202492281149489e+01, -6.0025925324572595e+00
29, 28, -2.0322329660175431e+01, 1.2528180656635662e+02
29, 29, 1.8279524817988605e+01, -5.2812265692825925e+01
30, 0, 5.1253945354966767e+01, 0.0000000000000000e+00
30, 1, 5.5731625436567661e+01, -1.8749368522631464e+01
30, 2, 1.0250515045065887e+02, -2.5423311648975861e+01
30, 3, 4.0740049346457639e+01, 7.6881519054462274e+01
30, 4, 9.6740429062232877e+01, -1.2051283657448062e+02
30, 5, 4.2380649874106986e+01, -8.2920116291011219e+00
30, 6, -5.1489502909998095e+01, -1.0702834393873773e+02
30, 7, -4.4481103840935106e+01, 4.4868125478497596e+01
30, 8, 2.7076182126443584e+01, -1.0566890911466004e+02
30, 9, 8.4328002609596936e+01, -1.2380186461859107e+02
30, 10, -2.7407899283718336e+01, 1.0156982657588361e+02
30, 11, -4.1464970245604434e+01, -3.2145606078774584e+01
30, 12, 7.5272232701039741e+01, -5.6903854646265920e+01
30, 13, -2.4847351718778274e+01, 3.7577070837602541e+01
30, 14, 1.0376864658747476e+00, 1.6301940309866265e+02
30, 15, -3.7027380027449421e+00, -2.0590453554220993e+01
30, 16, 9.0847200781852109e+01, 5.4717342783487453e+01
30, 17, 5.8779027708693850e+00, -3.2073690296983258e+01
30, 18, -1.8397865333501496e+01, 8.0252053141857630e+01
30, 19, -8.4563793439785528e+01, -8.4166398717461135e+01
30, 20, -9.0823336767991108e+01, 5.6173187959872273e+01
30, 21, 7.3603211966552934e+01, -4.7966381960726991e+01
30, 22, -1.0257013491674635e+02, -1.2157055531009628e+02
30, 23, 3.1297907716404687e+00, 2.8230346749223774e+01
30, 24, 4.4099981923428523e+01, 1.2652439985710984e+01
30, 25, 1.0994232992815814e+02, -1.9806085403173196e+01
30, 26, -8.1726544172565454e+01, 7.2002873576153320e+01
30, 27, -3.7570318375349252e+01, 1.0332098257687251e+02
30, 28, 1.0140764669581291e+01, 1.2434186475278517e+02
30, 29, -9.8779173013808386e-01, 7.9542459726679738e+01
30, 30, -5.2937217894295749e+01, -6.8066552053867014e+01
31, 0, -7.6990852448318833e+01, 0.0000000000000000e+00
31, 1, -6.1044942593109432e+00, 3.9346626199305291e+01
31, 2, -2.1417526098322494e+01, -1.0443762344472462e+02
31, 3, -4.4810397061171990e+01, -1.7840026274207005e+01
31, 4, 5.0419597135019366e+01, -3.0125126573352262e+01
31, 5, 1.4735723836995941e+01, -6.1222534893452142e+01
31, 6, 4.0731770196342211e+01, 1.8442982362655894e+01
31, 7, -4.2547976884268763e+00, 5.0596863386354933e+01
31, 8, 3.7433808016124125e+01, 6.4392234878299917e+01
31, 9, 2.2482351768583047e+01, 1.9112496297019113e+01
31, 10, 6.1935481133004178e+00, 1.3239110135270766e+02
31, 11, -1.2300013416077000e+00, -4.2584890673975359e+01
31, 12, 1.0804662596666036e+02, -8.7520533415626232e+01
31, 13, -3.3561140137765854e+01, -5.2578034232090886e+01
31, 14, -5.0782529613405750e+01, -5.0507125289195386e+01
31, 15, 2.4138230793902700e+01, -5.5642954122996279e+01
31, 16, 3.0801511487301582e+01, 3.3650754476468336e+01
31, 17, 6.2355407085222637e+01, 3.0258130705957200e+01
31, 18, -5.9159260541325258e+00, -1.5780371081175386e+02
31, 19, -3.3382376746134852e+01, -6.6355633633471868e+01
31, 20, -9.7103094744258982e+01, -3.5892852516936365e+01
31, 21, -8.0254719851759887e+01, 2.9940709911593686e+01
31, 22, 3.0893891746523153e+01, 1.0842580247253549e+02
31, 23, -5.6604071018374277e+01, -1.5624146483530890e+01
31, 24, -9.6167975409092278e+01, -2.4598063094114352e+01
31, 25, -3.3171034035759078e+01, 3.8911547193400480e+01
31, 26, -3.8863612734638451e+01, 5.3620569303062489e+01
31, 27, 3.1354201673470506e+01, 6.7431085552347326e+01
31, 28, 8.1312145697450191e+01, -1.4379737389483893e+02
31, 29, 2.8226900810892545e+01, 1.2023766839996490e+01
31, 30, 1.0684967058874595e+00, -1.1539685151657680e+02
31, 31, -9.1171675551205439e+01, 1.1757171472824893e+02
32, 0, -6.5243713814064648e+01, 0.0000000000000000e+00
32, 1, -4.3388209503446461e+01, 8.7465208987494719e+01
32, 2, -1.3140893064862357e+02, -3.9511357142857555e+01
32, 3, 9.6044530567757192e+01, 1.0801995911327430e+02
32, 4, -6.0795243223497820e+01, -1.8175479347881755e+01
32, 5, -3.1217769005106828e+01, -2.4329440819096849e+01
32, 6, 5.2974833060886219e+01, 4.7383961146089433e+01
32, 7, -7.5801345951485246e+01, -5.0420513588365701e+00
32, 8, 8.4332475367701576e+01, -1.9090057554965249e+01
32, 9, 6.5543454704792410e+01, 4.6142978800430257e-01
32, 10, 6.2232556441181352e+01, 3.8539005805736451e+01
32, 11, -3.5279838839859998e+01, 7.3529454813289874e+01
32, 12, -6.4549011633534326e+00, 7.0118956158719300e+01
32, 13, 2.2408910906057706e+01, -4.9209000238873529e+01
32, 14, 2.5344696311312582e+01, 9.1046387210972895e+01
32, 15, 4.7591265485922648e+01, -8.5694689959323725e+01
32, 16, -3.5384924541273435e+01, -2.5191459176669095e+01
32, 17, -7.4837430993839629e+00, 3.9787351070076227e+01
32, 18, -5.7838702595243127e+01, -2.6461952217426813e+01
32, 19, -5.6846020806783820e+01, 1.0919611015634156e+02
32, 20, -1.7311093533919160e+02, -4.0754894750240943e+01
32, 21, 1.0403082694723778e+02, 8.3610195330662194e+01
32, 22, 2.2200155226670937e+00, -1.4148710140613009e+01
32, 23, -4.5108849946859621e+01, 3.4994842601182157e+01
32, 24, 1.4148445501783287e+00, -7.8788301834046138e+01
32, 25, -9.9499105351167088e+01, 1.1778912172280738e+02
32, 26, -1.8013783279776781e+01, 1.8851025856498477e+01
32, 27, 2.1936425167303319e+01, 7.6797763518998735e+01
32, 28, -3.2606564606652626e+01, -1.4105807208926294e+02
32, 29, -1.3948948773883538e+02, -6.6168134714150625e+01
32, 30, -2.8488331925684715e+01, 1.1048743256396538e+01
32, 31, -2.6485023499323731e+01, -5.9581478162270095e+01
32, 32, 3.2362885726953920e+01, 6.1640106001563503e+01
33, 0, -2.0399944694240588e+00, 0.0000000000000000e+00
33, 1, 8.0111387527970038e+01, 7.7606309902192265e+01
33, 2, -2.6325189150887574e+01, -1.0082550005919509e+02
33, 3, 8.9189495633821736e+01, -1.0787227896634425e+01
33, 4, 2.9098450373868658e+01, -5.1331486849044936e+01
33, 5, 4.2102382000290646e+01, 3.0588924945647882e+01
33, 6, 6.2840039969810192e+01, 1.6891506899261771e+02
33, 7, 1.9748319476333474e+01, -1.1126033923993366e+02
33, 8, 1.2175059778407636e+02, 2.2032581162351971e+01
33, 9, 3.5653056483735568e+01, -2.8066890870962862e+00
33, 10, 4.1588884017182217e+01, -2.2215662616967649e+01
33, 11, -1.5874946383641198e+01, 4.2772359140786605e+01
33, 12, -9.4882886634055410e+01, -5.0700361490705632e+01
33, 13, -7.7470793182605235e+01, 1.7394602835431169e+01
33, 14, -2.5079321062141426e+00, 4.4256656663849412e+01
33, 15, -1.8557018307111928e+01, -2.6100615842031502e+01
33, 16, 2.6939777862178957e+01, 8.1306887407186856e+00
33, 17, 1.1857841692830437e+01, 3.5769652848936218e+01
33, 18, 9.2526741888158909e+01, -2.1703289030196938e+01
33, 19, -1.1860000234697682e+02, 3.6113786368826965e+01
33, 20, 5.1821977914497310e+00, -2.4292042387690330e+01
33, 21, -4.4775907975110698e+01, 1.0606016761177945e+02
33, 22, 3.9093125331501632e+01, -5.4946899400467331e+01
33, 23, 1.7568001734349025e+01, -6.6034617247402281e+01
33, 24, 6.8084382376716135e+01, 6.8641551959276882e+01
33, 25, 1.2892987711643872e+02, -4.5121210139611577e+01
33, 26, 4.8392883294643539e+01, -2.6668572265140675e+01
33, 27, 2.3898993250803805e+01, -1.4848709128883721e+01
33, 28, -3.0915468321008916e+01, -5.0050385058850139e+01
33, 29, -6.1031333757020114e+01, 5.6832881921033767e+01
33, 30, -1.2753390071981075e+02, 1.1657962996613263e+02
33, 31, 3.2504662310847309e+01, -6.6995620994185376e+00
33, 32, -4.5042653318210021e+01, 1.1442711072652648e+02
33, 33, 5.7352563252935816e+01, -7.7461485738394032e+01
34, 0, 1.5707984498906396e+02, 0.0000000000000000e+00
34, 1, -5.5940121838278010e+01, 2.6187455449211235e+01
34, 2, 3.5869710096599494e+00, -7.0392306250896397e+01
34, 3, 1.2655832368138100e+01, 1.3462969105925333e+02
34, 4, 3.5845193053383809e+01, -7.5955655121181579e+01
34, 5, 4.2144753191791054e+01, 5.1998607606456652e+01
34, 6, 8.0593618413863801e+00, 5.5408582513318315e+01
34, 7, 2.6165695509719676e+01, -9.3506064974983616e+01
34, 8, -7.7484275933249993e+00, 9.8383699986306965e+01
34, 9, -1.2663065138038770e+02, 6.7963119951332143e+00
34, 10, -2.4936291013595962e+01, 4.0387919871238260e+01
34, 11, 9.1076450354524816e+00, 1.4625405424566787e+02
34, 12, 6.1833407882902428e+01, -2.1164920267678440e+01
34, 13, 1.0726601527607374e+02, -4.1102909751344946e+01
34, 14, 2.3547304452948474e+01, -1.4206019087944873e+02
34, 15, -9.1154032932182609e+00, -6.5541523791134850e+01
34, 16, -1.1888530195281319e+02, 1.9317859535482235e+01
34, 17, 5.4839073158973690e+01, -3.6049233780685540e+01
34, 18, 8.7114593367581712e+00, 4.9062065843671562e+01
34, 19, -2.6358681750793366e+01, -9.8650372957782977e+01
34, 20, 3.7365244178585044e-01, 4.6377420431554967e+01
34, 21, -6.7562322689139108e+01, 4.9774255876362481e+01
34, 22, 1.0383361811556117e+02, 4.7116416489951245e+00
34, 23, -7.9361891333572046e+01, 4.2639120759055871e-01
34, 24, 2.3705650116193670e+01, -4.8694019638395780e+01
34, 25, 2.0422259053685444e+01, -3.1977397208836987e+01
34, 26, -8.2639136564734216e+01, 7.5726146832562463e+01
34, 27, 9.5145954480770044e+01, -6.2505168178332553e+01
34, 28, -8.5528143018316349e-01, -3.6191736471154627e+01
34, 29, -6.1283760391003469e+01, -1.1961714331286319e+02
34, 30, 1.6184992565702167e+01, 3.7138022628233003e+01
34, 31, 5.7778123596475567e+01, -2.4977359021613594e+01
34, 32, 1.7956783259511429e+01, 8.8748831333981748e-01
34, 33, 1.2271884676082263e+02, -2.2620214883767403e+01
34, 34, 3.4972616043906882e+01, 4.2241516730519905e+01
35, 0, -2.4944285348838360e+01, 0.0000000000000000e+00
35, 1, -3.0295619724157572e+01, -9.4548498976272555e+00
35, 2, -4.9894555474924296e+01, 5.9213367830839374e+01
35, 3, 2.3348577788949406e+01, 9.8557196612599213e+01
35, 4, 9.4105932364168396e+01, -5.3605131473965685e+01
35, 5, 7.1198495623943529e+01, 7.9532983167023417e+01
35, 6, -1.6357326461614957e+01, -3.8938393150388777e+01
35, 7, -2.2704718701627646e+00, -3.0418686884222293e+01
35, 8, -3.4112244181932894e+01, -2.4307784948928820e+01
35, 9, -7.0286072531553074e+00, -1.4687373107828714e+01
35, 10, 2.6939399858050781e+01, 5.2190794843022850e+01
35, 11, -5.2924790596627240e+01, 3.6753686011145994e+01
35, 12, 2.3429306824460557e+01, 8.4904153776826590e+00
35, 13, -4.5791359363295314e+01, 1.9711027506001614e+01
35, 14, 5.3296906200649623e+01, 3.8159951304462872e+01
35, 15, -3.3988611684713590e+01, 5.6961335504431709e+01
35, 16, -8.3674399972495749e+01, -8.9123980701682910e+01
35, 17, 7.1765222308567232e+01, -5.5723741767997709e+01
35, 18, -1.0368958621239575e+02, 4.4094594430846339e+00
35, 19, -4.6326188649218984e+01, -3.9014318773435292e+01
35, 20, -8.8067843840222437e+01, 1.3532559977795734e+02
35, 21, -4.0683657148771864e+01, -1.0267731264040037e+02
35, 22, 9.1305237439959264e+00, 8.9749897865158431e+01
35, 23, 6.7259558500275801e+01, -1.1771951672530828e+02
35, 24, 6.2885797338153793e+01, -4.3871629879977505e+01
35, 25, 4.5756081018826578e-01, 4.7693304348792438e+00
35, 26, -3.5291557068189434e+01, -7.6543138733505785e+01
35, 27, -2.1547860666001910e+01, 8.4253851070775298e+01
35, 28, -1.7330530585445164e+01, 1.9439758788779361e+01
35, 29, -9.2186189528760014e+00, -5.5438407182230861e+01
35, 30, -5.6587076825672661e+01, 1.2850965483757431e+01
35, 31, 5.4019510126649024e+01, -1.4180252148979148e+01
35, 32, -6.3204403583591784e+00, -1.3553468140891564e+01
35, 33, -2.3935230287878603e+01, 3.4892591966046496e+01
35, 34, -4.8242598860148100e+01, 1.8341200197741159e+01
35, 35, -4.5337463595725396e+01, -7.5738182766691025e+01
36, 0, -9.2319415334636943e+01, 0.0000000000000000e+00
36, 1, 1.5286401891069623e+01, -3.9994610348907340e+00
36, 2, -7.9518759470655155e+01, 4.6889028795238566e+01
36, 3, -1.3489065052423239e+00, -3.3372550146713643e+01
36, 4, 1.2441815314656341e+02, 1.8678632490364748e+01
36, 5, -7.2938600723158032e+01, -1.0630338200483207e+01
36, 6, 5.9636734257838604e+01, -2.3360753006940303e+01
36, 7, 9.6065302855721725e+01, 5.5238573924032160e+01
36, 8, -2.4653030773185517e+01, -2.0279928885763439e+01
36, 9, 1.7001621058774694e+02, -2.9864914573222077e+01
36, 10, 2.1569337625682671e+01, -9.5631473808664808e+01
36, 11, 1.2782339648560244e+01, -3.6614944255284151e+01
36, 12, 1.1129869969898637e+02, 4.7443101111655558e+01
36, 13, -1.3790983796116936e+02, -3.8728959745236054e+01
36, 14, 5.7640451448340876e+01, 4.6254654784766110e+01
36, 15, -1.7380029412600598e+02, 8.5831710081853601e+01
36, 16, 1.0922405849456015e+02, -7.6276386420284208e+00
36, 17, -3.2740961792289241e+01, 4.1143471043813577e+01
36, 18, 2.3872016802996455e+01, -7.2773246452263095e+01
36, 19, 1.8280609637618035e+00, 8.3846513750318763e+01
36, 20, -1.0242228295789376e+02, -6.1738245695451880e+01
36, 21, -5.9176679645803510e+01, 4.3046991111137444e+01
36, 22, -4.2430634022251922e+01, 4.9824959121692416e+01
36, 23, -1.4602200976890222e+01, -8.8555146415780854e+01
36, 24, 1.0292189367433068e+01, 4.8702439774516826e+00
36, 25, -5.2201693091070005e+01, 1.3282942422651168e+01
36, 26, 5.6620706022242032e+01, 8.2561513463998367e+01
36, 27, 1.1119073957784746e+01, -5.7375140175841697e+00
36, 28, 3.3662006738859958e+01, -9.0419878158084089e+01
36, 29, 2.3662755467317218e+01, 1.5537897084005274e+02
36, 30, -4.5944638649307315e+01, -5.5626135923768373e+01
36, 31, 2.6649691376798401e+01, 6.9297475514079593e+01
36, 32, -2.8224790204427137e+01, -1.0760239318602615e+01
36, 33, 6.1421930398715304e+01, 8.0397197403774129e+01
36, 34, -3.1880685039524828e+00, -7.7097205274483798e+01
36, 35, -1.8182501055019401e+01, 3.0884614541597461e+01
36, 36, 1.8677220609321800e+01, 1.3086040209092516e+02
37, 0, 5.8096707603575638e+01, 0.0000000000000000e+00
37, 1, 6.6477635049774022e+01, 1.0113657647328790e+02
37, 2, -1.0737457529729248e+02, 4.0629362730056037e+01
37, 3, 1.1343193896128203e+02, 6.1448253741362402e+00
37, 4, 4.4314967628586057e+00, -6.1938440002001116e+01
37, 5, -8.8595591870820144e+01, -2.4800243286731437e+01
37, 6, 2.3859641147384234e+01, -1.6314971004642970e+01
37, 7, -1.3199686133368513e+02, -2.2814964453333340e+00
37, 8, 2.0462714334486993e+01, -4.7431419011376946e+01
37, 9, -9.7664614297150187e+00, 3.3612183196424805e+00
37, 10, -3.2711802836728893e+01, 6.4768593541458316e+01
37, 11, -9.6505181128840633e+01, 5.0533548545317565e+01
37, 12, 2.0204518212154547e+01, 1.4873646167613771e+02
37, 13, 5.4704189489695402e+01, -1.2182129165189704e+02
37, 14, 4.7784373298082677e+01, 1.2964511392501015e+02
37, 15, -5.1735914379826703e+01, 1.4755030202914924e+01
37, 16, 1.0228108776461009e+02, 2.1223319640892640e+01
37, 17, -2.3479901534946691e+01, -4.8107169511041164e+01
37, 18, 9.6727905501455083e+01, 4.1395178356150460e+01
37, 19, 2.6705058698035266e+01, 5.7356894611682527e+01
37, 20, -3.9433220966694876e+01, -7.5090715128255368e+01
37, 21, 1.3751272467172740e+01, 2.8116358400484557e+01
37, 22, -6.5340489964557833e+01, -3.7259830388219079e+01
37, 23, 9.6280357589996655e+01, -3.7330904550448217e+01
37, 24, 5.5295579380531436e+01, -5.0686813359742182e+01
37, 25, -4.4886012057222935e+00, -2.2877101516008263e+01
37, 26, -3.9076814310439453e+01, -4.5887202215236682e+00
37, 27, -7.5897403104943194e+01, 1.4840381227903045e+01
37, 28, 9.4048651244229603e+01, 8.1763768202737648e+00
37, 29, -2.9476623592523246e+01, 3.7627969480558932e+01
37, 30, 9.5206665609795138e+01, -3.2914030328700768e+01
37, 31, -6.8373270160504248e+01, 3.9611795757166533e+01
37, 32, 3.6700419016492463e+00, -6.2937261801349074e+01
37, 33, 7.7594287106144066e+01, 3.5950067377326889e+01
37, 34, -2.6661277794360068e+00, -1.0455324972565483e+01
37, 35, -1.0304941777321639e+02, -4.5633602099556384e+01
37, 36, 1.1681190809548102e+02, 6.7650742181105173e+01
37, 37, 3.5177892492399138e+01, -4.5459501659605976e+00
38, 0, 3.4728502503876193e+01, 0.0000000000000000e+00
38, 1, -8.5099998216491116e+01, 6.4172935616319222e+01
38, 2, -8.5787493473471770e+01, 8.7310278562897814e+00
38, 3, 1.2285959976021798e+02, -6.2144860288558634e-01
38, 4, -6.7561532681938445e+01, -6.9004804421683744e+01
38, 5, 1.1089159313527597e+02, 4.0939004070538758e+01
38, 6, 4.7126827420687150e+01, 1.3952164200167118e+02
38, 7, 5.6131480595194652e+01, -4.2476040165108621e+01
38, 8, 1.0584217357983353e+02, 1.5473233417500587e+01
38, 9, -6.2566038120340394e+01, -4.6664321553308966e+01
38, 10, -3.3386854376022100e+01, 2.1368504672977856e+01
38, 11, -7.1554729400205403e+01, 3.8040723705538639e+01
38, 12, -2.3717341704099524e+00, 5.5017554645173632e+01
38, 13, -1.2571805252782298e+02, 8.1138699760444325e+01
38, 14, -9.3984743627458428e+01, 9.1298428785705511e+01
38, 15, 3.5061826715012423e+01, 8.6978777047312349e+01
38, 16, 2.9408101740569332e+01, 3.0402622810372506e+01
38, 17, -4.7029446350090900e+01, -1.4497634717599448e+01
38, 18, -4.9877986852340097e+00, -3.1661636666742830e+01
38, 19, -6.9136209348782529e+01, -5.1920513114061848e+01
38, 20, -1.0772160890882070e+02, 3.9882609807500081e+01
38, 21, 9.6831916867934460e+00, 5.5875696164090407e+01
38, 22, 7.1582768113744493e+01, 1.0812680607856372e+02
38, 23, 2.3340114779774632e+00, 4.9000376054157044e+01
38, 24, -6.9926803935275984e+01, -1.2297333385554580e+01
38, 25, 1.9121086681371803e+01, 3.8713100653842737e+01
38, 26, 9.1406407586833126e+01, 5.2355865437488134e+01
38, 27, 1.1645073939213896e+01, -1.3498494219387487e+02
38, 28, -3.1333882883891803e+01, 4.0247059099154420e+01
38, 29, -5.3747202537550365e+01, -1.6362150732874127e+01
38, 30, 8.3602798964194037e+01, 6.6526134158157575e+01
38, 31, -8.5902543814948132e+01, -5.3708916249204734e+01
38, 32, 5.6021965007140224e+01, 3.3784149372810070e+01
38, 33, -3.7356410252195388e+01, -5.0047851246528467e+01
38, 34, -1.0674269451902146e+02, -1.0471099837299960e+01
38, 35, -1.1824188236132339e+02, -5.7190569740459168e+01
38, 36, -3.2722124083872906e+01, 4.7084922660874582e+01
38, 37, -4.1768303011114902e+01, -1.0190484041645870e+02
38, 38, -8.9453704770990115e+01, -6.2146452226122776e+01
39, 0, 4.6310912865681132e+01, 0.0000000000000000e+00
39, 1, -4.6015183700018042e+01, -9.1099960302618499e+01
39, 2, 2.1105403344089271e+00, 1.5262843848379269e+01
39, 3, 3.3353714518619153e+00, -3.6081101632110988e+00
39, 4, -3.3331588642193900e+01, -4.0933357091941453e+01
39, 5, -1.0926740882288239e+00, 1.5063591138714230e+02
39, 6, -4.2307098475262123e+01, 5.0031179865710293e+01
39, 7, 4.7916271787024243e+01, -5.0239800102253810e+01
39, 8, -8.2005954724981436e+00, 1.1839863644040673e+01
39, 9, 3.1373875557491452e+01, 1.6983477368526529e+01
39, 10, -3.8383484716806556e+01, -2.2362232242131551e+01
39, 11, -5.6432736093212483e+01, 9.8316335154653515e+01
39, 12, 8.5692167039836100e+00, 2.2914501903549709e+01
39, 13, 4.0381388881621902e+01, 3.0956955912728233e+01
39, 14, -3.4778985720359437e+01, -6.3163432673263785e+01
39, 15, 3.3772618456961148e+01, 6.4102146082376066e+01
39, 16, -7.6654074226439832e+01, 1.2654312950251927e+00
39, 17, 1.7494063727116691e+00, 4.0146893131823411e+01
39, 18, -3.1843145124125147e+01, 5.2989352544099603e+01
39, 19, 3.9586066864370977e+01, 3.4388390732962492e+01
39, 20, -5.0170480990301378e+01, 4.2505952109703607e+01
39, 21, 6.8816837445952459e+01, -6.8524900692128256e+01
39, 22, 6.1673088848319601e+01, -2.4517363414267752e+01
39, 23, 1.0509070545638863e+01, -2.4660892667939883e+01
39, 24, -1.3390431395811100e+02, -6.5426714411477036e+01
39, 25, -5.2645306713106891e+01, 6.1902127715506523e+01
39, 26, -4.3652973312599805e+01, 2.7830314118803625e+00
39, 27, 7.5391612605670758e+01, -7.7722349544167173e+01
39, 28, -1.0262151225684696e+02, -9.5353261131241183e+01
39, 29, 3.7483052008947617e+01, -1.2747220323512151e+02
39, 30, -1.3426190468949005e+02, 7.0783703925913343e+01
39, 31, -4.3525537445737797e+01, -1.1981101913497140e+02
39, 32, -2.8535060309483711e+01, 1.0110417773615799e+02
39, 33, -5.0100943550734222e+01, -7.8199181625178511e+01
39, 34, 7.1789632461048114e+01, 5.2892513481508722e+01
39, 35, -7.0613133686183431e+01, -1.2613871080618750e+01
39, 36, 1.1921476978898413e+01, 2.7852517848003568e+01
39, 37, 1.0536909995095485e+00, 3.1309504565388409e+00
39, 38, -9.6742797851539279e+01, 9.7254667693186448e+01
39, 39, 1.5998875309347326e+01, 1.0315307227913493e+01
40, 0, -1.3169128534628183e+02, 0.0000000000000000e+00
40, 1, -9.7198176125454779e+01, 1.3248958654622614e+01
40, 2, 1.7136811639737587e+01, -4.5478859575573338e+01
40, 3, 6.0247825469533851e+01, 2.8942432202385554e+01
40, 4, 6.7075350307390721e+01, -2.4157392393677096e+01
40, 5, 1.5659241391678567e+00, 1.3704858136181790e+02
40, 6, -3.1233609030404729e+01, -7.4217933613004220e+01
40, 7, -6.4652466433082424e+01, -3.9926435946186672e+01
40, 8, -1.5894394561252554e+02, 9.7746648482304778e+01
40, 9, -4.6941170774983433e+01, 6.5057194824966970e+01
40, 10, 3.6386351852091714e+01, 1.4672722571191005e+02
40, 11, 1.6324170738647734e+01, 5.9728029987269871e+01
40, 12, 1.9598159239597820e+01, 1.5560911332070491e+01
40, 13, 5.1621346938300881e+01, 3.5168187039484302e+01
40, 14, 3.5869250155595687e+01, 1.8177039770090651e+01
40, 15, 4.7618448442581474e+01, 4.0955553958373137e+01
40, 16, -6.0293321372487874e+01, 1.2272236531917754e+01
40, 17, -1.7924376584777335e+01, 2.9021779750110561e+01
40, 18, 5.9887140810318215e+01, 5.5962478542595811e+01
40, 19, 9.9966199980979610e+01, 4.8523842781633447e-01
40, 20, -6.5929665188139097e+01, 1.4858851522297723e+01
40, 21, -5.6847137675077953e+01, -8.6720609419050689e+01
40, 22, 2.9690587744032822e+01, -3.4889605089497138e+01
40, 23, -3.6142322824606950e+01, -4.7053476289615020e+01
40, 24, 2.1587368898751080e+01, 5.7234638776829058e+01
40, 25, 1.4232647900938501e+01, 7.8704940364339450e+01
40, 26, 3.6702939415059362e+01, -4.3996515851846425e+00
40, 27, -7.7511129950179258e+00, 2.2201365586836946e+01
40, 28, -9.7291210319718701e+01, -6.0871733703783150e+01
40, 29, 1.2818859857030876e+02, 1.5714484665100161e+02
40, 30, -1.0956135432577871e+02, 1.0085723437340752e+02
40, 31, 9.2241011826682211e+01, 4.1080659971012388e+00
40, 32, -8.4696440395815912e+01, 1.7568400095219285e+01
40, 33, 8.5865467627543708e+01, -4.7948386642350542e+01
40, 34, -8.7208098273644978e+00, 1.0260600706713649e+02
40, 35, 4.7927049494972884e-01, -4.9382423268666976e+01
40, 36, 1.5431799583082537e+01, 5.3133692966655524e+01
40, 37, 6.1047440545809820e+01, -4.4011775050555805e+01
40, 38, -3.5098204908675569e+01, 2.2887617485980350e+01
40, 39, 7.9709157664838358e+01, 4.3521157071683554e+00
40, 40, 6.7163875048870182e+01, 2.2991569447729539e+01
41, 0, -3.3576471336220159e+01, 0.0000000000000000e+00
41, 1, -3.3734669260266294e+01, 6.9121784521666982e+01
41, 2, -1.4149200529671953e+02, 2.1448742784887109e+00
41, 3, 5.5352425920990967e+01, -2.5891737481857405e+01
41, 4, -5.8036536203495864e+01, -3.2050664144363950e+01
41, 5, -9.8870878237107448e+01, 3.7568351317414042e+01
41, 6, 8.1641963217439240e+01, 4.6165292308742238e+01
41, 7, -6.8729365247061565e+01, 8.9430090381257248e+00
41, 8, -6.6751484353375645e+01, 4.4493455235858427e+01
41, 9, 2.2890301398325533e+01, -8.0009103681924003e+00
41, 10, -9.9072615481384894e+00, 1.7035261441972963e+01
41, 11, 1.5876230799108903e+01, -3.3785859750142890e+01
41, 12, 2.5295851233619260e+01, -3.4816277592068090e+01
41, 13, -6.9504343212355897e+00, 4.2917535088826135e+01
41, 14, 1.3622106104124353e+02, -7.5832901174173159e+01
41, 15, -4.7266157629837238e+01, -3.9076469916959233e+01
41, 16, 1.1019479018658549e+02, 2.0841220183818731e+01
41, 17, -1.7035312739834133e+01, -4.1308984858563861e+01
41, 18, 3.7482253584596833e+01, -1.0712954438771320e+01
41, 19, 1.6659038659424990e+00, 3.8421477324138522e+01
41, 20, 2.6818889230986294e+01, -6.7185875549150524e+01
41, 21, 7.6536016529680815e+00, 9.0187953323351323e+01
41, 22, -3.0727644479439356e+01, 2.3287934430001236e+01
41, 23, -2.1641920549240837e+01, 4.7227832918022742e+01
41, 24, 3.6341042204258520e+00, 5.8150280669636729e+01
41, 25, 2.9104777238800004e+01, 3.6906993554488736e+01
41, 26, 7.1660967501496955e+01, 5.8564769682393703e-01
41, 27, -3.7799037101445762e+01, 4.0379278790450009e+01
41, 28, 1.1417022768973099e+02, -1.1836210224599783e+02
41, 29, 2.2392136425113321e+01, 5.4417415378262525e+01
41, 30, 6.3933948084405134e+00, -3.5345842319255105e+00
41, 31, 4.4667408700799413e+01, 7.4698689206813157e+01
41, 32, -1.2700898963630986e+02, -1.0821918476393076e+02
41, 33, 8.0096960484200977e+01, 8.6434018122404908e+01
41, 34, -5.9725250739067299e+01, 3.9303144837268846e+01
41, 35, 6.2346756118814355e+01, -3.1311822438669402e+01
41, 36, -6.2220477811563832e+01, 6.7101871776941016e+00
41, 37, -1.6219031020583390e+01, -7.6230870601331702e+01
41, 38, -3.9275417941067587e+01, -3.2663073535944804e+01
41, 39, 1.9043925691327381e+01, 5.9910070039253824e+01
41, 40, 3.2795007370082459e+01, -9.3232571290934686e+01
41, 41, -7.1841208942199501e+01, -9.4624672993542092e+01
42, 0, -5.7308980516716410e+00, 0.0000000000000000e+00
42, 1, -8.0704291874058498e+01, -3.8352780913055229e-01
42, 2, -2.2425753178496706e+01, -4.4193007318358482e+01
42, 3, 5.4383391635646539e+01, -2.4153739826386982e+01
42, 4, -1.1921007582681169e+02, -6.2982687755266362e+01
42, 5, -5.8247294665881114e+01, 9.6830050734961844e+01
42, 6, 1.0391653199857731e+02, -2.4773319602658145e+01
42, 7, -1.4243033143082222e+01, -1.2224432408651996e+01
42, 8, 5.4762751574229895e+01, 9.4183037206353745e+01
42, 9, 1.4467779377199051e+01, 6.6398426871861687e+01
42, 10, -4.2160865677084862e+00, 1.9635033954792256e+01
42, 11, 3.0791848348829003e+01, 1.5094409259759878e+01
42, 12, 1.1054540478308850e+01, -2.3112281592855449e+01
42, 13, 3.8398786909544831e+00, 6.6046060434215676e+01
42, 14, 8.1043540639428954e+01, 1.7892962015964311e+01
42, 15, -7.9100523143217231e+01, -1.2985811161112736e+01
42, 16, 7.8229021842270740e+01, 2.0619596803517418e+01
42, 17, 4.4620396822015159e+01, -2.4672168582191663e+01
42, 18, 8.7255686879002013e+01, -1.2015717443326736e+02
42, 19, -2.3003807497174293e+01, 3.5302149888640962e+01
42, 20, -1.6233936175569148e+01, 1.7284271013295928e+01
42, 21, -1.0896840843036213e+02, 6.3325044087056970e+00
42, 22, 4.9434485740151771e+01, 3.4532743880077604e+01
42, 23, 1.1651719372477069e+02, 4.7404669667829886e+01
42, 24, 3.5805271874631437e+00, 7.5928388381879316e+01
42, 25, -1.9136409086736769e+01, 9.5493248639696748e+00
42, 26, -4.2804430381010619e+01, 3.1165187709276303e+01
42, 27, 1.1399487816815437e+01, -5.8674237987477532e+01
42, 28, 7.6776695162581419e+01, 3.0751512605401569e+01
42, 29, 1.8198964346504365e+01, -2.0120482054804768e+01
42, 30, 6.7577891822188633e+01, 3.1258108112175140e+00
42, 31, -5.7737349197045006e+01, 2.5133410326820915e+01
42, 32, -9.7366430425606687e+00, -1.0214954189698346e+02
42, 33, -1.0069218378937762e+02, 1.0006943556852157e+02
42, 34, 2.7723898899400741e+00, 1.6690493678009027e+01
42, 35, 1.2312403102165932e+02, 2.0931243229629921e+01
42, 36, 1.2792144747934024e+00, -2.8264789047848929e+01
42, 37, -1.3107730313535413e+01, 6.5406610446230815e+01
42, 38, 9.6225891205130321e-01, 3.2589273679366528e+01
42, 39, -3.7722172996257100e+01, 3.1891841774861348e+01
42, 40, 1.1303746319951583e+02, -6.9602165798601746e+01
42, 41, -6.6128388432932610e+01, 1.0770443069089220e+02
42, 42, 2.8956981486387612e-01, 5.2963165833751042e+01
43, 0, -6.4310563211497367e+01, 0.0000000000000000e+00
43, 1, -5.2621335774828871e+01, 3.0507367340125739e+01
43, 2, -4.2099225128014545e+01, -7.9611217956660994e+01
43, 3, 7.7438646270372558e+01, -1.1389880079187417e+01
43, 4, -8.0555749872029637e+01, -4.3324114565475838e+01
43, 5, 1.6391064791458763e+01, 2.1521031369895756e+01
43, 6, 3.6579073546993870e+00, 5.7104667268419735e+00
43, 7, 3.5662742994409797e+01, 4.3846789942402452e+01
43, 8, -2.4784467162323399e+01, 2.2931575391329693e+00
43, 9, -7.2733730456419792e+01, -9.4062313416214764e+01
43, 10, 2.3872818730347820e+00, 1.3879794631098319e+01
43, 11, 2.5518294619240269e+01, 4.4565600128574026e+01
43, 12, 4.3743343769277395e+01, -1.5321687609501234e+01
43, 13, 1.6415638999307046e+01, -1.5596157299036291e+01
43, 14, -4.3149130112319277e+01, 4.4301690437926752e+01
43, 15, -6.5025518048265980e+01, 3.9223264574756929e+00
43, 16, 2.6325367356113958e+00, 8.2489633271604319e+01
43, 17, -3.1248944669582798e+01, -1.2779777915062388e+01
43, 18, 1.2814439507397477e+01, -1.8587470989997009e+01
43, 19, -5.2134282098630509e+00, 8.7042039811621322e+01
43, 20, -1.1722637033670142e+00, 1.5621129580575925e+01
43, 21, -1.1909073359178031e+01, 2.4840393236888723e+00
43, 22, 5.5561836528116189e+00, -2.0982486020637850e+01
43, 23, 8.4282632509605392e+01, 1.0570615473746669e+01
43, 24, 2.2427666534579060e+01, 2.3534148155602420e+01
43, 25, -3.8840904225762252e+01, -8.1602033589305094e+01
43, 26, 1.6071016335751878e+01, 9.2644544697108728e+01
43, 27, 3.9961693426780784e+01, -8.1039001973109492e+01
43, 28, 1.0338287304034280e+02, 2.7450318186311041e+01
43, 29, 5.0326321144451187e+00, -8.5259549174691472e+01
43, 30, -1.0641177031548453e+02, 3.6957612196350922e+01
43, 31, -5.2903445292647973e+01, -7.2270751874946519e+00
43, 32, 3.6171036749750547e+00, 6.2163719631945241e+01
43, 33, 2.7341701408363694e+01, 6.3542280795053870e+01
43, 34, 1.2628395012547335e+02, 4.4846842100141053e+01
43, 35, -4.5132225971150021e+01, -4.1149717784653205e+01
43, 36, -1.4141326292466266e+01, -1.9162976022248461e+01
43, 37, -9.3643404563442036e+00, 4.2885755965190199e+01
43, 38, 6.1454142981532804e+01, 3.3122838540460464e+01
43, 39, 7.5840945206120651e+01, -8.7094955034299968e+00
43, 40, -3.3533296854135564e+01, -7.4402860178136081e+01
43, 41, 3.2993999985158986e+00, -1.6383479931924381e+01
43, 42, 7.2287696506525450e+00, -2.4115366125434363e+00
43, 43, 8.0195804349798195e+01, 5.8545165751865639e+01
44, 0, -5.3975297925076688e+01, 0.0000000000000000e+00
44, 1, -1.3529338181802575e+02, 2.2192655649168518e+01
44, 2, 5.2407038464124305e+01, -2.0095950896964954e+01
44, 3, -2.4122207670701350e+01, 4.5859945289645644e+01
44, 4, -7.1961716836624007e+01, -3.0664152936010296e+01
44, 5, -4.1004977615985240e+01, 7.9296329804703035e+01
44, 6, 2.8478619303409445e+01, -5.2528279233196599e+01
44, 7, 9.2794742016446641e+00, -8.3173786053897999e+01
44, 8, -3.7317621264837626e+01, -7.5346060967618456e+01
44, 9, 5.4531939441122844e+01, -9.1412842914982377e+01
44, 10, 6.2524296242694660e+01, 3.0184990719741954e+01
44, 11, -2.4250267635648928e+01, 5.4765936864417725e+01
44, 12, 8.7221770428408306e+01, -2.6497672249392455e+01
44, 13, 6.0084383560762532e+01, 4.6566533447425215e+01
44, 14, 2.5580559250494716e+01, -9.4967639819299833e+01
44, 15, 5.8490646036533285e+01, -9.5991015615727022e+01
44, 16, 1.6488731343600190e+01, -1.7377841992897352e+01
44, 17, -5.5187552438743992e+01, -4.0103330395386202e+01
44, 18, -7.0281852894109178e+01, 4.9841462055458287e+01
44, 19, -7.5087561020111792e+01, 1.9034974771906604e+01
44, 20, 3.8873614976023305e+01, 9.1326096487852666e+01
44, 21, -1.9045568483189076e+01, 1.6551952119205779e+01
44, 22, 2.3736461349820581e-01, -1.7305784047447322e+01
44, 23, 2.6938604025957562e+00, -3.2182526039630375e+01
44, 24, 1.4030730148428615e+01, -3.4984046847956094e+01
44, 25, -1.0820084960385000e+01, 5.1449424108410305e+01
44, 26, -6.3159566823223230e+01, 5.5749542072777196e+01
44, 27, 7.3727629019419808e+01, 4.5615868413322680e-01
44, 28, 2.4118180094206614e+00, -2.6439238495915504e+01
44, 29, -1.0417984348748476e+01, -6.5292337248008067e+01
44, 30, -8.4877522550701201e+01, 3.3594980581553287e+01
44, 31, -5.6295598876250274e+01, 4.1201950940788493e+01
44, 32, -4.9037976126015586e+01, 1.3164950151642255e+01
44, 33, 5.5575157592424205e+01, 7.5976184312228767e+00
44, 34, 7.4591386469822666e+01, 4.3595940445440966e+01
44, 35, -4.0950674021504540e+01, -1.0116310681873857e+02
44, 36, 2.6660622435737164e+01, 9.4936959136016448e+00
44, 37, -1.1237633883986030e+02, -9.4924470928961346e-01
44, 38, 6.4201450346525533e+01, -5.5058288045589279e+01
44, 39, -3.4159722459262611e+01, -3.2639454194189561e+01
44, 40, -7.0333530588569118e+01, 9.0041237188861682e+00
44, 41, 2.4650117904516478e+01, 2.8319483056241140e+01
44, 42, 1.4203650392577655e+01, -7.6161478969279983e-01
44, 43, -8.5439855965401019e+00, -1.0146674053165166e+01
44, 44, 3.2490335107596906e+01, -2.0204901943928010e+02
45, 0, -7.3928721353261210e+01, 0.0000000000000000e+00
45, 1, -3.3390065073377301e+01, -6.0137461342701137e+01
45, 2, 5.1329654163239852e+01, 3.8210828207063642e+01
45, 3, 4.8913088299933349e-03, -8.8349584414466705e+01
45, 4, 6.4677540022235888e+01, -1.5649770142025863e+01
45, 5, -2.3188092464319674e+01, 1.1898948426898214e+01
45, 6, 5.7381476927778230e+01, -4.2715371012902423e+00
45, 7, 1.9360980091755849e+01, -2.8307330797602528e+01
45, 8, 1.6280436892869396e+01, 9.7340037631782970e+00
45, 9, -2.9093440856061115e+01, -2.8203347656525338e+01
45, 10, -2.3579541872547740e+01, 9.7150848115157629e+01
45, 11, 3.1588783816145654e+01, 4.7252638326644380e+01
45, 12, 8.7971867044405982e+01, -8.2987367551115241e+01
45, 13, 1.8027538368969573e+01, -5.7910713887676756e+01
45, 14, 2.1230201830039341e+00, -8.6093336812406733e+01
45, 15, 3.4324807356578994e+01, 9.6935081187963021e+01
45, 16, -5.5846780724281366e+01, -1.0143138628090941e+01
45, 17, 2.6845936573469917e+01, 6.4133002704172583e+01
45, 18, -9.9039229665704113e+01, -9.5643388530293464e+01
45, 19, 6.6595750904524863e+01, -9.5439987697187139e+00
45, 20, -2.4985814699964695e+00, -1.5707552423568371e+01
45, 21, -1.2648377925415659e+01, -9.1001418055521569e+01
45, 22, -9.8112816113028799e+01, 1.2048581012795651e+02
45, 23, -4.0262275116291860e+01, 8.0679889114699463e+00
45, 24, -9.0449091082367463e+00, 9.4973998517567338e+01
45, 25, -4.2691059642600173e+01, 1.9215203565836969e+01
45, 26, -2.5235543611007223e+01, 3.7165683318404938e+01
45, 27, 2.6062931067489640e+01, -6.0038954307887430e+01
45, 28, -2.4522375088454339e+01, -8.1841296523554732e+01
45, 29, 2.9713204336788806e+01, 7.0576657786920862e+01
45, 30, -1.3278426601139429e+01, 3.4785868053547624e+01
45, 31, 5.0703890180259847e+01, 3.6812400748288447e+01
45, 32, 5.1373855277453423e+01, -8.6490859941380407e+00
45, 33, 1.0763877268755722e+02, -4.3815787599814207e+01
45, 34, -4.7377256984208096e+01, -2.5099059820558928e+01
45, 35, -3.9465090214017650e+01, 2.3245665198153553e+01
45, 36, -4.7609683361747761e+00, 1.3170850405291264e+02
45, 37, 1.1318375743785427e+02, 9.5373332126951027e-01
45, 38, -2.7255097194770336e+01, 1.8557311716697626e+01
45, 39, -5.7546935580461131e+01, 8.7643976608376875e+00
45, 40, 5.4363194193688020e+00, -1.6279941894475613e+01
45, 41, -8.7578286874108571e+00, 5.2090157023275623e+01
45, 42, 1.3909663401490668e+01, -4.8106539634556292e+01
45, 43, 4.7307112982431882e+01, 2.8146473866163916e+01
45, 44, -3.9176629975095466e+01, -3.2969636874017510e+01
45, 45, -1.2138864411147041e+02, 8.8831995341988687e+01
