0, 0, 0.0000000000000000e+00, 0.0000000000000000e+00
1, 0, -8.8902438924935868e+03, 0.0000000000000000e+00
1, 1, -5.1819455630483162e+02, -4.0230127237473071e+03
2, 0, 0.0000000000000000e+00, 0.0000000000000000e+00
2, 1, 1.5027455714892067e+03, 8.1131257059737925e+02
2, 2, 5.3707259021779182e+03, -2.1213234134653212e+03
3, 0, 2.9954419196459839e+03, 0.0000000000000000e+00
3, 1, -2.2581403047369545e+03, -6.3800468623495117e+03
3, 2, 1.2062569214638238e+03, 6.8678496618888471e+02
3, 3, -4.3771325984156447e+03, -2.5647269759640949e+01
4, 0, 8.8164599975932560e+01, 0.0000000000000000e+00
4, 1, -1.8572948128643325e+03, -1.1323829339016306e+03
4, 2, 2.8912150607066101e+03, 1.3369577782426272e+03
4, 3, -3.8825042847287223e+03, 2.7475634130608790e+02
4, 4, -7.5819574361831451e+02, 2.2532588666802412e+03
5, 0, -1.8840414850619206e+03, 0.0000000000000000e+00
5, 1, 5.1862270787498062e+02, 1.6204841853018456e+03
5, 2, -3.0733998777893066e+02, 7.8654217270101026e+02
5, 3, 5.2595540195777176e+01, 2.2095793478583314e+03
5, 4, 1.2281096122082215e+03, -2.0268459498624691e+03
5, 5, 4.7434576586114963e+02, -7.3932850795816319e+02
6, 0, 7.5255652049183016e+02, 0.0000000000000000e+00
6, 1, -1.1210413880090769e+03, -1.2809049704962251e+02
6, 2, -1.5991030389005844e+03, 1.1750531349236837e+02
6, 3, -1.4627941858882202e+03, -6.5484170739993692e+02
6, 4, 2.0027012905994792e+02, 5.1278237390788036e+01
6, 5, 8.2374907180951436e+02, -7.2816024847483141e+02
6, 6, 4.6365168057791220e+02, 1.2095497409731820e+02
7, 0, 1.1434301985835057e+03, 0.0000000000000000e+00
7, 1, -9.0479160417529101e+02, 1.4680301771577238e+03
7, 2, 5.0860368752535533e+02, -9.0970836802227700e+02
7, 3, 2.1117344855184547e+02, -1.6859315950432014e+02
7, 4, -1.3237038933197452e+03, -1.0095593497289433e+03
7, 5, 1.4783983939362773e+02, 8.1813098617756145e+02
7, 6, 9.5751837569967893e+02, 7.8096012901727727e+02
7, 7, 3.4058458185651858e+02, -1.8811831262245778e+02
8, 0, -7.1560471562858868e+02, 0.0000000000000000e+00
8, 1, -1.2054752293783682e+02, 4.8994389374221481e+02
8, 2, -7.7214303272421648e+02, -1.4191463792328332e+02
8, 3, 7.9187552551495617e+02, 8.4168572538114097e+02
8, 4, -4.2201999343002842e+02, 8.1844773420998547e+02
8, 5, 1.6047850107849738e+03, 1.4943928338002033e+03
8, 6, -4.4211094696581097e+02, 2.4632366021931250e+02
8, 7, 4.9354410479524506e+02, -1.1251653282331051e+02
8, 8, -5.0384867367817827e+02, 1.6921125522261244e+02
9, 0, 8.8415894445584456e+01, 0.0000000000000000e+00
9, 1, 5.5415266334280363e+02, -1.2740705211288766e+03
9, 2, -1.0497424012839135e+03, 2.1063802233779035e+02
9, 3, 1.8803964584743244e+02, -1.0810320297364308e+02
9, 4, -3.5955485864956347e+02, -6.6668302399920299e+02
9, 5, 4.2723664674873567e+02, 1.0192141592181335e+03
9, 6, -1.9357497809966162e+00, 8.1274826837378373e+02
9, 7, 5.3752830517553275e+02, -1.6233942514226665e+03
9, 8, -1.3363940820086552e+03, 5.2037418994585187e+02
9, 9, 1.2619837249183695e+02, -2.4688099858069216e+02
10, 0, 1.0811826714249332e+02, 0.0000000000000000e+00
10, 1, 9.2827798446908446e+01, -2.0271034110259950e+02
10, 2, -4.4354170349154128e+02, 5.3691554175321357e+02
10, 3, 1.0906739952940220e+03, 4.2688532256222004e+01
10, 4, 6.2246849928223764e+02, -6.8921854081029949e+02
10, 5, -5.7753347564798787e+02, 4.3995714951438981e+02
10, 6, -6.5933851561081099e+01, -1.1409527110225438e+03
10, 7, -3.5024488679277005e+02, -1.5628722313310584e+02
10, 8, -2.6409325899900307e+02, -3.2687215870732280e+02
10, 9, 2.7997147713621030e+02, 8.5438348107468300e+00
10, 10, 2.3221366848228689e+02, -4.6446632447888078e+01
11, 0, 1.6843257826464861e+02, 0.0000000000000000e+00
11, 1, -2.6578021628969486e+02, -3.5064060200604473e+01
11, 2, 1.1574098593448042e+01, 9.2637304550357362e+02
11, 3, 6.3726036478087144e+02, -7.5578196964756626e+02
11, 4, 1.0218275017366643e+03, 6.0221753551706786e+02
11, 5, -3.3314833376735919e+02, -6.3336151227978939e+02
11, 6, 5.9497329539992484e+02, 3.8161372620181118e+02
11, 7, -5.4907969776950836e+02, 1.5639453863872177e+02
11, 8, 8.8096774091296174e+02, -2.5643263199026592e+01
11, 9, 4.0445961853804988e+01, 1.8107395840530359e+02
11, 10, 4.2101002483793604e+02, -1.0174844148448257e+03
11, 11, 1.7020450757483684e+02, 2.6212718838223287e+02
12, 0, 2.9076384249463359e+02, 0.0000000000000000e+00
12, 1, 7.8418683049335823e+02, -1.8539082866402839e+02
12, 2, 2.4373471946771105e+02, -1.7192459985418185e+02
12, 3, 7.7101230236226684e+02, -6.4575119943545104e+01
12, 4, 3.6223377998876254e+02, -2.3848845189289926e+02
12, 5, 1.0471648985182048e+02, -6.2999389130821487e+02
12, 6, 5.7922008644687196e+01, 5.7200257927910286e+02
12, 7, 1.8295967349707422e+02, 4.4844378562988408e+02
12, 8, 2.4698802581515156e+02, -1.8797238150520337e+02
12, 9, 1.4607294673627382e+02, 1.0495232603693927e+02
12, 10, 3.5159257297062345e+02, -3.6846264588047325e+02
12, 11, -3.3767606769649399e+02, 1.1781625490585820e+03
12, 12, 1.5600858166951215e+02, 4.5416660946910710e+01
13, 0, 1.9880886418895898e+00, 0.0000000000000000e+00
13, 1, 5.6162462356368326e+02, 6.1325894609910620e+02
13, 2, -4.8099491623078859e+02, -6.5082518962880704e+02
13, 3, 3.6571959404509482e+02, 3.1570129523026662e+02
13, 4, 2.7513114646567976e+02, -1.6590102224254167e+02
13, 5, -1.3875115494001298e+02, 3.2744454166975817e+02
13, 6, -7.0278037869327363e+02, 9.1902064955969092e+02
13, 7, 3.8333793494795850e+02, -1.6450212110415754e+02
13, 8, 6.0539147348923095e+01, 6.6577302478088612e+01
13, 9, -2.8388265144045135e+01, -6.5509666267846796e+01
13, 10, -1.8320763585019444e+02, 1.2880743169520065e+02
13, 11, -3.2145924553036832e+02, 5.7250350183335945e+02
13, 12, 2.6233222926158817e+02, 2.1841845017114500e+02
13, 13, -6.3110702285967795e+02, -4.9659865715238641e+02
14, 0, 3.9350033526151026e+02, 0.0000000000000000e+00
14, 1, -2.2969994967263023e+02, 8.6145945385524698e+01
14, 2, -7.4632150878061395e+01, 7.8512197307764495e+01
14, 3, -3.1680426727890904e+01, -2.9183102996620022e+01
14, 4, -3.3854106047511493e+02, 6.4277701040430577e+02
14, 5, 1.9137062136734767e+02, 4.5185683354444484e+02
14, 6, -8.6159032320770592e+01, 2.1410844196139891e+02
14, 7, -4.7123650057256953e+01, -1.4484177529243507e+02
14, 8, -5.8995178021387233e+02, -3.4042834326749391e+02
14, 9, 1.8521359046578070e+02, -1.6455701107137759e+02
14, 10, 1.7924484465147177e+02, 6.5187071140725629e+02
14, 11, -7.5472540331722939e+00, -3.3451742130367256e+02
14, 12, -6.9073900152102397e-01, -8.7338344502852834e+01
14, 13, -2.7559249880279071e+02, -7.5023749520400759e+02
14, 14, 1.1560718311796678e+02, 2.0896718426552383e+02
15, 0, -5.1900179469045213e+01, 0.0000000000000000e+00
15, 1, 9.9019838034431586e+00, -3.6032548690472510e+02
15, 2, 3.6924732560960621e+02, 1.9088101142707586e+02
15, 3, 1.3131500685771857e+02, 6.9850754530336161e+01
15, 4, 2.7237854457564424e+02, 5.7159483240384225e+02
15, 5, 2.3814171270000418e+02, 3.6799417652344414e+02
15, 6, -3.8678592432359835e+00, -2.5349630636787867e+02
15, 7, -4.1775358068247476e+02, -2.5302530387429255e+02
15, 8, -2.7808425492206584e+02, -3.9219439280436512e+02
15, 9, -5.0066268800032316e+02, 7.0886723902731063e+01
15, 10, 2.5267548615368841e+02, 1.0568410805732870e+02
15, 11, 3.0740810870013013e+02, -2.3672706411944714e+02
15, 12, 2.0465962450227880e+02, -2.5890772249544602e+02
15, 13, 5.6930006727275497e+01, -3.8770214196219302e+02
15, 14, -2.0600637305433452e+01, 3.6016402691641917e+02
15, 15, 5.1200495263195137e+02, 7.1745186256747203e+01
16, 0, 1.2820145418733659e+02, 0.0000000000000000e+00
16, 1, 4.5600081128673054e+01, 1.5680773128476301e+02
16, 2, 6.2272397000200999e+02, 3.3164405686001066e+02
16, 3, 5.2612961312157040e+01, -2.0208231472028282e+02
16, 4, 5.6405540070566963e+02, 8.3704428884822036e+01
16, 5, 1.7806443572550404e+02, -2.1381634894683879e+02
16, 6, -7.3498922606409224e+01, -6.7938008069517821e+01
16, 7, -2.9084482526631172e+02, 5.3527307754631579e+00
16, 8, -1.7042606318575733e+02, -3.2814682667690465e+02
16, 9, 3.4557586822556800e+02, 3.6850247258980897e+02
16, 10, 3.5672741376510749e+02, -1.7465507774902193e+01
16, 11, -1.0860111785914711e+02, -2.4159443880942086e+02
16, 12, -5.1507381538908703e+02, -1.5221098741622325e+02
16, 13, 8.2657475984696944e+01, 2.9071419097004798e+02
16, 14, -1.5239087995423398e+02, 2.7752596424873059e+02
16, 15, 6.5038861955145217e+02, -8.3921145870491870e+01
16, 16, -4.6572509669460075e+01, 8.5739622444804496e+01
17, 0, 1.4077464682810873e+02, 0.0000000000000000e+00
17, 1, 3.1871918373523687e+02, 2.1031210851305906e+02
17, 2, 1.8311124375850545e+02, 2.4874541554216074e+02
17, 3, 3.4664778272905011e+02, 6.5270798138588958e+01
17, 4, -1.1334982375427288e+02, -4.1370839005712014e+01
17, 5, -1.7387338103736784e+02, 8.4969921768831114e+01
17, 6, -1.1123973080482716e+02, -5.3723160332615777e+01
17, 7, -4.6471583698799776e+01, 2.7025794440672189e+02
17, 8, 7.2266297709297135e+01, 4.1989098812947176e+01
17, 9, -9.7838403687161389e+01, 3.7163463105930430e+02
17, 10, 6.1060698162539097e+01, -1.4047508699608528e+01
17, 11, 1.0089911612208363e+02, 4.6520459292527670e+02
17, 12, -3.3170416957007541e+02, 9.5498542372352304e+01
17, 13, 3.8934417106986649e+02, 4.2631135435583809e+02
17, 14, -1.4769612950921896e+01, 1.0069470040253447e+02
17, 15, 3.8686035656427379e+01, -2.1555169709931465e+02
17, 16, -4.6261863891663603e+02, -1.8589714887962646e+02
17, 17, -2.1152925180731802e+02, -1.1978525473135389e+02
18, 0, 6.9764203096490149e+01, 0.0000000000000000e+00
18, 1, 4.0298082763781636e+01, 3.4505131701521492e+02
18, 2, -1.0087432479783274e+02, 1.2425269718296164e+01
18, 3, 2.1794892087303245e+02, 3.5410773611084608e+01
18, 4, -4.6263828583912516e+02, -1.2719374083644526e+02
18, 5, -8.1089254299605116e+01, 2.8895311111448018e+02
18, 6, -1.1656825471215825e+02, 2.6942689042563683e+02
18, 7, 3.7981919590050666e+00, 4.6927538327659917e+01
18, 8, -1.2028613288321998e+02, 1.8759357312268395e+02
18, 9, 4.5608124916744345e+01, -5.5628701252002418e+02
18, 10, -2.9380286528352718e+02, 2.1435697998653075e+02
18, 11, -1.9999744083642830e+02, -2.5920683539958191e+01
18, 12, -8.4121781887871748e+01, 3.3204459167771950e+02
18, 13, 2.6880631027899756e+02, 1.9674426424456414e+01
18, 14, 2.2539028721051795e+02, -1.6584525195928924e+02
18, 15, -3.3825361194754259e+02, -2.9793359203458618e+02
18, 16, -3.2664826149493001e+02, 2.6548921239179748e+01
18, 17, -2.9974607838785829e+02, 2.1742366223305510e+02
18, 18, -3.8958225699110415e+01, -1.2377052578634581e+02
19, 0, 4.9389488799090493e+01, 0.0000000000000000e+00
19, 1, -5.8195173493414231e+01, -1.0336407512830050e+02
19, 2, -9.5111027590192876e+00, 3.9459405300333515e+01
19, 3, -9.6827963595135486e+01, 4.6353787098260185e+01
19, 4, -1.9334531146139585e+02, -1.2149136515176504e+02
19, 5, 2.5346360646813054e+01, 1.7069561823530023e+01
19, 6, -9.4844390926306033e+01, 2.0462757094534177e+02
19, 7, 7.4891677658904428e+01, -8.0835500473706020e+01
19, 8, -1.4960490943340540e+02, -8.0166711093369301e+01
19, 9, -1.0986834286844433e+02, -3.5237898419175963e+02
19, 10, -1.8468677721179409e+02, -1.1918196980180139e+02
19, 11, 7.3823882820594974e+01, 1.8025436685885381e+02
19, 12, -2.3164651760907549e+02, -1.0459092394149836e+02
19, 13, 1.5828701387597471e+02, -1.1286545093184401e+02
19, 14, -9.7682055902332621e+01, -1.7410927900154996e+02
19, 15, -3.5538409208089928e+02, -3.0192981337796874e+02
19, 16, -8.9683591146070754e+01, 1.1787771655784408e+02
19, 17, 1.6797716951855060e+02, 2.2004617455032161e+02
19, 18, 4.8431066446213435e+01, -2.3529957998831688e+02
19, 19, 7.3236147476899703e+01, 1.1911442334640253e+02
20, 0, -7.0570279584408894e+01, 0.0000000000000000e+00
20, 1, 1.5526777640551703e+02, -2.4527499413189335e+02
20, 2, 1.8612483871091982e+01, 8.4995759147669318e+01
20, 3, 1.0846391515725168e+02, -3.5720447972422022e+01
20, 4, 1.6659683516796792e+02, 4.3011299647384931e+01
20, 5, -9.3105567905817793e+01, 6.0311514958899814e+01
20, 6, -2.9849582671091355e+01, -2.3780070224422388e+01
20, 7, 7.5347612379142646e+01, -3.2463885918185485e+02
20, 8, -3.6839441635446263e+01, -9.1050841775054550e+01
20, 9, -2.4919649834079834e+02, -3.3751620251964994e+01
20, 10, 5.0645000262739018e+01, 3.7967219936182268e+01
20, 11, -2.0700855146745283e+02, 1.8755257103217977e+02
20, 12, 3.0002370654195272e+02, 6.2599772349597814e+01
20, 13, 3.4381060848592938e+02, -9.0620173551405571e+01
20, 14, -2.0110180590088959e+02, -2.3655092635428571e+02
20, 15, -2.6073668447349796e+01, 2.2945831192912814e+02
20, 16, -2.0995365106507936e+01, -1.1311292371732802e+02
20, 17, 2.7208416086399086e+02, 2.0425085833525611e+02
20, 18, -3.5009231135808797e+01, -1.5064339190312126e+02
20, 19, 9.1715888130518806e+01, 2.9278823145318285e+02
20, 20, 1.6161702124637193e+02, 9.1326662429158901e+01
21, 0, 7.7445743108438577e+01, 0.0000000000000000e+00
21, 1, 9.3613268208266902e+01, 1.3241718586477305e+01
21, 2, -1.4530983623859521e+02, 1.7493284051962320e+02
21, 3, -1.8889437891800526e+01, 2.8798828909654333e+00
21, 4, 9.0031776455297916e+01, 8.6031409653657988e+01
21, 5, -1.7845525894422414e+02, 2.7277997152474512e+01
21, 6, -1.1950254911251875e+01, 8.1209267537822171e+01
21, 7, -4.5461293568166269e+01, 1.5413050824473862e+02
21, 8, -7.7154001150323609e+01, -2.3069258625620790e+01
21, 9, 2.5344593817425607e+02, -8.3739107100361892e+01
21, 10, 1.4272641903393679e+02, -2.3568997211761976e+02
21, 11, 2.8086361865496713e+02, 3.0483024813242889e+02
21, 12, 1.4557533521852406e+00, -1.2588916676575332e+02
21, 13, 5.4164110893824848e+01, 8.7270272807275759e+01
21, 14, -1.8930685945565202e+01, 1.8320455638877928e+02
21, 15, 9.0092917996071435e+01, 6.2446068885860768e+00
21, 16, 1.1686339452425301e+02, 2.2832698073838520e+02
21, 17, 1.8353518775360291e+02, 5.4096697955079463e+01
21, 18, -9.2827331954276502e+01, -4.6157726735031133e+01
21, 19, 1.5021209504267608e+02, 2.8505454544268122e+02
21, 20, 2.6121191768614909e+02, 2.4009742436867725e+02
21, 21, -2.9804481334526781e+02, -3.3090313830288306e+02
22, 0, 3.4312417796903702e+02, 0.0000000000000000e+00
22, 1, 1.7605294883570727e+02, 2.0629643765107917e+02
22, 2, 1.1996668979969809e+02, -7.6625389514011886e+01
22, 3, 1.5759382055499628e+02, 8.6956523473289366e+01
22, 4, -1.7337832623871714e+02, -6.8404355461052546e+00
22, 5, 9.3985113817008781e+00, -6.3283436593392068e+01
22, 6, -6.0501191037068111e+01, -5.1352125265136067e+01
22, 7, -4.2618191349560675e+01, 1.3145382425039756e+02
22, 8, 6.8944849573202873e+00, -4.0481741861768228e+00
22, 9, 1.1003803114124759e+02, 2.2940975818735239e+02
22, 10, 1.0122969827283049e+02, 7.0913539435762488e+01
22, 11, 2.6751882835366030e+02, 2.2250774607332414e+02
22, 12, -5.7314984954639783e+01, -1.3615190707934846e+02
22, 13, 3.5318758736457227e+01, 1.8427818189640092e+01
22, 14, -6.2378868237901642e+01, 5.7262835525177877e+01
22, 15, 8.8581869326380229e+01, -8.4251633543273954e+00
22, 16, 8.6171552750736495e+01, -4.4830739853078718e+01
22, 17, -2.7388916036189477e+02, -1.5509166693156203e+02
22, 18, 5.6224445792556352e+01, 1.0119515093066011e+02
22, 19, -2.1039579960902176e+02, 9.6982345162244314e+00
22, 20, 2.4067196741643448e+02, -1.0930909702131527e+02
22, 21, -2.3331590999104728e+02, -2.8674042827102465e+02
22, 22, -7.3462044871632088e+01, 5.0475374738602852e+01
23, 0, -9.6914242855885561e+01, 0.0000000000000000e+00
23, 1, -2.9805506700900736e+01, 5.3691692226418802e+01
23, 2, -5.8073806180096597e+00, -4.2087446910145104e+01
23, 3, -1.2755283823087490e+02, 1.1503464198342306e+02
23, 4, 2.5685969474398519e+01, 1.9759909634558596e+01
23, 5, 1.4769081033514388e+02, -6.8563515597540615e+01
23, 6, -7.5549476211796701e+01, 1.9053840477839819e+02
23, 7, -2.7645480045044536e+01, -2.7404297953330155e+02
23, 8, -8.3170794901894340e+01, 1.3278207654423488e+02
23, 9, -3.4569372099831043e+01, -1.3317780541493323e+02
23, 10, 8.3215126132469010e+01, 3.8680021467223742e+02
23, 11, 5.2507224065013133e+01, -7.0217583358811964e+01
23, 12, 3.0602374151230663e+01, 2.3958501856144687e+02
23, 13, 1.0502766323504927e+02, -1.4079993315431844e+02
23, 14, -5.7894488415233823e+01, 3.0093132791675879e+02
23, 15, 8.8161131835948026e+01, -3.1113244387908799e+02
23, 16, -1.1342004640162438e+02, 8.4067304197002983e+01
23, 17, -1.0801788482848272e+02, -1.7933423002333916e+02
23, 18, 5.6358459641050693e+01, 6.7941090954477090e+01
23, 19, -2.8873893750608141e+02, 2.0287849467575043e+01
23, 20, 2.5756227474456239e+02, -1.5918961101371713e+02
23, 21, -1.5178412584518378e+02, -1.9321412906123470e+02
23, 22, -1.4026788298347907e+02, -1.2179256995133292e+02
23, 23, 2.2579057867031887e+02, 4.1414571189403063e+01
24, 0, 7.7548518558211470e+01, 0.0000000000000000e+00
24, 1, -1.2549997850520168e+02, -2.0900984568317355e+02
24, 2, 6.0516544371205065e+01, 1.7476939825957521e+02
24, 3, -2.0994144893019779e+02, -5.9551728175198804e+01
24, 4, 1.1791369954710656e+02, -1.1695655113027316e+02
24, 5, -5.9410534400135134e+01, 4.7411081601239715e+01
24, 6, -1.9875995114165090e+02, 1.2406779031104615e+02
24, 7, 1.5388930004038295e+02, -1.3954730112045502e+02
24, 8, -9.3729020228435900e+00, 1.0300114628047508e+02
24, 9, -1.6223457876209281e+01, -8.0554041513273319e+01
24, 10, 7.1625124931107464e+01, -7.2151665470639557e+01
24, 11, -1.7945651672350259e+01, -1.3728126773107340e+02
24, 12, 1.6108590605504389e+02, 7.6584416993773914e+01
24, 13, -2.0498592078671811e+02, 9.9487858872868298e+00
24, 14, -9.9892231239481326e+00, -1.1830211769934917e+02
24, 15, -1.2984942981373248e+02, 7.7750275541505800e+01
24, 16, -1.4132264609921629e+02, -1.4049520682079302e+02
24, 17, 8.6386252401442604e+01, -4.0246227540398394e+01
24, 18, -1.5064978674245603e+02, 3.3210827126858521e+02
24, 19, 2.7719512905673685e+02, -8.2622068811555152e+01
24, 20, 1.3874132596516165e+02, -4.1087658377896076e+01
24, 21, -7.3223330491388140e+01, 4.7376662298924089e+01
24, 22, 7.2242513725348857e+01, 1.8242995129620402e+02
24, 23, 1.1704162879367863e+02, 6.4953648227960258e+01
24, 24, -9.7920397812953354e+01, 1.4135436366592899e+01
25, 0, 1.3793328859373077e+01, 0.0000000000000000e+00
25, 1, 1.1247819172365408e+02, 4.2143701982648864e+01
25, 2, 1.1647146718846554e+02, 1.6065099286880348e+02
25, 3, 5.9749099201097792e+01, 6.3913153967011880e+01
25, 4, 2.4523167934232822e+02, -1.0816960345311769e+02
25, 5, -2.4193758685531151e+01, 4.0735188675279545e+01
25, 6, 8.4110176126948431e+01, 1.8356619995166170e+00
25, 7, 1.1229394634792209e+02, -1.8764813953697600e+02
25, 8, 4.8821196648934659e+01, -8.7668739654339362e+01
25, 9, -7.8405656683887130e+00, -5.1683328960066888e+01
25, 10, 9.2655920807523501e+01, 4.5882390623161200e+00
25, 11, 2.3056790045856769e+02, -1.2733593372743178e+02
25, 12, 6.5644873987272007e+01, 1.4301670892032956e+02
25, 13, -6.1324371748370368e+01, -7.1385554491232114e+01
25, 14, 2.9734669082334577e+01, -4.2209579151089883e+01
25, 15, -1.3809940481443965e+02, -7.0991546136093433e+01
25, 16, 7.5225260828018762e+01, -1.7213252357409701e+02
25, 17, 9.7097599528902379e+00, 1.4407578354492568e+02
25, 18, -1.3197434775413129e+02, -8.7070288307964205e+01
25, 19, 1.3239911970568733e+02, 2.0371418297106914e+00
25, 20, -1.6487561700644790e+01, -1.6271808394226781e+00
25, 21, 2.0186771878012433e+02, -2.2647607627042288e+02
25, 22, 7.5160455367375789e-01, 2.7187868425833182e+02
25, 23, 1.3033669156872543e+02, -1.9243349361527214e+02
25, 24, 7.1719899008996265e+01, -1.4923221238322867e+01
25, 25, -6.7204697637570376e+01, 7.3074911155951895e+01
26, 0, 2.4462384717434182e+02, 0.0000000000000000e+00
26, 1, -7.7778252806404481e+01, 1.6452361101489768e+02
26, 2, -1.0404244780846312e+01, 6.6469647765165888e+01
26, 3, -1.5263378914479205e+02, -7.1128038073600095e+00
26, 4, 4.7797165147100714e+01, 9.6836523076802223e+01
26, 5, -6.9234229624152391e+01, 1.2531772502398294e+02
26, 6, 1.2083319597092856e+02, 1.0374768728575278e+02
26, 7, 1.7712839728240368e+01, -2.7415732868702008e+01
26, 8, 1.4503683731906307e+02, -2.0334891200836830e+02
26, 9, -1.7408434194049171e+01, 8.5466180235118600e+01
26, 10, 7.6497796652775321e+01, -5.0070907782889442e+01
26, 11, 1.4318827273320801e+02, 2.7240259567842202e+01
26, 12, -8.2481900388276699e+01, 1.3027128930757925e+02
26, 13, 4.7016304941886830e+01, -3.2273369339385461e+01
26, 14, -1.0267145655809884e-01, -4.3977047983370852e+01
26, 15, -3.6300489844863442e+01, 4.5389246408534561e+01
26, 16, 5.1749053278645647e+01, 2.5239169347288538e+01
26, 17, 1.6479634326313246e+02, 8.2962489953446493e+01
26, 18, 6.0608435392181036e+01, 6.1224399117103474e+01
26, 19, -2.6574730999020524e+01, -1.4193803793678384e+02
26, 20, -4.3379544094235015e+01, -8.0645412095852066e+01
26, 21, 9.2882027019503823e+01, 3.0697369688341382e+01
26, 22, -1.8768275385118622e+02, 1.6420552986656409e+02
26, 23, 3.6284862707067731e+01, -1.4615894460450465e+02
26, 24, -2.6933817775171156e+02, 3.5684105448434586e+01
26, 25, -6.7114590442715524e+01, 9.8781532359235996e+01
26, 26, 4.5740908063198120e+01, -1.2076895997565845e+02
27, 0, 1.7230453932348735e+02, 0.0000000000000000e+00
27, 1, 1.8706532726873519e+01, -3.4473928787112371e+01
27, 2, -2.8251860322155352e+01, -1.7232752485665463e+02
27, 3, -3.4505855780671027e+01, -1.5784583104267540e+01
27, 4, -1.2174181096032552e+02, -6.9504145489412196e+01
27, 5, -2.2308855075214296e+01, -1.3835744904275066e+02
27, 6, -1.9315822682388955e+02, 7.9523448345429330e+01
27, 7, 7.7720047349364080e+01, 6.5664385019312675e+01
27, 8, 1.2474005084354991e+02, -1.2317483381101596e+02
27, 9, -1.4424786962738705e+02, 2.0358832026162480e+02
27, 10, -6.1156797736047054e+01, 2.3424516023194425e+01
27, 11, 6.7799653163986619e+01, -7.9626179140363149e+00
27, 12, -8.4949212795010425e+01, 2.6000358545695392e+00
27, 13, 7.7449747065441727e+01, 8.0253096254155452e+00
27, 14, -2.2764933719508633e+02, -3.2208271070857499e+01
27, 15, -4.6850558068996776e+01, -6.0399618622231039e+01
27, 16, -5.0401125078020954e+01, 1.5253938599103483e+02
27, 17, -8.9985105443646489e+00, -2.2585080828070335e+02
27, 18, -3.8998708296064507e+01, -8.0553501606236921e+01
27, 19, -1.9871093920105471e+02, -2.4171187095731142e+01
27, 20, 1.7262329864278965e+02, -1.2118909299986456e+01
27, 21, -1.1598645279839491e+02, 8.4865503506398284e+01
27, 22, 2.6426504111361197e+01, -8.3670475931071906e+01
27, 23, -3.8373314468772577e+01, 1.1862508096357121e+02
27, 24, -9.8664670932271861e+01, -1.2290121565547304e+02
27, 25, -2.1614917306395398e+00, 1.5254988443048330e+02
27, 26, 2.8402089390576180e+00, -2.0150000844471359e+02
27, 27, -7.1124535818890308e+01, -1.8333629676682129e+01
28, 0, 7.2220382959490337e-01, 0.0000000000000000e+00
28, 1, -5.2016558801755195e+01, -1.3654250042237024e+01
28, 2, -1.1702117739282198e+02, -8.4641012525873748e+01
28, 3, -1.0809858983247040e+01, 1.6386813454757510e+02
28, 4, 8.0469578178981465e+00, -1.5835471655929908e+02
28, 5, 7.4054567439853500e+01, -1.7360231212441960e+02
28, 6, -1.3613664088319962e+02, 7.7748646617071529e+01
28, 7, 1.0610038370648860e+02, -2.2542072566075336e+02
28, 8, 1.0540097459135237e+02, 7.7377747917918512e+01
28, 9, 1.6907616828950481e+01, -1.5781230366408727e+02
28, 10, 4.4469598542452950e+01, 1.3256381068760214e+02
28, 11, 8.2377250959762591e+00, -8.5363708156032686e+01
28, 12, 3.0623558905181284e+01, 5.5865510190273568e+01
28, 13, 8.4397300084212645e+00, -9.3700263470025604e+01
28, 14, -1.4639920606681099e+02, -1.2332741905689231e+02
28, 15, 4.6331176682567509e+01, -9.0160023500752260e+01
28, 16, -4.5604982744524335e+01, -8.8434400922791625e+01
28, 17, 1.1969251735737436e+02, -1.9557851428506581e+02
28, 18, -8.3554547555961705e+01, 2.8053831557125363e+01
28, 19, -1.6542811742698078e+02, -7.9907711432826744e+01
28, 20, 7.9466442148465916e+01, 1.0520380642911169e+02
28, 21, 4.9789035250170343e+01, 2.8261829706184187e+00
28, 22, 7.1867446983576542e+01, -1.0854824575760709e+01
28, 23, -5.0764802998680011e+01, -6.6513757389607122e+01
28, 24, -1.0499908697041235e+01, -1.4460488348598204e+01
28, 25, 4.2711779268520409e+01, -6.6607252427160262e+00
28, 26, 1.5942558438977389e+02, -2.0298871423837198e+02
28, 27, 6.8196311689799941e+01, -6.9403967476112896e+01
28, 28, 5.0354603373673129e+01, 1.2860043764410455e+02
29, 0, -7.4661222566309846e+01, 0.0000000000000000e+00
29, 1, 7.6003846217229807e+01, -5.9881236639484712e+00
29, 2, -1.7492899819279756e+02, -2.3764875276568628e+01
29, 3, -3.1879187266040347e+01, 1.3360597326151608e+02
29, 4, -1.9791891096416606e+01, -1.4524915334549269e+02
29, 5, 3.1455444939412018e+01, -4.2473636706851892e+00
29, 6, -2.2630615588357017e+01, -1.3344539480427511e+02
29, 7, 9.7672980800234768e+01, -5.3016208139555886e+01
29, 8, 2.8487854210048798e+01, 1.1834654244051102e+01
29, 9, -8.4422178315433868e+01, -1.6581571845937580e+02
29, 10, -8.9331966987331043e+01, 1.2961114283918985e+02
29, 11, -2.1210488169268530e+02, -9.2044207957182920e+01
29, 12, 1.2863934603771247e+02, -3.0614094817043934e+01
29, 13, -1.3568722419722670e+02, 3.8732237446739894e+00
29, 14, 1.2056716481791892e+02, -4.6309260440473309e+01
29, 15, -9.6865681232969635e+01, -1.2607638552747048e+01
29, 16, 3.2586779298584332e+01, -5.0900578241315955e+01
29, 17, -7.3094749641549953e+01, 5.4279626940887852e+01
29, 18, 7.7098099669860972e+01, -4.6300430359940208e+00
29, 19, 6.6179379412340410e+01, 4.2873236991849566e+01
29, 20, 5.2160382930126161e+00, -4.8992123401532410e+01
29, 21, 3.4183562123742377e+01, -1.7104581041734482e+02
29, 22, -1.3441715802937767e+02, -5.3326043505248478e+01
29, 23, 3.0410314117757508e+01, -8.0965132110071750e+01
29, 24, -5.2561470613217111e+01, 5.9536985298780280e+01
29, 25, 8.3861481300473443e+01, -1.2414055157648539e+02
29, 26, 1.4426809147325873e+01, -1.9675524001895411e+01
29, 27, -9.0571446418951211e+01, -1.0597413550710691e+01
29, 28, -2.0328871410608279e+01, 1.5075915030661776e+02
29, 29, 2.8741094066608710e+01, -6.7140107888367538e+01
30, 0, 5.5656654734172093e+01, 0.0000000000000000e+00
30, 1, 6.7809483360839238e+01, -2.0503018721415117e+01
30, 2, 1.2126373597171718e+02, -2.5935435421455210e+01
30, 3, 4.6373383345611323e+01, 8.4063884522428367e+01
30, 4, 1.1809210991224279e+02, -1.4204199872509324e+02
30, 5, 5.0784802050481986e+01, -1.5784609919197123e+01
30, 6, -5.0046502767552283e+01, -1.3394497619670616e+02
30, 7, -4.5010576817805472e+01, 4.7955005001033854e+01
30, 8, 2.7299232884160638e+01, -1.2032501610527595e+02
30, 9, 9.6039688786127059e+01, -1.3526780944467700e+02
30, 10, -3.3145476915832809e+01, 1.2235267117271948e+02
30, 11, -5.1632570975059707e+01, -3.0081692939662176e+01
30, 12, 9.6464409554740826e+01, -6.7298074287514538e+01
30, 13, -3.1732378344928108e+01, 3.8418160208792571e+01
30, 14, 7.3026016496148429e+00, 1.7744597132769840e+02
30, 15, -9.5778777825785681e+00, -2.1809064682572973e+01
30, 16, 9.6730542039585217e+01, 5.7208788351105071e+01
30, 17, 1.2390504884882930e+01, -2.6668223171554189e+01
30, 18, -1.6979241650593508e+01, 8.7926783159684945e+01
30, 19, -8.1147445334671716e+01, -9.4391078588323850e+01
30, 20, -1.0532970170151926e+02, 5.3322441406476742e+01
30, 21, 8.2379271326007796e+01, -5.6188950374725266e+01
30, 22, -1.2179328358245074e+02, -1.3340157972664136e+02
30, 23, 1.0823477049096454e+01, 2.7339466008406532e+01
30, 24, 4.3311108210168214e+01, 2.4154025674274322e+01
30, 25, 1.2909738715233919e+02, -3.3574109602920061e+01
30, 26, -9.5018547319165705e+01, 9.3930729938536217e+01
30, 27, -5.5444577806127995e+01, 1.2292451544131590e+02
30, 28, 2.1213484065263771e+01, 1.5190903047354763e+02
30, 29, -1.8871274412082961e+00, 8.3732626470097642e+01
30, 30, -6.1915712504883373e+01, -7.4408987550434389e+01
31, 0, -8.8452162376785580e+01, 0.0000000000000000e+00
31, 1, -4.3767673071799749e+00, 4.6002167614777271e+01
31, 2, -2.6415105520285380e+01, -1.1472667911102226e+02
31, 3, -4.7680633807709725e+01, -2.1388456258408610e+01
31, 4, 5.6211079008180732e+01, -3.3169604841687153e+01
31, 5, 1.2895072810707120e+01, -7.3306732093980258e+01
31, 6, 4.2472796147988298e+01, 1.6039843389633745e+01
31, 7, -1.3274491185683303e+01, 6.0148612078054555e+01
31, 8, 4.1075486539258321e+01, 6.8371867462719649e+01
31, 9, 2.9309529736891463e+01, 2.2460284732642467e+01
31, 10, 9.7084384488161533e+00, 1.5284839417171435e+02
31, 11, 5.5585074584332119e+00, -5.3321760137571005e+01
31, 12, 1.2119833568670802e+02, -9.4082281036152494e+01
31, 13, -3.7775944493647039e+01, -6.2579502646761313e+01
31, 14, -5.4791084837719694e+01, -5.0978207309214099e+01
31, 15, 2.3304404489193871e+01, -6.1430335357260603e+01
31, 16, 3.8370361980129147e+01, 3.7079214392655544e+01
31, 17, 6.9933248388623113e+01, 3.1340416781572408e+01
31, 18, -7.5684515621549906e+00, -1.7813411002129720e+02
31, 19, -3.8877741766858200e+01, -7.6203531152778467e+01
31, 20, -1.2053120519455166e+02, -4.5238499006570606e+01
31, 21, -8.7298587826190897e+01, 3.1818767611510033e+01
31, 22, 2.8879052391178163e+01, 1.2382079702594345e+02
31, 23, -5.7543047026133223e+01, -1.0698750692887103e+01
31, 24, -1.0586945898087390e+02, -3.1084355262744140e+01
31, 25, -3.6421409745034950e+01, 4.2845790772120480e+01
31, 26, -4.8795748758052355e+01, 5.9762692273122937e+01
31, 27, 3.7621833129308726e+01, 7.8515618221225779e+01
31, 28, 1.0255240417925921e+02, -1.5101125932341111e+02
31, 29, 3.3628704435119900e+01, 5.8069648454041669e+00
31, 30, 3.0447863687377108e-01, -1.3357307425009526e+02
31, 31, -9.2609465862458421e+01, 1.2580559929790175e+02
32, 0, -7.4971209043576295e+01, 0.0000000000000000e+00
32, 1, -4.5471780320003475e+01, 1.0021347417509975e+02
32, 2, -1.4682436195194757e+02, -4.7916140255525420e+01
32, 3, 1.0880000782093325e+02, 1.1673429510549533e+02
32, 4, -7.1537695400859207e+01, -2.1618415929548888e+01
32, 5, -3.6495612406623025e+01, -2.4803810360249315e+01
32, 6, 5.7510772083811531e+01, 5.7240705232066347e+01
32, 7, -8.6983073134166503e+01, -1.0544461939223027e+00
32, 8, 9.8224380984698797e+01, -1.9744338251791270e+01
32, 9, 7.1610451782137631e+01, 3.1365040441482677e+00
32, 10, 6.8451422935498528e+01, 3.9155607248551888e+01
32, 11, -3.6919258522277815e+01, 7.7943655404048940e+01
32, 12, -8.8296530200629775e+00, 7.5711488094850637e+01
32, 13, 2.3132412322826028e+01, -5.4122800907327886e+01
32, 14, 2.7125747553615817e+01, 1.0411325267838701e+02
32, 15, 5.0667570218674463e+01, -9.5465334210670960e+01
32, 16, -3.3765889526636869e+01, -2.5797962815259112e+01
32, 17, -8.4703854376264438e+00, 4.3881608924319963e+01
32, 18, -6.5088388577435978e+01, -2.9132229747463224e+01
32, 19, -6.7763466288001212e+01, 1.2165579457247846e+02
32, 20, -1.9292218166911368e+02, -4.5728576866518452e+01
32, 21, 1.1521204611427260e+02, 9.7190318385835894e+01
32, 22, 5.6973579267725540e+00, -1.3408738454188395e+01
32, 23, -4.8073222793097187e+01, 3.4671297048308901e+01
32, 24, 2.3236346902496798e+00, -8.9948350159104436e+01
32, 25, -1.1119847020574780e+02, 1.3157396446292580e+02
32, 26, -2.0531328956176090e+01, 2.2280879084325207e+01
32, 27, 2.5247042131887330e+01, 8.6634639217295415e+01
32, 28, -3.4016840114133004e+01, -1.6096594547634129e+02
32, 29, -1.5317309640978192e+02, -7.7243906506547177e+01
32, 30, -3.5363370870746365e+01, 1.3622593666514220e+01
32, 31, -3.1762630437722095e+01, -6.6403241232544744e+01
32, 32, 3.2974619138066529e+01, 6.4825521227661511e+01
33, 0, -4.6557950577043528e-01, 0.0000000000000000e+00
33, 1, 8.7816513274114101e+01, 8.6045610435862400e+01
33, 2, -2.9645048626391052e+01, -1.1325826958043868e+02
33, 3, 9.9135759830353862e+01, -9.6572646873645454e+00
33, 4, 3.0048449701717644e+01, -5.6388823853693196e+01
33, 5, 4.8425444877887315e+01, 3.2289110088701634e+01
33, 6, 7.0773231879042427e+01, 1.8828737762519444e+02
33, 7, 2.3026030092700594e+01, -1.2598511763251742e+02
33, 8, 1.3429773941690561e+02, 2.6658994045219487e+01
33, 9, 3.7256728786582357e+01, -4.9812434381525890e+00
33, 10, 4.5107099786457873e+01, -2.3977509331817156e+01
33, 11, -2.0335192507793124e+01, 4.9281482203411770e+01
33, 12, -1.0625374269368164e+02, -5.4486692512813825e+01
33, 13, -8.4187559457881690e+01, 1.9264898399492019e+01
33, 14, -3.7873027693585470e+00, 4.8375956387055737e+01
33, 15, -1.7940280853688847e+01, -3.0116324940270232e+01
33, 16, 2.8756988029556865e+01, 9.8277386546953380e+00
33, 17, 1.2120632936970573e+01, 3.8394866314038346e+01
33, 18, 1.0278388313207853e+02, -2.4304561353444679e+01
33, 19, -1.3272627720862721e+02, 4.2737000845221587e+01
33, 20, 8.5171046938628763e+00, -2.5459764044556763e+01
33, 21, -4.7860453996554831e+01, 1.1950378625714825e+02
33, 22, 4.3632973064061339e+01, -6.1763024782571094e+01
33, 23, 1.9397441333016477e+01, -7.3851778039663373e+01
33, 24, 7.1588827031121070e+01, 7.1975441829582849e+01
33, 25, 1.3928696804115458e+02, -4.8060581027361252e+01
33, 26, 5.3028608633129352e+01, -2.6854099606789561e+01
33, 27, 2.6922392834037304e+01, -1.6844275530424742e+01
33, 28, -3.2305469785962401e+01, -5.7678808601959958e+01
33, 29, -6.9125244993459447e+01, 6.1233657507408132e+01
33, 30, -1.4090933207013353e+02, 1.2939410158952973e+02
33, 31, 3.8217153708831972e+01, -6.8505907305002651e+00
33, 32, -4.9693311590564129e+01, 1.3138141461065817e+02
33, 33, 6.1315117415361712e+01, -8.2541686225153768e+01
34, 0, 1.7145071178669485e+02, 0.0000000000000000e+00
34, 1, -6.1290518803160211e+01, 2.8874107709209170e+01
34, 2, 4.8343055722271941e+00, -7.6774108186145611e+01
34, 3, 1.2928523350544580e+01, 1.4744830053373835e+02
34, 4, 3.9119739277009941e+01, -8.3253773466828193e+01
34, 5, 4.6941028693328576e+01, 5.6922223517960965e+01
34, 6, 8.8133937730275562e+00, 5.9833820871478991e+01
34, 7, 2.9955853851357006e+01, -1.0344144412150405e+02
34, 8, -8.5927169730131894e+00, 1.0636483049823883e+02
34, 9, -1.3766947202064441e+02, 6.2854108004270017e+00
34, 10, -2.6846545826897714e+01, 4.4789469809959314e+01
34, 11, 8.7955883238457488e+00, 1.6052262953186568e+02
34, 12, 6.7675305479560762e+01, -2.2512580198695851e+01
34, 13, 1.1669241216367577e+02, -4.3482360426356394e+01
34, 14, 2.5181118460504976e+01, -1.5475844384587708e+02
34, 15, -8.8729135296211723e+00, -7.1701070722181271e+01
34, 16, -1.3096446993644750e+02, 2.0973765933465867e+01
34, 17, 6.0223190544277990e+01, -3.9715540801938999e+01
34, 18, 9.7071328911398105e+00, 5.4080918960725015e+01
34, 19, -2.8683122393188981e+01, -1.0876223013700977e+02
34, 20, 1.9353760440314431e+00, 5.1100510421413425e+01
34, 21, -7.3569065667469886e+01, 5.2728178603796493e+01
34, 22, 1.1322742945726343e+02, 4.0167318184593057e+00
34, 23, -8.7226359920203521e+01, 8.9000940283430197e-01
34, 24, 2.4711434767687962e+01, -5.2655442040866070e+01
34, 25, 2.3144192364633270e+01, -3.3768038806090502e+01
34, 26, -9.0273374951450435e+01, 8.3047896689820789e+01
34, 27, 1.0417432731840061e+02, -6.8824609247504483e+01
34, 28, -1.6465461918314332e+00, -3.9120266054046034e+01
34, 29, -6.7387744750298566e+01, -1.3034340663852532e+02
34, 30, 1.7228121281024976e+01, 4.2345039196042677e+01
34, 31, 6.5150262748548755e+01, -2.7832788884085943e+01
34, 32, 1.8407143866091531e+01, -4.7684778280626006e-02
34, 33, 1.3649811047625974e+02, -2.4552937834030718e+01
34, 34, 3.7881399402730977e+01, 4.5296893826107095e+01
35, 0, -2.7013232704118977e+01, 0.0000000000000000e+00
35, 1, -3.2825024808219354e+01, -1.0300893096677441e+01
35, 2, -5.3991919527963795e+01, 6.4123297478906537e+01
35, 3, 2.5243976473608441e+01, 1.0671072795597885e+02
35, 4, 1.0194417404593194e+02, -5.8060592941335671e+01
35, 5, 7.7036262906981690e+01, 8.6184179849033541e+01
35, 6, -1.7776368951974348e+01, -4.2231177521745309e+01
35, 7, -2.4737193504955428e+00, -3.2882142697640631e+01
35, 8, -3.7003931243011550e+01, -2.6353800373077149e+01
35, 9, -7.5921060630153008e+00, -1.5877602423534299e+01
35, 10, 2.9184398777941574e+01, 5.6525301065351726e+01
35, 11, -5.7265929880136611e+01, 3.9769932916445605e+01
35, 12, 2.5429943411134474e+01, 9.1712312953458053e+00
35, 13, -4.9541121252916909e+01, 2.1331052311706532e+01
35, 14, 5.7719914485855426e+01, 4.1264571240929058e+01
35, 15, -3.6825678755260675e+01, 6.1732280380685296e+01
35, 16, -9.0623954915757878e+01, -9.6509432196949319e+01
35, 17, 7.7746345203343125e+01, -6.0282364685657257e+01
35, 18, -1.1229098272827368e+02, 4.7978038739659326e+00
35, 19, -5.0099768880134206e+01, -4.2263508673001851e+01
35, 20, -9.5393228825192850e+01, 1.4652568061943086e+02
35, 21, -4.4060607321098587e+01, -1.1124397171262206e+02
35, 22, 9.8531393021120408e+00, 9.7194932530582975e+01
35, 23, 7.2794012628588803e+01, -1.2745306244693283e+02
35, 24, 6.8133095997886599e+01, -4.7483756782356103e+01
35, 25, 5.1796782038458389e-01, 5.1833795059243997e+00
35, 26, -3.8202839683185793e+01, -8.2872526106541414e+01
35, 27, -2.3284430573087036e+01, 9.1206987295087757e+01
35, 28, -1.8825130036491572e+01, 2.1040049164000742e+01
35, 29, -9.9239785280397257e+00, -5.9981244070860910e+01
35, 30, -6.1298423128755417e+01, 1.3960525685409692e+01
35, 31, 5.8501416425458075e+01, -1.5358474500496088e+01
35, 32, -6.9372485013846585e+00, -1.4780075026662587e+01
35, 33, -2.5873738199326411e+01, 3.7865725692124670e+01
35, 34, -5.2281990356170695e+01, 1.9702458182190185e+01
35, 35, -4.9123629128314562e+01, -8.1992433814891271e+01
36, 0, -9.8384214414701034e+01, 0.0000000000000000e+00
36, 1, 1.5816997267081874e+01, -4.5306190044059989e+00
36, 2, -8.5066903816779984e+01, 4.9692758180142306e+01
36, 3, -2.3794468876642441e+00, -3.5666072693774936e+01
36, 4, 1.3325811419427649e+02, 2.0027235835759129e+01
36, 5, -7.8213665799282566e+01, -1.1404842141953562e+01
36, 6, 6.3543643625721316e+01, -2.5216964307644702e+01
36, 7, 1.0466632881154933e+02, 5.8760964417663303e+01
36, 8, -2.6101892512318599e+01, -2.2283583681445378e+01
36, 9, 1.8342525209099529e+02, -3.2818799823412959e+01
36, 10, 2.3910713310244361e+01, -1.0309428077453657e+02
36, 11, 1.3211911830125317e+01, -3.9294565248868679e+01
36, 12, 1.1997784957717218e+02, 5.1320097962793781e+01
36, 13, -1.4789711444609461e+02, -4.0384371836800483e+01
36, 14, 6.1493800417490306e+01, 4.9596898622003216e+01
36, 15, -1.8583403181653784e+02, 9.2119889905736414e+01
36, 16, 1.1691979708817283e+02, -8.3557020354580800e+00
36, 17, -3.5430254517700710e+01, 4.3535121685481414e+01
36, 18, 2.5528806520866766e+01, -7.7458847535800473e+01
36, 19, 1.2011852174069446e+00, 9.0014984437577525e+01
36, 20, -1.0924571370622238e+02, -6.5988548320297951e+01
36, 21, -6.3301714659010628e+01, 4.6247244673144330e+01
36, 22, -4.5430942883610541e+01, 5.3050736358575335e+01
36, 23, -1.5786712027113966e+01, -9.4997277471564985e+01
36, 24, 1.0091406324656475e+01, 4.6756279230534545e+00
36, 25, -5.6236068762096281e+01, 1.5275184092857245e+01
36, 26, 6.1210809612901471e+01, 8.9834911978824550e+01
36, 27, 1.2537211051951488e+01, -6.7008941813082714e+00
36, 28, 3.6347983525541501e+01, -9.6202920821845908e+01
36, 29, 2.4432073130337727e+01, 1.6646229101445965e+02
36, 30, -5.0445614587939190e+01, -5.8578038386721630e+01
36, 31, 2.7920016484249047e+01, 7.3581313839971074e+01
36, 32, -2.8899686916908792e+01, -1.1288792508761460e+01
36, 33, 6.7125533520382476e+01, 8.4587525730163009e+01
36, 34, -4.1470744723470290e+00, -8.2211057061994211e+01
36, 35, -1.8133766459125951e+01, 3.1887408058426445e+01
36, 36, 1.9621968453403511e+01, 1.3983561998110244e+02
37, 0, 6.1699955704064052e+01, 0.0000000000000000e+00
37, 1, 7.0137289823729986e+01, 1.0612841274275888e+02
37, 2, -1.1501093195583519e+02, 4.3463304363084681e+01
37, 3, 1.2046029884932850e+02, 7.6332325069872269e+00
37, 4, 6.4186108949858465e+00, -6.6793472937207014e+01
37, 5, -9.4507560276033431e+01, -2.4711829418540788e+01
37, 6, 2.2876153825335905e+01, -1.9606836409090761e+01
37, 7, -1.4220220638988522e+02, -2.7891345733665602e+00
37, 8, 1.7947889063387890e+01, -5.2920896365213423e+01
37, 9, -1.2228616877962622e+01, 2.7523375126782241e+00
37, 10, -3.5385039307775344e+01, 7.0816609021476310e+01
37, 11, -1.0295854007885896e+02, 5.3808634463007849e+01
37, 12, 2.3041234953469228e+01, 1.5920236870884159e+02
37, 13, 6.0312624793312835e+01, -1.3084051148099624e+02
37, 14, 5.1626850557661164e+01, 1.3644938855053186e+02
37, 15, -5.5119258468917998e+01, 1.6578847182889376e+01
37, 16, 1.0818486529066726e+02, 2.2785882240142705e+01
37, 17, -2.4354173474212729e+01, -5.0042331652696276e+01
37, 18, 1.0251041956747879e+02, 4.7024931828146947e+01
37, 19, 3.0782663735170871e+01, 6.0819365481526944e+01
37, 20, -4.1534839861897396e+01, -7.9555869596099768e+01
37, 21, 1.4793987153743085e+01, 2.8549651897044157e+01
37, 22, -6.9859739692622682e+01, -3.9416630263087775e+01
37, 23, 1.0186328156685470e+02, -3.9977463539483196e+01
37, 24, 6.0446674647520631e+01, -5.4962086291550150e+01
37, 25, -3.6774745247586083e+00, -2.3708700197880709e+01
37, 26, -4.2873774597031563e+01, -6.3857022880160343e+00
37, 27, -7.9626635295182254e+01, 1.4977801990760994e+01
37, 28, 9.8685064834464413e+01, 8.7125612491586555e+00
37, 29, -3.0484082620227113e+01, 3.9052735206319795e+01
37, 30, 1.0128095833620996e+02, -3.0579139153340975e+01
37, 31, -7.1353008051183593e+01, 4.0893655387493453e+01
37, 32, 3.6896842168731538e+00, -6.6332135650040442e+01
37, 33, 8.0020443729612850e+01, 3.5509724222080706e+01
37, 34, -5.0041000562237627e+00, -1.0809745181837631e+01
37, 35, -1.0780027270549050e+02, -4.7615182773171810e+01
37, 36, 1.2129938146782791e+02, 6.9999062419711152e+01
37, 37, 3.6582082600695102e+01, -3.5621717146078140e+00
38, 0, 3.3660719842100661e+01, 0.0000000000000000e+00
38, 1, -9.2349142762368984e+01, 6.8833179398759995e+01
38, 2, -9.2985775430280626e+01, 1.2322989798733204e+01
38, 3, 1.3019625607088116e+02, -9.8509122245643965e-01
38, 4, -6.8637305615052782e+01, -7.2837615941307718e+01
38, 5, 1.1830069113224093e+02, 4.3235134046240454e+01
38, 6, 5.3324510201930309e+01, 1.4763010747447603e+02
38, 7, 5.9214260199845370e+01, -4.1921402671505831e+01
38, 8, 1.1218993087826506e+02, 1.8356215881850346e+01
38, 9, -6.8295064339549697e+01, -4.6935624194131094e+01
38, 10, -3.7231228923757541e+01, 2.3048170638388800e+01
38, 11, -7.6133892983510208e+01, 3.8715519307939857e+01
38, 12, -2.7138857176270381e+00, 5.7140099509386658e+01
38, 13, -1.3681601395016202e+02, 8.5307183123591500e+01
38, 14, -1.0044745489476082e+02, 9.7666583311855504e+01
38, 15, 3.6090625892604024e+01, 9.1938338856847494e+01
38, 16, 3.0307294538594000e+01, 3.3108858940760030e+01
38, 17, -4.9173069815963380e+01, -1.3482142229262493e+01
38, 18, -6.0363266864095237e+00, -3.6578028924131473e+01
38, 19, -7.1514656390200784e+01, -5.7389097674653058e+01
38, 20, -1.1578969538980358e+02, 4.2133725538398714e+01
38, 21, 1.0150211541490574e+01, 5.8356249900688830e+01
38, 22, 7.4713117196408035e+01, 1.1812359307152423e+02
38, 23, 1.6506261928728421e+00, 5.0338879188069399e+01
38, 24, -7.4129285683375556e+01, -1.2172632425274834e+01
38, 25, 2.0106812735351326e+01, 4.0704582711261416e+01
38, 26, 9.9685931402417452e+01, 5.3672944984133281e+01
38, 27, 1.2169981557102171e+01, -1.4310684479659432e+02
38, 28, -3.6633320136452852e+01, 4.0038516671963038e+01
38, 29, -5.4807150812902051e+01, -1.2204112785031157e+01
38, 30, 8.7056151228688023e+01, 6.9125318069291922e+01
38, 31, -8.5181376237494987e+01, -5.6530405073274011e+01
38, 32, 5.7416505342845483e+01, 3.6700643316820972e+01
38, 33, -3.8349474981125098e+01, -5.3566273970472025e+01
38, 34, -1.1675511516193214e+02, -6.8048365853842938e+00
38, 35, -1.2431307049435318e+02, -6.0051268487193511e+01
38, 36, -3.7846998609323521e+01, 4.6186940326379670e+01
38, 37, -4.4445149250641499e+01, -1.0192139989303433e+02
38, 38, -9.3185307204776805e+01, -6.6314108409153249e+01
39, 0, 5.1972099553121737e+01, 0.0000000000000000e+00
39, 1, -4.5198882022319538e+01, -9.4540742185078059e+01
39, 2, 2.2836962021104568e+00, 1.9669741326157606e+01
39, 3, 4.1921565645078047e+00, -4.5987337321812660e+00
39, 4, -3.6445448280935238e+01, -4.2790731340273084e+01
39, 5, -4.8432810216681901e+00, 1.5606843585685809e+02
39, 6, -4.3359215633025123e+01, 5.3786811706145173e+01
39, 7, 4.8935701605768543e+01, -5.4230608482478964e+01
39, 8, -4.3637592904859162e+00, 1.3855104187931417e+01
39, 9, 3.7164386329726540e+01, 1.8936815653198050e+01
39, 10, -3.8645445132262651e+01, -2.3687122102594621e+01
39, 11, -5.9266301389161896e+01, 1.0492786542823248e+02
39, 12, 6.7159873379757613e+00, 2.3531625793228969e+01
39, 13, 4.2845196428484343e+01, 3.0453908298734163e+01
39, 14, -3.8354592078818982e+01, -6.6421150647654073e+01
39, 15, 3.4655316370212233e+01, 6.9972435613589582e+01
39, 16, -8.0347827124059762e+01, 7.4722504744633511e-01
39, 17, 3.3318933188310922e+00, 4.4037237921643587e+01
39, 18, -3.2138082428753464e+01, 5.1175396522033367e+01
39, 19, 4.0024017047287657e+01, 3.9244428759536888e+01
39, 20, -5.3918984227306687e+01, 4.2282850451159106e+01
39, 21, 7.2992346462889813e+01, -7.1593609368880237e+01
39, 22, 6.4449091593252632e+01, -2.6873924724922240e+01
39, 23, 1.4243629649606902e+01, -2.6495519571918297e+01
39, 24, -1.4495931165281698e+02, -7.0948626425460048e+01
39, 25, -5.8051017952110385e+01, 6.3604034719573633e+01
39, 26, -4.7605760469318895e+01, 2.7516640317086765e+00
39, 27, 7.8263144024874549e+01, -7.9814459815881449e+01
39, 28, -1.0417669254431084e+02, -1.0392070339348292e+02
39, 29, 3.8013416059905836e+01, -1.3047187597405176e+02
39, 30, -1.4067847949368073e+02, 6.8510542393066828e+01
39, 31, -4.5469504683275602e+01, -1.2362526832359084e+02
39, 32, -3.3314811263676233e+01, 1.0048728766287235e+02
39, 33, -4.8906166578861956e+01, -7.9671950364731572e+01
39, 34, 7.6123317303711531e+01, 5.4633342062837940e+01
39, 35, -7.1942274670895273e+01, -9.9374678353473485e+00
39, 36, 1.1664703464108378e+01, 2.7714648683740037e+01
39, 37, -8.5505666485052245e-01, 6.1344702494237850e+00
39, 38, -9.6436752159050343e+01, 1.0108305680341087e+02
39, 39, 1.6814111179019470e+01, 3.4846627594506003e+00
40, 0, -1.3709881969044793e+02, 0.0000000000000000e+00
40, 1, -1.0322840308791766e+02, 1.3821536099868222e+01
40, 2, 1.6993406335671892e+01, -5.2554175970759729e+01
40, 3, 6.5871348942277081e+01, 3.0869828868727076e+01
40, 4, 6.8561579697370249e+01, -2.3692687104992388e+01
40, 5, 3.8433983750446430e+00, 1.4243512401519646e+02
40, 6, -3.8320095154896705e+01, -7.7014236313846624e+01
40, 7, -6.8784097678615410e+01, -4.4776293678564357e+01
40, 8, -1.6878973052166992e+02, 1.0234103046201821e+02
40, 9, -4.7963972511378977e+01, 6.5304843452386635e+01
40, 10, 3.9688708912067156e+01, 1.5349506013937759e+02
40, 11, 2.1629619153968889e+01, 6.1956256330371147e+01
40, 12, 2.0885490724136869e+01, 1.7272477844838420e+01
40, 13, 5.5966563162764395e+01, 3.9167409644908872e+01
40, 14, 3.8721940083816826e+01, 2.1546651418463370e+01
40, 15, 4.7200379274272521e+01, 4.2610791584026487e+01
40, 16, -5.9461478872745374e+01, 1.3244146144371385e+01
40, 17, -2.2580962921997155e+01, 2.9528261466443062e+01
40, 18, 6.6975085794233976e+01, 6.3026384518844765e+01
40, 19, 1.0333237646710589e+02, 4.2903058003155836e-01
40, 20, -6.8969683936650640e+01, 1.5910610348285523e+01
40, 21, -6.1053064182211422e+01, -9.0081850351850250e+01
40, 22, 3.3731333244944267e+01, -3.8958968187622077e+01
40, 23, -3.5774139505377590e+01, -4.7507845006716565e+01
40, 24, 2.5368985845467037e+01, 6.1817735933251896e+01
40, 25, 1.2392210805472828e+01, 8.2707955883576290e+01
40, 26, 4.0182581376893538e+01, 4.1054092234972472e-01
40, 27, -8.0771993422984298e+00, 2.3203718122359501e+01
40, 28, -9.8057894158892566e+01, -5.9896843947979306e+01
40, 29, 1.3511690467286473e+02, 1.6294043087023269e+02
40, 30, -1.1131175918683994e+02, 1.0689139398630786e+02
40, 31, 9.0715648297607913e+01, 2.7748587373645250e+00
40, 32, -8.6905539648409430e+01, 1.7063141625146791e+01
40, 33, 8.8851839587849440e+01, -4.6722170635816951e+01
40, 34, -7.8694928610428434e+00, 1.0175891329548966e+02
40, 35, -3.1287726055488747e+00, -5.0368788911015805e+01
40, 36, 1.6345411582401169e+01, 5.4540890417163894e+01
40, 37, 6.4248993869781998e+01, -4.2769640291129690e+01
40, 38, -3.3389551069260648e+01, 2.3447263784367461e+01
40, 39, 8.0343568392500160e+01, 3.5537714701868026e+00
40, 40, 6.0705351165840739e+01, 2.6270018611336354e+01
41, 0, -3.2253253665379802e+01, 0.0000000000000000e+00
41, 1, -3.8340563503635167e+01, 7.1357333787065059e+01
41, 2, -1.4965923602591712e+02, -3.4681100636782958e+00
41, 3, 5.5332716609086489e+01, -2.4572815028384866e+01
41, 4, -6.0593981757438023e+01, -3.4911668114675393e+01
41, 5, -1.0097463046646253e+02, 4.4880896115574672e+01
41, 6, 8.5623972549432011e+01, 5.2255741436805508e+01
41, 7, -7.0389272993743589e+01, 1.5557274580000211e+01
41, 8, -7.1102523503060212e+01, 4.4807477450819690e+01
41, 9, 2.1033599580331142e+01, -9.5588902792786179e+00
41, 10, -1.4562216826054041e+01, 1.4608395235937465e+01
41, 11, 1.5768365391688182e+01, -3.6923379932716983e+01
41, 12, 2.3306265432678671e+01, -3.7032462444926225e+01
41, 13, -5.2229817302498986e+00, 4.6226645010530810e+01
41, 14, 1.4405549406919499e+02, -7.8918328550010699e+01
41, 15, -4.5678512306017552e+01, -4.4888613595752417e+01
41, 16, 1.1679231209671519e+02, 2.2490310975804555e+01
41, 17, -1.7726616467562440e+01, -4.9491758863824259e+01
41, 18, 3.4778910405420419e+01, -6.2526965316719156e+00
41, 19, 2.1917979155194676e+00, 4.2154660690045013e+01
41, 20, 3.0655837410051944e+01, -6.9310576868397845e+01
41, 21, 1.3368592212910755e+01, 9.7988335823456083e+01
41, 22, -2.9904863291597877e+01, 2.3776731760205518e+01
41, 23, -2.5662110325955922e+01, 4.8856244983322327e+01
41, 24, 2.7805836674648816e+00, 5.8394189431718829e+01
41, 25, 3.2241690616809066e+01, 3.6928980333801597e+01
41, 26, 7.5991216239449528e+01, 5.4299850620352856e+00
41, 27, -3.4228633987783553e+01, 4.0710068825984408e+01
41, 28, 1.1822038477130462e+02, -1.2514964523041237e+02
41, 29, 2.2597806465729004e+01, 5.3498894433561759e+01
41, 30, 5.2790006420812858e+00, 1.3079203294839488e+00
41, 31, 4.5052646778597328e+01, 7.4749169039076349e+01
41, 32, -1.3219892288375792e+02, -1.0814009739681623e+02
41, 33, 7.9090286011679183e+01, 9.0709055390569958e+01
41, 34, -5.7078825001840585e+01, 3.9502427264541552e+01
41, 35, 5.7647208487456311e+01, -3.2612586690113787e+01
41, 36, -6.5545386846494964e+01, 4.8578993919802258e+00
41, 37, -1.3981315003042468e+01, -7.6661144311735910e+01
41, 38, -4.0291834153369244e+01, -4.0753673896599310e+01
41, 39, 1.8095389577372558e+01, 6.3026157986981111e+01
41, 40, 3.9042709127630815e+01, -9.2461613957602111e+01
41, 41, -7.3983188978871539e+01, -9.3773103224537749e+01
42, 0, -7.1151818904620576e+00, 0.0000000000000000e+00
42, 1, -8.8476782122508482e+01, -1.3081189404037517e+00
42, 2, -2.4228686637234158e+01, -4.2879593040285613e+01
42, 3, 5.1709110631676765e+01, -2.4929423403658820e+01
42, 4, -1.2081351194782307e+02, -6.5398197223820304e+01
42, 5, -6.0289791648846808e+01, 1.0210657256220190e+02
42, 6, 1.1499471744164155e+02, -2.7809699661725325e+01
42, 7, -1.0958194221915917e+01, -1.4357467814906713e+01
42, 8, 6.1757437463302892e+01, 1.0110713524635338e+02
42, 9, 1.4244937759144523e+01, 7.4618881443258218e+01
42, 10, -5.5381837246678778e+00, 2.3126002257644195e+01
42, 11, 2.6899841098650114e+01, 2.1938957495873296e+01
42, 12, 1.0375509530958418e+01, -2.4230942336118179e+01
42, 13, 4.1185553922234668e+00, 7.1554628773512192e+01
42, 14, 8.4234688357427899e+01, 1.4185312459549010e+01
42, 15, -7.9009825193910899e+01, -1.2896932388459017e+01
42, 16, 7.5591637575871033e+01, 2.2307966248396706e+01
42, 17, 5.0229592248814662e+01, -2.4833181881637916e+01
42, 18, 8.9822068091674964e+01, -1.2820910323460947e+02
42, 19, -2.0319725408653838e+01, 3.5553492992750414e+01
42, 20, -1.6029087277672321e+01, 1.9878686647209022e+01
42, 21, -1.1508673277776374e+02, 2.5465951506133422e+00
42, 22, 5.1806832598107881e+01, 3.2778238403741256e+01
42, 23, 1.2242791927781875e+02, 5.0151403832051471e+01
42, 24, 2.8432038213969690e-01, 8.0666562632624334e+01
42, 25, -1.9921182250176368e+01, 1.4462304383052967e+01
42, 26, -4.5194686267454088e+01, 2.8284561902423590e+01
42, 27, 1.5065788378674270e+01, -6.5845660363233890e+01
42, 28, 7.4971892769976279e+01, 3.0102856969330595e+01
42, 29, 1.9892694553177641e+01, -2.2934062485047733e+01
42, 30, 6.6545630603154962e+01, 8.7025721981846402e+00
42, 31, -5.6747314824523045e+01, 2.9687794866290076e+01
42, 32, -1.1021477894092438e+01, -1.0374542127397464e+02
42, 33, -1.0133741925555972e+02, 9.7809737044108800e+01
42, 34, 2.5971953311054161e+00, 2.0310738077910500e+01
42, 35, 1.2554880417141747e+02, 2.0009353720158671e+01
42, 36, 5.4688837258614313e+00, -2.5694483718130144e+01
42, 37, -1.3505001169573227e+01, 7.1459795210355310e+01
42, 38, 2.5771269071824676e+00, 2.7495820790022492e+01
42, 39, -4.1470273514140700e+01, 3.4407063597019302e+01
42, 40, 1.1925127481838894e+02, -6.6747292289066792e+01
42, 41, -6.5444459804063271e+01, 1.0780636593027577e+02
42, 42, 5.7669801501981226e+00, 5.1581489024139444e+01
43, 0, -6.7054459081211576e+01, 0.0000000000000000e+00
43, 1, -4.9837895068555895e+01, 2.9703575194730917e+01
43, 2, -4.7793694311033754e+01, -7.5311106227460925e+01
43, 3, 7.9918286822685019e+01, -1.0863946127458018e+01
43, 4, -8.2851812656349239e+01, -4.2226266921080637e+01
43, 5, 1.3613383009143874e+01, 1.6878309776883953e+01
43, 6, 2.4034322185282235e+00, 1.4970641751928042e+00
43, 7, 3.7847747943412422e+01, 4.3164983582857758e+01
43, 8, -2.6938143577158339e+01, -6.7106394274688341e-01
43, 9, -7.4048032099185022e+01, -9.8602190136173647e+01
43, 10, 6.5295465973296416e+00, 1.6439056026106847e+01
43, 11, 2.8637189305450061e+01, 4.8904795015486044e+01
43, 12, 5.2995683691219057e+01, -1.4966262331733105e+01
43, 13, 1.4473507990503009e+01, -1.6909005876195202e+01
43, 14, -4.5930715532667854e+01, 4.6123951399358283e+01
43, 15, -7.0808238827609870e+01, 9.5320746481905303e+00
43, 16, -2.3445518663746441e+00, 8.1956602573720645e+01
43, 17, -3.3304043062624459e+01, -6.6868200632165156e+00
43, 18, 1.4714009559099452e+01, -2.1689766778894203e+01
43, 19, -5.5304332088686428e+00, 8.8615016490769676e+01
43, 20, -1.2465512610157061e+00, 1.2893156943847217e+01
43, 21, -1.5031632609411311e+01, -4.4693808759711828e+00
43, 22, 1.5194828115154166e+00, -2.0390612879090369e+01
43, 23, 8.3737781891028533e+01, 1.3280883962206538e+01
43, 24, 2.2918728175531712e+01, 2.5085049019143980e+01
43, 25, -3.9523688482939633e+01, -8.3575857026260692e+01
43, 26, 2.0109905878442916e+01, 9.3832482870766114e+01
43, 27, 3.9679771514998855e+01, -8.0272950778381144e+01
43, 28, 1.0593692455347407e+02, 2.6092123828847363e+01
43, 29, 5.1912239899433557e+00, -8.2012570344538545e+01
43, 30, -1.1207787562892747e+02, 3.7351732667785022e+01
43, 31, -4.7559990623361131e+01, -6.3579587202321513e+00
43, 32, 2.0068919160629548e+00, 6.2184899953265287e+01
43, 33, 3.8292161140547222e+01, 6.4894600150796634e+01
43, 34, 1.2340185517785559e+02, 4.7764224311475154e+01
43, 35, -4.0949998627814296e+01, -4.2495147210771727e+01
43, 36, -1.4923443012136985e+01, -1.2521818714641540e+01
43, 37, -6.7478894947250581e+00, 4.2324468645285243e+01
43, 38, 6.1725572348024357e+01, 3.6841348082077545e+01
43, 39, 7.6169502396336924e+01, -6.7728779696918409e+00
43, 40, -3.6219671021386397e+01, -7.5602258629341691e+01
43, 41, 9.7561650893905494e+00, -1.9152117825658117e+01
43, 42, -1.3811474188032378e+00, -7.6740155711756302e+00
43, 43, 7.8699365249584545e+01, 6.1918073255157303e+01
44, 0, -5.2428624786041837e+01, 0.0000000000000000e+00
44, 1, -1.3994303813983058e+02, 2.4063217010144644e+01
44, 2, 5.3678198717623232e+01, -2.2418155227292541e+01
44, 3, -1.8898063231334191e+01, 4.7715768631500403e+01
44, 4, -7.4347146733856249e+01, -3.1201447969350596e+01
44, 5, -4.1622339985488651e+01, 8.1790615184195772e+01
44, 6, 2.3000493515876428e+01, -5.1928984263857792e+01
44, 7, 2.1081591851673238e+00, -8.9042816488472070e+01
44, 8, -4.3225170618396433e+01, -7.7576738175808444e+01
44, 9, 5.9299190751411984e+01, -9.8345053566569774e+01
44, 10, 6.9391103868483526e+01, 2.9446356190937308e+01
44, 11, -2.1626199073210699e+01, 4.7700146903491060e+01
44, 12, 9.6333760764964239e+01, -2.7543742049367793e+01
44, 13, 6.2081885819492335e+01, 4.5904619451567712e+01
44, 14, 3.1535007935903948e+01, -9.7951448498130119e+01
44, 15, 5.9073401532351220e+01, -1.0170316296459345e+02
44, 16, 2.6431042031170819e+01, -1.9109311170743101e+01
44, 17, -5.8342502645981000e+01, -4.3563842916123335e+01
44, 18, -7.1403549124865052e+01, 5.2323885795340210e+01
44, 19, -8.1266793576925011e+01, 2.0619215885818583e+01
44, 20, 3.6547341064423108e+01, 9.4594160058614278e+01
44, 21, -2.3802389839802359e+01, 2.2432534510897639e+01
44, 22, 6.3874323487930695e-01, -1.6913803685547215e+01
44, 23, 2.4578457282330604e+00, -3.4885982338093058e+01
44, 24, 2.2656467658406598e+01, -3.4670099067591629e+01
44, 25, -1.3961632053976061e+01, 5.2785535501995021e+01
44, 26, -6.8262244239457246e+01, 5.5831628107235495e+01
44, 27, 7.4153004214305923e+01, 3.5330016326072666e+00
44, 28, 1.5866682540434098e+00, -2.8376914054070152e+01
44, 29, -1.2777222925422464e+01, -6.4524295807748899e+01
44, 30, -8.2907211870489036e+01, 3.2363564235234264e+01
44, 31, -6.0546508896990758e+01, 4.4847251610625648e+01
44, 32, -5.4890161794144547e+01, 5.0022663469092663e+00
44, 33, 5.1836500763593250e+01, 1.2165329364683359e+01
44, 34, 7.6444363272223953e+01, 4.3972865962979427e+01
44, 35, -3.7718924018490966e+01, -1.0169712045147593e+02
44, 36, 2.9644443888247444e+01, 6.2938105927562731e+00
44, 37, -1.1528133978291044e+02, -3.1554152370791044e+00
44, 38, 6.0495429268522287e+01, -5.7228757521877753e+01
44, 39, -3.3112383715501892e+01, -3.2130970297509727e+01
44, 40, -6.8305268962497365e+01, 1.2073803860057382e+01
44, 41, 2.5085718797024253e+01, 2.5600249571718024e+01
44, 42, 2.0227658975961091e+01, -2.2880934222947502e+00
44, 43, -1.0701244180633495e+01, -3.0164873062432491e+00
44, 44, 3.6267570716494191e+01, -2.0252472348351563e+02
45, 0, -7.9803997309036902e+01, 0.0000000000000000e+00
45, 1, -3.6709750065087633e+01, -5.9613853432266801e+01
45, 2, 4.9520298021985383e+01, 3.6218266098130016e+01
45, 3, -2.3091251315088499e+00, -9.5847763686163418e+01
45, 4, 7.2688939500030784e+01, -1.7900740010578843e+01
45, 5, -2.0390351161422132e+01, 1.3941010499461935e+01
45, 6, 6.4315307594507715e+01, -4.3285887996454164e-01
45, 7, 2.4385823557219297e+01, -2.2363590802356072e+01
45, 8, 1.6990087376439714e+01, 1.3347069080564594e+01
45, 9, -3.5022102254292960e+01, -2.4739585590947513e+01
45, 10, -3.2736778053878595e+01, 9.6780125932437684e+01
45, 11, 3.1661855652411692e+01, 4.7933666076967057e+01
45, 12, 8.5242241401123977e+01, -9.0183582974837492e+01
45, 13, 1.3016988014574935e+01, -6.4634824098071888e+01
45, 14, 1.8185306272146473e+00, -8.7023620881199264e+01
45, 15, 3.5787366832373124e+01, 9.4395240910491253e+01
45, 16, -5.4754948830390063e+01, -6.1724046539514319e+00
45, 17, 2.9862186441537425e+01, 6.3943244216392721e+01
45, 18, -1.0079227784876392e+02, -1.0521139043573379e+02
45, 19, 7.3543408562762451e+01, -1.0713055133085069e+01
45, 20, -2.7407908651389334e+00, -1.9686941538106531e+01
45, 21, -1.2862789826280434e+01, -9.2565215321103665e+01
45, 22, -1.0094838156847821e+02, 1.2932249377450279e+02
45, 23, -3.9740800568778766e+01, 6.5976156778180624e+00
45, 24, -1.0975592489785349e+01, 1.0419816324403951e+02
45, 25, -4.1699339731533392e+01, 1.5697006873893827e+01
45, 26, -2.8482232293541667e+01, 4.1599355561109476e+01
45, 27, 2.4317165994617504e+01, -6.5176671713514878e+01
45, 28, -1.9894146084074535e+01, -8.3831935293153904e+01
45, 29, 3.0866027919723127e+01, 7.4022410036600249e+01
45, 30, -1.0088010961518037e+01, 3.4088689760208965e+01
45, 31, 4.6987304045251022e+01, 3.6134391860181736e+01
45, 32, 5.2528930695624830e+01, -5.4852141344432681e+00
45, 33, 1.0698938303681417e+02, -4.2509638179885798e+01
45, 34, -4.7343093418035416e+01, -2.4927353300517076e+01
45, 35, -4.5322049970120489e+01, 2.6539416955411170e+01
45, 36, -1.6119350633976524e+00, 1.3513874999559178e+02
45, 37, 1.1196590187175883e+02, 4.2280862608932352e+00
45, 38, -3.1735084569142636e+01, 1.6257704198210504e+01
45, 39, -5.4159589431988508e+01, 9.4983395619963353e+00
45, 40, 6.8650080867654601e+00, -2.2010452110330490e+01
45, 41, -1.5563604450546563e+01, 4.4602793479539457e+01
45, 42, 1.0052057546177224e+01, -4.5891643148788944e+01
45, 43, 5.1485058265057155e+01, 2.2182852192704871e+01
45, 44, -4.0007373472089142e+01, -3.5991321396086256e+01
45, 45, -1.1851467805597375e+02, 8.6461956062828662e+01
