0, 0, 0.0000000000000000e+00, 0.0000000000000000e+00
1, 0, 1.0291729383221777e+02, 0.0000000000000000e+00
1, 1, 5.9988434578841954e+00, 4.6572128682571012e+01
2, 0, 0.0000000000000000e+00, 0.0000000000000000e+00
2, 1, -1.3807969829265836e+01, -7.4544733350854715e+00
2, 2, 1.2262004307556452e+01, -1.6130017391632176e+01
3, 0, -1.3306231796312339e+01, 0.0000000000000000e+00
3, 1, 1.5594899684337609e+01, 2.8513872199664370e+01
3, 2, 6.6639675322580292e+00, -1.4999347338245032e+01
3, 3, 4.0326826482183264e-01, -2.7333243829261718e+01
4, 0, -7.9330711030979346e+00, 0.0000000000000000e+00
4, 1, 9.3212650343677304e+00, 4.0067080809696840e+00
4, 2, -2.2396109405317763e+01, 1.6468850499804315e+00
4, 3, 2.2797636049554615e+01, -1.9840265122415570e+00
4, 4, 5.7889614258556135e+00, -4.0484411424931288e-01
5, 0, 1.7558346244664765e+01, 0.0000000000000000e+00
5, 1, -4.8478834710218948e+00, -1.6197072216416434e+01
5, 2, 9.7565398845334581e+00, -4.0925434932133689e+00
5, 3, -6.0919710739451300e+00, -1.7583639959062978e+01
5, 4, -1.5510719748673107e+00, 2.1505368514221548e+01
5, 5, 3.9612218367383933e+00, -7.5873948509805356e-01
6, 0, -8.2362401126382725e+00, 0.0000000000000000e+00
6, 1, 4.6263586119456530e+00, 3.9893582153201459e+00
6, 2, 1.0029821138265099e+01, -3.8125146877315821e+00
6, 3, 8.8387443246999382e+00, 4.1470113554632597e+00
6, 4, -3.4966712886414921e+00, -5.6729673031790560e+00
6, 5, -9.3842933339896444e+00, 2.0974804816850683e+00
6, 6, -8.9527760597129635e+00, -2.5388165450370082e+00
7, 0, -1.0448065352066234e+01, 0.0000000000000000e+00
7, 1, 3.2559406359465504e+00, -9.8181484452497401e+00
7, 2, -9.9496994566694692e+00, 7.8280055213734103e+00
7, 3, -3.4794872405494557e+00, 2.0850225702804144e+00
7, 4, 3.7279103762525065e+00, 8.0614410764452913e+00
7, 5, -6.0711133426487485e-01, -2.6831706655459926e+00
7, 6, -5.4734929895891797e+00, -1.1926447691759292e+00
7, 7, -3.3948686070855461e+00, 5.3432894889395683e+00
8, 0, 4.5135721518477681e+00, 0.0000000000000000e+00
8, 1, 1.1476177068407984e+00, -5.1869991225915051e+00
8, 2, 7.8597946051366208e-01, -2.8605855696429061e-01
8, 3, -2.4099753653552574e+00, -2.4170138580088572e+00
8, 4, -1.0482718068428003e+00, -5.9360315661663012e+00
8, 5, -4.0308724814906061e+00, -6.1461300823602993e+00
8, 6, 5.2652046617388910e+00, 2.7423828484737682e+00
8, 7, -2.1888513941888861e+00, -3.2938573702084417e+00
8, 8, 4.1956046397638973e+00, -5.3358081966278281e-01
9, 0, 1.6161305045403562e-01, 0.0000000000000000e+00
9, 1, -4.7859711869597827e+00, 9.7568381487982627e+00
9, 2, 4.0127656889225847e+00, -2.3992266059596616e+00
9, 3, 1.3421005657646670e+00, 3.3492123625439572e+00
9, 4, 1.6230106274805869e+00, 1.9834174052191367e-01
9, 5, 3.0861498470852942e+00, -2.7371523639244177e+00
9, 6, -2.0972758132559894e+00, -6.9159882576331766e+00
9, 7, -1.9633161893099644e+00, 8.5340848540684302e+00
9, 8, 5.7390304885416619e+00, -3.0809212652998292e+00
9, 9, 2.2184589253299127e+00, 3.3602531235657098e+00
10, 0, -2.6624215879412185e+00, 0.0000000000000000e+00
10, 1, -3.0911040563211380e+00, 7.3399471059303467e-01
10, 2, 2.8984352119588199e+00, -5.3605744312952042e-01
10, 3, -6.3712116306909463e+00, -1.4715188208542767e+00
10, 4, -8.3552804963845140e-01, 4.7210491980738647e+00
10, 5, 2.6671062114398207e+00, -4.0512253327460890e-02
10, 6, -1.3635662891859401e+00, 4.5054421576608892e+00
10, 7, 1.4501941527121189e+00, 2.6929796663048648e+00
10, 8, 2.8633589251421154e-01, -5.3255040288317401e-02
10, 9, 2.0704475645449114e+00, 3.8740882866172099e+00
10, 10, -7.8918323431936754e-01, -1.7165712301535743e+00
11, 0, -3.8888339268010164e-01, 0.0000000000000000e+00
11, 1, 3.9479669700216888e+00, 8.2709509268927406e-01
11, 2, 7.6930457417090736e-01, -3.4052965137247910e+00
11, 3, -6.7317407005662266e-01, 2.9016659955400299e+00
11, 4, -2.4687338267317216e+00, -2.2178902099805966e+00
11, 5, -1.4681876138011800e+00, 1.7361183992378841e+00
11, 6, -3.2483187428786695e+00, -2.5622290461970012e+00
11, 7, 1.8257779985720775e+00, 1.3041504924790206e+00
11, 8, -2.5997395962665220e+00, -1.8986240003240802e+00
11, 9, 8.5329419087035818e-01, -5.8362501357651864e-02
11, 10, -3.6624909376912198e+00, 1.3815700039425391e+00
11, 11, -9.9712891504327161e-01, -8.4983724329520349e-01
12, 0, -2.6132638515110305e+00, 0.0000000000000000e+00
12, 1, -2.2002307282556428e+00, 1.3621385029674453e+00
12, 2, -1.3537237881017345e+00, -2.7539918457206003e-01
12, 3, -1.2774614096748103e+00, -4.0695077783539457e-01
12, 4, -2.1271913697591600e+00, 1.2498863621848764e+00
12, 5, -2.6016956603718482e+00, 1.5116966394480655e+00
12, 6, 6.8556105494772068e-01, 5.3689396233396192e-01
12, 7, -2.2824683148036842e+00, -2.6674067819116312e+00
12, 8, 2.6178035155008095e+00, 2.2727794354799276e+00
12, 9, -2.8438751499281882e+00, -1.9585479427949926e+00
12, 10, -3.6195514919179841e+00, -1.2167068960470888e+00
12, 11, -6.0070533564638762e-02, -3.4068625435247166e+00
12, 12, -1.0142965157129595e+00, -6.3974283259223580e-02
13, 0, 1.2427897810806803e+00, 0.0000000000000000e+00
13, 1, -2.3060380622403192e+00, -4.6883170354706785e+00
13, 2, 2.7321974775031510e+00, 2.1764563328881898e+00
13, 3, -3.0042569194590598e+00, -2.5808495990676761e+00
13, 4, -2.2827785509647276e+00, -6.5390574198376550e-01
13, 5, 9.1443401366503319e-01, -1.1577221326089682e+00
13, 6, 4.5976560914789353e+00, -3.7722073597031125e+00
13, 7, -5.9557780257997606e-01, 8.4829232984939384e-02
13, 8, 1.8981297149653509e-01, -4.2985662306296729e-01
13, 9, -2.6459788673689197e+00, -1.6233841711676416e+00
13, 10, 1.6321054762925653e+00, 7.9509524442249035e-01
13, 11, 2.0205416385117392e-01, -1.7290364288316065e+00
13, 12, 1.9717288165266735e+00, -3.6205562550249193e-01
13, 13, 3.1350022695247399e+00, 1.0905440814311225e+00
14, 0, -3.4168422127387479e+00, 0.0000000000000000e+00
14, 1, -2.7023380454542112e-01, -1.3429422299424361e+00
14, 2, -5.8848369131343015e-01, 7.3913009608627611e-01
14, 3, -8.2241619011560974e-01, 9.5971950434626119e-01
14, 4, 1.7539772901606066e+00, -2.0417960187860862e+00
14, 5, -1.9950004012764433e-01, -7.3050316504749402e-01
14, 6, 7.4873727632482479e-01, -1.2572099101663534e+00
14, 7, 1.4104793417856269e+00, 3.9945080507071534e-01
14, 8, 2.0295560519342439e+00, 1.4095830527582458e+00
14, 9, -1.7741679836137787e+00, -1.6879510720952413e+00
14, 10, -1.2844826493474393e+00, -5.8125146735690958e-01
14, 11, 2.3144761490833599e+00, 1.8902712240693660e+00
14, 12, 1.0966071388644703e+00, 1.3381865994538336e+00
14, 13, 4.3291836764463909e-02, 8.0369671820251121e-02
14, 14, -9.0330922116575252e-01, 3.9007769253503755e-01
15, 0, -7.7020797506702587e-01, 0.0000000000000000e+00
15, 1, -6.0614355393132491e-01, 1.9086280368748438e+00
15, 2, -1.7580370789399393e+00, 4.6560717995490686e-01
15, 3, 3.6960572426291849e-01, 2.0009084585624126e-01
15, 4, -2.4681457718589295e-01, -2.0552332682947894e+00
15, 5, 4.8985496307186249e-01, -1.4719148025930011e+00
15, 6, 1.6917140679381093e-01, 3.1423299860907017e-01
15, 7, 7.8650726379960245e-01, 9.3025396454763787e-01
15, 8, -7.2163727140651268e-01, 1.6410487723086804e+00
15, 9, 4.1682575011060985e+00, 3.6266440576138770e-01
15, 10, -1.3882326605020501e+00, -3.7435335985023027e-01
15, 11, -3.6578344740829438e-01, 3.3616472290637978e-01
15, 12, -3.6615863007147524e+00, 6.2134046325773795e-02
15, 13, -8.0528602840162533e-01, 1.0695245975245684e+00
15, 14, -3.6667344468587670e-01, 6.1195015086200666e-01
15, 15, -2.7812820328055534e+00, -7.8774295302803843e-01
16, 0, -2.2360712401937701e+00, 0.0000000000000000e+00
16, 1, 1.7534320218403976e-01, 6.8656734152645837e-02
16, 2, -3.3865873366850363e+00, -2.1631738215307572e+00
16, 3, 7.6698861478022162e-01, 5.2445762017699982e-01
16, 4, -2.3439998931285659e+00, -4.7655274870586128e-01
16, 5, -5.2768938572172386e-01, 2.6216835506967340e-01
16, 6, 2.1571517327792655e-01, 4.2656066406521198e-03
16, 7, 1.2354217870971098e+00, -7.0015432421713730e-01
16, 8, 7.0739774013844925e-01, 1.4941194267748978e+00
16, 9, -1.6880374989823779e+00, -6.1681744800422100e-01
16, 10, -1.4323453875274628e+00, -6.0294822173389861e-01
16, 11, 9.1083880756331370e-01, 2.3754040202205005e+00
16, 12, 2.7775036528859469e+00, -3.4700050108313896e-01
16, 13, -4.4753995599975738e-01, -7.8954174766967622e-01
16, 14, 1.4402285409530688e+00, 3.4572770920892282e-02
16, 15, -2.7835464064211992e+00, -9.3762222764483427e-02
16, 16, -1.1618216908475576e-01, -8.6316208388229998e-01
17, 0, -9.1031050648127310e-01, 0.0000000000000000e+00
17, 1, -1.5683629386371216e+00, -2.6687248334917157e-01
17, 2, -9.2413420207505781e-01, -2.0797978955861174e+00
17, 3, -2.4100628578548928e+00, -8.4610733301247520e-01
17, 4, -7.9617383975757017e-02, 3.1652707123981560e-01
17, 5, -1.1610306553170657e-01, -1.2256386118029761e+00
17, 6, -4.4431902007025093e-01, 9.9297710440844256e-01
17, 7, -3.2865714410877711e-01, -1.4772572095550602e+00
17, 8, 2.0545612952102288e-01, 9.6999362686511104e-02
17, 9, 1.0870850993881627e+00, -2.0361770608403424e+00
17, 10, 6.7499959046717040e-01, -4.2223078129362213e-01
17, 11, -1.4160648187322789e+00, -3.4562336084461465e+00
17, 12, 1.9980404938156808e+00, -6.8310464282459926e-01
17, 13, -1.9367428451782995e+00, -1.5032451324265217e+00
17, 14, 7.9966597776444814e-01, 1.9540744301342960e-01
17, 15, 4.3606083290269226e-01, 7.5796746682567595e-01
17, 16, 1.2357310403974404e+00, 2.3101354385883877e-01
17, 17, 1.4182546741672133e+00, 2.8978128221454624e-01
18, 0, 5.0956345191994323e-02, 0.0000000000000000e+00
18, 1, 2.8636473265557294e-02, -1.4884707346538519e+00
18, 2, 9.2852206715968333e-01, -1.6980289590421216e-01
18, 3, -1.0708592334468017e+00, 5.6914980797395676e-01
18, 4, 1.8222982598286870e+00, 6.9515471103762050e-01
18, 5, 2.2424555038228877e-01, -1.0071133285379477e+00
18, 6, 4.5352478886915676e-01, -7.5534056576880904e-01
18, 7, 3.2663754875802320e-01, -3.9280720860206286e-02
18, 8, 7.7207776506441905e-01, -9.0545741539512470e-01
18, 9, -4.5929236750759961e-01, 3.6674362859415730e+00
18, 10, 9.5580259227446329e-01, -1.4513245185802350e+00
18, 11, 9.7244268073024365e-01, 7.3135036241203211e-01
18, 12, 4.8401577177321942e-01, -2.2531963853750350e+00
18, 13, -1.4332239052556472e+00, 3.3670411870630557e-01
18, 14, -9.9469865050853468e-01, 8.7141526724689955e-01
18, 15, 1.8359282027756054e+00, 8.3525697442541791e-01
18, 16, 1.6543501504856490e+00, -5.9483988026266066e-01
18, 17, 2.0698483176757070e+00, 3.8889831202277492e-01
18, 18, -5.5270484036438861e-01, 2.8902399274283930e-01
19, 0, -3.7918003341750650e-01, 0.0000000000000000e+00
19, 1, 3.5681482642631696e-01, -5.9220227413741000e-02
19, 2, 1.5586839292371360e-01, -4.3731451737402960e-01
19, 3, 8.0560808396898420e-01, -1.7980004235903402e-02
19, 4, 1.2119057896787206e+00, 4.9121070005294754e-01
19, 5, 2.7521709396203420e-01, 6.0143804300164683e-01
19, 6, 1.1530841027368626e+00, -1.2719203475242638e+00
19, 7, 2.4187859815393109e-01, 2.9406468057629831e-01
19, 8, 4.1373995617373116e-01, 8.1234803071262285e-01
19, 9, 4.7287884134831037e-01, 1.9752780084252046e+00
19, 10, 3.8898057024236055e-01, 1.0148217787089429e+00
19, 11, -6.2150787247217643e-01, -6.9998145361399478e-01
19, 12, 1.9069370731159174e+00, 8.1308136228783900e-01
19, 13, -8.4835959177952680e-01, 9.0396511735315366e-01
19, 14, 4.7484716242737646e-01, 4.5079339318981559e-01
19, 15, 1.2918936975975690e+00, 1.4208811853788128e+00
19, 16, 6.7687101220362300e-01, -6.5390890911296840e-01
19, 17, -1.0577575601660507e+00, -9.2364303974702788e-01
19, 18, 8.2103186422857455e-01, 7.8215455195194528e-01
19, 19, 5.2582312556978872e-02, 4.7610193284890290e-01
20, 0, 8.7703607126115246e-02, 0.0000000000000000e+00
20, 1, -1.4406028446882126e+00, 1.0268690638186888e+00
20, 2, -2.4350516768420444e-01, -2.8634739036633872e-01
20, 3, -1.4451052136241482e+00, -4.3273080291407862e-02
20, 4, -7.2034512898345882e-01, -6.3002161748483387e-01
20, 5, 4.5008562155577830e-01, -4.7466861605386629e-01
20, 6, -7.4490420154748715e-02, -3.8229628895824708e-01
20, 7, -6.6898637288927831e-01, 2.3819132196478336e+00
20, 8, -1.8434031805821371e-01, 2.1439833520320106e-01
20, 9, 1.7880260047053049e+00, -1.5615334536647318e-02
20, 10, 2.4242712336733785e-01, -2.4409045658287593e-01
20, 11, 1.7969879634495221e+00, -1.4401402590749099e+00
20, 12, -1.5562500942943220e+00, -2.1657384305074057e-01
20, 13, -2.5853982579580439e+00, 1.7266298320280504e-01
20, 14, 1.0967575355606429e+00, 1.4323657203335589e+00
20, 15, 7.9378709651714674e-02, -1.3008299976092708e+00
20, 16, 8.8351783006314730e-02, 1.2591986382503175e+00
20, 17, -1.3257033520349779e+00, -9.7526907838395227e-01
20, 18, 2.1074681857132171e-01, 5.8817160784603750e-02
20, 19, -9.4988054867310445e-01, -2.1736041941015123e+00
20, 20, -5.1207391470317276e-01, -7.8865511738047633e-01
21, 0, -7.5647641481311756e-01, 0.0000000000000000e+00
21, 1, -5.1139301186761532e-01, 4.6991354940108554e-01
21, 2, 1.2283840176677061e+00, -5.8110217887596072e-01
21, 3, 3.5658647212191130e-01, -3.5357947543324131e-01
21, 4, -1.4806378897637407e-01, -4.6470860590764618e-01
21, 5, 9.1786642300625143e-01, -4.3031024304120968e-01
21, 6, 6.7685657847600389e-03, -9.8841195841741758e-01
21, 7, 2.1107601282641220e-02, -7.6364571435450068e-01
21, 8, 5.3103567272699936e-01, -2.4226412056413293e-01
21, 9, -1.6850437563135472e+00, 7.7209796947602916e-01
21, 10, -7.0171483305060245e-01, 1.6463644704833256e+00
21, 11, -1.7560689438658876e+00, -2.0844837772280549e+00
21, 12, -3.5161333572895637e-01, 8.5176272633026850e-01
21, 13, -4.1508084421387231e-01, -7.9872110757727011e-01
21, 14, -3.6806558602619832e-02, -8.6555911408033115e-01
21, 15, -2.4176168042477597e-01, 7.3018956377231126e-01
21, 16, -5.0429911384483239e-01, -1.7148807824688608e+00
21, 17, -1.0401243715910553e+00, 2.9887060931291787e-02
21, 18, 3.7750911985664815e-01, -3.7655679360523520e-01
21, 19, -1.3852527072625795e+00, -1.1269938204713501e+00
21, 20, -1.8171007034135558e+00, -1.4023357201487543e+00
21, 21, 1.3651402599404694e+00, 1.9809987435216512e+00
22, 0, -2.4871046623627597e+00, 0.0000000000000000e+00
22, 1, -8.5832017136235406e-01, -1.4333121488498040e+00
22, 2, -1.0407523345618666e+00, 4.9459560437736538e-01
22, 3, -7.4662186117208629e-01, -6.8229048536712666e-01
22, 4, 1.0879656875454773e+00, 5.1284301630164730e-01
22, 5, -1.6031710435405638e-01, 4.4526554800307244e-01
22, 6, 7.8840856981771035e-01, 1.0351953506836282e+00
22, 7, 7.3379460317217760e-03, -1.0197573581032109e+00
22, 8, 3.9898097992005699e-01, 2.8835503336652946e-01
22, 9, -8.4004183886501571e-01, -1.7160471475593555e+00
22, 10, -4.6595650467082217e-01, -8.7926128557209160e-01
22, 11, -1.9394118391425665e+00, -1.5052999131279265e+00
22, 12, -2.2650136389385622e-02, 1.1255321925740125e+00
22, 13, -6.3925177241253683e-02, 6.8708109084915869e-02
22, 14, 6.5336147555883262e-01, 1.9219565989114384e-01
22, 15, -1.6797197278620879e-01, -2.5063534524847464e-01
22, 16, -4.1487765190636161e-01, 3.9476204759192046e-01
22, 17, 1.6921164494584999e+00, 8.9953875199239031e-01
22, 18, -2.8837039663527253e-01, -8.3697853008833012e-01
22, 19, 1.1103233185819072e+00, 4.3392540551421899e-01
22, 20, -1.3098882394100166e+00, 7.6649595711442764e-01
22, 21, 1.5074963814498092e+00, 1.4822306021235994e+00
22, 22, 7.0036686769105971e-01, 8.3289474044898615e-03
23, 0, 6.9132275027266510e-01, 0.0000000000000000e+00
23, 1, -3.8616708050715376e-02, -4.9403683755993888e-01
23, 2, -1.6970404771501757e-01, -1.9280049383471587e-01
23, 3, 8.6864695321218977e-01, -7.3867918030369839e-01
23, 4, -6.8339820749080005e-01, -2.3239509307920492e-01
23, 5, -7.8732222498672999e-01, 3.2060992767336660e-01
23, 6, 1.6130737607094581e-01, -9.1962718860091330e-01
23, 7, 5.3246686746210492e-01, 1.7938465054192356e+00
23, 8, 8.7468013532832845e-01, -7.0803999460031009e-01
23, 9, 2.3839308088916039e-01, 9.0877179630716365e-01
23, 10, -5.4017353019469883e-01, -2.8082189448545130e+00
23, 11, -7.6990115877974774e-01, 8.8182227529969848e-01
23, 12, -3.1730221853725499e-01, -1.8290343843679118e+00
23, 13, -5.5793914309578063e-01, 1.1878722011613752e+00
23, 14, 5.3645792176963736e-01, -1.9566835587565385e+00
23, 15, -3.7339780415975699e-01, 1.6203088775923082e+00
23, 16, 3.9209552149501503e-01, -7.9739853873275501e-01
23, 17, 4.8700731941748909e-01, 5.1691000537768428e-01
23, 18, -2.8726252216786119e-01, 1.3991025291668580e-01
23, 19, 1.7635510008106652e+00, -2.5327838033731342e-01
23, 20, -1.4399678742137831e+00, 1.2170421471303772e+00
23, 21, 6.8174138063739353e-01, 7.6651649979207193e-01
23, 22, 8.8906334573266288e-01, 1.1416323868969336e+00
23, 23, -1.1294778577183262e+00, -5.6682130853998580e-01
24, 0, -8.5895694340127182e-01, 0.0000000000000000e+00
24, 1, 7.7808963521759433e-01, 1.4415204080099195e+00
24, 2, -4.8476472787950381e-01, -1.2079638701720847e+00
24, 3, 1.2866753128617132e+00, 7.4205412223196299e-01
24, 4, -9.6495520438999638e-01, 7.8375889074394034e-01
24, 5, 8.0022336800319804e-01, -2.0077618387630036e-01
24, 6, 1.2172274732549881e+00, -9.9120821088871625e-01
24, 7, -7.8237923734178993e-01, 5.7277891564469074e-01
24, 8, -1.1175537063341068e-01, -9.0836141505698631e-01
24, 9, 1.3734712250274339e-02, 2.9109960054454898e-01
24, 10, -4.3059638077515272e-01, 8.5761427071920715e-01
24, 11, 1.4150764983896252e-01, 7.5056661227966914e-01
24, 12, -9.4640238034961999e-01, -2.7318665110321461e-01
24, 13, 1.5013434793150549e+00, -5.4023148103909208e-02
24, 14, 7.3946389679089133e-02, 5.1575024346807385e-01
24, 15, 7.8682431292868427e-01, -5.6893149921617048e-01
24, 16, 4.9308601147706543e-01, 7.5917865308005861e-01
24, 17, -5.6114337381361412e-01, 3.3214632832106866e-01
24, 18, 8.0331063422433968e-01, -2.0151860231264607e+00
24, 19, -1.8542823303402567e+00, 2.4012412046723730e-01
24, 20, -9.8724076013947304e-01, 4.6320785289088606e-01
24, 21, 6.0130482678004971e-01, -8.5382645041485450e-01
24, 22, -4.5165267392744901e-01, -7.0744340898604197e-01
24, 23, -3.1870690213712827e-01, -4.8461375205396306e-01
24, 24, 4.8297678581662318e-01, -2.4076406412705453e-01
25, 0, 2.0360303638306654e-02, 0.0000000000000000e+00
25, 1, -7.9700996792015222e-01, -3.0986893808257449e-01
25, 2, -7.4319863359951532e-01, -9.1398887495158876e-01
25, 3, -5.5785631441229189e-01, -3.6174663085153774e-01
25, 4, -1.3367659513136134e+00, 6.9482113206406027e-01
25, 5, -6.8845360425754842e-02, -2.9601193432365225e-02
25, 6, -5.0594261223286185e-01, -3.2703140509779960e-01
25, 7, -9.7191502033954635e-01, 1.2123238868380459e+00
25, 8, -5.9559936139257585e-01, 5.3448476772904541e-01
25, 9, -1.0383713551202323e-02, 2.0791964737873347e-01
25, 10, -9.0588930639980347e-01, 1.8757999064942754e-01
25, 11, -1.4005733876115269e+00, 6.2026077054830897e-01
25, 12, -2.1139637420513591e-01, -8.8992193405491193e-01
25, 13, 4.8804803560525334e-01, 3.0097980045837858e-01
25, 14, -1.6108654210868711e-01, 8.7912200969169074e-02
25, 15, 6.6986825894787216e-01, 6.7672931670522074e-01
25, 16, -5.0063531579063369e-01, 1.1093019861403413e+00
25, 17, 2.3974401101147436e-01, -3.7936262354247585e-01
25, 18, 9.0198029446353600e-01, 6.2865690149565667e-01
25, 19, -4.2015389862049979e-01, 3.4803705759052728e-02
25, 20, -3.7720721924240364e-01, -9.0895190198939435e-02
25, 21, -9.4081765776203063e-01, 1.6282557862672791e+00
25, 22, -3.0491598613468329e-01, -1.7288703195353272e+00
25, 23, -5.4584464396076804e-01, 1.1028261322875468e+00
25, 24, -8.4530566811255348e-01, 2.1561026391949012e-02
25, 25, 3.9386464706131491e-01, -3.0954378845691299e-01
26, 0, -1.7388930903106210e+00, 0.0000000000000000e+00
26, 1, 7.5197918611925085e-01, -9.5586284242793007e-01
26, 2, 2.4335908837188014e-01, -5.2347465242452962e-01
26, 3, 1.2970752579627116e+00, -4.7165168449569639e-02
26, 4, -6.8157732968733509e-02, -9.1498278776702535e-01
26, 5, 3.6866762413619247e-01, -1.1492318454839381e+00
26, 6, -6.6569287015522249e-01, -8.4489180166830680e-01
26, 7, -2.3496165700769445e-01, 3.9717664867849067e-01
26, 8, -1.1854630688407597e+00, 1.5465644015289206e+00
26, 9, 1.7631025276930257e-01, -2.4466275104017399e-01
26, 10, -7.0683651490400345e-01, 3.5053218057031538e-01
26, 11, -7.2972321810103757e-01, -3.2352023950381836e-02
26, 12, 4.5137961905840929e-01, -9.5603937814255757e-01
26, 13, -4.0410337204272712e-01, 2.5517535082390114e-01
26, 14, -1.0378876859731867e-01, 4.0461549366113170e-01
26, 15, 2.0377947972038252e-01, -3.1011459282095061e-01
26, 16, 6.1786349579655564e-03, -1.0100193468498064e-01
26, 17, -1.0723420383930313e+00, -5.9466959723335444e-01
26, 18, -2.4683782205625682e-01, -8.9136732271542751e-01
26, 19, 2.1540437217730202e-01, 1.2285282241424880e+00
26, 20, 2.3459118743370200e-01, 3.2711117756202968e-01
26, 21, -5.0292453339508758e-01, 2.2909343216416067e-01
26, 22, 1.1202116889042548e+00, -1.3310852927596790e+00
26, 23, -6.7007081344132136e-02, 9.6127344930029834e-01
26, 24, 1.4858502139295937e+00, -3.3097882497511572e-01
26, 25, 2.9382731547501462e-01, -4.2668010417042845e-01
26, 26, -2.2481002094062708e-01, 5.7990602320076334e-01
27, 0, -1.1609271367732477e+00, 0.0000000000000000e+00
27, 1, -1.8537641909186575e-01, 2.9541673250188516e-01
27, 2, 2.1822058730966740e-01, 1.1279117825070628e+00
27, 3, 1.7618099657694786e-01, -1.0623395748131026e-01
27, 4, 6.8533803244495295e-01, 4.6778782857711315e-01
27, 5, 1.0123596189647166e-01, 8.5600582563730365e-01
27, 6, 1.2861691215517643e+00, -3.7665590188697440e-01
27, 7, -5.9845592101922618e-01, -4.2297353192498799e-01
27, 8, -7.0467512322661086e-01, 9.0658785808025466e-01
27, 9, 1.1370262129992921e+00, -1.2808289638243391e+00
27, 10, 6.9693784244214907e-01, -1.9851083676020492e-01
27, 11, -3.8024142848558262e-01, 2.2337865090118170e-01
27, 12, 6.0873367690303470e-01, -1.5250185249004126e-02
27, 13, -5.4437905523035646e-01, 1.8484926712511007e-02
27, 14, 1.6220927906057501e+00, 2.7164110820336995e-01
27, 15, 3.9721039704584221e-01, 4.0062075045416112e-01
27, 16, 4.6287104483295638e-01, -1.0036886985773141e+00
27, 17, -9.2636466948762042e-02, 1.4684958427732056e+00
27, 18, 3.2373331124769622e-01, 5.0959293060542410e-01
27, 19, 9.8767815407008541e-01, 4.8539283881188222e-02
27, 20, -1.1450877875283978e+00, 1.4854692813122916e-01
27, 21, 6.8263578607715436e-01, -4.4289046789659370e-01
27, 22, -3.2835724149968826e-02, 3.6699202480915050e-01
27, 23, 1.8822842083264912e-01, -7.2346080390304779e-01
27, 24, 6.4021719901831964e-01, 9.2922790627717977e-01
27, 25, 8.6664682026958206e-02, -7.4349503517772009e-01
27, 26, 1.8748985472948276e-01, 1.3128968085769783e+00
27, 27, 1.8163848894440582e-01, 1.6588684714365945e-01
28, 0, -2.9490914036790022e-02, 0.0000000000000000e+00
28, 1, 2.9505919732640129e-01, 3.7355851405978191e-02
28, 2, 6.9196230835340677e-01, 4.8188631345102295e-01
28, 3, -4.8340649575075556e-02, -1.0717300453470047e+00
28, 4, -3.2774659605966239e-01, 1.1987059407625487e+00
28, 5, -5.3479945632636761e-01, 1.3543828918878780e+00
28, 6, 7.3881763802346212e-01, -4.2229886270045291e-01
28, 7, -6.9786471187300947e-01, 1.5960528885489589e+00
28, 8, -6.4374251333074328e-01, -5.9061855028255905e-01
28, 9, -1.9102111730723437e-01, 9.2683124691081820e-01
28, 10, -2.8537332245944885e-01, -1.0232646608382843e+00
28, 11, -2.0248040063032979e-01, 4.6700511109178922e-01
28, 12, -2.9419388334244123e-01, -4.1700610795350801e-01
28, 13, 2.1678876098755961e-02, 6.9358798996833859e-01
28, 14, 1.0673857306862877e+00, 8.5965296788470746e-01
28, 15, -2.9718794123530878e-01, 6.0445525627188279e-01
28, 16, 2.3490465647388947e-01, 6.3400551202016342e-01
28, 17, -1.0220751232509011e+00, 1.2464163859905502e+00
28, 18, 4.5649072685145775e-01, 8.4329412212631460e-03
28, 19, 1.0568968620289869e+00, 5.7992166257925915e-01
28, 20, -4.3317179170823317e-01, -5.2684767504265562e-01
28, 21, -5.2524677585645851e-01, -1.2285159224670572e-01
28, 22, -3.0434852963247883e-01, 3.6939027035852057e-02
28, 23, 1.3395714094001754e-01, 4.1962221372362013e-01
28, 24, 2.7648918515282972e-01, -3.9216884512425221e-03
28, 25, -2.9393583460707745e-01, 1.2447792661444945e-01
28, 26, -9.7073523460143551e-01, 1.2137878043173123e+00
28, 27, -5.5646215045223268e-01, 5.0316900859924452e-01
28, 28, -2.9498346800300124e-01, -5.9491512405174385e-01
29, 0, 5.1085989083220074e-01, 0.0000000000000000e+00
29, 1, -6.2240181292219199e-01, -7.5052602699894777e-02
29, 2, 1.2854359818351702e+00, 1.7930165886835001e-01
29, 3, 1.8046517450495625e-01, -8.3480888091812533e-01
29, 4, 2.6292220539388045e-01, 1.0786360181709678e+00
29, 5, -1.6494352887718400e-01, 1.3631544332662515e-01
29, 6, 2.2619518708046449e-01, 1.0126141927594081e+00
29, 7, -5.8971022630330694e-01, 3.0389848195686420e-01
29, 8, -1.9256412634923781e-01, -8.3474609726829505e-02
29, 9, 5.8997366180866784e-01, 1.0641036354500455e+00
29, 10, 5.9755047922422477e-01, -9.7293420747926773e-01
29, 11, 1.4406521410657820e+00, 6.6688478668621765e-01
29, 12, -8.9668757058043402e-01, 1.7194141824893594e-01
29, 13, 9.2978212808484395e-01, -4.6752336520109516e-02
29, 14, -9.6081926630599268e-01, 2.6934271965108059e-01
29, 15, 7.1268199918507702e-01, 1.3795789236208278e-02
29, 16, -3.3600174389698778e-01, 3.7342248715991155e-01
29, 17, 5.7427547766091447e-01, -3.7012658067462001e-01
29, 18, -6.0483021756309829e-01, 9.1057509824061023e-02
29, 19, -3.8748566052360300e-01, -3.0973851805809083e-01
29, 20, 3.6327254796044706e-02, 4.3187228274023048e-01
29, 21, -1.5681925016129772e-01, 1.1529529272664687e+00
29, 22, 9.7730896534157685e-01, 4.1450604254093942e-01
29, 23, -2.7182211550515850e-01, 4.2452064529383060e-01
29, 24, 4.6692222873923983e-01, -2.6378726028348898e-01
29, 25, -7.0367169841926580e-01, 7.7557366118904336e-01
29, 26, -1.0233437679243397e-01, -9.4947212607401354e-03
29, 27, 4.0611335458854825e-01, 3.7897822909971346e-02
29, 28, 1.7763202795230987e-01, -1.0143651923063541e+00
29, 29, -1.2660965721827022e-01, 4.1622202716520207e-01
30, 0, -4.2961373037431938e-01, 0.0000000000000000e+00
30, 1, -4.3493217337203083e-01, 1.5652614743432772e-01
30, 2, -8.1522456295564161e-01, 2.2048647135856070e-01
30, 3, -3.3205737857076811e-01, -6.4187058903208161e-01
30, 4, -7.5325847340130281e-01, 9.6075899954513988e-01
30, 5, -3.3418860411323653e-01, 3.9544770439493115e-02
30, 6, 4.5750734549027938e-01, 8.1880805150242963e-01
30, 7, 3.8738689824019779e-01, -3.7947772193402923e-01
30, 8, -2.3624558324628725e-01, 8.6107134619264425e-01
30, 9, -6.8710065242104601e-01, 1.0340413614261639e+00
30, 10, 2.1478557003922910e-01, -7.9808525714591472e-01
30, 11, 3.1837382649259494e-01, 2.9076707561460302e-01
30, 12, -5.6586712982297982e-01, 4.5264209203118744e-01
30, 13, 1.8728093358963971e-01, -3.2551949903458860e-01
30, 14, 1.8590232819109764e-02, -1.3645686744556562e+00
30, 15, 6.4821841785980272e-03, 1.7502114456952567e-01
30, 16, -7.6997239626538927e-01, -4.6840377080002077e-01
30, 17, -2.2723465970533985e-02, 3.0490190907963921e-01
30, 18, 1.6746336486411673e-01, -6.6922636611645303e-01
30, 19, 7.5601102934655517e-01, 6.9225520100134363e-01
30, 20, 7.3166176720876930e-01, -5.0476424612094384e-01
30, 21, -6.0610544827388180e-01, 3.8393099500868977e-01
30, 22, 8.1374122140060956e-01, 1.0128783484211081e+00
30, 23, 6.5731580824373026e-03, -2.5127993046416297e-01
30, 24, -3.8987287741635845e-01, -6.0035134233188181e-02
30, 25, -8.7863444195383456e-01, 1.1269819359267919e-01
30, 26, 6.5732490768523477e-01, -5.3397159504920522e-01
30, 27, 2.5019786903487162e-01, -8.1863910243504900e-01
30, 28, -3.9923776909412956e-02, -9.6762806284002556e-01
30, 29, 4.6808642653638488e-03, -6.7840601040376503e-01
30, 30, 4.2414343588441239e-01, 5.6834851969947897e-01
31, 0, 6.0774274631247471e-01, 0.0000000000000000e+00
31, 1, 6.4869314027408143e-02, -3.0554007380930071e-01
31, 2, 1.5761560353750115e-01, 8.5767013363576017e-01
31, 3, 3.7776746646473514e-01, 1.3517554487266936e-01
31, 4, -4.0884425297050986e-01, 2.4691109532381592e-01
31, 5, -1.4184633380243583e-01, 4.6447815644732937e-01
31, 6, -3.4887522060860154e-01, -1.7816149209729681e-01
31, 7, -1.9478051402856522e-02, -3.8661749759329445e-01
31, 8, -3.0770924879055650e-01, -5.4376598522360586e-01
31, 9, -1.5544727664078606e-01, -1.4768819599771391e-01
31, 10, -3.2483600453932504e-02, -1.0403178587551434e+00
31, 11, 5.3822018586740406e-02, 3.0832770830152967e-01
31, 12, -8.7144461522212091e-01, 7.3178117487774186e-01
31, 13, 2.6986528087726852e-01, 4.0127683010671178e-01
31, 14, 4.2333243083996386e-01, 4.4328235049085163e-01
31, 15, -2.1855289860460836e-01, 4.5502193643286715e-01
31, 16, -2.2425951355519647e-01, -2.7563266111424334e-01
31, 17, -5.0300169675546869e-01, -2.6050200691802472e-01
31, 18, 4.1814708336775391e-02, 1.2656576136718267e+00
31, 19, 2.6018306726920754e-01, 5.2398254724177340e-01
31, 20, 7.0972770837266097e-01, 2.5800216079801519e-01
31, 21, 6.6453240605704600e-01, -2.5266215899827488e-01
31, 22, -2.8571636955821300e-01, -8.6060054239825878e-01
31, 23, 4.9419221830666371e-01, 1.6921478668426704e-01
31, 24, 7.8832029689582295e-01, 1.7629790282185953e-01
31, 25, 2.7252084526135922e-01, -3.1891483015429106e-01
31, 26, 2.8053974694774331e-01, -4.3490823710533705e-01
31, 27, -2.3737632765804401e-01, -5.2566007482728150e-01
31, 28, -5.8404805414821181e-01, 1.2248970630587732e+00
31, 29, -2.1522311149011669e-01, -1.4557445268391134e-01
31, 30, -1.4275169270116628e-02, 9.0459609980176436e-01
31, 31, 7.9646311989607899e-01, -9.8672237980699329e-01
32, 0, 4.9545860653699625e-01, 0.0000000000000000e+00
32, 1, 3.7134914525228002e-01, -6.6699841116800118e-01
32, 2, 1.0377860028901353e+00, 2.7605210473953501e-01
32, 3, -7.4429055878043571e-01, -8.9084930421882214e-01
32, 4, 4.4565786626388970e-01, 1.3102651569144702e-01
32, 5, 2.3111570242680590e-01, 2.1485402837706624e-01
32, 6, -4.3438413339726917e-01, -3.3318087973247912e-01
32, 7, 5.7677699306318386e-01, 8.3528448403870748e-02
32, 8, -6.2783351903583706e-01, 1.6589241237232910e-01
32, 9, -5.3310256398134848e-01, 2.1374043266121912e-02
32, 10, -5.0179804901079150e-01, -3.4162607254862387e-01
32, 11, 3.0247441631275263e-01, -6.2089019609035634e-01
32, 12, 3.5536675972624610e-02, -5.7888951539230060e-01
32, 13, -1.9515825176691787e-01, 3.9682020687470254e-01
32, 14, -2.1153585273083164e-01, -6.9624922867780603e-01
32, 15, -3.9977260714619800e-01, 6.7945615460308928e-01
32, 16, 3.3452544862370104e-01, 2.2136569208539641e-01
32, 17, 5.8064041570388317e-02, -3.1968674215544202e-01
32, 18, 4.5233838057384468e-01, 2.1312223491630888e-01
32, 19, 4.0837676138245005e-01, -8.6570374379259851e-01
32, 20, 1.3718589522526470e+00, 3.2001671230662870e-01
32, 21, -8.3133117700006176e-01, -6.2429672387977986e-01
32, 22, 1.3174641048104618e-02, 1.3464434902438327e-01
32, 23, 3.7845674698728776e-01, -3.1864197612366407e-01
32, 24, -4.0830362265376063e-03, 6.0391774329498737e-01
32, 25, 7.8552204388724800e-01, -9.3053892854761089e-01
32, 26, 1.3840176352755057e-01, -1.3724290345585871e-01
32, 27, -1.6620256301487499e-01, -5.9859906544493069e-01
32, 28, 2.8055640113875446e-01, 1.0819112738423549e+00
32, 29, 1.1271806102149513e+00, 4.9092431994598518e-01
32, 30, 1.9125800020614592e-01, -7.5059530161803223e-02
32, 31, 1.8844210521212135e-01, 4.7213796365055893e-01
32, 32, -2.8598156741049552e-01, -5.2541153457631595e-01
33, 0, 4.4463791614893333e-02, 0.0000000000000000e+00
33, 1, -6.3499059346076936e-01, -5.9955241405847515e-01
33, 2, 1.9607214262902312e-01, 7.5546750743108426e-01
33, 3, -6.8508645520010913e-01, 1.2013909059264372e-01
33, 4, -2.6018605541563322e-01, 4.0494930695550768e-01
33, 5, -2.9738571921709800e-01, -2.6230305580290558e-01
33, 6, -4.6790254429271561e-01, -1.2889261371889340e+00
33, 7, -1.3450690692136769e-01, 8.1758959973931611e-01
33, 8, -9.5165994330950576e-01, -1.3457159665785579e-01
33, 9, -3.1176860466581835e-01, -8.1883397425344118e-03
33, 10, -3.3734708826609128e-01, 1.8207918785740093e-01
33, 11, 7.8955472988647690e-02, -3.0075270643860952e-01
33, 12, 7.1619999605248141e-01, 4.1928714341293322e-01
33, 13, 6.2579564137339250e-01, -1.3472316086075137e-01
33, 14, 3.2892471214844288e-03, -3.5298780067251689e-01
33, 15, 1.8546558086660392e-01, 1.8282744208844581e-01
33, 16, -2.2590012250845712e-01, -4.9824563017554224e-02
33, 17, -1.0801474693087665e-01, -2.9654802040959694e-01
33, 18, -7.1170001694707996e-01, 1.6381664471036086e-01
33, 19, 8.9661082632652978e-01, -2.3591761149804347e-01
33, 20, 4.2503732366629965e-03, 2.1122252001000991e-01
33, 21, 3.7443672299193775e-01, -7.8885152345332399e-01
33, 22, -2.9740360393099674e-01, 4.1105797904285890e-01
33, 23, -1.3701695126509236e-01, 4.9998787353502822e-01
33, 24, -5.8830148511235514e-01, -5.9629955940589729e-01
33, 25, -1.0545959329913317e+00, 3.8002427607071143e-01
33, 26, -3.8387772406272702e-01, 2.4940750506455001e-01
33, 27, -1.7784972362662410e-01, 1.0862885794088134e-01
33, 28, 2.7034988383599701e-01, 3.5174057108111700e-01
33, 29, 4.4821799568057297e-01, -4.6750223744630642e-01
33, 30, 9.9315310292073022e-01, -8.9845375805315730e-01
33, 31, -2.1631658104780471e-01, 6.0986437452983294e-02
33, 32, 3.5193493293707728e-01, -8.1193039594678407e-01
33, 33, -4.7942279484135297e-01, 6.5185946816666951e-01
34, 0, -1.2167121292264067e+00, 0.0000000000000000e+00
34, 1, 4.2520980586258239e-01, -1.9272393562704548e-01
34, 2, 4.1990604037548396e-03, 5.4727207781413256e-01
34, 3, -1.2882950208113142e-01, -1.0253619233769400e+00
34, 4, -2.7781903145293441e-01, 5.7619118785695789e-01
34, 5, -2.9371863765702177e-01, -3.9698235988687081e-01
34, 6, -6.1845282659726365e-02, -4.5159194676475678e-01
34, 7, -1.5408897990390935e-01, 6.7623785177856921e-01
34, 8, 5.5306463970183101e-02, -7.9754565151170187e-01
34, 9, 9.9986772213970787e-01, -9.2055261591367676e-02
34, 10, 2.0606492869853468e-01, -2.8825258585668678e-01
34, 11, -1.1039734021051451e-01, -1.1019543432227348e+00
34, 12, -4.7251657322070273e-01, 1.8442273383495467e-01
34, 13, -8.4433323996297549e-01, 3.6642696560397137e-01
34, 14, -2.0050335542748354e-01, 1.1107591115529638e+00
34, 15, 1.0806150914750956e-01, 5.0199046731687924e-01
34, 16, 8.7901786675549731e-01, -1.5351024837505017e-01
34, 17, -4.1200291855830223e-01, 2.6641748518265351e-01
34, 18, -6.0564116257750211e-02, -3.6157451519368483e-01
34, 19, 2.0719866404896056e-01, 7.2632029366706974e-01
34, 20, 5.0257366036026818e-02, -3.4252477700277051e-01
34, 21, 5.2939305659159019e-01, -4.4120862887888057e-01
34, 22, -8.0795376662389673e-01, -7.5674199724134361e-02
34, 23, 5.9371208965669731e-01, 1.1471756585247794e-02
34, 24, -2.2408659210382742e-01, 3.9434598787166730e-01
34, 25, -1.2848740815579374e-01, 2.8718049830866832e-01
34, 26, 6.3754070578896049e-01, -5.7286057690124959e-01
34, 27, -7.2572032210014448e-01, 4.6324196285371189e-01
34, 28, -1.8184988893189313e-02, 2.9364631955691967e-01
34, 29, 4.5738991197605633e-01, 9.3409140310476513e-01
34, 30, -1.4059251972119874e-01, -2.2470717413327890e-01
34, 31, -3.7494997083231629e-01, 1.7362585184856483e-01
34, 32, -1.8058246130638023e-01, -4.2239417494807197e-02
34, 33, -8.6175956843394097e-01, 1.7997031036331829e-01
34, 34, -2.8100940723698004e-01, -3.5535175908922045e-01
35, 0, 1.8797583404571450e-01, 0.0000000000000000e+00
35, 1, 2.1511732914149279e-01, 2.2147498724549353e-02
35, 2, 4.0857753729812873e-01, -4.4732499885269111e-01
35, 3, -2.0866604276141909e-01, -7.5944433728562177e-01
35, 4, -6.8308857761259778e-01, 3.9656963933003780e-01
35, 5, -5.9024730248331081e-01, -5.5605634145829175e-01
35, 6, 7.3775060924937019e-02, 2.4330173686756651e-01
35, 7, 5.2548703764611626e-03, 2.7652305962668156e-01
35, 8, 2.0757062994358000e-01, 1.5946566882720814e-01
35, 9, 6.8430547734694314e-02, 1.3290254358859099e-01
35, 10, -1.9461569604921986e-01, -3.8880706725907110e-01
35, 11, 4.3741709391732891e-01, -3.0254395893913233e-01
35, 12, -1.3101933680171807e-01, -8.2566822663283801e-02
35, 13, 3.8343133602981250e-01, -1.6034109777528477e-01
35, 14, -3.9971697314246613e-01, -3.3558854924793580e-01
35, 15, 2.4187094204062376e-01, -3.9239077051125437e-01
35, 16, 6.2311406654199375e-01, 6.7697188578058187e-01
35, 17, -5.1800393335058736e-01, 4.7015861904623801e-01
35, 18, 7.8051472985107317e-01, -1.5272252369091632e-02
35, 19, 4.0377460665383436e-01, 2.8349454159167825e-01
35, 20, 6.4714876537067167e-01, -1.0390044143253510e+00
35, 21, 3.0457095190027739e-01, 7.3379676405768901e-01
35, 22, -9.6358429568433435e-02, -6.7559939934171098e-01
35, 23, -5.4198702945348665e-01, 9.1128207321205867e-01
35, 24, -4.4897805627718412e-01, 3.5181724940163434e-01
35, 25, 1.4384592744430880e-02, -2.1275084733748950e-02
35, 26, 2.7857440504006808e-01, 5.9215070520796442e-01
35, 27, 2.0261842960358079e-01, -6.6280354990650581e-01
35, 28, 8.5209249812022048e-02, -1.5610082695942254e-01
35, 29, 1.1652836277403211e-01, 4.6175033059513115e-01
35, 30, 4.1224799116004213e-01, -6.2166287467082304e-02
35, 31, -4.0598569334702062e-01, 1.0521339246312014e-01
35, 32, -2.5885552038401372e-02, 2.0781970764134350e-02
35, 33, 2.1749384514366843e-01, -2.0017138916501320e-01
35, 34, 3.3335655635131101e-01, -2.6528580757076758e-01
35, 35, 3.2120481234170262e-01, 5.9273240636509072e-01
36, 0, 6.5640386490231384e-01, 0.0000000000000000e+00
36, 1, -8.6466297327472685e-02, 4.1030762827885564e-02
36, 2, 5.8060382754588746e-01, -3.2041045859996342e-01
36, 3, 5.3785473828154018e-02, 2.4202973665454847e-01
36, 4, -9.1590111246674910e-01, -1.3851005655970899e-01
36, 5, 5.4128733014541486e-01, 7.9156478130784941e-02
36, 6, -4.2351661340411062e-01, 1.8118550713631151e-01
36, 7, -7.9048983769289227e-01, -3.8776016914113354e-01
36, 8, 1.6727800502565543e-01, 1.7569441243642608e-01
36, 9, -1.3139409052049509e+00, 2.5888536013967134e-01
36, 10, -1.9673358762324555e-01, 7.3533793251056379e-01
36, 11, -7.1640404511207123e-02, 2.7320505824332042e-01
36, 12, -8.5551296565468560e-01, -3.7299919946182952e-01
36, 13, 1.0240747005912936e+00, 2.3366473052892700e-01
36, 14, -4.1296289645264883e-01, -3.4312206176238114e-01
36, 15, 1.2646541847147916e+00, -6.4075334404744888e-01
36, 16, -8.0101561988450165e-01, 6.4883139846494325e-02
36, 17, 2.5805508912413183e-01, -2.7793382880034567e-01
36, 18, -1.7388805888910133e-01, 5.1296403359852805e-01
36, 19, 2.2049485443891848e-02, -6.2714062474317855e-01
36, 20, 7.3269106178805132e-01, 4.4809294785916232e-01
36, 21, 4.3189790653130317e-01, -3.2354002928693332e-01
36, 22, 3.1167616625528111e-01, -3.5203811807710006e-01
36, 23, 1.1439175814430788e-01, 6.5894618938994587e-01
36, 24, -3.2034623456947520e-02, -1.0485275343194544e-02
36, 25, 3.9955013540721562e-01, -1.4697621157632290e-01
36, 26, -4.4342359036945167e-01, -6.7380736940937802e-01
36, 27, -1.1132388447748598e-01, 6.8310944168631926e-02
36, 28, -2.6160932409464632e-01, 6.3553301086082126e-01
36, 29, -1.3140556256256408e-01, -1.1458631537875021e+00
36, 30, 3.9624034375969241e-01, 3.6255426799053314e-01
36, 31, -1.6694339812043080e-01, -4.8011374918927641e-01
36, 32, 1.4535051282305722e-01, 6.8139844998383936e-02
36, 33, -5.1500682027344091e-01, -5.2043416328248293e-01
36, 34, 5.7836964818361314e-02, 5.5047347617541942e-01
36, 35, 7.0949510711461494e-02, -1.7144855556449512e-01
36, 36, -1.1955572560469396e-01, -9.4819559104982032e-01
37, 0, -4.2411343536658563e-01, 0.0000000000000000e+00
37, 1, -4.7372717590689395e-01, -7.0633582901983916e-01
37, 2, 8.0823351106730468e-01, -3.0443940332950148e-01
37, 3, -8.2789635458193933e-01, -7.2500546907614760e-02
37, 4, -7.5095509892703305e-02, 4.7745996069012597e-01
37, 5, 6.5717250012767670e-01, 1.4043942403159226e-01
37, 6, -1.1268462893471654e-01, 1.7601895842939519e-01
37, 7, 1.0139887622118773e+00, 2.5795442930784479e-02
37, 8, -5.4917780658554793e-02, 4.0985643035202179e-01
37, 9, 1.1764021193438645e-01, -4.1330259458649543e-03
37, 10, 2.5488716246583221e-01, -5.2352012363295475e-01
37, 11, 7.1618232741770327e-01, -3.7241924703347168e-01
37, 12, -1.8702860829785228e-01, -1.1167766367242646e+00
37, 13, -4.5465777953715514e-01, 9.2585025821226863e-01
37, 14, -3.7077084073392075e-01, -9.1555758746352023e-01
37, 15, 3.8203759907589285e-01, -1.3039808701669764e-01
37, 16, -7.3568456121612980e-01, -1.6108058152271476e-01
37, 17, 1.5687754719111702e-01, 3.2501328148024133e-01
37, 18, -7.0071642282287805e-01, -3.7863890155131075e-01
37, 19, -2.5539610357774922e-01, -4.1634379902064095e-01
37, 20, 2.7927769958443582e-01, 5.4337657959980545e-01
37, 21, -1.0512520887243358e-01, -1.7253703403009824e-01
37, 22, 4.8864545304827167e-01, 2.6815428183812118e-01
37, 23, -6.9315963869559527e-01, 2.8078943714216004e-01
37, 24, -4.4664230967830382e-01, 3.9826947340274954e-01
37, 25, 5.5686646167520948e-03, 1.5234505325288578e-01
37, 26, 3.1955022420867818e-01, 7.1253373274395848e-02
37, 27, 5.2964493735908469e-01, -8.8789805994458848e-02
37, 28, -6.5669456995489583e-01, -6.0414376388576108e-02
37, 29, 1.9469450912132757e-01, -2.5199724767842069e-01
37, 30, -6.9925048570667403e-01, 1.3102741144261687e-01
37, 31, 4.6765708288680341e-01, -2.5984035497837277e-01
37, 32, -2.1599779126167618e-02, 4.4675358612916843e-01
37, 33, -5.0687512632126341e-01, -1.9578566430239763e-01
37, 34, 7.3700246249798651e-02, 6.8984917789125605e-02
37, 35, 7.1132229245576317e-01, 3.1194455418538147e-01
37, 36, -7.8390663016870610e-01, -4.4773851653441166e-01
37, 37, -2.3739119078595805e-01, 1.5884458392505518e-03
38, 0, -1.9780299498199017e-01, 0.0000000000000000e+00
38, 1, 6.6154667108076959e-01, -4.8441263729285100e-01
38, 2, 6.6492962214518081e-01, -1.1892741007501173e-01
38, 3, -8.9899315816389891e-01, 1.0400402440167933e-02
38, 4, 4.4132874889532481e-01, 4.9976472426421809e-01
38, 5, -8.2552957072312450e-01, -2.9689730533627801e-01
38, 6, -4.0548718474411105e-01, -1.0169128437565431e+00
38, 7, -4.0590287926177704e-01, 2.5539871152034976e-01
38, 8, -7.7496209921530412e-01, -1.4833632117309348e-01
38, 9, 4.9353261768670548e-01, 2.9636722792779424e-01
38, 10, 2.7747269350671883e-01, -1.6359355295356692e-01
38, 11, 5.2907208428461683e-01, -2.4972971172636405e-01
38, 12, 2.0948910899537695e-02, -3.8173210054694895e-01
38, 13, 9.8427107436504313e-01, -5.8158005275391333e-01
38, 14, 7.0295130102486914e-01, -6.8447541145945257e-01
38, 15, -2.3746658477269639e-01, -6.3224216016569257e-01
38, 16, -1.9982551979131774e-01, -2.3842949719010156e-01
38, 17, 3.3220957688366620e-01, 7.2361496711871198e-02
38, 18, 4.9952867914227372e-02, 2.8591154005951636e-01
38, 19, 4.7451600787759451e-01, 4.2236339257792621e-01
38, 20, 8.1753962910644984e-01, -2.8949130601744072e-01
38, 21, -6.8860619923777650e-02, -3.9351009823248240e-01
38, 22, -5.0327714039595228e-01, -8.5464291305141782e-01
38, 23, -2.3304472107568697e-03, -3.3008980490355211e-01
38, 24, 5.1215066261147735e-01, 7.4584084926074545e-02
38, 25, -1.3711539416368945e-01, -2.7753162950659294e-01
38, 26, -7.1941135929139599e-01, -3.5066695928838332e-01
38, 27, -8.2153807965434353e-02, 9.8881371021193010e-01
38, 28, 2.9073022491177891e-01, -2.4767842173167365e-01
38, 29, 3.5474931114021258e-01, 2.7678474451410029e-02
38, 30, -5.8415409011090069e-01, -4.6216803359127923e-01
38, 31, 5.2369165870222023e-01, 3.8608587552695489e-01
38, 32, -3.7495695194721934e-01, -2.6332220605254536e-01
38, 33, 2.5115991694789019e-01, 3.7570840963143259e-01
38, 34, 8.4627683688621747e-01, -3.0682794159186955e-04
38, 35, 8.4746345814265978e-01, 4.0853801544409413e-01
38, 36, 2.9627328388618679e-01, -2.7803514026597886e-01
38, 37, 3.0890215983475910e-01, 6.3687910099868184e-01
38, 38, 6.2569136023016692e-01, 4.6292387320443662e-01
39, 0, -3.8045758925673145e-01, 0.0000000000000000e+00
39, 1, 2.8484249319332378e-01, 6.3708250748716910e-01
39, 2, -1.6111294014501214e-02, -1.6215060310504870e-01
39, 3, -3.3897497409498434e-02, 3.7592011063054709e-02
39, 4, 2.5993048327614388e-01, 2.9076041041034129e-01
39, 5, 6.1303588546414156e-02, -1.0497144412013311e+00
39, 6, 2.8796717886246587e-01, -3.7687419778495401e-01
39, 7, -3.2365564837912886e-01, 3.8162138956542896e-01
39, 8, -2.6389808614946109e-03, -1.0548361115357235e-01
39, 9, -2.8603205109670138e-01, -1.3774805347806648e-01
39, 10, 2.5124128691724423e-01, 1.6333229456739082e-01
39, 11, 4.0480454174638919e-01, -7.2947581238740922e-01
39, 12, -2.8433914703414054e-02, -1.5665356505991118e-01
39, 13, -2.9597512297822259e-01, -1.9229654113160988e-01
39, 14, 2.7594159821078984e-01, 4.5433229090287575e-01
39, 15, -2.3049593578498412e-01, -4.9817958250120220e-01
39, 16, 5.4761211112526120e-01, -6.6122192806927771e-04
39, 17, -3.4171649571009155e-02, -3.1510081103370891e-01
39, 18, 2.0955394149508916e-01, -3.1537085548628530e-01
39, 19, -2.6154013213319405e-01, -2.9194726067516119e-01
39, 20, 3.7766911942587494e-01, -2.7080080704299980e-01
39, 21, -5.0405630136385504e-01, 4.8616236828219583e-01
39, 22, -4.3775542526481576e-01, 1.9215103818222593e-01
39, 23, -1.2177727475160849e-01, 1.8552562097021261e-01
39, 24, 1.0231880259175712e+00, 5.0167893013908826e-01
39, 25, 4.1759839478561028e-01, -4.2369326128918050e-01
39, 26, 3.3860723329976761e-01, -1.7487926760459412e-02
39, 27, -5.2757832324244069e-01, 5.3132843687710141e-01
39, 28, 6.8408128397964707e-01, 7.3866920053789042e-01
39, 29, -2.4931930000546981e-01, 8.6518650085289961e-01
39, 30, 9.5839017562635120e-01, -4.2344466215618093e-01
39, 31, 3.0872446411008836e-01, 8.2758051957920298e-01
39, 32, 2.5310824140738797e-01, -6.4287637048267676e-01
39, 33, 3.0570733677778783e-01, 5.2544259399511262e-01
39, 34, -5.2550968582323987e-01, -3.6617293845309484e-01
39, 35, 4.7445884578274145e-01, 4.2600389375286429e-02
39, 36, -7.3140966139131569e-02, -1.7756574311461715e-01
39, 37, 2.0820526487458468e-02, -6.3636030349035089e-02
39, 38, 6.1925624969666448e-01, -6.8236825990490346e-01
39, 39, -1.1493578823152398e-01, 3.2316657669161142e-02
40, 0, 9.2720478098679260e-01, 0.0000000000000000e+00
40, 1, 7.0966380344811764e-01, -9.3636959081492055e-02
40, 2, -1.1013886280036767e-01, 3.8486398873448302e-01
40, 3, -4.6329412346967880e-01, -2.1295092119675402e-01
40, 4, -4.5651699553458142e-01, 1.5200064085765874e-01
40, 5, -3.8503279773065557e-02, -9.6193228580136769e-01
40, 6, 2.9196792037586961e-01, 5.1943013395383320e-01
40, 7, 4.7353770840808362e-01, 3.2097096347890192e-01
40, 8, 1.1602938173264854e+00, -6.9541888075307501e-01
40, 9, 3.1926830052439803e-01, -4.2795876836683899e-01
40, 10, -2.7863768219371654e-01, -1.0422924877841717e+00
40, 11, -1.7248265613816050e-01, -4.1774453289100477e-01
40, 12, -1.4397729026465164e-01, -1.2287745919236445e-01
40, 13, -3.9108416428852888e-01, -2.7933397499308360e-01
40, 14, -2.6967761415906011e-01, -1.6054893193375275e-01
40, 15, -3.0580219630213534e-01, -2.8802875694414309e-01
40, 16, 3.8344364892204919e-01, -9.2216025260995829e-02
40, 17, 1.7487744150560791e-01, -1.9582754291463553e-01
40, 18, -4.7912027100880117e-01, -4.5319011262364495e-01
40, 19, -6.9466564109898321e-01, -2.4712013542861240e-03
40, 20, 4.6832591973863580e-01, -1.1010040958455984e-01
40, 21, 4.2348406956860624e-01, 6.0809832542496611e-01
40, 22, -2.4407568614340530e-01, 2.7838541575930975e-01
40, 23, 2.3147177771037941e-01, 3.1294429109517452e-01
40, 24, -1.8793687221273536e-01, -4.3069763365744834e-01
40, 25, -7.0102206476032491e-02, -5.6371659687829934e-01
40, 26, -2.8290640211870560e-01, -3.0987876099094036e-02
40, 27, 5.4670559875466304e-02, -1.5744045052284764e-01
40, 28, 6.4492106105494185e-01, 3.8544519436192104e-01
40, 29, -9.2321035491331438e-01, -1.0982581265341942e+00
40, 30, 7.3727006657386474e-01, -7.3360968669570836e-01
40, 31, -5.8348129101374169e-01, -1.0276852321569496e-02
40, 32, 5.8057402217397736e-01, -1.0846489267101234e-01
40, 33, -5.9785920910325463e-01, 2.9792332653098319e-01
40, 34, 4.6385348085816736e-02, -6.5959552355464224e-01
40, 35, 4.1666140504304949e-02, 3.3475957400659756e-01
40, 36, -1.1212711029797112e-01, -3.6448376051889564e-01
40, 37, -4.3844600541584267e-01, 2.7201594622751746e-01
40, 38, 2.0800989443567197e-01, -1.5642582582192802e-01
40, 39, -5.2845163146749097e-01, -1.8511399583313326e-02
40, 40, -3.5845581855289943e-01, -1.9086045080609426e-01
41, 0, 2.0555567701459809e-01, 0.0000000000000000e+00
41, 1, 2.7216695859582690e-01, -4.7801574456604462e-01
41, 2, 1.0182121875946799e+00, 4.8011786516381383e-02
41, 3, -3.6277579392598547e-01, 1.5520772850590858e-01
41, 4, 4.0888023249084354e-01, 2.4182562177391670e-01
41, 5, 6.7164867622487900e-01, -3.2724231004564786e-01
41, 6, -5.7943661308302086e-01, -3.7010395629269954e-01
41, 7, 4.6907592396101944e-01, -1.3179844468909652e-01
41, 8, 4.8586819021906147e-01, -2.9525507363494813e-01
41, 9, -1.2957706800551638e-01, 6.9699591462507759e-02
41, 10, 1.1645261772728854e-01, -8.4874690040828704e-02
41, 11, -1.0292123585529608e-01, 2.5626297105667883e-01
41, 12, -1.4388269164740830e-01, 2.5283067612600607e-01
41, 13, 2.6475011327320441e-02, -3.1804499163050759e-01
41, 14, -9.7996542076114612e-01, 5.3142569143585483e-01
41, 15, 2.9240632578685977e-01, 3.2053845356600852e-01
41, 16, -7.9560884232598017e-01, -1.5491227146234313e-01
41, 17, 1.1936086208865362e-01, 3.6139730359170241e-01
41, 18, -2.1590558149343297e-01, 2.0925270848626720e-02
41, 19, -1.6740972365309026e-02, -2.9325054837029790e-01
41, 20, -2.1830993606197219e-01, 4.6409437530734515e-01
41, 21, -1.1339702711608335e-01, -6.7770989897749745e-01
41, 22, 1.9240810040676271e-01, -1.5812506723402589e-01
41, 23, 1.8638665707334545e-01, -3.2772343309606256e-01
41, 24, -1.4392337487304424e-02, -3.8403927032375540e-01
41, 25, -2.2555834987683770e-01, -2.4227427061109208e-01
41, 26, -5.1783398658561086e-01, -5.7417224210440265e-02
41, 27, 2.0839363485550044e-01, -2.6846030335570908e-01
41, 28, -7.9350629041118359e-01, 8.5127054201407559e-01
41, 29, -1.4911925850050523e-01, -3.4670358770186049e-01
41, 30, -2.9602226271616183e-02, -3.0377026683380270e-02
41, 31, -2.9718345886089664e-01, -4.9042225574910381e-01
41, 32, 8.9030667979465017e-01, 7.0881219513458560e-01
41, 33, -5.1413164785204302e-01, -6.1410304863319498e-01
41, 34, 3.6240165456691376e-01, -2.5994873473396429e-01
41, 35, -3.5688634643064665e-01, 2.1972470817931436e-01
41, 36, 4.4480582888222453e-01, -2.3518870578898510e-02
41, 37, 8.1613893522264003e-02, 5.0467047887440131e-01
41, 38, 2.6880411063223975e-01, 3.0367917154896329e-01
41, 39, -1.1439703830712555e-01, -4.2734499918425761e-01
41, 40, -2.8416258155743612e-01, 6.0288016517265053e-01
41, 41, 4.9481452257665154e-01, 6.1111783660500141e-01
42, 0, 5.1528829937623422e-02, 0.0000000000000000e+00
42, 1, 6.0729688955862438e-01, 1.1848443669004255e-02
42, 2, 1.6514994542104189e-01, 2.7631634820608142e-01
42, 3, -3.2934918970071547e-01, 1.6610081880794841e-01
42, 4, 7.9732122281619389e-01, 4.3708690727661342e-01
42, 5, 4.0229172832587556e-01, -6.8776083510007313e-01
42, 6, -7.9277333064792377e-01, 1.9298631168254679e-01
42, 7, 6.0162245795648439e-02, 1.0163808196298366e-01
42, 8, -4.2945997925430079e-01, -6.8705124987347477e-01
42, 9, -9.2551089370660561e-02, -5.1807975921348648e-01
42, 10, 4.0975046944902893e-02, -1.6390721944143472e-01
42, 11, -1.6246901191053276e-01, -1.6801469395318414e-01
42, 12, -6.5579596821575742e-02, 1.6273954620723924e-01
42, 13, -2.7974779254708270e-02, -4.8838965513806537e-01
42, 14, -5.6326323168502646e-01, -7.9809633900817190e-02
42, 15, 5.1739555329870390e-01, 8.4192984070928123e-02
42, 16, -4.8597176434980027e-01, -1.5215826603057944e-01
42, 17, -3.4901261029947434e-01, 1.6329169314070779e-01
42, 18, -5.9766062004988729e-01, 8.6863587793278285e-01
42, 19, 1.2363347109379785e-01, -2.3385737108974028e-01
42, 20, 1.0430561405580716e-01, -1.3945143697730888e-01
42, 21, 7.7579766897794200e-01, -3.2688183078826150e-03
42, 22, -3.4787563364417518e-01, -2.0856326416882265e-01
42, 23, -8.2316550378220110e-01, -3.3835522212547642e-01
42, 24, 9.8192943372287234e-03, -5.4536578380552636e-01
42, 25, 1.3331620897982124e-01, -1.1217762894986305e-01
42, 26, 3.0461258876518293e-01, -1.7512699400266274e-01
42, 27, -1.1171355298331309e-01, 4.5687470928772456e-01
42, 28, -4.8486165923920144e-01, -1.9495197529443431e-01
42, 29, -1.3635104110644036e-01, 1.6024874287318011e-01
42, 30, -4.3238604843015105e-01, -7.6789167111768197e-02
42, 31, 3.6833160817659116e-01, -2.1067272043248542e-01
42, 32, 7.6772623513768873e-02, 6.8545466962718127e-01
42, 33, 6.6630683525824397e-01, -6.3289588470769664e-01
42, 34, -1.6397371247849603e-02, -1.4591819502230302e-01
42, 35, -8.3126049138962499e-01, -1.2784525312162742e-01
42, 36, -5.0684121376334712e-02, 1.5925516774349480e-01
42, 37, 8.9900391822675452e-02, -4.8969846605460210e-01
42, 38, -2.2610160208930696e-02, -1.6211607813860351e-01
42, 39, 2.8502056690332267e-01, -2.3436889247724041e-01
42, 40, -8.0342452397964770e-01, 4.2724779924514156e-01
42, 41, 4.2640510579555779e-01, -7.0676947861818107e-01
42, 42, -5.7201392719496091e-02, -3.3309415173351398e-01
43, 0, 4.4551246960196611e-01, 0.0000000000000000e+00
43, 1, 3.1738188731034478e-01, -1.9159763225597942e-01
43, 2, 3.2819701874741986e-01, 4.7933469238099713e-01
43, 3, -5.2872722927721627e-01, 6.9414990639183743e-02
43, 4, 5.4735250319478002e-01, 2.7250073123377216e-01
43, 5, -8.0945212097029318e-02, -9.6942216341615040e-02
43, 6, -1.2113511313962877e-02, 2.2344575369077635e-03
43, 7, -2.5327500460708136e-01, -2.7981368616296859e-01
43, 8, 1.8197401665388235e-01, 1.2827122918956713e-02
43, 9, 4.8708880221198159e-01, 6.5655597746770633e-01
43, 10, -5.4424910652072778e-02, -1.1459767153926248e-01
43, 11, -1.9581489473696440e-01, -3.3158768665810878e-01
43, 12, -3.7229110854215741e-01, 9.6678464748318760e-02
43, 13, -8.8940592559175913e-02, 1.1411347993793118e-01
43, 14, 3.0773604239551278e-01, -3.0626370109322537e-01
43, 15, 4.7867440299233754e-01, -7.8205429445888153e-02
43, 16, 2.9486537426516302e-02, -5.3344733987359860e-01
43, 17, 2.2324609450089292e-01, 2.6285377270257815e-02
43, 18, -1.0145769998325696e-01, 1.5041875774151670e-01
43, 19, 3.7002866148679918e-02, -5.8291093721031095e-01
43, 20, 8.3484688206831234e-03, -7.6385634886480425e-02
43, 21, 1.0701597358061693e-01, 4.8987939725125385e-02
43, 22, 1.5845950355298788e-03, 1.3141177303559820e-01
43, 23, -5.4504018718031289e-01, -9.4413221471404352e-02
43, 24, -1.5099979048796391e-01, -1.6816040605097526e-01
43, 25, 2.5993389077494550e-01, 5.5116040645945930e-01
43, 26, -1.4277522359329603e-01, -6.1587040139750981e-01
43, 27, -2.5820370118897717e-01, 5.2179340364877080e-01
43, 28, -6.9877419150783115e-01, -1.6644430878695277e-01
43, 29, -3.4337289116618590e-02, 5.2607904286799623e-01
43, 30, 7.4772689835622930e-01, -2.4493402241793022e-01
43, 31, 2.9521804344890246e-01, 3.9024531085280895e-02
43, 32, -8.5114195929681946e-03, -4.0596814088328842e-01
43, 33, -2.8115378090472065e-01, -4.2744872050259775e-01
43, 34, -7.9728460556829606e-01, -3.2009111297557247e-01
43, 35, 2.5538077637253465e-01, 2.8121815238308145e-01
43, 36, 9.9640485854709665e-02, 6.2810801344002742e-02
43, 37, 3.6590601963305658e-02, -2.7467071009757088e-01
43, 38, -4.0368301623353603e-01, -2.5107564664765875e-01
43, 39, -4.9812759652399469e-01, 3.8690954955458046e-02
43, 40, 2.4407653476657681e-01, 4.9690648591297787e-01
43, 41, -8.2081810570039604e-02, 1.3290363733320870e-01
43, 42, 3.3550028670928711e-02, 6.5087499969285312e-02
43, 43, -5.0944062747704644e-01, -4.1377747521849823e-01
44, 0, 3.3662620305583946e-01, 0.0000000000000000e+00
44, 1, 9.1896438519845725e-01, -1.6050976253070348e-01
44, 2, -3.5129595446898926e-01, 1.5088596368202661e-01
44, 3, 1.1047251162915206e-01, -3.1396498332428929e-01
44, 4, 4.8801824484502693e-01, 2.0372791668982379e-01
44, 5, 2.7153908906011071e-01, -5.3657492070883928e-01
44, 6, -1.3650323999702230e-01, 3.3558966990204031e-01
44, 7, 3.0165948740701332e-03, 5.9149445625728314e-01
44, 8, 2.9425769150958436e-01, 5.0861585874798332e-01
44, 9, -3.9591254562989231e-01, 6.5433530028620956e-01
44, 10, -4.6629089100131110e-01, -1.8936774211913587e-01
44, 11, 1.3423014874901751e-01, -2.9309117801238505e-01
44, 12, -6.4635856937457326e-01, 1.8117639987577785e-01
44, 13, -4.0752152950820109e-01, -2.9634969879819095e-01
44, 14, -2.1850540548238007e-01, 6.4258789195840060e-01
44, 15, -3.8470444842118917e-01, 6.7328652021513902e-01
44, 16, -1.9466906235456882e-01, 1.2803831307412503e-01
44, 17, 3.8595030402296371e-01, 2.9075795121638270e-01
44, 18, 4.6597384353697713e-01, -3.4532756963234201e-01
44, 19, 5.4175542322534043e-01, -1.3749380861825461e-01
44, 20, -2.3175193004965855e-01, -6.2146313179293655e-01
44, 21, 1.6553732162883195e-01, -1.5926434247986287e-01
44, 22, -5.0795649215499492e-03, 1.0884682623116931e-01
44, 23, -1.5400286303750101e-02, 2.3268165753817954e-01
44, 24, -1.6710913961450302e-01, 2.2425521429516138e-01
44, 25, 9.7916376349915346e-02, -3.4565438357161266e-01
44, 26, 4.5485786144664075e-01, -3.6250174454392348e-01
44, 27, -4.8219473960139414e-01, -3.0090757336833307e-02
44, 28, -8.3752173468628899e-03, 1.8865908883718427e-01
44, 29, 8.8408868674680813e-02, 4.1693207799860743e-01
44, 30, 5.3342586207105747e-01, -2.0715115055490729e-01
44, 31, 4.0280461050389788e-01, -2.9951667846421354e-01
44, 32, 3.6982692319876337e-01, -1.3456030634832139e-02
44, 33, -3.2768005261643285e-01, -8.9580126257525095e-02
44, 34, -5.0038807891251769e-01, -2.8623264434642104e-01
44, 35, 2.3724649028637446e-01, 6.6119092123105383e-01
44, 36, -1.9932029494882963e-01, -3.3392321354951848e-02
44, 37, 7.5486402180060086e-01, 2.5613259605076211e-02
44, 38, -3.8394680203319542e-01, 3.7643063639045488e-01
44, 39, 2.1243909029443564e-01, 2.0732499149376804e-01
44, 40, 4.3853390781939283e-01, -8.5498280698785789e-02
44, 41, -1.6380407122379728e-01, -1.5979755309419297e-01
44, 42, -1.4529009045686681e-01, 1.8402365497850598e-02
44, 43, 7.4466853773900943e-02, 2.9736185008959470e-03
44, 44, -2.4414736836048692e-01, 1.3153601231389558e+00
45, 0, 5.2545129808420510e-01, 0.0000000000000000e+00
45, 1, 2.4289600730830124e-01, 3.8304828314779393e-01
45, 2, -3.1554395674450963e-01, -2.2949373171161058e-01
45, 3, 1.9335117988573403e-02, 6.3193900358162025e-01
45, 4, -4.8372914203548067e-01, 1.1966129419698904e-01
45, 5, 1.2597226693532015e-01, -9.3748537210535748e-02
45, 6, -4.2770640871831445e-01, -4.6079210334692977e-03
45, 7, -1.6678574868544660e-01, 1.3262281170388412e-01
45, 8, -1.1082459224494587e-01, -9.2949215959454989e-02
45, 9, 2.3705059944011742e-01, 1.5270851557727105e-01
45, 10, 2.2854858852176996e-01, -6.2278343343944953e-01
45, 11, -2.0411962129654784e-01, -3.1012082441018218e-01
45, 12, -5.4390632414422346e-01, 5.9486615859804548e-01
45, 13, -7.4206236608210685e-02, 4.2936076573628840e-01
45, 14, -1.1129022156210783e-02, 5.6243482714759263e-01
45, 15, -2.3337521923380000e-01, -6.0323943692896853e-01
45, 16, 3.5065031650269302e-01, 3.2114163988228417e-02
45, 17, -1.9819648324139913e-01, -4.1158329600804305e-01
45, 18, 6.5272358052960677e-01, 6.9625162439592170e-01
45, 19, -4.8718430995278689e-01, 7.1270552529432402e-02
45, 20, 1.8124015401049895e-02, 1.3449916008174412e-01
45, 21, 8.3280574354303721e-02, 5.9935676810259486e-01
45, 22, 6.5581511972261552e-01, -8.5017622029820072e-01
45, 23, 2.5502193453391281e-01, -3.9671383468974586e-02
45, 24, 7.4429472305762606e-02, -6.8906146955069925e-01
45, 25, 2.6673356235180906e-01, -9.4347580688738164e-02
45, 26, 1.8975026782586060e-01, -2.7654336873822744e-01
45, 27, -1.5329744482610180e-01, 4.2979482361633287e-01
45, 28, 1.1924842273354863e-01, 5.4391581330259176e-01
45, 29, -2.0107309399337250e-01, -4.8352257116907027e-01
45, 30, 5.8843686431191866e-02, -2.1827013383034999e-01
45, 31, -2.9555040133181631e-01, -2.3148633295507459e-01
45, 32, -3.4063884866253707e-01, 2.9241703876894287e-02
45, 33, -6.8801875543468682e-01, 2.7134798126802201e-01
45, 34, 3.0493803987309365e-01, 1.6026150799932223e-01
45, 35, 3.0326898122596918e-01, -1.7732452835583454e-01
45, 36, 4.3170234423633991e-03, -8.7722953476088983e-01
45, 37, -7.1898420479097402e-01, -3.3548292005235347e-02
45, 38, 2.1308288119874802e-01, -1.0030787077098352e-01
45, 39, 3.4239164008375433e-01, -6.2606447749253877e-02
45, 40, -4.6980109361449612e-02, 1.5284233715410467e-01
45, 41, 1.1338094850533387e-01, -2.7292265139534955e-01
45, 42, -5.7326480558106407e-02, 2.9138523758261015e-01
45, 43, -3.3973842196299986e-01, -1.3142010940642312e-01
45, 44, 2.5934483645998252e-01, 2.3769338767712778e-01
45, 45, 7.5798305513426012e-01, -5.5245710342177001e-01
