0, 0, 0.0000000000000000e+00, 0.0000000000000000e+00
1, 0, 5.1067898614103027e+05, 0.0000000000000000e+00
1, 1, 2.9766457910225814e+04, 2.3109242939110083e+05
2, 0, 0.0000000000000000e+00, 0.0000000000000000e+00
2, 1, -4.0658043971571169e+05, -2.1951799098776878e+05
2, 2, -3.8806480385011630e+06, 1.9774887743825405e+06
3, 0, -1.2366831554057905e+06, 0.0000000000000000e+00
3, 1, 6.6282699401656399e+05, 2.6256711463725688e+06
3, 2, -1.0802492346799856e+06, 2.9512260058383120e+05
3, 3, 2.7292559154276755e+06, 1.3398493901753942e+06
4, 0, 3.6117987338542449e+05, 0.0000000000000000e+00
4, 1, 6.3335111725342122e+05, 4.7371261410356557e+05
4, 2, -5.7403484289492562e+05, -8.9239579313851870e+05
4, 3, 1.1509516030899445e+06, -6.2088779633100930e+04
4, 4, 1.5493460164948864e+05, -1.3378915364935792e+06
5, 0, 1.3301417155892134e+05, 0.0000000000000000e+00
5, 1, -3.5824924645611507e+04, -5.5045262024776195e+04
5, 2, -3.5195954263665399e+05, -2.3105581130778108e+05
5, 3, 2.9998285071605700e+05, -3.1910325706368365e+05
5, 4, -6.2311482195299340e+05, 1.2641325726130744e+03
5, 5, -4.8790463816405181e+05, 4.6687518666100333e+05
6, 0, 4.1722771646843059e+04, 0.0000000000000000e+00
6, 1, 3.6322835429807985e+05, -1.5111698331290987e+05
6, 2, 3.2718469254728558e+05, 1.4713521232183994e+05
6, 3, 3.1800345220542105e+05, 1.3177194248737712e+05
6, 4, 8.3728780232440360e+04, 2.8735503558273462e+05
6, 5, 6.6201990364630823e+04, 2.8644211191989679e+05
6, 6, 2.4157140128077666e+05, 7.4333201643423381e+04
7, 0, -1.9456569028579164e+04, 0.0000000000000000e+00
7, 1, 3.0349267401313677e+05, -2.3169740144406020e+05
7, 2, 2.9615799385204673e+05, 4.3327802104514703e+04
7, 3, 8.5504451505558027e+04, -2.8432915215388639e+04
7, 4, 5.0353526673775126e+05, 8.4057223434966494e+04
7, 5, -4.5272332395944068e+04, -2.8942342111025919e+05
7, 6, -2.0460724623186467e+05, -3.5495067686591507e+05
7, 7, 1.0460915641208223e+04, -2.0515029989821781e+05
8, 0, 1.1781994656495386e+05, 0.0000000000000000e+00
8, 1, -3.5357876990670047e+03, 4.5930732690846475e+04
8, 2, 3.7372339145467966e+05, 9.4681414835526695e+04
8, 3, -2.8643362613230792e+05, -3.1317851111631189e+05
8, 4, 2.9349054140143597e+05, -8.8032603193980030e+04
8, 5, -6.3198335825385421e+05, -4.4405352273816132e+05
8, 6, -7.6743932018641441e+04, -2.9994046882261708e+05
8, 7, -1.3705444916568085e+05, 2.6024979302083913e+05
8, 8, 2.1512033142399494e+04, -6.0082863916209441e+04
9, 0, -6.0503610475145979e+04, 0.0000000000000000e+00
9, 1, -3.3382887638010579e+03, 8.8486597399243983e+04
9, 2, 3.3387440855004039e+05, 3.6328038621362990e+04
9, 3, -1.9339028216894408e+05, -1.5592122517838789e+05
9, 4, 9.8245991473176633e+04, 3.6437179677472066e+05
9, 5, -4.4178031358835951e+05, -3.9928330137118330e+05
9, 6, 1.3703639585850533e+05, -1.1595598694503598e+04
9, 7, -1.7689043979106573e+05, 3.6540008096961468e+05
9, 8, 3.8417702056601382e+05, -9.4743304675880732e+04
9, 9, -2.1520250242304301e+05, -7.8112506719478944e+04
10, 0, 1.2410155883264150e+05, 0.0000000000000000e+00
10, 1, 1.6389089869333466e+05, 7.0523955859118054e+04
10, 2, 6.2275886495847677e+04, -2.8706568856351287e+05
10, 3, -2.0697808806663303e+05, 7.8930101213840710e+04
10, 4, -3.1756407535202306e+05, 8.1304921877586312e+04
10, 5, 1.5991527895931926e+05, -2.6362114739467273e+05
10, 6, 1.3704116508582537e+05, 3.7029866094665666e+05
10, 7, 1.0889214366635485e+05, -9.7099073437156985e+04
10, 8, 1.3958534220127523e+05, 2.0179668837946706e+05
10, 9, -3.1703343489181466e+05, -2.8105461792886443e+05
10, 10, -8.4465682428841741e+04, 1.5037465879313101e+05
11, 0, -8.1421903284829648e+04, 0.0000000000000000e+00
11, 1, -1.3816674196835753e+05, -4.2718694181906001e+04
11, 2, -6.9253699810964623e+04, -3.4653874715952162e+05
11, 3, -3.7188662659004179e+05, 2.7285124418191897e+05
11, 4, -4.8520428163659427e+05, -2.2494465991972503e+05
11, 5, 3.3997080444977118e+05, 2.8427785409462155e+05
11, 6, -1.3770131040131947e+05, -5.0033735564240698e+04
11, 7, 2.2080341597818217e+05, -2.0877261692340067e+05
11, 8, -3.8062657330089057e+05, 1.6896477875700814e+05
11, 9, -9.5258186025632371e+04, -1.1629886406899654e+05
11, 10, 1.1636089903122716e+04, 5.6924388510933472e+05
11, 11, -3.3963961070533100e+04, -1.0715173007354177e+05
12, 0, 1.9398417180070333e+04, 0.0000000000000000e+00
12, 1, -3.9153301553350908e+05, 1.5472458677486815e+04
12, 2, -6.0361152687548623e+04, 1.5522046159428009e+05
12, 3, -4.6605832373213966e+05, 8.6090049234855687e+04
12, 4, -7.9149609396078085e+04, 6.5901271790316183e+04
12, 5, 1.5902380282644858e+05, 3.3797730096821679e+05
12, 6, -1.0656832407360830e+05, -4.8169197753457061e+05
12, 7, 7.0630135553982400e+04, -9.4878124152517208e+04
12, 8, -4.2644915270481945e+05, -6.5952544436925717e+04
12, 9, 1.4992468247274857e+05, 9.9959692008433994e+04
12, 10, 6.5535588384167117e+04, 3.9002274951380171e+05
12, 11, 2.6084253959331353e+05, -5.7897036685483297e+05
12, 12, -2.5102271472499375e+04, -2.8485588766670982e+04
13, 0, -1.3410365023406377e+05, 0.0000000000000000e+00
13, 1, -2.4541966674063745e+05, -3.6834814681833173e+04
13, 2, 1.2953629850907245e+05, 3.3720901691690000e+05
13, 3, 2.2503625304815068e+02, -1.1397073715691367e+03
13, 4, 2.5841900169963337e+03, 2.1469256486450395e+05
13, 5, 2.3916719526677993e+04, -1.6297946441846286e+05
13, 6, 1.2475937311301130e+05, -4.0173400761046674e+05
13, 7, -2.7171918899387599e+05, 1.3478926588369504e+05
13, 8, -7.3145713522877864e+04, -1.2425893647546651e+04
13, 9, 3.0663438482193154e+05, 2.3017640495140996e+05
13, 10, -1.3651828650475552e+04, -1.9729928208013836e+05
13, 11, 2.5953158413005623e+05, -3.1638561859705602e+05
13, 12, -4.3935935193950788e+05, -1.5240182016498584e+05
13, 13, 2.1787784527245897e+05, 3.1802576489728322e+05
14, 0, 2.4319793048043837e+04, 0.0000000000000000e+00
14, 1, 2.6984449035596999e+05, 7.9937411185241450e+04
14, 2, 1.5046974653924111e+05, -1.7334908555591782e+05
14, 3, 1.3568805790195992e+05, -9.0388018620308838e+04
14, 4, 1.2777706597177932e+05, -4.0419697528185073e+05
14, 5, -1.7155903780871350e+05, -3.7253877569800324e+05
14, 6, -5.4003445515201056e+03, -6.2260599439156271e+04
14, 7, -1.2849223651074948e+05, 9.8686358000579829e+04
14, 8, 3.5146892504703818e+05, 1.7290874142352969e+05
14, 9, 3.2256304603371580e+04, 3.8073470749465225e+05
14, 10, -2.3027525392169489e+04, -5.9671586929620034e+05
14, 11, -2.8252282182354224e+05, 1.0655027473136550e+05
14, 12, -1.3682404381841072e+05, -7.8116115796879545e+04
14, 13, 2.7766469171033974e+05, 7.6057951571995590e+05
14, 14, -5.4633899918709831e+03, -2.6357787597071240e+05
15, 0, 1.7807023478841456e+05, 0.0000000000000000e+00
15, 1, 7.8212495173058094e+04, 1.5538225220346657e+05
15, 2, -1.8870282159809588e+05, -3.0229332533853489e+05
15, 3, -2.1530357448018686e+05, -1.1504624576035497e+05
15, 4, -2.9561710645031597e+05, -3.9135554978219379e+05
15, 5, -3.6357787597789150e+05, -2.2979662928865908e+05
15, 6, -2.0481143537590600e+04, 2.6253186126935756e+05
15, 7, 3.9262192641011783e+05, 1.7018975513549804e+05
15, 8, 4.4684802904647484e+05, 2.3413271365191168e+05
15, 9, -9.9759597054353217e+03, -1.4052868231912112e+05
15, 10, -1.0153875383543312e+05, -7.3200082429907561e+04
15, 11, -3.2064127304025914e+05, 2.3880116996188895e+05
15, 12, 2.9571186313251650e+05, 3.0669008009271667e+05
15, 13, 5.0489856856034443e+04, 3.1378955042430561e+05
15, 14, 7.9761601705889800e+04, -5.3067042205330264e+05
15, 15, -2.1047984926301325e+05, 2.9797483303851859e+04
16, 0, 2.1072455272143352e+05, 0.0000000000000000e+00
16, 1, -9.7744711101148772e+04, -2.4106132719387641e+05
16, 2, -3.0629564890615956e+05, -9.9150559199363823e+04
16, 3, -2.1323989734833760e+05, 2.0161355741662681e+05
16, 4, -4.0616256214485003e+05, -3.7374717095409884e+04
16, 5, -1.6598669729050141e+05, 2.6540258439539542e+05
16, 6, 6.8886724370498137e+04, 9.8390391972264537e+04
16, 7, 2.0466559067663527e+05, 1.1675369572543961e+05
16, 8, 1.2286700774692414e+05, 2.1307915236383188e+05
16, 9, -2.0401498247190341e+05, -4.2805663948039617e+05
16, 10, -2.6578021103896556e+05, 1.3276073753509397e+05
16, 11, -3.5553384734698775e+03, -7.0026796155496981e+04
16, 12, 2.5755312029110920e+05, 2.8387336187687470e+05
16, 13, -4.1008495206385618e+04, -2.8380213450007496e+05
16, 14, -3.3832725080392323e+04, -4.1117458822813019e+05
16, 15, -4.5395759246117156e+05, 1.3915659533757184e+05
16, 16, 8.8638452448000025e+04, 2.8437356448527680e+04
17, 0, -5.2503941330595029e+04, 0.0000000000000000e+00
17, 1, -2.2383713270748939e+05, -3.1135581879773265e+05
17, 2, -1.2368261037220243e+05, 7.6514764777273813e+03
17, 3, -9.3386259386178717e+04, 6.6010131647500224e+04
17, 4, 2.1542120528142076e+05, 4.9878609830146997e+03
17, 5, 3.2916206888159097e+05, 1.1239069161634127e+05
17, 6, 2.8943728657810716e+05, -1.1752305091107207e+05
17, 7, 1.5139402864741709e+05, -1.5840247985587327e+05
17, 8, -1.7030457896687079e+05, -9.4184397115878470e+04
17, 9, -6.0337223371400120e+04, -2.1680145746449547e+05
17, 10, -2.5073562665316532e+05, 1.1456359781141688e+05
17, 11, 1.2507731728715989e+05, -7.8041475082209159e+04
17, 12, 1.5501610256377535e+05, -2.1646089717725579e+04
17, 13, -2.6899527318953531e+05, -4.2608809667383408e+05
17, 14, -1.4453345365659002e+05, -2.1793673098167925e+05
17, 15, -1.6064839187511100e+05, 2.1588710457597091e+05
17, 16, 5.4665781733655056e+05, 2.7625016612143791e+05
17, 17, 6.8150716450422173e+04, 1.4797721743232422e+05
18, 0, -1.5960676965993241e+05, 0.0000000000000000e+00
18, 1, -9.1990395581398247e+04, -3.4491311924459157e+05
18, 2, -2.5166077911916705e+04, 1.7256194303454795e+04
18, 3, -1.8448836438325001e+05, -2.1975955144535686e+05
18, 4, 5.0674053307437809e+05, 8.9736472965112480e+04
18, 5, 1.1312145484924973e+05, -3.4996693452034687e+05
18, 6, 1.2911800156792374e+05, -3.7323595521484094e+05
18, 7, -9.1399173150710034e+04, -8.8575665000637760e+04
18, 8, 5.5576782780822454e+04, -1.6294468652715595e+05
18, 9, 2.1461222444757168e+04, 2.3230206673109013e+05
18, 10, 3.7326153386697872e+05, -7.9775812918632859e+04
18, 11, 1.7190154550114533e+05, -1.3230920266980206e+05
18, 12, 5.3152332428848022e+04, -1.2228345493286548e+05
18, 13, -1.9881108203378998e+05, -1.2733024746605252e+05
18, 14, -2.1957490089711268e+05, 1.2593946331688594e+05
18, 15, 2.4189408038878406e+05, 4.1272677622298466e+05
18, 16, 2.6388033699169033e+05, 9.6126451484978868e+04
18, 17, 1.0123985805122447e+05, -5.5618404141795996e+05
18, 18, 2.2301391109854402e+05, 1.8626285204738734e+05
19, 0, -8.3911163430555953e+03, 0.0000000000000000e+00
19, 1, 3.7401812357551986e+04, 2.7836058221779612e+05
19, 2, -2.3720952999969420e+04, 3.4389617656462142e+04
19, 3, -2.5795051747592806e+03, -1.1121073619015838e+05
19, 4, 1.1617680374699752e+05, 1.5566755131480217e+05
19, 5, -1.4798441573866454e+05, -2.2691064733687014e+05
19, 6, -1.1383953418427466e+05, -1.2622947090225908e+05
19, 7, -2.6253381174400973e+05, 1.1359592732524368e+05
19, 8, 2.5014399732409045e+05, -4.6590376914407905e+04
19, 9, 1.3200942804807558e+05, 2.8313528820111201e+05
19, 10, 3.4604497520178888e+05, -1.0278801728737933e+04
19, 11, 4.1972188755740463e+03, -2.3977416782992156e+05
19, 12, 5.5630201634674449e+01, 1.4680558850238969e+04
19, 13, -1.3908754443649855e+05, 7.7198884847469853e+03
19, 14, 1.0072487806062160e+05, 3.0050926569189579e+05
19, 15, 4.9969546660077042e+05, 3.2566124941108550e+05
19, 16, 1.8803040061906431e+04, -9.6812433775448357e+04
19, 17, -9.9446890679354721e+04, -2.7156122942462808e+05
19, 18, -3.7302915512851236e+05, 3.5323649089348654e+05
19, 19, -2.0047456263062119e+05, -4.4550833742095134e+05
20, 0, 1.8021203268274284e+05, 0.0000000000000000e+00
20, 1, 5.9481264756182092e+04, 3.6245745480068738e+05
20, 2, 3.3011422898986697e+04, -1.5100242277690279e+05
20, 3, 2.0190625420363460e+05, 1.2325737465798734e+05
20, 4, -2.3783152488604147e+05, 1.0088548922827159e+05
20, 5, 1.1555328106485089e+05, -7.9288630927324793e+03
20, 6, 1.1700780448148394e+05, 2.1124706727875388e+05
20, 7, 1.7863036761361662e+04, 1.0593742211123342e+05
20, 8, 1.7817977324301490e+05, 1.9551088462083106e+05
20, 9, 9.6068565073059988e+04, 1.0722718664189547e+05
20, 10, -2.4093427248203318e+05, -2.4991013746195189e+04
20, 11, -3.4102268914087443e+04, -3.7795956318376528e+04
20, 12, -3.3365813603751425e+05, -1.0913894286951558e+05
20, 13, -8.9234569107892385e+04, 2.0946874408609603e+05
20, 14, 2.0404814292793101e+05, 1.8801757568423293e+05
20, 15, 4.9414981461184252e+04, -2.1475706755504510e+05
20, 16, 3.0860714984452541e+04, -1.1997838323543710e+05
20, 17, -3.3387907123511075e+05, -2.5792111005497380e+05
20, 18, 2.8280079551520124e+04, 4.3161807042340963e+05
20, 19, 7.1289491637659201e+04, -8.6267027202250363e+04
20, 20, -2.9897096938085923e+05, 1.3536280230931043e+04
21, 0, 5.2261136578912316e+04, 0.0000000000000000e+00
21, 1, -1.1234542317279823e+05, -2.5205224985293188e+05
21, 2, -1.4882279492484573e+04, -3.7305037632961862e+05
21, 3, -8.7690016502170372e+04, 1.4368292201187846e+05
21, 4, -2.5776330431209609e+05, -1.0553988302899440e+05
21, 5, 2.3899062529662601e+05, 8.9773251108046083e+04
21, 6, 3.9825339453118439e+04, 1.3980294838176577e+05
21, 7, 1.5352544598653156e+05, -2.1909193206392700e+05
21, 8, 4.4878506764459715e+04, 1.8808187111119649e+05
21, 9, -1.7328169355074241e+05, -3.6538984488250164e+04
21, 10, -2.0524573755075806e+05, 1.2657389408130696e+05
21, 11, -2.4048409771922961e+05, -1.8323601951248728e+05
21, 12, 1.4792397298456571e+05, 7.9631872886784229e+04
21, 13, -1.3092097177834998e+04, 3.5494889854030778e+04
21, 14, 8.3788004830187914e+04, -2.7877050001117669e+05
21, 15, -2.1717487624135727e+05, -3.4036301251414075e+05
21, 16, -1.9865342242307318e+05, -7.0379565581722854e+04
21, 17, -2.0392732406720472e+05, -2.0664306126919674e+05
21, 18, 1.6784140736169880e+05, 3.2920881429572613e+05
21, 19, 6.5655166337496325e+04, -5.2945911303504196e+05
21, 20, -1.4356483550220024e+05, -2.4862866212488426e+05
21, 21, 4.7223733551476611e+05, 3.2162768209843209e+05
22, 0, -1.6852554313492647e+05, 0.0000000000000000e+00
22, 1, -3.0255620326415298e+05, -1.3339508238082257e+05
22, 2, 2.9619092669469952e+04, 6.9090393758736318e+04
22, 3, -2.8205882272920449e+05, -1.5816200231619412e+04
22, 4, 1.7243711447395053e+05, -2.3624984567475706e+05
22, 5, 4.3068260266066100e+04, 3.8032514167121175e+04
22, 6, -1.5124654085935833e+05, -3.1768444289812562e+05
22, 7, 1.7691434266800096e+05, -2.9947771727918069e+04
22, 8, -2.3559650406753094e+05, -1.3197904399552368e+05
22, 9, -3.2093664173565106e+04, -8.5162910058356385e+04
22, 10, -1.8823043897138783e+05, 1.5408728581039055e+05
22, 11, -1.3122347467706894e+05, -1.6490049826294844e+05
22, 12, 2.5474225688597967e+05, -4.8406851734970696e+03
22, 13, -1.1669501135604741e+05, -1.1367513238625112e+05
22, 14, -7.3435226187319626e+04, -3.4221413081073604e+05
22, 15, -2.8872582384252606e+05, 1.6535897968276404e+05
22, 16, -1.5080007684567297e+05, -1.4089013914392137e+04
22, 17, 2.8614205126772553e+05, 1.9235691642883149e+05
22, 18, -8.9250896388716050e+04, 3.8175100927317035e+03
22, 19, 3.1783474619805254e+05, -2.6555905847517413e+05
22, 20, -3.4299203966564045e+05, 6.7042525149305919e+04
22, 21, 2.0959322136185173e+05, 4.4919199005513202e+05
22, 22, -5.0752640474252912e+04, -2.1833367250055450e+05
23, 0, 6.1433896131924223e+04, 0.0000000000000000e+00
23, 1, 1.7263556960495227e+05, 3.3913837779991823e+04
23, 2, 1.3288393245040567e+05, 3.2838940183438506e+05
23, 3, 1.0608759639362153e+05, -1.2304133514274060e+05
23, 4, 2.8980124024011602e+05, 4.3432102829505871e+04
23, 5, -2.5652868620992079e+05, 1.4656332003315634e+05
23, 6, 2.7897394046504772e+05, -3.8976751375254523e+05
23, 7, -1.8764169073296836e+05, 2.7223883659261774e+05
23, 8, -1.1947931182239619e+05, -2.3051424648711315e+05
23, 9, 2.6932897482624539e+04, 1.0965325428773073e+05
23, 10, -8.5446117713130021e+04, -2.1518240839896671e+05
23, 11, 2.0865246116411703e+05, -1.8860573547295242e+05
23, 12, 4.1187966320046064e+04, -7.8442999752121847e+04
23, 13, -1.8361962603382411e+05, -2.3039751290826811e+04
23, 14, -3.8863103673262172e+04, -3.0700980882938637e+05
23, 15, -2.1223185358335235e+05, 5.6385425315724709e+05
23, 16, 3.2706409523968346e+05, 6.7704430899882776e+04
23, 17, 2.4197560955254571e+05, 5.8020134639474656e+05
23, 18, -1.0595495721531393e+05, -4.2527044756165083e+05
23, 19, 3.6424647790162120e+05, 5.3572507468075622e+04
23, 20, -4.0640710717848333e+05, 5.1043221235150530e+04
23, 21, 3.4160298677200277e+05, 4.9684122993297671e+05
23, 22, 1.5715872660143988e+05, -8.9764625370650232e+04
23, 23, -4.3758061769945454e+05, 1.3983066096208026e+05
24, 0, 1.6463651201256178e+05, 0.0000000000000000e+00
24, 1, 1.7492925574778058e+05, 1.8626938581855761e+05
24, 2, -5.3324794745139880e+03, -1.5388177333179297e+05
24, 3, 3.0340665845480061e+05, -1.8588172919787723e+05
24, 4, 4.3319575192510820e+03, 1.2073173293448122e+05
24, 5, -2.2866112517300952e+05, -1.3327696066286816e+05
24, 6, 2.8791027085418277e+05, -1.2829513315938340e+04
24, 7, -3.3834461869594618e+05, 4.0538828773411684e+05
24, 8, 1.3557114445097640e+05, 5.0981978748651338e+04
24, 9, 8.5248412900109426e+04, 2.6252634943207918e+05
24, 10, -1.0955235062804418e+05, -1.9532179808085714e+05
24, 11, 3.2004425409285095e+03, 2.6387826897390396e+05
24, 12, -2.6226175762627169e+05, -2.5216241315654106e+05
24, 13, 1.1952427482683981e+05, -1.9390471246401576e+04
24, 14, 5.2591366148502229e+03, 3.2190977066338749e+05
24, 15, 1.9414025886530691e+05, -4.5711220875696425e+04
24, 16, 4.7327502107828832e+05, 2.7651771288340865e+05
24, 17, -1.0197967937318439e+05, -3.4895872283305252e+03
24, 18, 3.0424864960473648e+05, -4.9454227821181185e+05
24, 19, -2.8850847502195020e+05, 3.1141891059379897e+05
24, 20, -1.0175400552341521e+05, -9.3075113509100338e+04
24, 21, -4.1876334919835426e+03, 3.3790034945261013e+05
24, 22, -9.7987802049020203e+04, -5.5978440490671177e+05
24, 23, -4.5662307821069675e+05, -3.1465855367837568e+04
24, 24, 2.2600294166389632e+05, 9.0730279540996911e+04
25, 0, -1.1168488062400097e+05, 0.0000000000000000e+00
25, 1, -9.5513628375266373e+04, -2.6270358168306331e+04
25, 2, -1.6840951096575434e+05, -3.2635204675789271e+05
25, 3, 6.3101437126836252e+04, -1.3142123549696652e+05
25, 4, -5.4763085891773482e+05, 1.5251479456926172e+05
25, 5, 2.2394489862972801e+05, -2.5387583083514776e+05
25, 6, -1.4765630447586882e+05, 2.6426661760819360e+05
25, 7, 5.3807363659655777e+04, 2.5867020092432597e+05
25, 8, 1.6988006773462362e+05, 1.4786221589652720e+05
25, 9, 6.2478108157121969e+04, 1.7789420203043323e+05
25, 10, 1.3238684718990570e+05, -1.9020677386373657e+05
25, 11, -3.9320702810287778e+05, 3.4687227096699283e+05
25, 12, -2.7055258785399597e+05, -2.2597451453600472e+05
25, 13, 6.7788241655612655e+03, 2.3402829394512333e+05
25, 14, -6.7245893074239953e+04, 2.1461068132123936e+05
25, 15, 3.7858160878778261e+05, -8.6746466637716527e+04
25, 16, -9.1309668764289207e+04, 2.3963660548111549e+05
25, 17, -2.6943382842545060e+05, -6.6542153007747128e+05
25, 18, 1.4015454744644708e+05, 6.4046407490255609e+04
25, 19, -5.5093540301705536e+05, -4.3411083688121696e+04
25, 20, 4.3220910110650049e+05, 8.8086044047107905e+04
25, 21, -5.8587207814303972e+05, 1.7245224427873053e+05
25, 22, 2.5296869911099697e+05, -3.9817445734193741e+05
25, 23, -4.3041412476754840e+05, 3.8412910079830966e+05
25, 24, 2.2446112849338161e+05, 8.3934857944355288e+04
25, 25, 1.2677172022443073e+05, -2.3834661363821852e+05
26, 0, -2.2533712565602598e+05, 0.0000000000000000e+00
26, 1, -1.2538303073052787e+05, -3.6297552740549593e+05
26, 2, -1.5805737811535006e+05, -1.0779249645443617e+04
26, 3, -6.9284573847731706e+04, 1.0326285573978155e+05
26, 4, -3.1281249608628300e+05, 1.3507046685642446e+05
26, 5, 1.8597235854107133e+05, 1.4029675358632344e+05
26, 6, -3.0254113204680273e+05, 1.0724155104443860e+04
26, 7, 9.1601850752628103e+04, -1.7493788497162316e+05
26, 8, 1.9271311366518799e+04, 8.7294831541513806e+04
26, 9, -3.5981528057578420e+04, -4.3782628596742876e+05
26, 10, 9.0896315745422646e+04, 5.1460855343559393e+04
26, 11, -4.1702731160448556e+05, -1.8470068845927849e+05
26, 12, 2.0951474809576210e+05, -9.0298012839409042e+04
26, 13, 2.5855452569720863e+04, 4.2343409417526782e+03
26, 14, 1.0352737305791531e+05, -5.0541814007691944e+04
26, 15, 8.7135031791325746e+04, -5.4212445091732072e+04
26, 16, -4.1781683354879322e+05, -1.0084378869263911e+05
26, 17, -2.4987618018152958e+05, -7.1536806376733861e+04
26, 18, -2.3791187682112065e+05, 3.9502139005560009e+05
26, 19, -1.7447726852257820e+03, -8.6542343000088615e+04
26, 20, 1.1296258176588704e+05, 3.1788157343405788e+05
26, 21, -2.4124609350684431e+05, -4.7093397720006458e+05
26, 22, 3.8458232717890682e+05, 1.0879446839660333e+04
26, 23, -2.2236222600675479e+05, 2.1151648582178846e+05
26, 24, 6.7237219831782172e+05, 4.3646684262082337e+04
26, 25, 2.4317186500823457e+05, -3.6363342028161749e+05
26, 26, -1.4142855008975728e+05, 3.8692572537138173e+05
27, 0, -2.4747079825444103e+05, 0.0000000000000000e+00
27, 1, 4.1508705717671139e+04, -2.3247632292091381e+04
27, 2, 8.4623466608823001e+03, 2.8572593840045069e+05
27, 3, 1.1444172293259860e+05, 2.6763255771821004e+05
27, 4, 3.3031376917809295e+05, 1.0040839349439603e+05
27, 5, 8.8588081934353220e+04, 2.8651751861002482e+05
27, 6, 2.9500907158694329e+05, -2.9759799317453912e+05
27, 7, -2.5425922844044046e+04, -1.1672203696989863e+05
27, 8, -3.3561554202465538e+05, 8.8550940971462143e+04
27, 9, 1.6889198810317634e+04, -3.9711990231673658e+05
27, 10, -2.4043771387475842e+05, 1.3237856783910178e+04
27, 11, -1.8560691073750908e+05, -1.8414329452191317e+05
27, 12, 8.0091504857371605e+04, -6.3476279812955536e+03
27, 13, -8.5252049966269784e+04, -9.5133454568134650e+04
27, 14, 2.2524327024021398e+05, -1.6695081619820176e+04
27, 15, -2.6679140659873745e+04, 9.4043100373025954e+04
27, 16, -6.9674678254500352e+04, -2.4681668112776993e+05
27, 17, 1.8953194737543230e+05, 3.8568685147654789e+05
27, 18, -1.4248708097846607e+04, 1.5389087399072933e+05
27, 19, 6.9004614867415885e+05, 1.6644413367653562e+05
27, 20, -2.6865511934688286e+05, -5.9676442533322894e+04
27, 21, 2.8047800620938535e+05, -2.7042290416626679e+05
27, 22, -2.0528840680692042e+05, 3.4688655238563509e+05
27, 23, 1.3614025027068314e+05, -2.5771074417028108e+05
27, 24, 1.6999583171144730e+05, 5.9945458961839438e+04
27, 25, -7.9978095201055345e+04, -5.4673505159212719e+05
27, 26, -2.4217506757596842e+05, 3.4095547993223503e+05
27, 27, 4.4504663384332717e+05, -2.2481550814289403e+04
28, 0, 3.1766555160663735e+04, 0.0000000000000000e+00
28, 1, 1.5654533992775853e+05, 9.4682959717932099e+04
28, 2, 3.1452832058150077e+05, 2.5236677766334594e+05
28, 3, 1.7909386119128563e+05, -3.0310830541992438e+05
28, 4, 3.5281699302255397e+05, 7.5010335918774144e+04
28, 5, -6.9527812068665356e+04, 2.8429234387899996e+04
28, 6, 4.5435382406202203e+05, -2.5901088139415573e+05
28, 7, -1.9097927870969038e+05, 2.5423196835459009e+05
28, 8, -2.5590753807927875e+05, -3.0119545919687473e+04
28, 9, 7.6238394203042611e+04, 4.3263263082368521e+05
28, 10, -8.9562115978250746e+04, -3.6344449749952852e+04
28, 11, 1.8337540145213105e+05, 2.7990980475375219e+05
28, 12, 6.8867913424012193e+04, -3.4324050512391535e+04
28, 13, -1.1835812733620734e+05, 6.5367570837133804e+04
28, 14, 1.2390401709980925e+05, 1.5719419822356888e+05
28, 15, -9.3487270898124014e+04, 1.4700145579153619e+05
28, 16, 1.6903933961812430e+05, 8.9231059593645885e+04
28, 17, 9.8383469563133069e+04, 4.0547536596211430e+05
28, 18, 2.7480200149920408e+05, -3.0838436896718154e+05
28, 19, 3.3945472636008362e+05, 7.1210617206068971e+04
28, 20, -2.6267184865140187e+05, -4.1005205375046493e+05
28, 21, 1.7469709241325423e+05, 1.3426239077529093e+05
28, 22, -3.5436744217523345e+05, 6.5591797637095820e+04
28, 23, 3.5860487347124889e+05, 1.4360140973647818e+05
28, 24, -2.5833145995191950e+05, 1.5839009745077943e+05
28, 25, -5.9501341122302169e+04, -9.5825014232496265e+04
28, 26, -3.9103991465694574e+05, 5.2756444690232945e+05
28, 27, 2.1468715685959396e+04, 6.2548902695890705e+04
28, 28, -1.3904505560822441e+05, -5.6686821023568080e+05
29, 0, 1.1736699701536665e+05, 0.0000000000000000e+00
29, 1, 3.8593750166482299e+04, 1.8859637606396704e+05
29, 2, 1.3830290721659007e+05, 1.1577733067692618e+04
29, 3, 1.0828011183106477e+05, -3.3260670988362678e+05
29, 4, -1.6578879054750380e+05, 9.7390408673067868e+04
29, 5, -1.2710704165137175e+05, -1.5895901816411133e+05
29, 6, -7.4610600796736893e+04, 5.6065378340769596e+04
29, 7, -2.7493380066463188e+05, 1.7423824597360252e+05
29, 8, -4.8427972162279846e+04, -1.4747017060132952e+04
29, 9, 1.1367611069369328e+05, 3.6948991398722760e+05
29, 10, 1.6157460816353137e+05, -7.0801015710260661e+04
29, 11, 3.4987245630332705e+05, 8.7422540197263355e+04
29, 12, -1.7675524741379355e+05, 1.0608680366765597e+05
29, 13, 2.1119981200009928e+05, 2.5184684553500389e+04
29, 14, 2.0273796221450917e+04, 1.4618881873816828e+05
29, 15, 7.5223648633368153e+04, 1.3173811315934185e+05
29, 16, 1.2333200226088299e+05, 4.1187927111125609e+04
29, 17, 4.1635076923369343e+02, -8.7296041502644133e+04
29, 18, -1.8258795204586277e+03, -8.4419998158689457e+04
29, 19, -2.0493822280689309e+05, -4.2094197175971232e+04
29, 20, -1.1941891664027213e+05, -7.2245144936402241e+04
29, 21, -1.7277018400878346e+05, 2.9576412306075799e+05
29, 22, 1.2238488451376899e+05, 7.1835043605576175e+03
29, 23, 5.0636761208587341e+04, 3.2722711082183284e+05
29, 24, -8.3046087752587511e+04, -3.1533906124898023e+05
29, 25, 6.8718731330733106e+04, 3.0918580337085796e+05
29, 26, -1.7087144847428794e+04, 2.5350333161251340e+05
29, 27, 4.7226483766991086e+05, 7.0114323515162323e+04
29, 28, -2.7553273124233179e+04, -2.6353208492625604e+05
29, 29, -1.5335824586163723e+05, 1.7222170333747179e+05
30, 0, -7.3224166608769228e+03, 0.0000000000000000e+00
30, 1, -1.6625141680748246e+05, 5.7851663287705214e+03
30, 2, -2.3074944129333078e+05, -3.2664080764099886e+04
30, 3, -5.2148000744431039e+04, -2.3538480034872297e+04
30, 4, -2.9697767854982486e+05, 2.5989108005272358e+05
30, 5, -1.0948171003126285e+05, 1.4839661968952673e+05
30, 6, -1.2000337816739686e+05, 4.0008458682235470e+05
30, 7, -6.5108068066598098e+04, 1.0249012046184587e+04
30, 8, 4.1786855253997514e+04, 1.3622925917826238e+05
30, 9, -1.0905352888786285e+05, 3.5737559777062561e+04
30, 10, 7.7371469876434960e+04, -2.7631027199291450e+05
30, 11, 1.4934607765650973e+05, -1.0017105028379560e+05
30, 12, -3.3048636199286068e+05, 1.2767804278665644e+05
30, 13, 1.0669419173664028e+05, 4.6452469476080187e+04
30, 14, -1.3423471391154410e+05, -3.2478560910213477e+04
30, 15, 1.2118237916120757e+05, -9.0020789683336698e+03
30, 16, 2.8716718924547611e+04, 4.0138858396695818e+04
30, 17, -1.3127675887516659e+05, -1.7259792242988103e+05
30, 18, -6.2484856047641690e+04, -2.8423920788764266e+04
30, 19, -2.1980745516932601e+05, 7.7046444821191355e+04
30, 20, 1.5854463767203895e+05, 1.5863398568540462e+05
30, 21, -6.3786025102646687e+04, 9.5919669284563657e+04
30, 22, 2.4072396976868165e+05, 4.7506731339372120e+04
30, 23, -1.6165277344161336e+05, 6.7959832419924176e+04
30, 24, 9.3075223621410696e+04, -2.2792905959154974e+05
30, 25, -2.2654945265229151e+05, 2.6481746882086596e+05
30, 26, 1.4784499340109466e+05, -3.5208957062500570e+05
30, 27, 3.2337775515279535e+05, -2.4768966284746281e+05
30, 28, -2.2294317541059776e+05, -3.8439201180335780e+05
30, 29, 1.7824941080808934e+04, 4.6009735802143172e+04
30, 30, 1.0377148974061952e+05, 2.0483026157060307e+04
31, 0, 1.5371640443810498e+05, 0.0000000000000000e+00
31, 1, -6.3370104429046653e+04, -1.0143224574684838e+05
31, 2, 9.4611762902406044e+04, 5.7823802040534167e+04
31, 3, -1.9451104311258117e+04, 6.1201036094299488e+04
31, 4, -5.1536537695608597e+04, 1.8874324110887050e+04
31, 5, 8.6197095190812179e+04, 2.0735768820860889e+05
31, 6, 4.2555368616542015e+04, 1.1073182489822434e+05
31, 7, 2.4883547296284992e+05, -1.5889859194219779e+05
31, 8, -1.9400435531420346e+04, 3.2103122226501036e+04
31, 9, -1.4462881303351175e+05, -5.2562719040403339e+04
31, 10, -8.6674425270325795e+04, -2.8578498060737527e+05
31, 11, -1.9734171490389755e+05, 2.1104780102434091e+05
31, 12, -1.3167224749337003e+05, -1.0598483351326249e+04
31, 13, 4.4615471208891751e+04, 1.6729021775045269e+05
31, 14, -3.8360983524196854e+02, -1.0113793714771891e+05
31, 15, 7.8684134286255372e+04, 3.9563304812006856e+04
31, 16, -1.4700178070592921e+05, -2.1876450140100227e+04
31, 17, -7.5639995269444247e+04, 3.7661463203899519e+04
31, 18, 3.3931580424752581e+04, 2.2446810612010586e+05
31, 19, 8.1720438857391797e+04, 1.3161736919297205e+05
31, 20, 4.5101973637969553e+05, 1.8636639504909542e+05
31, 21, 1.9710044490148950e+04, 1.4135207491687575e+04
31, 22, 1.2786410791161837e+05, -1.9510126594060109e+05
31, 23, -1.0156723983129856e+05, -1.7661840458602997e+05
31, 24, 5.9754775094896555e+04, 1.3005732952019156e+05
31, 25, 1.7861631527501650e+04, -2.4430874931596649e+04
31, 26, 1.9643154714371511e+05, -5.4320053785743177e+04
31, 27, -1.0845605042294521e+05, -1.6461673310377609e+05
31, 28, -4.2416022119887866e+05, -1.1964340510279230e+05
31, 29, -9.0740730571544394e+04, 2.0545648199808813e+05
31, 30, 2.4320994165914737e+04, 2.5898514605800493e+05
31, 31, -1.6573168025659569e+05, 3.0885856810547833e+04
32, 0, 1.8213476764822926e+05, 0.0000000000000000e+00
32, 1, -5.4741889351972895e+04, -2.3244494773670635e+05
32, 2, 1.9933599592309017e+05, 2.1111162823909082e+05
32, 3, -2.0538791799146961e+05, -5.1569778263434564e+03
32, 4, 2.3701637006552159e+05, 8.0136619754629559e+04
32, 5, 1.1214912129545926e+05, -5.8525750773364991e+04
32, 6, -1.3047136871542518e+04, -2.4424522735404872e+05
32, 7, 2.0680101668992761e+05, -1.7598414257977792e+05
32, 8, -2.8829321508830314e+05, -3.4610540877376217e+04
32, 9, -3.4384351791372552e+04, -1.0580628563718637e+05
32, 10, -5.1028048435635399e+04, 9.8114332341977337e+04
32, 11, -4.6708331439201102e+04, 5.7351925907183540e+04
32, 12, 7.4658661599214902e+04, -7.7289789509434195e+02
32, 13, 4.2413334303052136e+04, 4.0203765307112335e+04
32, 14, 9.3606790857534543e+03, -2.3380673943604305e+05
32, 15, 2.8327887257419410e+04, 1.1867846473596861e+05
32, 16, -1.7771535742807895e+05, -5.5974497330802558e+04
32, 17, 1.5712653162195202e+04, -3.7369214824068127e+04
32, 18, 1.0637168909517869e+05, 2.2738278662486955e+04
32, 19, 2.5662202482817945e+05, -1.5160575113321081e+05
32, 20, 2.4269551367561868e+05, 6.9552289021589313e+04
32, 21, -1.1680027949194802e+05, -2.7809220474925189e+05
32, 22, -1.3237379382391949e+05, -7.4773148726058775e+04
32, 23, -2.4904029697112470e+04, 1.2451966414435804e+05
32, 24, -3.1934964333745891e+04, 1.9641083620083155e+05
32, 25, 1.5202388444075495e+05, -1.7735798040726371e+05
32, 26, 4.3541562112594831e+04, -7.7458666973831525e+04
32, 27, -6.2842409350821363e+04, -1.4969311350776555e+05
32, 28, -4.7376621107610568e+04, 3.4873774260740646e+05
32, 29, 1.0412917820801906e+05, 2.3325742757676667e+05
32, 30, 1.8490057537394096e+05, -6.8000312948187508e+04
32, 31, 1.2722507939098452e+05, 8.3655896142981888e+04
32, 32, 7.8623411675581694e+04, 6.8732416030959692e+04
33, 0, -1.0879989730991458e+05, 0.0000000000000000e+00
33, 1, -8.0531353147745423e+04, -1.3906056658375164e+05
33, 2, 7.5789945092219103e+04, 2.7260232631806401e+05
33, 3, -1.7530159612555895e+05, -1.2485231525011765e+05
33, 4, 8.6487340025329526e+04, 5.9129924808961186e+04
33, 5, -1.8466592869675282e+05, 4.6998077225490808e+04
33, 6, -1.8144537721213215e+05, -3.6550714576251723e+05
33, 7, -1.0614182591520375e+05, 3.6375175509442680e+05
33, 8, -1.7479901028364588e+05, -1.7911971816842823e+05
33, 9, 7.8442800089262309e+04, 1.2206015526891910e+05
33, 10, -1.1642998011809708e+04, -1.1361049526763873e+03
33, 11, 1.9960445321337867e+05, -1.9295359813289420e+05
33, 12, 2.3592985344731924e+05, -1.7276152498413590e+04
33, 13, 3.1900305738405485e+04, -2.9836590369935748e+04
33, 14, 6.7515389379721775e+04, -3.5892156262856079e+04
33, 15, -1.3169609545003358e+05, 1.2048042025493192e+05
33, 16, 2.1366967936952689e+04, -6.5459741609208053e+04
33, 17, 4.3028664224792083e+04, 1.5073620758337915e+04
33, 18, -1.7802403347919357e+05, 5.3986661746281294e+04
33, 19, 2.8946524862287345e+05, -2.3349680752000748e+05
33, 20, -1.8278861900827184e+05, -4.8747024947608646e+04
33, 21, -3.1493713607972211e+04, -3.0962906291754782e+05
33, 22, -8.8121852329254660e+04, 1.5110417761078189e+05
33, 23, -2.6408987641104559e+04, 1.5815668672098170e+05
33, 24, 1.2212480216945852e+05, 1.3559731302615651e+05
33, 25, -1.6774854023578082e+03, -4.2314559179163276e+04
33, 26, -4.7475241209737040e+04, -1.2215879676273442e+05
33, 27, -6.9400126090990510e+04, 5.0449837290567251e+04
33, 28, -6.8055260078764361e+04, 2.2652016876810385e+05
33, 29, 2.0058004256533887e+05, 9.5702757030024004e+03
33, 30, 1.9764449012478380e+05, -2.1747372575999098e+05
33, 31, -1.9458452127976532e+05, -2.4150858386861371e+04
33, 32, 6.5215413145679631e+04, -4.8744717256273201e+05
33, 33, 3.9612130249361566e+04, -7.0510946157289902e+04
34, 0, -2.0879480308461591e+05, 0.0000000000000000e+00
34, 1, 1.0405850201568146e+05, -7.1950530268409144e+04
34, 2, -1.2215649834686692e+05, 8.6131353594900182e+04
34, 3, 9.6222716882762907e+04, -2.4302045481353271e+05
34, 4, -4.7027457365565955e+04, 1.4554809239673530e+05
34, 5, -1.7613899934520802e+05, -9.0367247123877707e+04
34, 6, -1.2845478735412942e+04, 8.5908063233911307e+03
34, 7, -2.1310613781798037e+05, 3.0062554601846961e+05
34, 8, 2.7592040442774793e+04, -5.3887407002779946e+02
34, 9, 9.8549520084459640e+04, 1.3562226719322565e+05
34, 10, -1.4248719203405559e+04, -1.4391968810325916e+05
34, 11, 1.3416092654227186e+05, -3.0782977928535303e+05
34, 12, -1.0580500070030685e+05, -4.7046745737717305e+04
34, 13, -9.3141351347986536e+04, -1.2172897424980838e+05
34, 14, 3.5170695680462894e+04, 1.5070830933668211e+05
34, 15, -1.2535677050433052e+05, 1.0797568294382947e+05
34, 16, 3.1161516851198889e+05, -1.1445758961389762e+04
34, 17, -1.1976610905023137e+05, 9.4946972244657984e+04
34, 18, -3.6953533369047436e+04, -1.3293738937903827e+05
34, 19, 2.3918971564530788e+04, 2.6989558179988177e+05
34, 20, -1.9558078955926918e+05, -1.2296400505538545e+05
34, 21, 6.7535934887942713e+04, 1.3815230347947689e+05
34, 22, -1.2452155067330656e+05, 1.3753594538421996e+05
34, 23, 1.8260661162143960e+05, -5.4794130462813650e+04
34, 24, 1.1701682914929831e+05, 1.7024906222218160e+03
34, 25, -1.3615370775478354e+05, -1.0243384944773049e+05
34, 26, 1.1926841520162256e+05, -1.5094261507213226e+05
34, 27, -1.6780980783820176e+05, 1.5983680273089348e+05
34, 28, 9.2197259368232131e+04, -7.5118998968296364e+02
34, 29, 1.4496794683863773e+05, 1.3125578134905934e+05
34, 30, 3.4372753571323075e+04, -2.8043894191081228e+05
34, 31, -3.4322587479907216e+05, 1.0603564312681412e+05
34, 32, 1.2842250539562335e+05, 1.2862200222493388e+05
34, 33, -4.8904120264032786e+05, 1.2603194646190626e+04
34, 34, -9.3507258278471909e+03, 4.7195509905600142e+04
35, 0, 4.2863462096541480e+04, 0.0000000000000000e+00
35, 1, 9.7577885698658196e+04, 1.8576189074520551e+05
35, 2, -2.6740055834167128e+04, -9.7941593033222074e+04
35, 3, 7.2819856580992433e+04, -1.1158640914788144e+05
35, 4, -2.5173493454907171e+05, 1.1762343418485683e+05
35, 5, 6.3067739706700610e+04, -2.8611699642849760e+05
35, 6, 1.9896343671009247e+05, 2.3997667266674244e+05
35, 7, 4.4828089832104437e+04, -1.1099747663548603e+05
35, 8, 2.2948130845374841e+05, 1.2363524475274717e+05
35, 9, -4.1308609416782580e+04, -5.1474452917899704e+04
35, 10, -7.5273440794473820e+04, -1.0519663506092853e+05
35, 11, -4.2261146001681125e+04, 2.5133508265074786e+04
35, 12, -1.9747564863532555e+05, 4.9568911172463733e+04
35, 13, -5.3726885501239383e+04, 6.8734305855715302e+03
35, 14, -9.8209702115723529e+04, 1.0021064331757626e+05
35, 15, 1.0763891191619466e+05, -2.2513093324810208e+05
35, 16, 1.6947438906482019e+05, 1.3468189730587290e+05
35, 17, -2.0205270390452151e+05, -7.7667272328003703e+04
35, 18, 1.8118763894580561e+05, -6.9568169031048688e+04
35, 19, -1.0912417658082480e+05, 1.0332640815812827e+05
35, 20, 2.0834814447143779e+05, -1.6620738748273783e+05
35, 21, 7.6862603010726845e+04, 3.1439577839520411e+05
35, 22, 7.9428350018996964e+04, -1.5677926259506700e+05
35, 23, 5.7032404976434118e+03, 1.1885093851736737e+05
35, 24, -1.9408596737223730e+05, 2.1713643814790303e+03
35, 25, -6.2349335892351417e+04, -5.8825496731991545e+04
35, 26, 1.7064925123554891e+04, 7.8589548556569483e+04
35, 27, -1.0188301492154101e+05, -4.8526495586220961e+04
35, 28, 1.8648049374108398e+05, -2.4171755515265068e+02
35, 29, -1.4661695794326093e+05, -5.6553149146721204e+04
35, 30, 1.4619896778735006e+05, -1.4179452055147535e+05
35, 31, -9.6609150969719456e+04, 3.0051185487879604e+04
35, 32, 2.6465472719961643e+05, 3.0414712277809833e+05
35, 33, -8.7025499867084756e+04, -2.7666757144824916e+05
35, 34, 1.8712691497740388e+05, 4.0716057518192334e+05
35, 35, 1.4850686747799447e+05, 5.4256717104292700e+04
36, 0, 2.5558540165041579e+05, 0.0000000000000000e+00
36, 1, -1.1473219368877342e+05, -2.9965823655577533e+04
36, 2, 1.7057003312722698e+05, -1.7209816522653622e+05
36, 3, -1.4027570198006480e+05, 7.6925626787023502e+04
36, 4, -2.4255313364043532e+05, -3.3130110805705765e+04
36, 5, 1.2801370162678347e+05, 1.7786224502187208e+04
36, 6, -1.6676182977542828e+05, 1.5511284438233928e+04
36, 7, 8.4182362339586136e+04, -1.6919987528948247e+05
36, 8, 9.4347658723890258e+04, -4.6503744036226824e+04
36, 9, -1.2820810707991553e+05, -6.8977579157986431e+04
36, 10, 8.1617239305979747e+04, 8.4280492983313583e+04
36, 11, -9.8094663527461147e+04, 5.9438024511220246e+04
36, 12, -9.9048642279776730e+04, -1.5106282787761189e+04
36, 13, 2.4000107912577104e+05, 2.4311380940902670e+05
36, 14, -1.4937359534349589e+05, -8.1637395437567291e+04
36, 15, 3.8695991983490717e+05, -1.3831031669661394e+05
36, 16, -2.2282046948831386e+05, -1.3585099906052939e+04
36, 17, 8.3245836642174982e+03, -1.6148651342449995e+05
36, 18, -5.2551140173319262e+04, 2.1601771595215145e+05
36, 19, -1.1926415408595272e+05, -1.3117754332551299e+05
36, 20, 2.6904019613890542e+05, 1.4118601874133592e+05
36, 21, 1.2751843669152210e+05, -6.2248509963059994e+04
36, 22, 8.4920894586338356e+04, -1.4518777774026737e+05
36, 23, 5.9894424393744139e+03, 1.4966642278310569e+05
36, 24, -1.6256444725834345e+05, -9.2153832541015945e+04
36, 25, 5.2013432508153652e+04, 1.3440649679033927e+05
36, 26, -2.3666569660442983e+04, 5.4217665345114234e+04
36, 27, 7.4356390963653685e+04, -7.3779355603651551e+04
36, 28, -2.0632285523580296e+04, 2.7432537563620432e+05
36, 29, -1.8555477117526851e+05, -2.9624828757256002e+05
36, 30, -9.9492079352653425e+04, 2.6138681822543964e+05
36, 31, -1.4722582722320390e+05, -2.3291011902712265e+05
36, 32, 2.5844099155821151e+05, 5.7053736224220978e+04
36, 33, 8.5060444043912517e+04, -3.8942006558849895e+05
36, 34, -1.0577492448635015e+05, 2.0594285849564290e+05
36, 35, 2.4041117677876464e+05, -2.4238770710431552e+05
36, 36, -9.4857103786446023e+04, -3.0441405884429900e+05
37, 0, -1.0509970581422914e+05, 0.0000000000000000e+00
37, 1, -1.5595194446511546e+05, -2.8160988363731245e+05
37, 2, 1.1901044293674709e+05, -4.9312446624881151e+04
37, 3, -2.0573253738538612e+05, 7.4168410791205242e+04
37, 4, 1.2386314889996845e+05, 3.3987961714295707e+04
37, 5, 1.2814582469239859e+05, 1.7014390278612869e+05
37, 6, -2.3288830194464480e+05, -1.4609155858418264e+05
37, 7, 8.3307298397936131e+04, -2.4072734236145589e+04
37, 8, -3.2846091278400453e+05, -1.1042052490933904e+05
37, 9, -1.2531513615321845e+05, -6.9033391947853554e+04
37, 10, 9.5450871108828906e+03, 3.9257038234020867e+04
37, 11, 1.3854002932796089e+05, -8.0564086817393181e+04
37, 12, 8.5419156438169535e+04, -1.7348550233684629e+05
37, 13, 7.1684343184038022e+04, 1.0764729101222301e+05
37, 14, -1.8757153898476092e+04, -3.2977158482646965e+05
37, 15, 8.0144736808096524e+04, 4.3295177032112493e+04
37, 16, -2.1890925829387212e+05, -1.9426924521950477e+04
37, 17, 8.7301393477228223e+04, 1.6778586109713235e+05
37, 18, -1.9167584281472227e+05, 1.6097932437369489e+05
37, 19, 1.3818075257530549e+05, -1.1107006632735749e+05
37, 20, 9.7838687368670202e+04, 1.5063745852912433e+05
37, 21, -1.0255139618413388e+04, -1.5180153613506327e+05
37, 22, 8.2256098158285706e+04, 7.9274675941015390e+04
37, 23, -2.0410086721319900e+05, 4.2021172700180112e+04
37, 24, 3.2564797529494579e+04, 4.5383687921609089e+03
37, 25, 9.2035448398451816e+04, 8.6618082177146251e+04
37, 26, -3.5085009981742121e+04, -1.0818356884051848e+05
37, 27, 2.1263155901032797e+05, -8.7154386386511105e+04
37, 28, -2.6230377375367819e+05, -1.2552244151635055e+04
37, 29, 1.1653759210241571e+05, -1.3808103054945104e+05
37, 30, -1.5918396806795630e+05, 3.9660652740430506e+05
37, 31, 2.2080426653086548e+05, -1.6215322413622800e+05
37, 32, -2.2658001378841080e+04, 1.5302869079250187e+05
37, 33, -3.2417103516301617e+05, -2.7068240013758023e+05
37, 34, -1.6251320000232232e+05, 4.1560988549580477e+04
37, 35, 3.1276839597168827e+05, 1.4791977744055231e+05
37, 36, -4.2369388293141365e+05, -2.6467794201659062e+05
37, 37, -1.2352959191561784e+05, 1.0571091097545717e+05
38, 0, -2.1547278074465244e+05, 0.0000000000000000e+00
38, 1, 9.9753567140046434e+03, -4.9857048686594972e+04
38, 2, 1.5801688900105772e+04, 1.4853086895852481e+05
38, 3, -1.7869883899510658e+05, -1.6241665694094097e+04
38, 4, 2.5362428893481186e+05, 1.1548239457228054e+05
38, 5, -1.1996129310300005e+05, -6.7346977342419355e+04
38, 6, 1.0911333121986336e+05, -2.1465232925633280e+05
38, 7, -9.5775840679661997e+04, 2.2409015722662141e+05
38, 8, -1.5251307208485872e+05, 8.0356696279839729e+04
38, 9, -1.3638325246150314e+04, 1.9994612218571856e+05
38, 10, -4.8613014493741859e+04, -9.8866527667510763e+03
38, 11, 8.7997228307845580e+04, -1.3917674688640406e+05
38, 12, -7.0793099332612528e+03, -1.4108286974447122e+05
38, 13, -5.6793288706591993e+03, -1.5355215236267191e+05
38, 14, 9.2050843902292356e+04, -8.4685503522571438e+04
38, 15, -1.0691543317301919e+05, -1.3882046465386098e+05
38, 16, -8.7769911232371654e+04, 2.5494196312052372e+03
38, 17, 1.0331023873121812e+05, 1.1986638471351755e+05
38, 18, -3.2161852868860824e+04, -1.1282136212181411e+05
38, 19, 1.9245132283662618e+05, -4.8826571890763538e+04
38, 20, 7.0808730793887749e+04, -6.4861680356878904e+04
38, 21, -1.9924077960201881e+04, -1.2622345374864698e+05
38, 22, -1.6420028200177496e+05, 2.8603603075789841e+04
38, 23, -4.6596430854924365e+04, -1.5463216928320675e+05
38, 24, 1.0030377561147214e+05, 6.2993203040914908e+04
38, 25, -3.6008284567467133e+04, -7.3126417459974749e+04
38, 26, 1.5181050371294812e+04, -1.7115895118558060e+05
38, 27, -2.5889649548850768e+04, 1.9312308251223396e+05
38, 28, -1.3443869649191468e+05, -1.9568625690646123e+05
38, 29, 1.9104671067695049e+05, 2.9343339385726140e+05
38, 30, -2.0241260193483555e+05, -1.6888048893807005e+05
38, 31, 4.3216424706263491e+05, 9.8376000155990914e+04
38, 32, -1.8391922910478697e+05, -1.9317468535211992e+03
38, 33, 1.1932403637306223e+05, 4.4976913377582619e+04
38, 34, -3.5777639400991058e+04, 2.4057105481687904e+05
38, 35, 2.2395047955960940e+05, 1.1229813747265650e+05
38, 36, -1.1890065661770248e+05, -2.6327352100138040e+05
38, 37, 5.1162852647790904e+04, 4.6687905365406687e+05
38, 38, 2.1465820583992056e+05, 6.6420174308748872e+04
39, 0, 6.1159767793335239e+04, 0.0000000000000000e+00
39, 1, 1.9904582934796013e+05, 1.9009488157713556e+05
39, 2, -6.3493950253356559e+02, 1.2265420840951636e+05
39, 3, 2.2517864597255262e+04, -2.6931699065905275e+04
39, 4, -5.2686452134921165e+03, 7.2855627626424277e+04
39, 5, -1.4733821109206422e+05, -3.2468807863253646e+05
39, 6, 1.1029549088581851e+05, -2.9132450550360165e+04
39, 7, -1.3186368098315760e+05, 2.0399611622564888e+04
39, 8, 1.8436603417378553e+05, 3.8542684943801381e+04
39, 9, 1.2030046303312220e+05, 1.7476815163083615e+04
39, 10, 1.2800224302337719e+05, 2.7289904613022849e+04
39, 11, 8.9434850219302010e+04, -8.8252825405168143e+04
39, 12, -1.0568687739238716e+05, -5.7831805066370842e+04
39, 13, -4.6402126950989114e+04, -1.3204870197241264e+05
39, 14, -1.8668202887913198e+04, 9.6624957294059946e+04
39, 15, -8.6318709548952960e+04, 5.3657584251992230e+03
39, 16, 1.2773992594319113e+05, -2.5470491489022021e+04
39, 17, 5.7514971583727747e+04, 1.1984626900529933e+04
39, 18, 1.0306076190708352e+05, -2.6446430032462912e+05
39, 19, -1.2524504745619048e+05, 7.1725239779778552e+04
39, 20, 2.9922879116925789e+04, -1.6245005720789719e+05
39, 21, -8.0014736636186208e+04, 1.2360424020335257e+05
39, 22, -1.1067491383139456e+05, -6.5428969571279522e+03
39, 23, 1.1269669431037773e+05, 1.5027783221040969e+04
39, 24, 3.7499501624785364e+04, 1.3468084876777226e+04
39, 25, -2.7987166166398507e+04, -1.5482603743128368e+05
39, 26, -1.8459437135011940e+03, -1.1312268260651892e+04
39, 27, -1.5634707711883326e+05, 1.9619969112755713e+05
39, 28, 3.0774576370845869e+05, -1.3370279139250779e+03
39, 29, -1.1392536800898994e+05, 3.3919503663677513e+05
39, 30, 2.2588389320302775e+05, -3.4722616774032830e+05
39, 31, 7.8720903533616802e+04, 2.7868091762484924e+05
39, 32, -8.9779318241566303e+04, -3.8987972547932772e+05
39, 33, 2.2906188634935021e+05, 2.2290260319382421e+05
39, 34, -8.4366738184733986e+04, -1.2073042310050996e+05
39, 35, 2.0130945057802566e+05, 1.5349171186265678e+05
39, 36, -5.3394939431433144e+04, -1.0611165951650389e+05
39, 37, -8.0794372228116874e+04, 1.0984562237525429e+05
39, 38, 3.6159658180585806e+05, -1.9667968658036721e+05
39, 39, -2.4874678251617752e+04, -3.1275735015275853e+05
40, 0, 2.2042388547913721e+05, 0.0000000000000000e+00
40, 1, 9.5354760841460302e+04, -2.1233345570243328e+04
40, 2, -5.6656226088096751e+04, -9.5854449311415810e+04
40, 3, 3.1659590985162722e+03, -2.4041394089453875e+04
40, 4, -1.5414387705983658e+05, 8.8537123675526469e+04
40, 5, 7.0463613814788201e+04, -2.3734846548419117e+05
40, 6, -1.3938315123794723e+05, 1.3252230913290006e+05
40, 7, 5.9445179826126230e+04, -3.9186703436842152e+04
40, 8, 1.5643086028867710e+05, -1.4443176850752893e+05
40, 9, 1.0844548358664654e+05, -1.8893042230427757e+05
40, 10, -1.1900694217818127e+03, -2.2105876689610048e+05
40, 11, 1.2574093126578504e+05, -1.0738054691777147e+05
40, 12, -1.6866969658138361e+04, 9.3742897372407588e+03
40, 13, -1.2910749526057749e+04, 2.5512968107473389e+04
40, 14, -1.4472524720361094e+04, 5.6200896780296011e+04
40, 15, -1.5807871062223843e+05, -6.9425789070614715e+04
40, 16, 2.1014452513142989e+05, -5.0871348314342613e+03
40, 17, -9.9465593713104230e+04, -7.1204033203145402e+04
40, 18, 5.2617682840800902e+04, 6.3714681995541265e+04
40, 19, -1.9171497823164568e+05, -3.3262878178198125e+03
40, 20, 9.9362627419774435e+04, -1.0287161677746295e+04
40, 21, 3.3343401064286954e+04, 1.5174685476461344e+05
40, 22, 4.3480032240590102e+04, -2.8673225548529175e+04
40, 23, 1.2166131850419962e+05, 1.2755685108347284e+05
40, 24, 5.9473845346299684e+04, -2.2062304301265467e+04
40, 25, -1.0389759085842254e+05, -1.0626817897484473e+05
40, 26, 3.7051421552552056e+03, 1.7217475735314534e+05
40, 27, 1.2715895928910970e+04, -3.4164820557896383e+04
40, 28, 2.6945224623903818e+05, 2.1662076720722165e+05
40, 29, -1.5959178557536341e+05, -2.8472795474906126e+05
40, 30, 2.7414299834389711e+05, -1.0631100377825748e+05
40, 31, -3.2984054815596883e+05, -5.6472402464703904e+04
40, 32, 1.8366074148505324e+05, -6.9913154403770721e+04
40, 33, -1.6153510002597663e+05, 1.8576541678761080e+05
40, 34, 5.4534714554594888e+04, -3.3884591499856254e+05
40, 35, -1.2059886162460533e+05, 1.1704513265569789e+05
40, 36, -1.6585023592504385e+04, -1.1451368213030836e+05
40, 37, -7.9236320591624593e+04, 1.7436406240080274e+05
40, 38, 1.6276363421700397e+05, -5.0863295365346887e+04
40, 39, -2.2055064588400564e+05, -3.9549276614169270e+04
40, 40, -4.1676809460742574e+05, 3.8603556047505917e+04
41, 0, 1.2608712929540753e+05, 0.0000000000000000e+00
41, 1, -4.0211726595438799e+04, -1.2011198663922008e+05
41, 2, 1.4489328353228691e+05, -1.6350628983650263e+05
41, 3, -1.4707757108671800e+05, 1.0562409969196300e+05
41, 4, 8.1716997403475980e+04, 4.3942086511849448e+03
41, 5, 2.0256672816448653e+05, 1.0617049157495936e+05
41, 6, -1.0414634010242083e+05, 4.9050059918013285e+04
41, 7, 1.3525937898696243e+05, 1.6231006674368988e+05
41, 8, 5.4353204002699335e+04, -1.0894877231917410e+05
41, 9, -1.1280053886021348e+05, -2.2628823458653253e+04
41, 10, -1.0466476577199838e+05, -1.1333382251279918e+05
41, 11, -4.5058972942136461e+04, 1.2122280533878002e+03
41, 12, -1.2290476422900638e+05, 2.9846396627178307e+04
41, 13, 6.6971833835082856e+04, -2.0559837805191786e+04
41, 14, -1.4029833587696930e+05, 1.1397969809476056e+05
41, 15, 1.6976039406942006e+05, -5.9989351113325567e+04
41, 16, -1.0618427103704782e+05, -8.7988537648285383e+03
41, 17, 2.5655755835288168e+04, -1.2073818620149916e+05
41, 18, -1.7523315633793722e+05, 1.5377393343348644e+05
41, 19, 1.0377528737698560e+04, 3.2659752883855836e+03
41, 20, 3.6896888571979987e+04, 1.1810431898223386e+05
41, 21, 1.4043700968209235e+05, -1.9401571744995461e+04
41, 22, 1.0447448753515966e+05, -4.7901239474047907e+04
41, 23, -5.5753314832060882e+04, -7.9228295711451414e+04
41, 24, -3.3619536784303156e+04, -1.4707123095940953e+05
41, 25, 1.1162000377130400e+04, -9.7078246806452691e+04
41, 26, -6.7933688851778570e+04, 1.3466514114532413e+05
41, 27, 2.0045212221868051e+05, -9.7586652544112396e+04
41, 28, -1.8833567927415785e+05, 1.2246085415092553e+05
41, 29, -5.3491082436817371e+04, -1.6987572315440630e+05
41, 30, -4.8259023108163718e+04, 1.4552026908124681e+05
41, 31, -1.0740676254136833e+05, -1.9631544150032409e+05
41, 32, 1.9027238409857923e+05, 2.8869075907535304e+05
41, 33, -2.4033077570742765e+05, -1.0859188541948629e+05
41, 34, 2.3251214943610271e+05, -9.8435813171165850e+04
41, 35, -2.9718220409018296e+05, 4.6309992298223828e+04
41, 36, 7.1212399440020061e+04, -6.9846051826404087e+04
41, 37, 1.0585456342113986e+05, 1.8969205099937925e+05
41, 38, 7.5385856398329415e+04, -1.4103299025863415e+05
41, 39, -7.7082559694647862e+04, -7.0968252141856530e+04
41, 40, 8.8864238670386650e+04, 2.6847403567033052e+05
41, 41, 1.2994159806908022e+05, 2.7442576654742903e+05
42, 0, -2.0411997553802226e+04, 0.0000000000000000e+00
42, 1, 7.0873076501137984e+02, -2.1818519271210440e+04
42, 2, 8.9697039202313954e+03, 1.3730902588672322e+05
42, 3, -1.9498071002482588e+05, 3.8329769483611308e+04
42, 4, 2.4387255987213887e+05, 9.0289857345773606e+04
42, 5, 8.8206712745995392e+04, -1.0039032970224778e+05
42, 6, 2.5396104729417406e+04, -1.5774301781888847e+04
42, 7, 1.1460089652063252e+05, -2.3387885597072440e+04
42, 8, 4.1817434546369383e+04, -5.3596327079193827e+04
42, 9, -3.9859547099055519e+04, 4.4300407440704526e+04
42, 10, -2.2483015545368937e+04, 3.9160426885777430e+04
42, 11, -1.6885402074499064e+05, 1.3239441364083777e+05
42, 12, -4.2963172759539761e+04, 2.7423174344235627e+04
42, 13, -2.2741715847412925e+03, -2.1530615098234986e+04
42, 14, -1.1414159235385217e+05, -1.3366887417295828e+05
42, 15, 1.9020434006254931e+05, 3.3044483091771952e+04
42, 16, -2.5074045278512855e+05, -7.4939656159481165e+03
42, 17, 3.1859168229234390e+04, 5.4672677235748255e+04
42, 18, -1.4426326513783925e+05, 8.7594987304250055e+04
42, 19, 1.2065115066639378e+05, -7.7713139104000380e+04
42, 20, 4.3614316782432405e+04, 2.2706140249913271e+04
42, 21, 1.0854126801191528e+05, -1.0812049791563737e+05
42, 22, -5.9154982465353103e+04, -1.2519604086868090e+05
42, 23, -1.3158377756448602e+05, -4.5127472108837072e+04
42, 24, -8.9541961333953630e+04, -6.3954190069786891e+04
42, 25, 2.6183118311941624e+04, 9.8086522679690490e+04
42, 26, 4.2959034119146279e+04, -1.4487765657150184e+05
42, 27, 6.3041723213394092e+04, -3.6867019457466100e+04
42, 28, -2.2682113961336378e+05, -8.9024357344335309e+04
42, 29, -1.6097820345409182e+03, -2.1354059518001788e+04
42, 30, -1.8596911045170663e+05, 1.2966963505249376e+05
42, 31, 1.6154593005831237e+05, 5.2236854159718794e+04
42, 32, -8.4479060778550629e+03, 2.0351564592611368e+05
42, 33, 2.2342278824739697e+05, -2.9335711662706384e+05
42, 34, -1.0895255624226887e+04, 4.9335932142063262e+04
42, 35, -2.3298213044015958e+05, -7.2404568060560967e+04
42, 36, 9.9957936547512611e+04, 1.3035629617546327e+05
42, 37, 2.1382821451548640e+04, -6.6223000417649891e+03
42, 38, 3.7412829031019588e+04, -2.0266148894096748e+05
42, 39, -2.4993924110767839e+03, -1.3954202774370744e+04
42, 40, -1.1586354086236030e+05, 2.3558628019007284e+05
42, 41, 1.7396117946715286e+05, -2.5344307361861900e+05
42, 42, 1.3396726048755538e+05, -1.5982859861254634e+05
43, 0, 7.9785679848090149e+04, 0.0000000000000000e+00
43, 1, 1.7542098514979947e+05, -8.3961892755514607e+04
43, 2, -3.3150575215959674e+04, 2.6734554072368174e+05
43, 3, -1.1412856335722338e+05, 3.6293422399672396e+04
43, 4, 1.2492938200365820e+05, 1.1828027349151435e+05
43, 5, -9.6489778333925744e+04, -1.4849649978182872e+05
43, 6, -3.5432120916289306e+04, -1.0470364930450999e+05
43, 7, -2.9714254282611095e+04, -1.1030494086917958e+05
43, 8, 6.7388962592038533e+03, -6.9910809136305994e+04
43, 9, 1.2941828846450322e+05, 1.0516331124681000e+05
43, 10, 8.5532025910628581e+04, 2.5863237729735214e+04
43, 11, 1.2805331163045590e+04, -1.8975452891089044e+03
43, 12, 1.0749956358190297e+05, 4.1111051005960515e+04
43, 13, -7.8242843561322647e+04, 5.1692141975531467e+03
43, 14, 3.2931606150568892e+04, -5.6449860108319270e+04
43, 15, 1.4783888722264554e+04, 1.1433421701499821e+05
43, 16, -1.1473518401723035e+05, -1.9109912962192099e+05
43, 17, 2.2958964317770100e+04, 1.6124659285755933e+05
43, 18, 1.3731828639284067e+04, -2.7517130498896102e+04
43, 19, 4.3967139487827262e+03, -1.5487498542712542e+05
43, 20, 9.2275082770866084e+02, -9.3726340424930328e+04
43, 21, -4.2487239937246493e+04, -1.5769816252972864e+05
43, 22, -1.0049791226328679e+05, 5.8602673708676455e+04
43, 23, -1.9525799459608516e+05, 3.6368474261042255e+04
43, 24, -3.8027473671657215e+04, -1.7221407153310982e+04
43, 25, 6.9529039985390569e+04, 1.3426291676023926e+05
43, 26, 5.3504161947079818e+04, -1.7549427243197060e+05
43, 27, -9.3096059235967317e+04, 1.9304749473686845e+05
43, 28, -1.6893052628152017e+05, -8.9455072655201016e+04
43, 29, -7.4730546450182164e+03, 2.5656541103822732e+05
43, 30, 1.0735795778425674e+05, -7.1755026979435526e+04
43, 31, 2.3210450246008835e+05, 3.4755281735869117e+04
43, 32, -4.3134777010292033e+04, -1.3474946030160179e+05
43, 33, 1.8036758471881057e+05, -1.0859314026528994e+05
43, 34, -3.3780652400622691e+05, -3.3650081879917081e+04
43, 35, 1.8976777794296943e+05, 6.0037603089087082e+04
43, 36, 1.3628973372215383e+04, 1.8713755997154399e+05
43, 37, 7.7674524600139484e+04, -1.0557494950014772e+05
43, 38, -1.2772504759262268e+05, 9.3974340754799960e+03
43, 39, -1.5776679979942838e+05, 6.1360323657693007e+04
43, 40, 1.4101379319883801e+04, 1.3556547150021020e+05
43, 41, 1.3424067462700879e+05, -2.5003232123191363e+04
43, 42, -2.0429940430153382e+05, -1.1001440698090773e+05
43, 43, -2.0721053144838562e+05, -5.3468538182896395e+04
44, 0, 1.3962099996867953e+05, 0.0000000000000000e+00
44, 1, 1.8124499547942640e+05, -7.8074458279235541e+03
44, 2, -8.0693128014603659e+04, -5.3645981179452829e+03
44, 3, 1.5209751568346558e+05, -5.5900304676894179e+04
44, 4, 9.8138415297276108e+04, 5.1300685161415553e+04
44, 5, 7.0601815076526298e+04, -1.1079817808526596e+05
44, 6, -1.6592211855812895e+05, 1.1795132810911401e+05
44, 7, -1.6065080373758980e+05, 5.1848714051519048e+04
44, 8, -4.1529969606273742e+04, 1.0803614030297840e+05
44, 9, -1.5802755069428382e+04, 4.7450631462329227e+04
44, 10, 9.6018231379519275e+03, -7.5581526010958638e+04
44, 11, 1.0090480238923573e+05, -2.5043239317902393e+05
44, 12, 4.1485133355360886e+03, 3.2817733251757432e+04
44, 13, -8.1826038296191982e+04, -1.0714942213409170e+05
44, 14, 6.6163571220432932e+04, 1.3276289652783400e+05
44, 15, -1.0660272411749446e+05, 8.0840351173242598e+04
44, 16, 1.6343992062157445e+05, 8.3529957567566635e+02
44, 17, 4.9031776969374718e+04, 1.2519332596849415e+04
44, 18, 1.1975284164070008e+05, -5.1542416715540909e+04
44, 19, 2.9378425740544259e+04, -7.0956468627424492e+03
44, 20, -1.2454693767437839e+05, -1.1978305981582991e+05
44, 21, -5.5663264026245022e+04, 8.2937102363521772e+04
44, 22, 7.4632340388203065e+03, 4.2709445414644193e+04
44, 23, -1.0111188772041296e+04, 1.1502489025857507e+04
44, 24, 1.4235150125722159e+05, 7.6870385198426884e+04
44, 25, -4.0312705786752864e+04, -7.7473738881182493e+04
44, 26, 2.6590568908233290e+04, -1.1097392180941213e+05
44, 27, -1.4049141640402426e+05, 5.9964507446582895e+04
44, 28, -2.1199587486844586e+04, 1.5056256539354372e+04
44, 29, -2.5644196188983216e+04, 1.4707033126441971e+05
44, 30, 2.1041784677403557e+05, -9.2220105893681452e+04
44, 31, 2.9582418525021836e+04, -1.1081571718592626e+04
44, 32, -1.6762615637563278e+04, -1.8811597235247731e+05
44, 33, -1.8622812711919713e+05, 7.5042684474170557e+04
44, 34, -1.1398600084621232e+05, -8.0592687763163573e+04
44, 35, 1.4665993711865734e+05, 1.9375352382676594e+05
44, 36, 5.1981707626571115e+03, -8.2495206066668063e+04
44, 37, 1.6948301381905892e+05, -4.1739393730707074e+04
44, 38, -2.0300498398916124e+05, 6.8252004331456468e+04
44, 39, 8.9718122010285122e+04, 7.5984532306655427e+04
44, 40, 1.8218986215396173e+05, 4.2558300326419478e+04
44, 41, -4.1166403972850036e+04, -1.1100662633437992e+05
44, 42, 9.0518182030338183e+04, -2.8668333537811228e+04
44, 43, -2.5432280333622224e+04, 1.6158843873038422e+05
44, 44, 9.1242052808274129e+03, 3.9866832656247180e+05
45, 0, 3.4001734139084270e+04, 0.0000000000000000e+00
45, 1, 3.3191516414894213e+03, 1.2349188458202028e+05
45, 2, -1.3002700506891595e+05, -1.0846271730780168e+05
45, 3, -4.1828082482333164e+04, 3.2016721295824242e+04
45, 4, 2.2143768954271589e+04, -1.1005220849704405e+04
45, 5, 9.4528617132702318e+04, 1.4341944654089133e+04
45, 6, 1.6504374270469074e+04, 7.7471879364792578e+04
45, 7, 5.4097560798061859e+04, 1.6108978445492612e+05
45, 8, -1.8045273042571993e+04, 4.6838095309634045e+04
45, 9, -5.1977176982373814e+04, 1.1607456056551766e+05
45, 10, -1.2077898922532835e+05, -1.9091163780088827e+05
45, 11, -5.8576320153549255e+04, -7.7290284423878707e+04
45, 12, -2.1613697548729146e+05, 2.7306265901464460e+04
45, 13, -1.2473325752254543e+05, -1.1710805705686726e+04
45, 14, -9.5282736581460940e+03, 1.4643327784750934e+05
45, 15, -3.8653451544193835e+04, -2.2970272376213135e+05
45, 16, 1.2562505779430692e+05, 9.0991785230334994e+04
45, 17, 3.6057891452627700e+03, -1.2503469215954180e+05
45, 18, 1.5611159166034250e+05, 8.4410738822550120e+03
45, 19, -7.1733185393305757e+02, -3.0303449659573234e+03
45, 20, 3.6047133625432207e+02, -4.2131577317329073e+04
45, 21, 2.0108298409891806e+04, 1.4429088097932882e+05
45, 22, 1.3479177184941550e+05, -6.8762226262734854e+04
45, 23, 8.5767122718852028e+04, -4.1870589088616471e+04
45, 24, -1.7740782113438359e+04, -1.3385625319431500e+04
45, 25, 9.8870701481427168e+04, -1.0001548865531389e+05
45, 26, -1.0823806078037247e+04, 9.6536646447554594e+03
45, 27, -8.0968453828603393e+04, 2.0993867912771930e+04
45, 28, 1.3013910544605961e+05, 1.1920811313722713e+05
45, 29, -3.5506723878683239e+04, -7.1551990460883273e+04
45, 30, 8.2834861411248014e+04, -7.8558379045281239e+04
45, 31, -1.6330784696846764e+05, -8.2054547425786441e+04
45, 32, -7.6537734174932688e+04, 7.3577268618968927e+04
45, 33, -2.1583431597285238e+05, 1.0668570410593232e+05
45, 34, 9.0451486712208323e+04, 5.0694495487172986e+04
45, 35, -3.1015251025323392e+04, 1.5447423269505016e+04
45, 36, 6.5936676758272006e+04, -1.8774698086077598e+05
45, 37, -2.3662169563350501e+05, 5.7365553348372174e+04
45, 38, -2.9282564535498488e+04, -7.6745738885517465e+04
45, 39, 1.7033323273480794e+05, -3.3547896295371834e+03
45, 40, 1.5511159099398501e+04, -7.2692431614794827e+04
45, 41, -1.0638759245924876e+05, -2.3408173887191829e+05
45, 42, -9.6089210589025519e+04, 1.3124442503921050e+05
45, 43, -1.4197429517390336e+04, -1.6114407746164038e+05
45, 44, 5.9271355926236211e+04, 7.9074113513811189e+03
45, 45, 2.8210849842207978e+05, -2.1126947262231045e+05
