0, 0, 0.0000000000000000e+00, 0.0000000000000000e+00
1, 0, 0.0000000000000000e+00, 0.0000000000000000e+00
1, 1, 0.0000000000000000e+00, 0.0000000000000000e+00
2, 0, 0.0000000000000000e+00, 0.0000000000000000e+00
2, 1, -6.4894952154374086e-01, -3.4491128687638656e-01
2, 2, 1.2502310942458332e+03, -7.2327541075682120e+02
3, 0, 2.8657955227112649e+02, 0.0000000000000000e+00
3, 1, -1.0311991116281341e+02, -6.0688638260027847e+02
3, 2, 3.5940215331385963e+02, -1.7679318736382902e+02
3, 3, -8.0520431202406667e+02, -5.5950237174776646e+02
4, 0, -1.3589926305584248e+02, 0.0000000000000000e+00
4, 1, -1.3946798775946127e+02, -1.1692925245997627e+02
4, 2, 6.7066639619782535e+01, 2.5939380093273292e+02
4, 3, -2.2852193830255169e+02, 9.1191153685732793e+00
4, 4, -1.9190075271698280e+01, 3.7666000863222757e+02
5, 0, 1.7116599969107142e+01, 0.0000000000000000e+00
5, 1, -4.9519420720818399e+00, -3.2771902690264859e+01
5, 2, 1.1640806260105104e+02, 4.6225218971047553e+01
5, 3, -9.2820852785240959e+01, 2.9520507079944252e+01
5, 4, 1.5194539427705405e+02, 6.1540002684118448e+01
5, 5, 1.3386192218453954e+02, -1.1937184902825108e+02
6, 0, -2.3365423758536476e+01, 0.0000000000000000e+00
6, 1, -6.6612274482336076e+01, 3.8312871974570470e+01
6, 2, -4.9495050982481132e+01, -3.7174813246064303e+01
6, 3, -4.9736439906913148e+01, -1.9741113354378882e+01
6, 4, -2.3533248096635333e+01, -6.9424954428706059e+01
6, 5, -3.0471066315209551e+01, -5.5310040530508275e+01
6, 6, -6.5861851157805901e+01, -1.9878995314744266e+01
7, 0, -7.6172793520118063e+00, 0.0000000000000000e+00
7, 1, -4.5040691513363967e+01, 2.6863171438039608e+01
7, 2, -5.7419437345227436e+01, 1.1238805277056159e+00
7, 3, -1.7200317413633336e+01, 6.6716875774028690e+00
7, 4, -7.6446116440047064e+01, -5.1294803221169971e+00
7, 5, 6.5942020256841332e+00, 4.3385471877160882e+01
7, 6, 2.7001907140114096e+01, 5.5360615121103883e+01
7, 7, -5.1504995490422321e+00, 3.8185686576016700e+01
8, 0, -1.1559266938963983e+01, 0.0000000000000000e+00
8, 1, 1.0363440718916541e+00, -8.2389347820891743e+00
8, 2, -4.3936650595616108e+01, -1.1391895218128207e+01
8, 3, 3.2703173355274011e+01, 3.5873867769201070e+01
8, 4, -3.5399058069331019e+01, 7.2593175804105492e+00
8, 5, 7.2847122024143175e+01, 4.9404224121171410e+01
8, 6, 1.1938321922403597e+01, 3.7074949691693348e+01
8, 7, 1.5091474014694873e+01, -3.2660207413102569e+01
8, 8, -2.9888433416115490e-01, 6.8448022973903475e+00
9, 0, 5.2941979368195575e+00, 0.0000000000000000e+00
9, 1, -8.9656031151601034e-01, -5.2654252851616405e+00
9, 2, -2.7998876512920635e+01, -3.7495027067462532e+00
9, 3, 1.7126723117558171e+01, 1.4370479522979062e+01
9, 4, -8.1293324926705761e+00, -3.1592877409226940e+01
9, 5, 3.9129268828614897e+01, 3.3995213341788748e+01
9, 6, -1.2420161930859006e+01, -7.0753344504782945e-01
9, 7, 1.4874453591166443e+01, -2.9615716675766571e+01
9, 8, -3.1939208883926369e+01, 7.4637385378934322e+00
9, 9, 1.9238148324954089e+01, 7.6163074260699428e+00
10, 0, -8.0770312300732741e+00, 0.0000000000000000e+00
10, 1, -1.0630781055463611e+01, -4.4001468067644485e+00
10, 2, -3.6954152798895352e+00, 1.8117796445371173e+01
10, 3, 1.2557546235369134e+01, -5.1183501136590914e+00
10, 4, 2.0022175169104916e+01, -4.7454272559577895e+00
10, 5, -9.8927529897274589e+00, 1.6676290763152782e+01
10, 6, -8.7860056516802754e+00, -2.3048719059049319e+01
10, 7, -6.7672523957740589e+00, 6.3711243635594563e+00
10, 8, -8.8075870364837030e+00, -1.2772484586162978e+01
10, 9, 2.0234113157846544e+01, 1.8110059597046991e+01
10, 10, 5.2775985612040435e+00, -9.6594599576298599e+00
11, 0, 3.7693879324480850e+00, 0.0000000000000000e+00
11, 1, 6.3761441138092732e+00, 1.9731169638638035e+00
11, 2, 3.2012397908730872e+00, 1.6050524565638696e+01
11, 3, 1.7211472970939020e+01, -1.2638531392024625e+01
11, 4, 2.2462963331054848e+01, 1.0418722718530969e+01
11, 5, -1.5725218088585008e+01, -1.3162167034816758e+01
11, 6, 6.3861835293549998e+00, 2.3264820104841846e+00
11, 7, -1.0225372057427418e+01, 9.6549303047956236e+00
11, 8, 1.7624355023076305e+01, -7.8102713165124573e+00
11, 9, 4.4041914772152158e+00, 5.3818188725514506e+00
11, 10, -5.2237268701564599e-01, -2.6347004827708638e+01
11, 11, 1.5760087870517088e+00, 4.9620213068290067e+00
12, 0, -5.2969875246908238e-01, 0.0000000000000000e+00
12, 1, 1.3471139527570143e+01, -5.9686230242975014e-01
12, 2, 2.1281211938815825e+00, -5.2824739219178776e+00
12, 3, 1.5967394842836807e+01, -2.9169619094740069e+00
12, 4, 2.8083492611417276e+00, -2.3119068571959174e+00
12, 5, -5.2945583846026114e+00, -1.1608885798681458e+01
12, 6, 3.6016227103393383e+00, 1.6409051519624949e+01
12, 7, -2.2945546767379050e+00, 3.3723657472853938e+00
12, 8, 1.4418787117133203e+01, 2.1354368664011374e+00
12, 9, -4.9718273014963419e+00, -3.3117208158378961e+00
12, 10, -2.0530733632052973e+00, -1.3246735995792941e+01
12, 11, -8.8973869963067322e+00, 1.9927892093863033e+01
12, 12, 9.0785108498377542e-01, 9.7521716138515913e-01
13, 0, 3.3202645821020376e+00, 0.0000000000000000e+00
13, 1, 6.4095898289458297e+00, 1.2779350095043864e+00
13, 2, -3.4933099774544947e+00, -8.7346595666410494e+00
13, 3, 2.1285706764343049e-01, 2.1676106724263344e-01
13, 4, 1.0036367803629953e-01, -5.4127446563920794e+00
13, 5, -6.7481031711135053e-01, 4.2293230305065457e+00
13, 6, -3.5075424481815713e+00, 1.0491839044647550e+01
13, 7, 6.9540232589103113e+00, -3.4342954501751963e+00
13, 8, 1.8465199954693228e+00, 3.4730538834943464e-01
13, 9, -7.6061830639541057e+00, -5.7360121351541249e+00
13, 10, 2.2846285052915993e-01, 4.9601051519694739e+00
13, 11, -6.6154217947494391e+00, 8.1725008388296008e+00
13, 12, 1.1030861212302000e+01, 3.9024093566344131e+00
13, 13, -5.7694258114382180e+00, -8.1677602894047308e+00
14, 0, -1.8810334035637455e-01, 0.0000000000000000e+00
14, 1, -5.1559979044484967e+00, -1.4244269623908208e+00
14, 2, -2.8393770035941617e+00, 3.2661253728407367e+00
14, 3, -2.5366600754711808e+00, 1.6562063435951015e+00
14, 4, -2.5949042692389330e+00, 7.9225742918744926e+00
14, 5, 3.3083007215315496e+00, 7.2081801862834141e+00
14, 6, 4.2583966909032767e-02, 1.2972124266715879e+00
14, 7, 2.3506363925289273e+00, -1.9262528601198872e+00
14, 8, -6.9097810522811702e+00, -3.4328555280993456e+00
14, 9, -4.7432022043466415e-01, -7.1682801279253354e+00
14, 10, 5.4659484719379225e-01, 1.1497732605134058e+01
14, 11, 5.2326190187704835e+00, -2.1986964129215432e+00
14, 12, 2.5361042505356473e+00, 1.3898659523753225e+00
14, 13, -5.3316203325918554e+00, -1.4601266328472709e+01
14, 14, 1.7848148622739707e-01, 5.0259776124574511e+00
15, 0, -2.5475319999264063e+00, 0.0000000000000000e+00
15, 1, -1.0967146535907866e+00, -2.4370301151707157e+00
15, 2, 2.9131886031647598e+00, 4.3945481906238495e+00
15, 3, 3.1267955256496900e+00, 1.6705702892017840e+00
15, 4, 4.3557388487455944e+00, 5.9097717205961331e+00
15, 5, 5.2912829033716964e+00, 3.4920997963653035e+00
15, 6, 2.8632525905653977e-01, -3.8761319191480923e+00
15, 7, -5.8230972817446549e+00, -2.5730239949977056e+00
15, 8, -6.4932235889617518e+00, -3.5697194119097646e+00
15, 9, -1.9947525520796772e-01, 2.0307875005375640e+00
15, 10, 1.6042390509288771e+00, 1.1045431852798222e+00
15, 11, 4.7325905679739559e+00, -3.5299374704751032e+00
15, 12, -4.0329105961045713e+00, -4.5028054873483452e+00
15, 13, -6.7363875499721626e-01, -4.6904873484263083e+00
15, 14, -1.1392975360158688e+00, 7.7315892361127805e+00
15, 15, 3.3174340014392438e+00, -3.7163758784063450e-01
16, 0, -2.2128543822875506e+00, 0.0000000000000000e+00
16, 1, 1.0957920898234654e+00, 2.7317549593070609e+00
16, 2, 3.7505595514935721e+00, 1.2999480390305687e+00
16, 3, 2.3596409822867588e+00, -2.3315517626008377e+00
16, 4, 4.8006579381448660e+00, 4.6274499655131346e-01
16, 5, 1.9272645940645639e+00, -3.0347760175071961e+00
16, 6, -7.9957666860878929e-01, -1.1175779088157649e+00
16, 7, -2.4234228721085103e+00, -1.2694071528429074e+00
16, 8, -1.4520974239972957e+00, -2.5397785851401142e+00
16, 9, 2.4524594301461495e+00, 4.9102726281552629e+00
16, 10, 3.1332341193110467e+00, -1.4589916915998518e+00
16, 11, -3.2928545974160173e-02, 6.0400176001089290e-01
16, 12, -3.1480662601370017e+00, -3.1954909776892286e+00
16, 13, 5.0167217311383816e-01, 3.2861455261993200e+00
16, 14, 2.6827210111713629e-01, 4.6661542341827760e+00
16, 15, 5.3787487536639365e+00, -1.5725942105767363e+00
16, 16, -9.9715042658913333e-01, -2.5344652406998580e-01
17, 0, 5.3683599254555270e-01, 0.0000000000000000e+00
17, 1, 2.1128023157026727e+00, 2.7932838955847497e+00
17, 2, 1.1718168214881559e+00, 9.0017930719393568e-02
17, 3, 1.0149933362691077e+00, -5.2355338444020294e-01
17, 4, -1.9125239202812896e+00, -6.8493828763360756e-02
17, 5, -2.9227451369016886e+00, -9.0776431367063837e-01
17, 6, -2.5439893521538499e+00, 9.7116730795851314e-01
17, 7, -1.3233479433859516e+00, 1.5231015903678673e+00
17, 8, 1.5011377063895339e+00, 8.3144602350065555e-01
17, 9, 4.5470373695457345e-01, 2.0857174384344561e+00
17, 10, 2.1817629891200845e+00, -9.8821370256705210e-01
17, 11, -1.0062721766624356e+00, 9.5788863397151203e-01
17, 12, -1.5325461628294690e+00, 2.4473218938578603e-01
17, 13, 2.5430028965555933e+00, 3.9091324382640060e+00
17, 14, 1.2264274561672415e+00, 1.9261220908191721e+00
17, 15, 1.3976011317746364e+00, -1.9803694845727182e+00
17, 16, -4.9626035209629134e+00, -2.4778998832720225e+00
17, 17, -7.1481673968894921e-01, -1.3399478896864994e+00
18, 0, 1.1252613325978249e+00, 0.0000000000000000e+00
18, 1, 6.4860350783302656e-01, 2.5448582639582069e+00
18, 2, 1.1227400392912495e-01, -1.1003109160092471e-01
18, 3, 1.3806462271064450e+00, 1.5140326488726021e+00
18, 4, -3.7130608048969456e+00, -6.8389191681951733e-01
18, 5, -8.1595843158421832e-01, 2.5465324310569577e+00
18, 6, -9.4532732816671450e-01, 2.6932892581373977e+00
18, 7, 6.2332937637920938e-01, 6.2925895621034211e-01
18, 8, -4.4773160649407384e-01, 1.2165647839978746e+00
18, 9, -1.1928237087333063e-01, -1.9026091937600778e+00
18, 10, -2.7076588817690364e+00, 6.6696381258232673e-01
18, 11, -1.2846561470276781e+00, 8.8403256713991862e-01
18, 12, -4.1019489473531379e-01, 1.0243687245115307e+00
18, 13, 1.5075962448106133e+00, 8.7675045119847139e-01
18, 14, 1.6234159112302446e+00, -9.5242444342742250e-01
18, 15, -1.8408174441418255e+00, -2.9782567366082322e+00
18, 16, -1.9834699117779446e+00, -6.3778113563277739e-01
18, 17, -8.6255402176955798e-01, 3.9062566552679128e+00
18, 18, -1.5382140851139066e+00, -1.3378585060184269e+00
19, 0, 7.2450011340110143e-02, 0.0000000000000000e+00
19, 1, -2.3587572829963505e-01, -1.5782314640859290e+00
19, 2, 1.2464388110339737e-01, -1.6690398305395762e-01
19, 3, -3.7940087996613220e-02, 6.3325449917471477e-01
19, 4, -7.3943547374007434e-01, -9.1682945203678856e-01
19, 5, 8.2311854707576737e-01, 1.2504057996565270e+00
19, 6, 5.7173264050537631e-01, 8.0048966568594537e-01
19, 7, 1.4763515595720618e+00, -6.6483759712694956e-01
19, 8, -1.4487401397855684e+00, 2.1176128585534021e-01
19, 9, -7.8116851341399129e-01, -1.7382087966303008e+00
19, 10, -1.9921890509608873e+00, -7.8404574415109618e-03
19, 11, 1.6725041920058886e-02, 1.4084916129876413e+00
19, 12, -1.2482693326993383e-01, -1.3652783855256312e-01
19, 13, 8.4591438123008988e-01, -1.0290009932207764e-01
19, 14, -6.0348726925282525e-01, -1.7374169709051259e+00
19, 15, -2.9244358097166772e+00, -1.9437120114563080e+00
19, 16, -1.5106482900814563e-01, 5.9294197185005315e-01
19, 17, 6.3428397139405679e-01, 1.6037611313034037e+00
19, 18, 2.0665510616797689e+00, -2.0587346927444012e+00
19, 19, 1.1359896692359661e+00, 2.5010175254159837e+00
20, 0, -8.3752864613251665e-01, 0.0000000000000000e+00
20, 1, -1.8837254213027299e-01, -1.7354728601040448e+00
20, 2, -1.3786428658888727e-01, 7.1453389897806407e-01
20, 3, -8.4586381059083748e-01, -5.6664613019430821e-01
20, 4, 1.1415443704563260e+00, -4.2816455268344566e-01
20, 5, -5.6063138025290982e-01, 6.5062882836885688e-02
20, 6, -5.3591301852606332e-01, -9.5269244140184384e-01
20, 7, -4.2407101803235536e-02, -6.3198932662610185e-01
20, 8, -8.1184054053285371e-01, -9.1577562520182210e-01
20, 9, -5.5082267014418651e-01, -4.9427136135172928e-01
20, 10, 1.0981786193660699e+00, 1.3004333842065802e-01
20, 11, 4.9808008023829564e-02, 2.6085495558654725e-01
20, 12, 1.6341927458016443e+00, 5.1701460847628256e-01
20, 13, 5.6704463026167107e-01, -9.7773614702381884e-01
20, 14, -1.0080795562358458e+00, -9.5415729795722293e-01
20, 15, -2.3296997652467427e-01, 1.0697658261953427e+00
20, 16, -1.4781856144458522e-01, 4.7863712036795558e-01
20, 17, 1.6213973284349135e+00, 1.2496006586491708e+00
20, 18, -1.4323507178933781e-01, -1.9968656557514004e+00
20, 19, -2.7231351798961267e-01, 5.2866243362299903e-01
20, 20, 1.4114236822425308e+00, -1.5253571257734883e-02
21, 0, -1.5666406926538795e-01, 0.0000000000000000e+00
21, 1, 4.5402981216767246e-01, 9.2992855952852682e-01
21, 2, -1.0949894889060563e-02, 1.4463659403835860e+00
21, 3, 3.1293403621423921e-01, -5.2540673663881998e-01
21, 4, 9.8548018691425521e-01, 4.2566459428316644e-01
21, 5, -9.5652494546725386e-01, -3.1678914632035671e-01
21, 6, -1.5137662386269274e-01, -4.7587346833094518e-01
21, 7, -5.8327874483889219e-01, 8.7261600114094162e-01
21, 8, -1.9929358599488417e-01, -6.9985963619400449e-01
21, 9, 7.4945796355234995e-01, 9.6193668224277495e-02
21, 10, 8.1671850741006469e-01, -5.7023482652252222e-01
21, 11, 1.0081645223545173e+00, 8.0911163012035336e-01
21, 12, -5.4159533486088807e-01, -3.4865999861945324e-01
21, 13, 7.2409048507653492e-02, -9.0774461563564057e-02
21, 14, -3.1567927216261032e-01, 1.1044887718756571e+00
21, 15, 8.3672091828901807e-01, 1.2504990605715689e+00
21, 16, 7.8089391143240672e-01, 3.6092156402441200e-01
21, 17, 8.3028181346300234e-01, 7.8188715481388105e-01
21, 18, -6.5710964959052776e-01, -1.2276031355567487e+00
21, 19, -1.7296066563948775e-01, 2.0693625017816659e+00
21, 20, 6.4402438001758322e-01, 1.0196433377230112e+00
21, 21, -1.8654579632002364e+00, -1.3281736421956976e+00
22, 0, 6.5441178170505676e-01, 0.0000000000000000e+00
22, 1, 9.9399350197998859e-01, 4.9114755846122116e-01
22, 2, -4.0900748927182318e-02, -2.4195834679221009e-01
22, 3, 9.2396758716986238e-01, 8.3927811674215452e-02
22, 4, -5.9653952186784232e-01, 7.1682584049011422e-01
22, 5, -1.2732577785910254e-01, -1.4186802203402912e-01
22, 6, 4.3583674686184315e-01, 9.4658290075621099e-01
22, 7, -5.5641841923794311e-01, 1.4526792266679273e-01
22, 8, 7.2048251261443363e-01, 4.0035564049565558e-01
22, 9, 1.4299987270275707e-01, 3.5373058386726858e-01
22, 10, 6.1498508521681039e-01, -4.4020910281809617e-01
22, 11, 5.0970288032788513e-01, 5.9378079084104884e-01
22, 12, -7.9953146029364908e-01, -4.1230688180484143e-02
22, 13, 3.6998395619904306e-01, 3.5384079817126313e-01
22, 14, 1.9804456591346592e-01, 1.0659571621445605e+00
22, 15, 9.1590312954608644e-01, -5.0716204353584882e-01
22, 16, 4.9477803473838855e-01, 2.4485227038138380e-02
22, 17, -9.8421772489590786e-01, -6.4969886224132400e-01
22, 18, 2.9498164161278551e-01, 2.9975673130553465e-02
22, 19, -1.0546526127257185e+00, 8.1290382959738838e-01
22, 20, 1.1437313532491666e+00, -2.4915754010219154e-01
22, 21, -7.3436235558655205e-01, -1.4861659186661971e+00
22, 22, 1.2439478043529761e-01, 6.8581570525042745e-01
23, 0, -1.9317846686672147e-01, 0.0000000000000000e+00
23, 1, -4.5201645423065984e-01, -6.6495711093949195e-02
23, 2, -3.4151615618397713e-01, -8.5435957598001622e-01
23, 3, -3.1868401894657233e-01, 3.5728982013878408e-01
23, 4, -7.3043545402194776e-01, -1.0351048783287053e-01
23, 5, 7.1040245473509889e-01, -3.9995249678242495e-01
23, 6, -7.4070138024998844e-01, 1.0666973897363905e+00
23, 7, 4.6882022639306320e-01, -7.9784300539642061e-01
23, 8, 2.7396066222913840e-01, 6.3838657404282373e-01
23, 9, -8.1724720303040593e-02, -3.2989620959250432e-01
23, 10, 2.4936698929561513e-01, 6.9437039134619605e-01
23, 11, -5.1316336006424434e-01, 4.5533774673730870e-01
23, 12, -9.3718936571634076e-02, 2.9004784010456458e-01
23, 13, 5.0823865985900285e-01, 6.1026931920725724e-03
23, 14, 7.7560428539028309e-02, 8.9670681131997920e-01
23, 15, 5.7498778314986598e-01, -1.5564222444493123e+00
23, 16, -8.7769104566422995e-01, -1.4140915733180937e-01
23, 17, -6.5838024910208059e-01, -1.5488054972504890e+00
23, 18, 2.9168121031106692e-01, 1.1114442256918560e+00
23, 19, -1.0383037740389263e+00, -1.2920796493480324e-01
23, 20, 1.1342914810926161e+00, -1.8996785427224103e-01
23, 21, -9.2918683132910906e-01, -1.3411299965526111e+00
23, 22, -4.5386471971384151e-01, 1.8361445551201178e-01
23, 23, 1.2019989044133752e+00, -3.4156996542634199e-01
24, 0, -3.2887923014016612e-01, 0.0000000000000000e+00
24, 1, -4.2034303550124813e-01, -4.7329884337304740e-01
24, 2, 3.2147936413684498e-02, 3.9172054864545741e-01
24, 3, -7.2642830978087192e-01, 3.8086954701169301e-01
24, 4, 3.0864884667223313e-02, -3.0045740086363432e-01
24, 5, 4.7324641469821171e-01, 3.0381475522279749e-01
24, 6, -6.8916976362947602e-01, 7.0002508159662191e-02
24, 7, 7.8271670466658594e-01, -9.2252250911275335e-01
24, 8, -2.9579330159412154e-01, -7.4903523680470485e-02
24, 9, -1.8952054406810748e-01, -5.9407086810874510e-01
24, 10, 2.6086924336827511e-01, 3.9694639879443749e-01
24, 11, -1.3027706461988793e-02, -6.1633541050845264e-01
24, 12, 6.2096511806074162e-01, 5.7034904652453655e-01
24, 13, -3.2787372385480107e-01, 4.5242544607745669e-02
24, 14, -1.4757355516441164e-02, -7.3510919203270908e-01
24, 15, -4.6328859564285968e-01, 1.2517297822747775e-01
24, 16, -1.0696446615096808e+00, -6.4471062512088650e-01
24, 17, 2.4955977769370555e-01, -6.1945242339405820e-03
24, 18, -7.0802418122684507e-01, 1.1806119922744418e+00
24, 19, 7.1721107193469469e-01, -7.0029863082457788e-01
24, 20, 2.6692835816262678e-01, 1.8686664120668553e-01
24, 21, -1.5934770010303814e-02, -7.1311631988225010e-01
24, 22, 2.3612059392291512e-01, 1.2703733078572903e+00
24, 23, 1.0254245589468658e+00, 9.0063614729491329e-02
24, 24, -5.2116693012062276e-01, -1.9099792509037355e-01
25, 0, 2.0952369348501013e-01, 0.0000000000000000e+00
25, 1, 2.1045907334294617e-01, 6.1366443443131649e-02
25, 2, 3.4565759449126243e-01, 6.4962565026288532e-01
25, 3, -9.7400465216507665e-02, 2.6136031268618776e-01
25, 4, 1.0825336099178995e+00, -3.1386978216119527e-01
25, 5, -4.1905042089969191e-01, 4.7919139501667962e-01
25, 6, 2.9746835899431601e-01, -4.8506315147690038e-01
25, 7, -6.4000012624769842e-02, -5.3363477857394881e-01
25, 8, -2.9701808207864266e-01, -2.9895208796673678e-01
25, 9, -1.1724916383436949e-01, -3.4296329277789317e-01
25, 10, -2.1450253308484257e-01, 3.5096136158198898e-01
25, 11, 7.9419970089922942e-01, -6.7698687321680318e-01
25, 12, 5.1757492588724641e-01, 4.5968802018452393e-01
25, 13, -3.1505295339634781e-02, -4.5223865953737252e-01
25, 14, 1.3281132552019309e-01, -4.0749319483284707e-01
25, 15, -7.3860125588204673e-01, 1.3736005185408984e-01
25, 16, 1.9116239557716511e-01, -4.9383808150308145e-01
25, 17, 4.9814489815935037e-01, 1.2675730761995112e+00
25, 18, -2.9854983892982079e-01, -1.4474088239033950e-01
25, 19, 1.0535590939028423e+00, 8.0407759866524736e-02
25, 20, -7.9937647384437061e-01, -1.6237800102193878e-01
25, 21, 1.1393387624574198e+00, -3.8725554427758302e-01
25, 22, -4.6463809129234113e-01, 8.1615979777728165e-01
25, 23, 8.3144082766787186e-01, -7.6567250957803501e-01
25, 24, -3.9020713507143201e-01, -1.5887942557906531e-01
25, 25, -2.5383845773702107e-01, 4.6069901612518915e-01
26, 0, 4.2424025956025913e-01, 0.0000000000000000e+00
26, 1, 1.7551626794689576e-01, 6.1840666534062783e-01
26, 2, 2.4606197270397673e-01, 3.5795743430918132e-02
26, 3, 6.5950131721764838e-02, -1.6469566697339572e-01
26, 4, 5.0633997480188742e-01, -1.8538370842078705e-01
26, 5, -3.1258106713262396e-01, -1.8555585011533943e-01
26, 6, 5.1083072992552214e-01, 1.2470195252779440e-02
26, 7, -1.3929790937042535e-01, 2.6784085575937489e-01
26, 8, 1.0691511332544312e-02, -1.9508293518698946e-01
26, 9, 5.1758670723269028e-02, 7.1395128880075376e-01
26, 10, -1.2154761517662954e-01, -9.5244801785985614e-02
26, 11, 6.9752209882039318e-01, 2.9869147462320556e-01
26, 12, -3.5341991640958043e-01, 1.7912996328371217e-01
26, 13, -2.7425487760575476e-02, -1.5805678988896427e-02
26, 14, -1.6312821106743247e-01, 6.7177134797841639e-02
26, 15, -1.4754898626725915e-01, 9.8254592621500381e-02
26, 16, 6.7288452692722611e-01, 1.6601519362848957e-01
26, 17, 4.4030482560874751e-01, 1.3618266073545141e-01
26, 18, 3.9196616459260541e-01, -6.0499556201298321e-01
26, 19, -4.7730902567343289e-03, 9.6165753191004927e-02
26, 20, -1.9024192902517167e-01, -5.2362343082605045e-01
26, 21, 4.0635383225335736e-01, 7.5060779548848944e-01
26, 22, -6.5900153792623017e-01, 2.9337826996091804e-02
26, 23, 3.6058426303606061e-01, -3.7459695515458624e-01
26, 24, -1.1355037613847321e+00, -5.8661680490353543e-02
26, 25, -4.0209439178612338e-01, 6.0083516590528074e-01
26, 26, 2.3575617227513618e-01, -6.4375377022494140e-01
27, 0, 3.8082339977846691e-01, 0.0000000000000000e+00
27, 1, -5.1586948396462516e-02, 2.2697611779818445e-02
27, 2, -1.8794273835802462e-02, -4.3282309504230654e-01
27, 3, -1.6444855471041836e-01, -3.6782238568407288e-01
27, 4, -4.8036580266517614e-01, -1.5440974781890948e-01
27, 5, -1.2616157008134554e-01, -4.2513004428650453e-01
27, 6, -4.5081725468639622e-01, 4.2500266936725378e-01
27, 7, 5.4619541272841743e-02, 1.7559095092448146e-01
27, 8, 4.8834556335018248e-01, -1.5214826885879557e-01
27, 9, -6.0190262612286771e-02, 5.9229167667397542e-01
27, 10, 3.1099965050257999e-01, -1.1945267033296798e-02
27, 11, 2.6976573564777245e-01, 2.4821949080020314e-01
27, 12, -1.3078336039657018e-01, 9.2984242847448488e-03
27, 13, 1.3586133434535186e-01, 1.3137048883673369e-01
27, 14, -3.6489977425760367e-01, 1.4376683138671402e-02
27, 15, 2.4166624291354605e-02, -1.4340826854916364e-01
27, 16, 8.1686678632994808e-02, 3.7483226360287608e-01
27, 17, -2.5992166228711794e-01, -5.8249941635654634e-01
27, 18, 9.2988812317576636e-03, -2.2995170670746656e-01
27, 19, -9.8915790404305270e-01, -2.3245890966729205e-01
27, 20, 4.0969795895998656e-01, 7.7979795055266310e-02
27, 21, -4.1114678549196293e-01, 3.8944713158758082e-01
27, 22, 2.8583556002322097e-01, -4.9306279610932069e-01
27, 23, -1.9493803613718527e-01, 3.8088421086688851e-01
27, 24, -2.5651561192307304e-01, -1.1319902948922123e-01
27, 25, 1.0814278018386671e-01, 7.8246344584060090e-01
27, 26, 3.2988089784267549e-01, -5.1541777787677712e-01
27, 27, -6.2323668070243909e-01, 2.5822804716911223e-02
28, 0, -3.7294686637669938e-02, 0.0000000000000000e+00
28, 1, -1.9688491491773777e-01, -1.1488508592402075e-01
28, 2, -3.9852613333005288e-01, -3.1758323438706099e-01
28, 3, -2.1376741486477763e-01, 3.9609757330292106e-01
28, 4, -4.1420941857263144e-01, -1.2578379209836615e-01
28, 5, 9.9451563247087496e-02, -7.4440171983088901e-02
28, 6, -5.6793848621083054e-01, 3.2379490559014223e-01
28, 7, 2.5024109788273152e-01, -3.5295926869155686e-01
28, 8, 3.2665145085653402e-01, 5.3757333710672678e-02
28, 9, -8.5929675143429252e-02, -5.4742902119512160e-01
28, 10, 1.1610762889883132e-01, 7.4104062055433281e-02
28, 11, -2.1432821410813321e-01, -3.5023727710788172e-01
28, 12, -7.4004757570359500e-02, 5.3646456215554264e-02
28, 13, 1.4157827829387637e-01, -9.9174773368543356e-02
28, 14, -1.8063064093816553e-01, -2.1445534238160940e-01
28, 15, 1.2117558433218518e-01, -1.9461795657108344e-01
28, 16, -2.1010914747777093e-01, -1.2607796875214167e-01
28, 17, -8.7824788989230462e-02, -5.2430026661517981e-01
28, 18, -3.4378688108005251e-01, 3.7031395350314555e-01
28, 19, -4.3933149009446226e-01, -1.0281558893112130e-01
28, 20, 3.2851739910087574e-01, 5.0840014855464688e-01
28, 21, -1.9430116252821442e-01, -1.5768053517820338e-01
28, 22, 4.3487068385199701e-01, -7.9915797848083100e-02
28, 23, -4.3489516469477207e-01, -1.8503550719981013e-01
28, 24, 3.0219688134278833e-01, -1.9021009296130831e-01
28, 25, 8.0240263401309339e-02, 1.1144455986455483e-01
28, 26, 4.9875553572607623e-01, -6.7003614199752226e-01
28, 27, -9.2486032372515042e-03, -9.0124803671239345e-02
28, 28, 1.7585374869378897e-01, 6.9885986373491860e-01
29, 0, -1.3684511877194985e-01, 0.0000000000000000e+00
29, 1, -2.3339975800773780e-02, -1.9534419652402082e-01
29, 2, -1.7998388229471421e-01, -1.7031579811401642e-02
29, 3, -1.1828031197041919e-01, 3.7101019581481903e-01
29, 4, 1.6632372315404731e-01, -1.3149454008794972e-01
29, 5, 1.3756082628181054e-01, 1.6264447591555720e-01
29, 6, 7.1895375176721635e-02, -8.6431108762612438e-02
29, 7, 3.0392850951911898e-01, -1.9070005275321653e-01
29, 8, 5.5965569037228831e-02, 1.7722899111895094e-02
29, 9, -1.3514985759113354e-01, -4.1589855738135173e-01
29, 10, -1.8549208174806087e-01, 1.0076732826371174e-01
29, 11, -4.0568372153593790e-01, -1.0977823368264504e-01
29, 12, 2.0957858106044155e-01, -1.1575103709141953e-01
29, 13, -2.4653804172264285e-01, -2.5079270207036552e-02
29, 14, 5.1087825510742896e-03, -1.6039424013717346e-01
29, 15, -9.8264814404603898e-02, -1.3826623903214227e-01
29, 16, -1.1988229828917843e-01, -5.3343536287779242e-02
29, 17, -1.6172487546753773e-02, 1.0151385281202507e-01
29, 18, 1.8485101405175605e-02, 8.5865853576457318e-02
29, 19, 2.2512374695428217e-01, 5.2547001986520368e-02
29, 20, 1.2399842425545481e-01, 6.3783381818107776e-02
29, 21, 1.8513308717809557e-01, -3.4116565004500976e-01
29, 22, -1.5487922715843361e-01, -1.8877445839385620e-02
29, 23, -4.5552035752986254e-02, -3.5413644839509151e-01
29, 24, 7.4128094418117726e-02, 3.3728888608669283e-01
29, 25, -5.2644302137765206e-02, -3.4487269873450915e-01
29, 26, 2.0689082390748074e-02, -2.6507774226359243e-01
29, 27, -5.0544073108837129e-01, -7.4426054996272945e-02
29, 28, 2.3971977176131025e-02, 3.0363120768077817e-01
29, 29, 1.6398709441055509e-01, -1.9166733814412576e-01
30, 0, 1.7577147705175173e-02, 0.0000000000000000e+00
30, 1, 1.6335870188539700e-01, -9.2608726915358649e-03
30, 2, 2.3208565587747096e-01, 2.4357287764747507e-02
30, 3, 5.6188983511304677e-02, 3.7806845649486207e-02
30, 4, 2.9121171061051865e-01, -2.6247303520212678e-01
30, 5, 1.0878512305654862e-01, -1.3699510593273795e-01
30, 6, 9.8402267614371444e-02, -3.8735981184657337e-01
30, 7, 4.9868284604256366e-02, 2.0605013477547479e-04
30, 8, -3.2319044219192981e-02, -1.4662434018035261e-01
30, 9, 1.1731930639283417e-01, -5.8906020629828831e-02
30, 10, -7.6338202901782115e-02, 2.7340536653903336e-01
30, 11, -1.4491793660419150e-01, 8.4444901013752696e-02
30, 12, 3.1718012649603267e-01, -1.2845692719959909e-01
30, 13, -1.0251467016577057e-01, -3.4336644685144434e-02
30, 14, 1.2254626446907885e-01, 6.4279761597150792e-02
30, 15, -1.1121891924568719e-01, 3.8227633001296710e-03
30, 16, -6.8410805206596953e-03, -2.4936548786965565e-02
30, 17, 1.2088050226740124e-01, 1.5046140696193094e-01
30, 18, 5.3027059312189199e-02, 4.2975940513409958e-02
30, 19, 1.8231517365771036e-01, -8.8117489110230915e-02
30, 20, -1.6380148952263451e-01, -1.3260912938306355e-01
30, 21, 7.3786188037109082e-02, -9.7614672795164198e-02
30, 22, -2.4118907604281037e-01, -6.9156323551465920e-02
30, 23, 1.4797691009441022e-01, -5.5924420711516203e-02
30, 24, -7.5435296148376380e-02, 2.1039916709280931e-01
30, 25, 2.2984056120502122e-01, -2.4553681115529194e-01
30, 26, -1.5211575157081636e-01, 3.3617114991211305e-01
30, 27, -3.0268103908972882e-01, 2.4769652144730514e-01
30, 28, 2.0532126386404753e-01, 3.7674295561206250e-01
30, 29, -1.6453678060458530e-02, -2.5004976319898536e-02
30, 30, -1.0582743918904483e-01, -3.3147069254901247e-02
31, 0, -1.3814770421189682e-01, 0.0000000000000000e+00
31, 1, 4.9574646993516672e-02, 8.8925599293955049e-02
31, 2, -7.9966805492994258e-02, -6.6680258959075450e-02
31, 3, 6.8467587350850637e-03, -5.2504698321403767e-02
31, 4, 5.1113580854442689e-02, -2.0992352240283521e-02
31, 5, -6.6178393913715938e-02, -1.7804494222901879e-01
31, 6, -2.6150234760090076e-02, -8.5110039221755238e-02
31, 7, -2.0016696752480667e-01, 1.3715391769590424e-01
31, 8, 2.2838536628398277e-02, -1.3164851420102916e-02
31, 9, 1.2024212405370577e-01, 4.5832750656046917e-02
31, 10, 7.0640645773909230e-02, 2.5474493960711153e-01
31, 11, 1.5784707266981762e-01, -1.7736787383541869e-01
31, 12, 1.2654242516493552e-01, -8.5706633116859748e-03
31, 13, -4.2282918366335506e-02, -1.4426249769494645e-01
31, 14, -9.5920473768401210e-03, 7.1174090730679082e-02
31, 15, -5.8327009722900967e-02, -4.2540263660418617e-02
31, 16, 1.2376476999475962e-01, 2.4084572872131518e-02
31, 17, 7.2749141289619818e-02, -2.4271507331176306e-02
31, 18, -2.8335197271942305e-02, -2.1057894704138602e-01
31, 19, -7.1972182973552914e-02, -1.1837138211712415e-01
31, 20, -3.8023257756282769e-01, -1.5629153011211355e-01
31, 21, -3.1433901899548582e-02, -5.4869302496320660e-03
31, 22, -9.6407266118584592e-02, 1.7742816884302740e-01
31, 23, 7.0329482216195185e-02, 1.3844006811175674e-01
31, 24, -6.6615072961272087e-02, -1.0898160327950389e-01
31, 25, -2.0774860141394354e-02, 2.7156394545354894e-02
31, 26, -1.6493364819142139e-01, 5.3967389920635628e-02
31, 27, 9.2994228594451736e-02, 1.4501621442685100e-01
31, 28, 3.5563768377612781e-01, 6.7812842407086127e-02
31, 29, 7.8193185387242528e-02, -1.6224356945166035e-01
31, 30, -1.9274815707315943e-02, -2.2996328807553335e-01
31, 31, 1.1499196847379195e-01, -1.8231198886714678e-03
32, 0, -1.4050519881692583e-01, 0.0000000000000000e+00
32, 1, 3.0958093032489815e-02, 1.8006764652254331e-01
32, 2, -1.6451083544884162e-01, -1.5639764090735511e-01
32, 3, 1.6246410808497724e-01, 2.2975009607901248e-02
32, 4, -1.7852933414498484e-01, -5.9936019394563014e-02
32, 5, -8.4913376695270548e-02, 3.7044630883523146e-02
32, 6, 1.8707208921614545e-02, 1.8124302175719140e-01
32, 7, -1.5984167972551877e-01, 1.2357885821656064e-01
32, 8, 2.1901096036892681e-01, 2.1065841982695031e-02
32, 9, 3.6048736160325417e-02, 7.4923803418634666e-02
32, 10, 4.7229127864387710e-02, -6.2504883429534377e-02
32, 11, 2.6726393617220991e-02, -2.7411317903754950e-02
32, 12, -5.3964147079817254e-02, 1.3092601650751094e-02
32, 13, -2.5991267063015931e-02, -3.7242441860884379e-02
32, 14, -2.0864519468644475e-03, 1.8167165453473427e-01
32, 15, -1.1522332994165399e-02, -9.9279033923741836e-02
32, 16, 1.1937437959705882e-01, 3.5085786885535965e-02
32, 17, -1.2453235725127076e-02, 3.3551694569148527e-02
32, 18, -8.5589854500083176e-02, -2.0818395906161576e-02
32, 19, -1.9169063268787490e-01, 1.2677483676184323e-01
32, 20, -2.0264229931494876e-01, -5.6489254560172827e-02
32, 21, 1.0123127217449510e-01, 2.1166612347555502e-01
32, 22, 9.4030772678331404e-02, 5.0358667403974142e-02
32, 23, 9.5446557015084060e-03, -8.1816619490944834e-02
32, 24, 2.2842093874340091e-02, -1.5302670266825738e-01
32, 25, -1.2533558226266706e-01, 1.4652796130618087e-01
32, 26, -3.4021862378719216e-02, 5.8162661432782162e-02
32, 27, 4.8376015792256713e-02, 1.1962513618159978e-01
32, 28, 2.7677413465872137e-02, -2.7191543846327532e-01
32, 29, -9.8612840657193140e-02, -1.7683180997757819e-01
32, 30, -1.3588518562326957e-01, 5.0076360890070851e-02
32, 31, -9.4730439618140150e-02, -6.9833839970495026e-02
32, 32, -4.9823184496876109e-02, -3.7588496685163258e-02
33, 0, 6.7900406611186959e-02, 0.0000000000000000e+00
33, 1, 6.3685711165839015e-02, 9.9981358113634927e-02
33, 2, -5.1863836339107454e-02, -1.8755442463989264e-01
33, 3, 1.2461614948389664e-01, 7.6529015592249700e-02
33, 4, -4.9455340536283983e-02, -4.5528887814345366e-02
33, 5, 1.2274301439340531e-01, -2.4443677511533930e-02
33, 6, 1.2413467240626147e-01, 2.5702272549833061e-01
33, 7, 6.9817675384473310e-02, -2.4643718975445725e-01
33, 8, 1.2965747281056600e-01, 1.1596297598044142e-01
33, 9, -4.3331770028204264e-02, -7.7014152225471547e-02
33, 10, 1.4143799136944229e-02, -2.9421018823139328e-03
33, 11, -1.2779740715547119e-01, 1.2805100557298005e-01
33, 12, -1.6357695883395337e-01, 2.4945140732961502e-03
33, 13, -3.2751394961433276e-02, 2.1574140033730281e-02
33, 14, -4.2756179608524195e-02, 2.9791004014113321e-02
33, 15, 7.9543042153481541e-02, -7.9855404793077511e-02
33, 16, -8.9689324553257170e-03, 4.2391922541369267e-02
33, 17, -2.5035576633854740e-02, -3.5693592939287505e-03
33, 18, 1.2687258017154426e-01, -3.7429142425376816e-02
33, 19, -2.0105436916523173e-01, 1.5238309646351539e-01
33, 20, 1.1549199306998675e-01, 2.6576445943561171e-02
33, 21, 1.2385951952958746e-02, 2.1163761185865620e-01
33, 22, 6.1698450179082071e-02, -1.0380711400802084e-01
33, 23, 1.9452976761313846e-02, -1.1005424154253003e-01
33, 24, -6.5392617760148833e-02, -7.3750510176197298e-02
33, 25, 2.2261938146613723e-02, 1.9115653899290312e-02
33, 26, 3.7736002364027785e-02, 7.2227129718840807e-02
33, 27, 4.7457209148228340e-02, -3.4083326732062533e-02
33, 28, 3.7596386093380486e-02, -1.5030022830725126e-01
33, 29, -1.3583781005113665e-01, 3.3472211130145396e-03
33, 30, -1.4493685971606854e-01, 1.5557110121729054e-01
33, 31, 1.2738476294288328e-01, 1.4044561838000706e-02
33, 32, -4.8310964493542455e-02, 3.2453616498218885e-01
33, 33, -1.5408628857510633e-02, 3.1479371313787183e-02
34, 0, 1.4035867720753920e-01, 0.0000000000000000e+00
34, 1, -6.6566125084779715e-02, 4.4134070619447706e-02
34, 2, 6.8737503711271977e-02, -5.8747870343927110e-02
34, 3, -5.1799035913963246e-02, 1.5606385016526492e-01
34, 4, 3.1683939207285849e-02, -9.2760241219395079e-02
34, 5, 1.0471508230285773e-01, 5.8325794939789961e-02
34, 6, 8.3920560088521536e-03, 3.5989433646632166e-03
34, 7, 1.2293110921681882e-01, -1.8199147416072939e-01
34, 8, -1.6577238162918971e-02, 1.5206621865751904e-02
34, 9, -7.4200819784087213e-02, -7.4681652457844971e-02
34, 10, 4.1763530511284494e-03, 8.6462430060075771e-02
34, 11, -7.3515674232261310e-02, 1.9400492487621612e-01
34, 12, 6.8433983278412186e-02, 2.3057290014432488e-02
34, 13, 6.8247828184393441e-02, 6.1728019157052103e-02
34, 14, -1.6066519490143122e-02, -1.0565622361392245e-01
34, 15, 6.8599565132219403e-02, -7.0207574572876089e-02
34, 16, -1.9197157354665106e-01, 9.3163986782070843e-03
34, 17, 7.5168104604121017e-02, -5.8465995759405351e-02
34, 18, 2.1949211820160540e-02, 8.1645736538977762e-02
34, 19, -1.7346320917259871e-02, -1.6561582167470656e-01
34, 20, 1.0923988794484175e-01, 7.5671337475695988e-02
34, 21, -4.7938187592665396e-02, -6.9582600535902178e-02
34, 22, 8.5245841464555300e-02, -7.6065807883993267e-02
34, 23, -1.1396428444441620e-01, 3.0653508891091714e-02
34, 24, -6.1733259152336184e-02, -8.3278906468205148e-03
34, 25, 7.9102127194945221e-02, 5.2339062753327115e-02
34, 26, -7.9102163488132246e-02, 9.5736969758806023e-02
34, 27, 1.0809533803776421e-01, -9.8699096220710103e-02
34, 28, -5.1598842988299198e-02, -5.0639393814994153e-03
34, 29, -9.0213482988661359e-02, -9.1396546711726034e-02
34, 30, -1.6736507021065727e-02, 1.6218213244861801e-01
34, 31, 2.0036014906782407e-01, -6.2978799606964994e-02
34, 32, -6.8971487618729524e-02, -7.1668970424110093e-02
34, 33, 2.9160073834937972e-01, -1.0462868056782560e-02
34, 34, 1.0518644476227234e-02, -1.9947091220310506e-02
35, 0, -2.4863347844767618e-02, 0.0000000000000000e+00
35, 1, -5.2898696750469404e-02, -9.3965469196499007e-02
35, 2, 6.3625225328120469e-03, 5.7121711739303790e-02
35, 3, -3.3053794719621880e-02, 6.9425521119440378e-02
35, 4, 1.3869892356277058e-01, -6.6153708213241860e-02
35, 5, -2.1502535641206161e-02, 1.5380934911358055e-01
35, 6, -1.0151411490698141e-01, -1.2512441934215685e-01
35, 7, -2.2674200665741783e-02, 5.1105776544485747e-02
35, 8, -1.1921560650404987e-01, -6.5057267391734730e-02
35, 9, 1.9619283795878247e-02, 2.3618829996035935e-02
35, 10, 4.1305845732183530e-02, 5.9758485598930641e-02
35, 11, 1.3679758597064981e-02, -7.3979022561103634e-03
35, 12, 1.0176051803941560e-01, -2.3534593472315769e-02
35, 13, 2.0394993713720957e-02, -6.7308101492035387e-04
35, 14, 5.6428523157459241e-02, -4.4644176209646953e-02
35, 15, -5.8432521340265497e-02, 1.2023941994396423e-01
35, 16, -9.6215622152063432e-02, -7.9625397667237349e-02
35, 17, 1.1079877074448713e-01, 3.0946477147816391e-02
35, 18, -1.0485468682525993e-01, 3.5311638750382221e-02
35, 19, 4.7948238799501122e-02, -5.6984176283314814e-02
35, 20, -1.1621696198719428e-01, 1.0180520377867261e-01
35, 21, -4.4019335849821685e-02, -1.7114739068395557e-01
35, 22, -3.8336768174835383e-02, 9.0733378252771349e-02
35, 23, 6.5560370088775625e-03, -7.5726700285427689e-02
35, 24, 1.0558454968269104e-01, -7.2145343567394868e-03
35, 25, 3.1159100375357358e-02, 3.0004299897410762e-02
35, 26, -1.3443145227385630e-02, -4.9892427374953155e-02
35, 27, 4.7799981291703819e-02, 3.5976912634110944e-02
35, 28, -9.5424581332386738e-02, 2.8375054416602411e-03
35, 29, 7.1833070367629953e-02, 2.0456222720902084e-02
35, 30, -8.0821796064780030e-02, 7.2512508703637790e-02
35, 31, 5.5731281996907085e-02, -1.6969138423654030e-02
35, 32, -1.3287319721392760e-01, -1.5357993632156186e-01
35, 33, 4.0056506931903157e-02, 1.4285762234187516e-01
35, 34, -1.0006732446379894e-01, -2.0049759592947075e-01
35, 35, -8.0400525178480217e-02, -3.7644541758352953e-02
36, 0, -1.2618838154031378e-01, 0.0000000000000000e+00
36, 1, 5.3268294760178969e-02, 1.2880601713245341e-02
36, 2, -8.6526834101500444e-02, 8.2996387471573868e-02
36, 3, 6.2540044216326501e-02, -3.8701351035521241e-02
36, 4, 1.2450700780054461e-01, 1.7223822567054264e-02
36, 5, -6.6651088793783050e-02, -9.3245857687997806e-03
36, 6, 8.2256802611988755e-02, -9.9514518073088917e-03
36, 7, -2.5230718786582160e-02, 8.2778843483933634e-02
36, 8, -4.5364369607613766e-02, 1.8171969752284901e-02
36, 9, 7.9274123994799495e-02, 2.6981778345736576e-02
36, 10, -3.3703946917303385e-02, -5.0029361188517876e-02
36, 11, 4.5506652355426093e-02, -3.1301728608999879e-02
36, 12, 5.8655069424020996e-02, 1.2880259229621372e-02
36, 13, -1.2510828858649839e-01, -1.1369219667735148e-01
36, 14, 7.4225108664675910e-02, 4.2471412044942605e-02
36, 15, -1.9544512619003987e-01, 7.2919435056090692e-02
36, 16, 1.1372287006514302e-01, 5.0886092271905606e-03
36, 17, -7.9497467867697246e-03, 7.7510194433472734e-02
36, 18, 2.6577193026208874e-02, -1.0597442899663675e-01
36, 19, 5.3556492977023133e-02, 6.9474167803978332e-02
36, 20, -1.3350836361020657e-01, -7.1093788892229823e-02
36, 21, -6.4652520357864438e-02, 3.3388838533655534e-02
36, 22, -4.3445578503260474e-02, 7.1344466171220977e-02
36, 23, -4.5634060567400180e-03, -7.8348195758258618e-02
36, 24, 7.4008133963806261e-02, 4.1828906423850461e-02
36, 25, -2.9995149338151082e-02, -5.8374947229023012e-02
36, 26, 1.7892528869511030e-02, -1.3577962571416025e-02
36, 27, -3.1807273697787998e-02, 3.2244241597779069e-02
36, 28, 1.3571193518949826e-02, -1.3432132217673695e-01
36, 29, 8.6013219562519519e-02, 1.5251107722266230e-01
36, 30, 3.8547696271385226e-02, -1.2404368154770612e-01
36, 31, 6.9262895003908281e-02, 1.1307781359592134e-01
36, 32, -1.1918819230939294e-01, -2.6897016561289712e-02
36, 33, -3.0096963320748481e-02, 1.8448339186447621e-01
36, 34, 4.6877991831993045e-02, -1.0202855250491021e-01
36, 35, -1.0983064032693621e-01, 1.1235459221973373e-01
36, 36, 4.4820445021602373e-02, 1.5299561083597185e-01
37, 0, 4.9201078474420824e-02, 0.0000000000000000e+00
37, 1, 7.0649274721165042e-02, 1.2531558629748915e-01
37, 2, -6.0683034563722524e-02, 2.4682778106165731e-02
37, 3, 9.6276118250498047e-02, -2.9087330916445820e-02
37, 4, -4.9273338399809928e-02, -2.1067551751310178e-02
37, 5, -6.2112093138148444e-02, -7.1375112569946497e-02
37, 6, 9.6490982900252667e-02, 5.6790858859407295e-02
37, 7, -4.9269885067707311e-02, 9.4065269894527369e-03
37, 8, 1.3451289119558008e-01, 3.8729818389085201e-02
37, 9, 4.9219623025712457e-02, 2.8158618369249017e-02
37, 10, -7.7469635043570769e-03, -8.0445987402232785e-03
37, 11, -6.7236594947318859e-02, 3.8431994281269803e-02
37, 12, -3.1930892367743442e-02, 8.7529133282042551e-02
37, 13, -2.2285672434982917e-02, -5.7840526260656604e-02
37, 14, 1.3252130499938623e-02, 1.4808722888513587e-01
37, 15, -3.8407065220221664e-02, -1.5644895699233729e-02
37, 16, 1.0024168377525067e-01, 1.0347374861774207e-02
37, 17, -3.7908008871467530e-02, -7.3212178458452515e-02
37, 18, 8.8628062442466293e-02, -5.9779837530246668e-02
37, 19, -5.2368461550631566e-02, 5.1513233510584129e-02
37, 20, -4.4051273151169551e-02, -6.9541692505186770e-02
37, 21, 5.7666701321028614e-03, 6.4396289570470042e-02
37, 22, -4.0881754041457843e-02, -3.6327332969152498e-02
37, 23, 9.3570435013547046e-02, -2.1356935007282099e-02
37, 24, -6.4858112682161725e-03, -7.8818831323447733e-03
37, 25, -3.7542009665931700e-02, -3.7561228157833013e-02
37, 26, 9.4372877117106339e-03, 4.2950103413917612e-02
37, 27, -9.4564684589750758e-02, 3.6816473946616066e-02
37, 28, 1.1670597415961392e-01, 6.0240877239792169e-03
37, 29, -5.0379912592179374e-02, 6.0016189180333218e-02
37, 30, 7.5381938221906031e-02, -1.6340082247834889e-01
37, 31, -9.6951630392617644e-02, 6.9932206640965722e-02
37, 32, 9.5489024274071632e-03, -6.9050816577884977e-02
37, 33, 1.3961526380818334e-01, 1.1313204772197785e-01
37, 34, 6.5024716156418041e-02, -1.7960261089973041e-02
37, 35, -1.3807238859274806e-01, -6.4928829720242512e-02
37, 36, 1.8431794001036136e-01, 1.1450601869855832e-01
37, 37, 5.3872560423633239e-02, -4.3047493900929754e-02
38, 0, 8.2002009043978003e-02, 0.0000000000000000e+00
38, 1, -1.3043132848966441e-02, 2.5191240644940448e-02
38, 2, -1.5232587525971394e-02, -5.2907812027924515e-02
38, 3, 7.8424038894616507e-02, 5.8223142658186009e-03
38, 4, -9.9476522516292437e-02, -4.9529850909870422e-02
38, 5, 5.5793422776936066e-02, 2.8961971139885294e-02
38, 6, -3.4358005948463277e-02, 9.3310342208314981e-02
38, 7, 4.0956203214931555e-02, -8.5985730429253587e-02
38, 8, 6.7041303017137774e-02, -2.7433125729825477e-02
38, 9, -1.9823771805472096e-03, -7.7692116280772258e-02
38, 10, 1.3935181252545344e-02, 5.9526435852898995e-03
38, 11, -3.9842899903857115e-02, 5.4694915594661803e-02
38, 12, 2.3051197799112532e-03, 5.7266498002422686e-02
38, 13, -1.1863383307107019e-02, 6.4682266035781574e-02
38, 14, -4.3797360500754806e-02, 4.0828309361094620e-02
38, 15, 4.2663249668762185e-02, 5.9985614938906549e-02
38, 16, 3.5092674660598344e-02, 2.4423954991780548e-03
38, 17, -4.2681005316873841e-02, -4.5083288489494153e-02
38, 18, 1.1113271684928839e-02, 3.7415756981209566e-02
38, 19, -7.7462399490386413e-02, 1.1960024521803288e-02
38, 20, -3.7613838340683853e-02, 2.7943513320564526e-02
38, 21, 8.2992378018810799e-03, 5.1971764150357085e-02
38, 22, 6.7486204302113634e-02, 1.6000976168716596e-03
38, 23, 1.7159845560951806e-02, 6.1514661826007525e-02
38, 24, -4.4126408805994867e-02, -2.4210691649248915e-02
38, 25, 1.5178519353052016e-02, 3.0811755958199821e-02
38, 26, 4.6168978024341001e-03, 6.7880841915340134e-02
38, 27, 1.0680336476419970e-02, -8.4998859383092887e-02
38, 28, 4.5293046553560035e-02, 7.5436270553792956e-02
38, 29, -7.5248576721812524e-02, -1.0824561770107538e-01
38, 30, 8.2677718660874810e-02, 6.8623772039364081e-02
38, 31, -1.6626741376438928e-01, -4.1631026200018857e-02
38, 32, 7.2915244539342047e-02, 4.4423008780979795e-03
38, 33, -4.7418197118322791e-02, -2.1856764428182421e-02
38, 34, 1.1553440761880446e-03, -8.8419071101211916e-02
38, 35, -9.4326195536667129e-02, -4.7066428280580219e-02
38, 36, 3.9503375070927833e-02, 1.0070866890073021e-01
38, 37, -2.3183547609130502e-02, -1.8063135717568951e-01
38, 38, -8.7767408960418694e-02, -3.0974545381994397e-02
39, 0, -1.5309587905966857e-02, 0.0000000000000000e+00
39, 1, -7.0048022485784706e-02, -7.1745032304846509e-02
39, 2, 4.2530404458966458e-04, -3.8680819977407056e-02
39, 3, -7.0465240207659603e-03, 8.4669148311142303e-03
39, 4, -1.6972554298946580e-03, -2.8115593121628809e-02
39, 5, 4.8237589892726078e-02, 1.2203235687450792e-01
39, 6, -4.0542914593681277e-02, 1.4702749185554368e-02
39, 7, 4.8197217409417500e-02, -1.1858460654362558e-02
39, 8, -6.1343755407312829e-02, -1.1430977187057902e-02
39, 9, -3.6252352884508461e-02, -3.9893691689654939e-03
39, 10, -4.5950177441513682e-02, -1.1253983662243444e-02
39, 11, -3.5149362376423618e-02, 3.9066737558988249e-02
39, 12, 3.5562614843350347e-02, 2.1333257731517299e-02
39, 13, 1.9377982654701420e-02, 4.6514665433392180e-02
39, 14, 2.5511092084520084e-03, -3.8200694715732161e-02
39, 15, 3.1797522626296780e-02, 4.8283283719626827e-03
39, 16, -4.9797974733253772e-02, 8.4883678732390160e-03
39, 17, -1.8694055264927411e-02, 1.9391927657722019e-04
39, 18, -3.7093193527180088e-02, 9.2232364308890147e-02
39, 19, 4.5169002187428101e-02, -2.0002240002568929e-02
39, 20, -1.4976451927764763e-02, 5.7678185006470123e-02
39, 21, 3.3331072391922234e-02, -4.7605217791194698e-02
39, 22, 4.2658077049529612e-02, -3.7307775457501649e-04
39, 23, -3.5901848576012155e-02, -7.4663778255573531e-03
39, 24, -2.6069863121966096e-02, -1.1144919576636887e-02
39, 25, 3.7726824182634615e-03, 5.7170073077962083e-02
39, 26, -3.8813822886453898e-03, 3.9982588889633745e-03
39, 27, 5.9055811032163265e-02, -7.2373261641971720e-02
39, 28, -1.1153718016236119e-01, -9.3627184552148648e-03
39, 29, 4.1238210962675825e-02, -1.2441187674058496e-01
39, 30, -8.7926074789104539e-02, 1.2122026354212850e-01
39, 31, -3.0306771388600374e-02, -1.0376630798549943e-01
39, 32, 2.6528463451873846e-02, 1.3833395788881922e-01
39, 33, -8.0317949456819943e-02, -8.1184994605158906e-02
39, 34, 3.5064784531741160e-02, 4.5055286501266764e-02
39, 35, -7.3319294959775350e-02, -5.1665809281572432e-02
39, 36, 1.8747288222536899e-02, 3.7684162460874429e-02
39, 37, 2.6621462168648684e-02, -3.5724657929015191e-02
39, 38, -1.2860436539361869e-01, 7.4538524586708024e-02
39, 39, 9.8073159935288291e-03, 1.0369350028899808e-01
40, 0, -7.8201952730917235e-02, 0.0000000000000000e+00
40, 1, -3.7673327196945272e-02, 7.5869689917949625e-03
40, 2, 1.8503840346266703e-02, 2.4191035794437210e-02
40, 3, 4.8134344869892251e-03, 9.9222482839875191e-03
40, 4, 5.2297050005022820e-02, -2.8665552990784677e-02
40, 5, -2.0827498283843147e-02, 8.3752244951857749e-02
40, 6, 3.8510542921006134e-02, -4.6542669685212562e-02
40, 7, -2.3873656099941052e-02, 7.8514454821496035e-03
40, 8, -6.1754810630006068e-02, 5.2336011690763844e-02
40, 9, -3.6769007790439970e-02, 6.2460236556305157e-02
40, 10, 3.8305569018255662e-03, 7.9827458273486890e-02
40, 11, -3.5873652349661424e-02, 3.7673603176745861e-02
40, 12, 6.8936822099502568e-03, -1.3040822712302585e-03
40, 13, 8.7753353965206934e-03, -4.2353505090112452e-03
40, 14, 7.7353571847299987e-03, -1.4994480793216011e-02
40, 15, 5.1609585239866071e-02, 2.4580944820927483e-02
40, 16, -6.8320570714406711e-02, 2.6869086114547401e-03
40, 17, 2.7898572382531968e-02, 2.3970203790452033e-02
40, 18, -9.9428626144084237e-03, -1.3621406286151445e-02
40, 19, 6.6624331578548857e-02, 1.0365985232540353e-03
40, 20, -3.5879149373077679e-02, 4.4820823955740007e-03
40, 21, -1.5357421039788797e-02, -5.3460318283844108e-02
40, 22, -1.0107485028170504e-02, 5.2027780838667867e-03
40, 23, -3.9671679748161021e-02, -4.2469214474924015e-02
40, 24, -1.5643026225291210e-02, 1.2036045863265225e-02
40, 25, 3.2290194489001334e-02, 3.9155462049195733e-02
40, 26, 2.4034925606440279e-03, -5.1676966916319116e-02
40, 27, -4.5260618651029611e-03, 1.2291977976803986e-02
40, 28, -8.9511247856351978e-02, -7.0303816066647096e-02
40, 29, 5.9757523903851209e-02, 9.9777129177645446e-02
40, 30, -9.2079952934456005e-02, 4.1284592349871439e-02
40, 31, 1.0700643369278359e-01, 1.7204378211691303e-02
40, 32, -6.2767736390961629e-02, 2.2491676979869979e-02
40, 33, 5.6292592399306250e-02, -5.9883472784415998e-02
40, 34, -1.7068217543206386e-02, 1.1067759109627086e-01
40, 35, 3.5948215695665246e-02, -3.9562365617714278e-02
40, 36, 6.4117017133588344e-03, 3.9167137760819211e-02
40, 37, 2.9421086468040314e-02, -5.6113180579199250e-02
40, 38, -5.1808136221967102e-02, 1.7328697155200617e-02
40, 39, 7.3273431643582410e-02, 1.2189659109162254e-02
40, 40, 1.3048905528079752e-01, -9.2957615870204353e-03
41, 0, -3.7126775364374712e-02, 0.0000000000000000e+00
41, 1, 7.8887484991810898e-03, 3.8669438564379002e-02
41, 2, -5.1814540746508625e-02, 4.4464148795622473e-02
41, 3, 4.4746717312159713e-02, -3.0902592769425068e-02
41, 4, -2.7287364107211293e-02, -4.0396916451773922e-03
41, 5, -6.3641330513312694e-02, -2.5407860527031527e-02
41, 6, 3.5459595825343304e-02, -9.1766552670129974e-03
41, 7, -4.2736082584813165e-02, -4.3154339891924749e-02
41, 8, -2.0652837206358233e-02, 3.3456840538581487e-02
41, 9, 3.2578915114442122e-02, 5.4159050192895200e-03
41, 10, 2.7459688951043597e-02, 3.2202702386139009e-02
41, 11, 1.3612515205590030e-02, -3.3323789219874009e-03
41, 12, 3.5528782117677946e-02, -1.1177420633040377e-02
41, 13, -1.8752317274621687e-02, 9.3831913035147940e-03
41, 14, 5.0101666686859156e-02, -3.7605699931966469e-02
41, 15, -5.0169654286728795e-02, 1.2769059916429487e-02
41, 16, 3.8550248887006373e-02, 4.2356496150150148e-03
41, 17, -8.4616691389191156e-03, 2.9019823622880588e-02
41, 18, 5.0781586544189149e-02, -4.2590717055789484e-02
41, 19, -2.6618492488756930e-03, 2.5319782065971654e-03
41, 20, -7.6061033867667882e-03, -3.7953676897577497e-02
41, 21, -3.7346310798703514e-02, 1.3272706097029673e-02
41, 22, -3.1021300822704607e-02, 1.5041156778012547e-02
41, 23, 1.3172274801620150e-02, 2.5652408028215931e-02
41, 24, 9.4264673337291164e-03, 4.4993777451531172e-02
41, 25, -4.3448197048411713e-04, 2.9568032218699539e-02
41, 26, 2.4766631011034192e-02, -3.6411893839407940e-02
41, 27, -5.7638422150826894e-02, 3.0014441068918825e-02
41, 28, 6.1148289199333662e-02, -4.3683755402200292e-02
41, 29, 1.6475095416264032e-02, 5.0836751012587569e-02
41, 30, 1.3635823674557557e-02, -3.9717550975521834e-02
41, 31, 3.3054770099930478e-02, 5.9799318848947000e-02
41, 32, -6.2814285020985128e-02, -8.7792797618344021e-02
41, 33, 7.2197573798716996e-02, 3.7089434040229886e-02
41, 34, -6.8269092853212365e-02, 3.0148686010743539e-02
41, 35, 8.6013230193397294e-02, -1.5323746812252015e-02
41, 36, -2.4815004070761242e-02, 1.9509221897748612e-02
41, 37, -3.0104928440671551e-02, -5.8142106576719053e-02
41, 38, -2.3904866126856397e-02, 3.5283919957446785e-02
41, 39, 2.2565367275648750e-02, 2.4543460501476079e-02
41, 40, -2.1146189547814331e-02, -8.0986047282932072e-02
41, 41, -4.1572855739843539e-02, -8.2721409368405413e-02
42, 0, 4.5646890938507061e-03, 0.0000000000000000e+00
42, 1, -6.8624431389907141e-03, 5.3550523350550938e-03
42, 2, -4.0728370027678000e-03, -3.7562594304397345e-02
42, 3, 5.2645725261995319e-02, -1.1464810052896008e-02
42, 4, -7.0088549657922453e-02, -2.7510889283114653e-02
42, 5, -2.6604183539091251e-02, 3.2809342508943351e-02
42, 6, 2.3408040615740255e-03, 1.8417488807913589e-03
42, 7, -2.9474355102706254e-02, 4.7613352928802810e-03
42, 8, -5.7865702704105494e-03, 2.1036903811979313e-02
42, 9, 1.1039885665727405e-02, -5.4354220866151964e-03
42, 10, 5.2015313010366224e-03, -8.0413899716323626e-03
42, 11, 4.4240352228596930e-02, -3.1436433020587233e-02
42, 12, 1.1523314274055424e-02, -8.6857522819507125e-03
42, 13, 8.7966320188502956e-04, 1.0788577691418184e-02
42, 14, 3.4896298825068402e-02, 3.4484546287998158e-02
42, 15, -5.3514629386768348e-02, -9.2344946969552082e-03
42, 16, 6.8388337163566529e-02, 3.5588230594716863e-03
42, 17, -4.1683809725704714e-03, -1.5542713464976422e-02
42, 18, 4.2847881544379837e-02, -3.1583239662322196e-02
42, 19, -3.1694069499136862e-02, 2.2112075491376323e-02
42, 20, -1.2113261279053378e-02, -4.1737399972696394e-03
42, 21, -3.5827579791180619e-02, 2.7218895750011664e-02
42, 22, 1.8701261060888649e-02, 3.3771500912828184e-02
42, 23, 4.2142127827102638e-02, 1.5069773072345388e-02
42, 24, 2.2403951655093093e-02, 2.2081535255102931e-02
42, 25, -8.0501356882472508e-03, -2.3425552211457052e-02
42, 26, -1.4153208368882819e-02, 3.8351699509186737e-02
42, 27, -1.4619935929700484e-02, 4.2402284260477825e-03
42, 28, 6.2362488330124720e-02, 2.4527649574701917e-02
42, 29, 1.9054783952054764e-03, 3.6049019811954918e-03
42, 30, 5.1514173370525065e-02, -3.1755468417069291e-02
42, 31, -4.4668844122213197e-02, -1.0814248016976346e-02
42, 32, 1.2789112024648415e-03, -5.8711022310700418e-02
42, 33, -6.3505188012639838e-02, 8.0719859148025014e-02
42, 34, 2.9196896676881973e-03, -1.0797643567163916e-02
42, 35, 6.7724107370551068e-02, 1.9610600461066215e-02
42, 36, -2.4572883222685367e-02, -3.4526143792065450e-02
42, 37, -6.3654183749016942e-03, 7.0548364512299181e-03
42, 38, -9.1572175623555550e-03, 5.2736110426750006e-02
42, 39, -2.5087201338536372e-03, 6.0878692133982662e-03
42, 40, 3.7972572686485906e-02, -6.3932028835581647e-02
42, 41, -4.8429391666905436e-02, 7.1498038286257670e-02
42, 42, -3.3051542368485676e-02, 4.3849240662832821e-02
43, 0, -2.2975821873837524e-02, 0.0000000000000000e+00
43, 1, -4.3651690701223586e-02, 2.1304481677062406e-02
43, 2, 4.2251434005565018e-03, -6.6480938162306186e-02
43, 3, 3.1740214549369407e-02, -9.0701242765185187e-03
43, 4, -3.4418388316928360e-02, -3.0039272727207397e-02
43, 5, 2.3039862742055012e-02, 3.5171603596301296e-02
43, 6, 8.2779343893076614e-03, 2.4067456157439812e-02
43, 7, 9.4623568416913172e-03, 2.8280087485222382e-02
43, 8, -3.4369529465559786e-03, 1.5952375866663194e-02
43, 9, -3.4826486922195067e-02, -3.1002597107055378e-02
43, 10, -1.9115340411143981e-02, -4.7627317361129320e-03
43, 11, -9.1637626001490544e-04, 3.8740129504043208e-03
43, 12, -2.0874542280793253e-02, -1.0461210870116732e-02
43, 13, 1.8924422026125470e-02, -2.3723151867015113e-03
43, 14, -1.0767190332405932e-02, 1.6163097886042119e-02
43, 15, -8.3637335298568372e-03, -2.5495737910325358e-02
43, 16, 2.6093040492782341e-02, 4.9498830756550011e-02
43, 17, -7.5967776293942302e-03, -3.7372726978647824e-02
43, 18, -2.1077064043451216e-03, 4.7719248950146703e-03
43, 19, -1.3952047625325091e-03, 4.1677006412181694e-02
43, 20, -2.9885484295211282e-04, 2.2356773223181359e-02
43, 21, 8.6662423351623538e-03, 3.5775966265938382e-02
43, 22, 2.3106520774305514e-02, -1.4845815309761291e-02
43, 23, 5.0575896225800207e-02, -7.3890600982153415e-03
43, 24, 1.0314853918935895e-02, 5.7056101080531149e-03
43, 25, -1.8692126048384269e-02, -3.6605358816146245e-02
43, 26, -1.0830358428153601e-02, 4.6762847293165065e-02
43, 27, 2.4096580713188178e-02, -4.9826307077518221e-02
43, 28, 4.6112061048167403e-02, 2.2307620671354826e-02
43, 29, 2.0753882816876572e-03, -6.4485181690750959e-02
43, 30, -3.2452677233285002e-02, 1.9048792929540186e-02
43, 31, -5.6463890680496003e-02, -8.4011788938873830e-03
43, 32, 1.0012849990622252e-02, 3.5212162595076937e-02
43, 33, -3.8585076969383833e-02, 2.9416694902508766e-02
43, 34, 8.5988914981560180e-02, 1.1060579386465947e-02
43, 35, -4.6309918905579325e-02, -1.6728943851350184e-02
43, 36, -4.1687342973186691e-03, -4.3708463047165892e-02
43, 37, -1.8250972515171108e-02, 2.7138477925881359e-02
43, 38, 3.3572269760970268e-02, 4.4058888206796425e-04
43, 39, 4.1463455976881149e-02, -1.4519111595959816e-02
43, 40, -5.7747299646473699e-03, -3.6342629973462826e-02
43, 41, -3.0035707835114514e-02, 4.3750887234412436e-03
43, 42, 4.6658197628329540e-02, 2.4637806939950661e-02
43, 43, 5.2956937629619956e-02, 1.6591690120725287e-02
44, 0, -3.2757055332912559e-02, 0.0000000000000000e+00
44, 1, -4.7234407241293637e-02, 3.2168335844145850e-03
44, 2, 2.0464054710641381e-02, -3.4286426759582832e-04
44, 3, -3.3179319277268575e-02, 1.4866722319558209e-02
44, 4, -2.5482360731244779e-02, -1.2818339909292924e-02
44, 5, -1.7554648939882466e-02, 2.8628816603134336e-02
44, 6, 3.6351398796279369e-02, -2.8173655040338301e-02
44, 7, 3.3874995695767893e-02, -1.6724733663159623e-02
44, 8, 5.8880663110101317e-03, -2.7772580722936532e-02
44, 9, 7.2054552857972569e-03, -1.6410862731187519e-02
44, 10, 2.5319620318827417e-03, 1.7802297912987604e-02
44, 11, -2.2607623676036137e-02, 5.5717611523527395e-02
44, 12, 5.4431625398266258e-03, -8.6971530991586561e-03
44, 13, 2.1252800315703192e-02, 2.5510368237640982e-02
44, 14, -1.1827395607507358e-02, -3.4300715464320883e-02
44, 15, 2.6258730544442943e-02, -2.3642846612182238e-02
44, 16, -3.2590064077358323e-02, -1.4279647461608500e-03
44, 17, -1.4120872015903872e-02, -5.4845344849165836e-03
44, 18, -2.9828466735413693e-02, 1.4253608520697181e-02
44, 19, -1.1496260801016015e-02, 2.8416124708942371e-03
44, 20, 2.8550523982132106e-02, 3.1354879139697943e-02
44, 21, 1.0129168786546173e-02, -1.5946488722724309e-02
44, 22, -1.5254183744947221e-03, -1.0077664817078249e-02
44, 23, 2.2844622379054073e-03, -4.7021918438758022e-03
44, 24, -2.8408887743248630e-02, -1.8415358277911770e-02
44, 25, 7.5505663608511839e-03, 1.9729469031689349e-02
44, 26, -1.0058403887598320e-02, 2.6964198635944223e-02
44, 27, 3.4363803581341230e-02, -1.2361023998959341e-02
44, 28, 4.5559331647788744e-03, -5.0218386737477753e-03
44, 29, 4.5478002174110538e-03, -3.5114252149603981e-02
44, 30, -4.9622225582864346e-02, 2.1487627796777674e-02
44, 31, -1.0180954487052078e-02, 5.2667265342833461e-03
44, 32, -7.7701192350940196e-05, 3.9832404743768507e-02
44, 33, 4.2505782120624475e-02, -1.4961634651989672e-02
44, 34, 2.8947833409399586e-02, 1.9806810243121132e-02
44, 35, -3.3271067032106888e-02, -4.7354318129641942e-02
44, 36, 8.5147308242775142e-04, 1.7736605423271476e-02
44, 37, -4.3147889143639012e-02, 8.5584832821383010e-03
44, 38, 4.6596500763529294e-02, -1.8084134762354664e-02
44, 39, -2.1011291534791920e-02, -1.8062897023493611e-02
44, 40, -4.2737215227648132e-02, -8.1458840189918853e-03
44, 41, 1.0289266284311642e-02, 2.4989501415826489e-02
44, 42, -1.7683044432577209e-02, 5.8703989401458507e-03
44, 43, 4.6393711231512841e-03, -3.4131437739448947e-02
44, 44, 4.6112600152059362e-04, -9.6995520903334242e-02
45, 0, -1.1446219751574817e-02, 0.0000000000000000e+00
45, 1, -2.8857997139763725e-03, -2.7493184526833248e-02
45, 2, 2.8137964350948116e-02, 2.3160214233241348e-02
45, 3, 7.9362937180324257e-03, -1.2043980081505706e-02
45, 4, 1.6876562190007091e-04, 1.0305932814833208e-03
45, 5, -1.9501483930089089e-02, -1.9170950097073111e-03
45, 6, 7.4574494607582489e-04, -1.4987208146229584e-02
45, 7, -8.9556667268823956e-03, -3.2475899799352975e-02
45, 8, 4.5237143533948913e-03, -8.2288070147864007e-03
45, 9, 7.8957780583400923e-03, -2.3928220422791954e-02
45, 10, 2.1321973262320885e-02, 4.2785487154369028e-02
45, 11, 1.3247931116569979e-02, 1.7856854433054629e-02
45, 12, 4.6951247578751187e-02, -1.0787965866978772e-02
45, 13, 2.4883470739330713e-02, -1.6909785751754568e-03
45, 14, 1.9512272982210085e-03, -3.3599569971306163e-02
45, 15, 9.6528674582254601e-03, 5.0130668054441892e-02
45, 16, -2.7607999451887470e-02, -1.7949040334269827e-02
45, 17, 1.1297772506815478e-03, 2.8055864860474150e-02
45, 18, -3.6310532107003204e-02, -8.0638367114160246e-03
45, 19, 4.6357667474040010e-03, -6.9916814345083716e-05
45, 20, -2.3721296203451633e-04, 6.9322340391104846e-03
45, 21, -4.6697212861304153e-03, -3.3524720908324035e-02
45, 22, -3.2202967994449341e-02, 2.1186980746432264e-02
45, 23, -1.8992831778720673e-02, 8.4891569602654014e-03
45, 24, 2.7547886342325582e-03, 8.9567285223009063e-03
45, 25, -2.1643054523705241e-02, 2.0274061915280826e-02
45, 26, 3.4849276040781543e-04, 6.7959857528961977e-04
45, 27, 1.7122983657234775e-02, -8.0397732567545517e-03
45, 28, -2.6347948084744652e-02, -2.8146893601458462e-02
45, 29, 8.7442530111915828e-03, 1.8344070528765685e-02
45, 30, -1.6613284259379330e-02, 1.7255106560935381e-02
45, 31, 3.4409994802288513e-02, 1.8055354536771283e-02
45, 32, 1.7992532364423230e-02, -1.4544068419304685e-02
45, 33, 4.8222656490892878e-02, -2.3201774623615709e-02
45, 34, -2.0362324626226287e-02, -1.1314036822822379e-02
45, 35, 3.2179311283038366e-03, -1.3601728571194151e-03
45, 36, -1.2831725257365863e-02, 4.4520016590795866e-02
45, 37, 5.2541264295635083e-02, -1.0819417472741916e-02
45, 38, 3.7141832170271005e-03, 1.5814684448236013e-02
45, 39, -3.6205271391774929e-02, 1.2286811292221934e-03
45, 40, -2.5755876975852724e-03, 1.2691812721472760e-02
45, 41, 1.9592977963311383e-02, 4.7931457636366984e-02
45, 42, 1.9170657655831560e-02, -2.8151167275748255e-02
45, 43, 5.8900467096669167e-03, 3.2475332104263580e-02
45, 44, -1.3892486218470161e-02, -3.7279145462042365e-03
45, 45, -6.1725768421239287e-02, 4.6085861643639453e-02
