0, 0, 0.0000000000000000e+00, 0.0000000000000000e+00
1, 0, -7.6640033555979362e+03, 0.0000000000000000e+00
1, 1, -4.4671944509037309e+02, -3.4681144170235480e+03
2, 0, 0.0000000000000000e+00, 0.0000000000000000e+00
2, 1, 9.9944071451146408e+02, 5.3957274616316147e+02
2, 2, 7.7822713848309741e+02, 2.0441051766270357e+02
3, 0, 1.3569108990672830e+03, 0.0000000000000000e+00
3, 1, -1.2916788997862895e+03, -2.8984508946654896e+03
3, 2, -3.4307523171613411e+01, 8.8827456842544746e+02
3, 3, -1.0630588991183508e+03, 1.3142001965944633e+03
4, 0, 4.2668704485138016e+02, 0.0000000000000000e+00
4, 1, -8.8876260819232914e+02, -4.5582207264116749e+02
4, 2, 1.7883076609104671e+03, 2.1081143773657163e+02
4, 3, -2.0279040062040146e+03, 1.6253801380440854e+02
4, 4, -4.6464481749831816e+02, 5.1854831314803687e+02
5, 0, -1.3350114419407469e+03, 0.0000000000000000e+00
5, 1, 3.6829336723504809e+02, 1.2085846306521394e+03
5, 2, -5.9751247148357811e+02, 3.7895513376392489e+02
5, 3, 3.4590375696017486e+02, 1.3999254975611416e+03
5, 4, 3.2509184474404140e+02, -1.5803398545327805e+03
5, 5, -1.2568948506507695e+02, -1.0245802287426744e+02
6, 0, 6.1225939601974892e+02, 0.0000000000000000e+00
6, 1, -4.5981810160305537e+02, -2.5731666779944692e+02
6, 2, -8.5889736546129279e+02, 2.4509565086072962e+02
6, 3, -7.6579513242374151e+02, -3.5407496915259810e+02
6, 4, 2.4014395821777592e+02, 3.4418910949880478e+02
6, 5, 6.9200790885394554e+02, -2.4497050163630013e+02
6, 6, 6.0670571811301556e+02, 1.7030159178572367e+02
7, 0, 8.1667921967150028e+02, 0.0000000000000000e+00
7, 1, -3.3139503094441966e+02, 8.2261390106655631e+02
7, 2, 6.9637028784190397e+02, -6.1931333360277074e+02
7, 3, 2.4819614964560395e+02, -1.5462266074711539e+02
7, 4, -4.1977532499780364e+02, -6.4797709397059577e+02
7, 5, 5.8866900902360783e+01, 2.8326264071161404e+02
7, 6, 4.7809952459071542e+02, 1.8441271812389203e+02
7, 7, 2.6102314202868433e+02, -3.6205280418283587e+02
8, 0, -3.8317711990225956e+02, 0.0000000000000000e+00
8, 1, -8.9970455605578763e+01, 3.9998100719527099e+02
8, 2, -1.4535367887118241e+02, 1.5451774190627816e+00
8, 3, 2.5435303614698455e+02, 2.6086342535556287e+02
8, 4, 1.7566121480912784e+01, 4.8903906671628431e+02
8, 5, 4.5946305937478996e+02, 5.8490929181261583e+02
8, 6, -3.9930635021812486e+02, -1.5010643011137336e+02
8, 7, 2.0361203250010777e+02, 2.0255460132014042e+02
8, 8, -3.3659175172375922e+02, 5.5572643083199125e+01
9, 0, -1.1909156810309796e+00, 0.0000000000000000e+00
9, 1, 3.8453697602519901e+02, -7.9982245061160222e+02
9, 2, -3.8683002572636656e+02, 1.8537594990872765e+02
9, 3, -7.0023133695018544e+01, -2.3830591755309587e+02
9, 4, -1.4929905876829096e+02, -8.6805235606945757e+01
9, 5, -1.6158563224072839e+02, 2.9723847926810436e+02
9, 6, 1.4156129215034522e+02, 5.5699436442053172e+02
9, 7, 1.9189720151806353e+02, -7.5562344050285765e+02
9, 8, -5.3508282936894523e+02, 2.6555798099719891e+02
9, 9, -1.3607267982750449e+02, -2.5433079919574314e+02
10, 0, 1.9459473418207651e+02, 0.0000000000000000e+00
10, 1, 2.2248485556561542e+02, -7.1847751396889322e+01
10, 2, -2.4614398624590595e+02, 9.3406563299799444e+01
10, 3, 5.5324187313823791e+02, 1.0575570690129445e+02
10, 4, 1.2302019991947964e+02, -3.9742758393703866e+02
10, 5, -2.4432967099518635e+02, 4.9099528842310804e+01
10, 6, 8.6892948374031619e+01, -4.3014203587739371e+02
10, 7, -1.3666289657916889e+02, -2.0176804083533219e+02
10, 8, -4.7503657883793323e+01, -3.0743171049186799e+01
10, 9, -1.1300630024058324e+02, -2.6569489342948424e+02
10, 10, 7.8751174492249646e+01, 1.1323618457914725e+02
11, 0, 4.4837981433355921e+01, 0.0000000000000000e+00
11, 1, -3.0219754626608301e+02, -6.1125865995429812e+01
11, 2, -5.2173412866957662e+01, 3.3451530869487158e+02
11, 3, 1.1424105380581622e+02, -2.8148372166913077e+02
11, 4, 2.7961868191408576e+02, 2.1775161439152771e+02
11, 5, 6.6615909218198908e+01, -1.8760998775022517e+02
11, 6, 2.8850910939319959e+02, 2.1828143136376681e+02
11, 7, -1.8490433560858600e+02, -7.3955687713486043e+01
11, 8, 2.7378887260634417e+02, 1.2907214454753776e+02
11, 9, -5.4944561291291365e+01, 2.3234866949710764e+01
11, 10, 2.9882755948881834e+02, -2.0369541713740506e+02
11, 11, 8.7245762497093125e+01, 8.6760514710578121e+01
12, 0, 2.1396493175211162e+02, 0.0000000000000000e+00
12, 1, 2.4028787914527007e+02, -1.1529952309388037e+02
12, 2, 1.2122028191843386e+02, -3.7436181360163800e-02
12, 3, 1.7471365149153073e+02, 2.1070970223877026e+01
12, 4, 1.8816610606135245e+02, -1.1342168339768475e+02
12, 5, 1.9241703654978309e+02, -1.7526256828963355e+02
12, 6, -4.1167993504393479e+01, 2.6479880243884224e+01
12, 7, 1.7896424600597069e+02, 2.3530755535550401e+02
12, 8, -1.5432106649921531e+02, -1.7885007051662984e+02
12, 9, 2.1385261073782681e+02, 1.4776352189440087e+02
12, 10, 2.9065465629187139e+02, 4.3441748495612558e+01
12, 11, -3.3477690182836426e+01, 3.6804144911169897e+02
12, 12, 8.7858641876291500e+01, 9.5082767735120282e+00
13, 0, -8.5528915649840371e+01, 0.0000000000000000e+00
13, 1, 2.2749533540548612e+02, 3.9819119709457135e+02
13, 2, -2.4709471990847655e+02, -2.2940718726690602e+02
13, 3, 2.5184287151657679e+02, 2.1653473754064638e+02
13, 4, 1.9102641198231339e+02, 2.4940493977870489e+01
13, 5, -7.9994215911482542e+01, 1.1974697318501305e+02
13, 6, -4.0282820448292927e+02, 3.7217454369323542e+02
13, 7, 8.7752434928035370e+01, -2.5872895097659693e+01
13, 8, -5.7328296252038058e+00, 3.7768312581729681e+01
13, 9, 1.7915702106031097e+02, 1.0406554569159937e+02
13, 10, -1.3493409822043958e+02, -3.9198610299603246e+01
13, 11, -5.3063413677417969e+01, 1.8899756309936481e+02
13, 12, -1.0415493877266869e+02, 5.1566741429424098e+01
13, 13, -2.9316148931938045e+02, -1.3569522665012519e+02
14, 0, 2.8620780277077267e+02, 0.0000000000000000e+00
14, 1, -1.2992446257508192e+01, 1.0313097732286639e+02
14, 2, 2.9841117152920361e+01, -3.9559920145757104e+01
14, 3, 5.1623293967426974e+01, -6.9278324035838494e+01
14, 4, -1.6557186215915317e+02, 2.2671152952725831e+02
14, 5, 3.9713714913765202e+01, 1.1142154640586034e+02
14, 6, -6.2707647734035305e+01, 1.1477811974825411e+02
14, 7, -1.0239522612394268e+02, -4.6960969702323865e+01
14, 8, -2.1866287764962811e+02, -1.4239974054738073e+02
14, 9, 1.4600091209950935e+02, 9.2356631562814982e+01
14, 10, 1.1187117064985843e+02, 1.2858955664152421e+02
14, 11, -1.5849004412337212e+02, -1.7429461904515171e+02
14, 12, -7.4699038083801611e+01, -1.0297032294567171e+02
14, 13, -4.0591243353532207e+01, -1.0795035262916724e+02
14, 14, 7.7246153850305745e+01, 2.0070927205343594e+00
15, 0, 4.3076934905619879e+01, 0.0000000000000000e+00
15, 1, 4.1845722654038340e+01, -1.8329404526871730e+02
15, 2, 1.7467976089536342e+02, -1.0691615189409731e+00
15, 3, -4.0125860769910844e+00, -2.3661335084868824e+00
15, 4, 5.9050535050170623e+01, 2.2611576287572032e+02
15, 5, 4.7178607086672173e+00, 1.5546259852872996e+02
15, 6, -1.1851796842307138e+01, -6.0576268800686677e+01
15, 7, -1.1768791492927082e+02, -1.0145466659514948e+02
15, 8, 4.4374030829162621e+00, -1.7049507269485520e+02
15, 9, -3.5548149811578156e+02, -1.3011588458278169e+01
15, 10, 1.3184562706878069e+02, 4.1431993572235200e+01
15, 11, 7.2443516363665424e+01, -5.9408919754670507e+01
15, 12, 2.7545751421474745e+02, -4.4664307370184815e+01
15, 13, 6.2446961911128369e+01, -1.3179772345467731e+02
15, 14, 2.1150725462720999e+01, 1.5704565440455667e+01
15, 15, 2.6505318680115010e+02, 6.3600140109465805e+01
16, 0, 1.6708593491071477e+02, 0.0000000000000000e+00
16, 1, -2.9687660381003980e+00, 2.4138292681247179e+01
16, 2, 3.3108874087632921e+02, 1.9944297152753253e+02
16, 3, -3.9724974282112612e+01, -7.0509513323175256e+01
16, 4, 2.5338495314095326e+02, 4.5875582200239784e+01
16, 5, 6.6344049881190045e+01, -5.5785154333524673e+01
16, 6, -2.7249757136383359e+01, -1.2644467920697821e+01
16, 7, -1.3237489968635646e+02, 4.5983106603725219e+01
16, 8, -7.6505551321452401e+01, -1.5579693425232648e+02
16, 9, 1.7143620227904597e+02, 1.0674878345802671e+02
16, 10, 1.5702987192717788e+02, 3.5579563187120513e+01
16, 11, -7.8326301846190589e+01, -1.9668952673609965e+02
16, 12, -2.7233351157653294e+02, -5.4083580589443443e+00
16, 13, 4.3819903266030209e+01, 1.0368831881190857e+02
16, 14, -1.2033071288990985e+02, 4.8309899505950341e+01
16, 15, 2.9736029379380057e+02, -9.2531164253904308e+00
16, 16, -1.0113822077823897e+00, 7.1098811223582601e+01
17, 0, 8.5958667330244836e+01, 0.0000000000000000e+00
17, 1, 1.6438859149017202e+02, 6.1350427808504747e+01
17, 2, 9.5860688025041824e+01, 1.8080428039843790e+02
17, 3, 2.2200498422618506e+02, 6.5872591884604304e+01
17, 4, -1.9355261076022856e+01, -2.8268306091970814e+01
17, 5, -3.0059827780029821e+01, 9.3372033670960278e+01
17, 6, 3.4728027130411476e+00, -7.2414497859750696e+01
17, 7, 1.0227118246491472e+01, 1.4843503772004351e+02
17, 8, 2.8483642574056205e+00, 3.0279930382681641e+00
17, 9, -8.7622851846008601e+01, 2.0440819970600512e+02
17, 10, -2.8357535616919705e+01, 2.2902483719120738e+01
17, 11, 1.0846243792635175e+02, 3.1154818772733501e+02
17, 12, -1.9352898806721021e+02, 6.2335640651908008e+01
17, 13, 2.0209451986031740e+02, 1.8340219905935189e+02
17, 14, -5.2223236881765843e+01, 9.5444417733319540e+00
17, 15, -1.8482001536587603e+01, -9.2602798613289636e+01
17, 16, -1.7475292862519592e+02, -5.3929014309659323e+01
17, 17, -1.3225548807777534e+02, -4.3396508640593368e+01
18, 0, 1.4694371423134584e+01, 0.0000000000000000e+00
18, 1, 8.5338780942327617e+00, 1.7290599263900737e+02
18, 2, -7.8959709184402897e+01, 1.2917991723875286e+01
18, 3, 1.1673993164933276e+02, -2.3827025659896776e+01
18, 4, -2.2184282477241308e+02, -7.2171708857068012e+01
18, 5, -3.3403841230352150e+01, 1.3101113791727158e+02
18, 6, -5.5572283496933210e+01, 1.1157849911044886e+02
18, 7, -1.7849939723235011e+01, 1.4120147544270466e+01
18, 8, -7.4855904047577866e+01, 9.9544623197559289e+01
18, 9, 3.7973478777653938e+01, -3.5176081880051623e+02
18, 10, -1.2928185054441127e+02, 1.3774170580252749e+02
18, 11, -1.0653636459831296e+02, -4.8665348621747881e+01
18, 12, -4.9129224532406639e+01, 2.1365670791310180e+02
18, 13, 1.5045818334220991e+02, -1.4417861586149314e+01
18, 14, 1.1423451957690705e+02, -9.2088687066524287e+01
18, 15, -1.9119691760312816e+02, -1.2338392134677932e+02
18, 16, -1.7780802894389913e+02, 4.0963023924092440e+01
18, 17, -1.9493693008064756e+02, 3.2545802223861983e+01
18, 18, 2.1983621272661509e+01, -4.7919306738864321e+01
19, 0, 3.4830209049721027e+01, 0.0000000000000000e+00
19, 1, -3.6286007258491949e+01, -2.7831813041254748e+01
19, 2, -1.1085188814892049e+01, 3.4927709635521332e+01
19, 3, -7.1572668746276193e+01, 1.4834636040630144e+01
19, 4, -1.2195222113151722e+02, -6.2347039615706926e+01
19, 5, -6.9507223124303721e+00, -2.6667843916198507e+01
19, 6, -8.9339602455537658e+01, 1.2850289165613742e+02
19, 7, 9.6514489595184330e+00, -3.9751763078088608e+01
19, 8, -6.6674356355083177e+01, -6.6938199557358843e+01
19, 9, -5.7896866619413203e+01, -2.0992583602239776e+02
19, 10, -7.5874261284518212e+01, -8.9323582385032239e+01
19, 11, 5.4954064374946967e+01, 9.0980290820780723e+01
19, 12, -1.7015109727702867e+02, -7.4292839357520876e+01
19, 13, 9.2240807544535571e+01, -8.1573759085050582e+01
19, 14, -5.4350664255545695e+01, -7.5972207139568866e+01
19, 15, -1.7471505901039322e+02, -1.6551953431384607e+02
19, 16, -6.2630050912656237e+01, 6.9861811469034436e+01
19, 17, 1.0620820076785836e+02, 1.1471786944986826e+02
19, 18, -2.8877618664028432e+01, -1.1181035314372707e+02
19, 19, 1.9158221178618589e+01, 1.0521014718141828e+01
20, 0, -2.9204041153447008e+01, 0.0000000000000000e+00
20, 1, 1.2285922689892638e+02, -1.3541832975351994e+02
20, 2, 1.8053933912630924e+01, 4.3662436494107865e+01
20, 3, 1.0643417360108953e+02, -1.0664265153442528e+01
20, 4, 9.3053753186173012e+01, 4.4882251969119793e+01
20, 5, -5.4236305634712423e+01, 4.3734311539440405e+01
20, 6, -7.1110912082957043e+00, 9.5047886637217402e+00
20, 7, 5.8206547492775790e+01, -2.2727841615870057e+02
20, 8, -4.4357119834032517e+00, -4.2435091887241342e+01
20, 9, -1.7256579661278579e+02, -1.1263598382589095e+01
20, 10, 6.6144387431202460e+00, 2.4961112500868825e+01
20, 11, -1.5799095958534303e+02, 1.3431320347748832e+02
20, 12, 1.7974531729694684e+02, 3.2424282358990951e+01
20, 13, 2.4365129071719238e+02, -4.0321589755830558e+01
20, 14, -1.2299971387002454e+02, -1.5136459231645250e+02
20, 15, -1.2996574578365497e+01, 1.4266492445018969e+02
20, 16, -1.1612968866684731e+01, -9.9354149909064148e+01
20, 17, 1.5898474912966805e+02, 1.1841241703916307e+02
20, 18, -2.2343449432907775e+01, -5.6309342489532014e+01
20, 19, 7.7219033216443705e+01, 2.0617220926424412e+02
20, 20, 8.1500615744967121e+01, 6.9507496178553822e+01
21, 0, 6.2768520277283216e+01, 0.0000000000000000e+00
21, 1, 5.9828676098763722e+01, -1.3123801153394510e+01
21, 2, -1.1016860241878246e+02, 9.6890779682132461e+01
21, 3, -2.2159885678082844e+01, 1.5290019985634416e+01
21, 4, 4.3854703536632314e+01, 5.4773437745653816e+01
21, 5, -1.1178231067420512e+02, 2.8631675090888919e+01
21, 6, -5.3080757876239133e+00, 7.3588548075098771e+01
21, 7, -2.0008268193967780e+01, 9.5386764596804824e+01
21, 8, -5.3670864833603289e+01, -8.2389255287637297e-02
21, 9, 1.7394169114288547e+02, -6.6043894968981505e+01
21, 10, 8.8112994949679305e+01, -1.6491539033204026e+02
21, 11, 1.8832936008895257e+02, 2.1150846368619358e+02
21, 12, 1.4611289033621205e+01, -8.6987158946057306e+01
21, 13, 3.9361479640786229e+01, 6.8592601077422245e+01
21, 14, -6.5165599434675414e+00, 1.1170245243080953e+02
21, 15, 4.7610534142735588e+01, -2.6435432006304609e+01
21, 16, 6.9349296735313530e+01, 1.6453849829257899e+02
21, 17, 1.1879118542692561e+02, 2.1619177069919715e+01
21, 18, -5.4167469816014815e+01, -4.4711500314539876e+00
21, 19, 1.1848039639604508e+02, 1.6505332769909381e+02
21, 20, 1.8247318559227691e+02, 1.5705909459666466e+02
21, 21, -1.8001090810060558e+02, -2.1838198756033731e+02
22, 0, 2.4884869951636293e+02, 0.0000000000000000e+00
22, 1, 1.1466357739675021e+02, 1.4768308227260087e+02
22, 2, 9.2339051792035875e+01, -5.3677104845791021e+01
22, 3, 1.0196485462285823e+02, 6.4684765881678501e+01
22, 4, -1.2048343060023035e+02, -1.9395743821623228e+01
22, 5, 9.6888530668865798e+00, -4.5477185030587378e+01
22, 6, -5.4779765735875941e+01, -5.7900449829550837e+01
22, 7, -2.1511757024980653e+01, 9.7421432611738126e+01
22, 8, -8.9888252103818900e+00, -1.1006485290384177e+01
22, 9, 8.1126828973919288e+01, 1.6803540286184503e+02
22, 10, 6.5071892442044671e+01, 6.2810475535047317e+01
22, 11, 1.9402653436671235e+02, 1.5802192298490820e+02
22, 12, -2.7916794113715270e+01, -1.0306345220557448e+02
22, 13, 1.9629694614365746e+01, 7.0617958997908090e+00
22, 14, -5.1509521744606047e+01, 2.2607875365824100e+01
22, 15, 4.9470776582188961e+01, 3.6021115516036843e+00
22, 16, 5.5960431778475332e+01, -3.4688445659508588e+01
22, 17, -1.8950232967218813e+02, -1.0548004682632941e+02
22, 18, 3.7063290746459913e+01, 7.6615330132488552e+01
22, 19, -1.3966624206321671e+02, -8.6774944962321001e+00
22, 20, 1.6100411966591858e+02, -7.8471187200870077e+01
22, 21, -1.6348785563588623e+02, -1.8938028729537342e+02
22, 22, -5.8508996162979614e+01, 2.4947393253205774e+01
23, 0, -7.1579313165144356e+01, 0.0000000000000000e+00
23, 1, -1.6786746457140424e+01, 4.1966048753237338e+01
23, 2, 1.0356820776577536e-01, -2.0827163566885531e+01
23, 3, -9.3350622054932657e+01, 8.3258671417838841e+01
23, 4, 2.9377892240251072e+01, 1.6496886694106536e+01
23, 5, 1.0354332339507900e+02, -4.7134552632016579e+01
23, 6, -4.7942958073453241e+01, 1.3158329712305084e+02
23, 7, -2.7394027972156010e+01, -1.9905404868686549e+02
23, 8, -6.7283353736594478e+01, 9.3095129122185341e+01
23, 9, -2.5361730593157986e+01, -9.7505133266535154e+01
23, 10, 6.0349718207055631e+01, 2.8670478923403027e+02
23, 11, 4.7006692837647392e+01, -5.9787402584820597e+01
23, 12, 2.4662337488635828e+01, 1.7945023875254353e+02
23, 13, 7.3592381337666637e+01, -1.0781046580817332e+02
23, 14, -4.5329018232749497e+01, 2.1831066542353472e+02
23, 15, 5.9798722503841191e+01, -2.1733235661464659e+02
23, 16, -7.5094715713702669e+01, 6.6204510145805642e+01
23, 17, -7.3881291028417593e+01, -1.1659196977723479e+02
23, 18, 3.9237705844027381e+01, 3.7185561354666390e+01
23, 19, -2.0709677778305331e+02, 1.7242960143908576e+01
23, 20, 1.8196483280342665e+02, -1.1927035243220669e+02
23, 21, -1.0376232906598065e+02, -1.2997677432090114e+02
23, 22, -1.0127940241135343e+02, -9.5630883548983434e+01
23, 23, 1.5675413644841967e+02, 3.6234868495006850e+01
24, 0, 6.1247767537190043e+01, 0.0000000000000000e+00
24, 1, -9.3911679068627933e+01, -1.5764185691743691e+02
24, 2, 4.6216973842234630e+01, 1.3183872121878420e+02
24, 3, -1.5697208278726993e+02, -4.7735453686619422e+01
24, 4, 9.0225364606695564e+01, -8.8017640259229452e+01
24, 5, -4.8132271422470637e+01, 3.4684859039620449e+01
24, 6, -1.4860391327607044e+02, 9.4729187504650952e+01
24, 7, 1.1369405599470099e+02, -1.0193493028173620e+02
24, 8, -5.5681718797245310e+00, 7.9371490241373266e+01
24, 9, -1.1400926173843601e+01, -5.8505727967933552e+01
24, 10, 5.3482446067899339e+01, -5.7482621065729347e+01
24, 11, -1.3686133339276001e+01, -1.0187179938469757e+02
24, 12, 1.2009542002826873e+02, 5.5592260254310048e+01
24, 13, -1.5535215899040821e+02, 7.3795056904834277e+00
24, 14, -7.5771792327824432e+00, -8.6672765609075242e+01
24, 15, -9.7011223422515769e+01, 5.8919964889819262e+01
24, 16, -1.0249156045803130e+02, -1.0418050738395388e+02
24, 17, 6.4860343750070555e+01, -3.0819392799796500e+01
24, 18, -1.1161897641891879e+02, 2.4814350333275527e+02
24, 19, 2.0857998779417210e+02, -5.9510316882564041e+01
24, 20, 1.0490143639195614e+02, -3.2519981285719538e+01
24, 21, -5.6046798147215299e+01, 4.0218412675041861e+01
24, 22, 5.4091054085365514e+01, 1.3290747584051667e+02
24, 23, 8.4119197133341913e+01, 4.9301866537708548e+01
24, 24, -7.2217586458648469e+01, 1.1880658617999160e+01
25, 0, 1.1394355141663397e+01, 0.0000000000000000e+00
25, 1, 8.7140327583135388e+01, 3.2582605082737096e+01
25, 2, 9.0726439242544231e+01, 1.2580682601534950e+02
25, 3, 4.5482995995597449e+01, 5.0062036552591209e+01
25, 4, 1.9239288870648448e+02, -8.4232068033971629e+01
25, 5, -2.0184612346968265e+01, 3.3112299463255908e+01
25, 6, 6.5702805783195231e+01, -4.6105961380365557e-01
25, 7, 8.5940851342315185e+01, -1.4608045517837081e+02
25, 8, 3.6326094723846069e+01, -6.8439785735982468e+01
25, 9, -6.4697780993183613e+00, -4.0990017833164671e+01
25, 10, 7.0288120764145219e+01, 4.8745420012702709e+00
25, 11, 1.8002662734335689e+02, -1.0034241266562194e+02
25, 12, 5.2378892679551910e+01, 1.1153997639594620e+02
25, 13, -4.7188988760495491e+01, -5.6533088614538428e+01
25, 14, 2.3333880766418972e+01, -3.3967516996706934e+01
25, 15, -1.0884109490986907e+02, -5.3957723753238881e+01
25, 16, 5.8473658020212767e+01, -1.3401852738842527e+02
25, 17, 9.3728051737884925e+00, 1.1546730496936726e+02
25, 18, -1.0244356784188219e+02, -6.7385965622317215e+01
25, 19, 1.0568021695669381e+02, 1.8735213630204157e+00
25, 20, -1.5736162177532208e+01, -1.8748718151416881e+00
25, 21, 1.5932927594378674e+02, -1.7531727372765499e+02
25, 22, -1.2143522938493732e+00, 2.1181803804239465e+02
25, 23, 1.0324098104953086e+02, -1.5064782503295257e+02
25, 24, 5.3541998936997032e+01, -1.2066329150887768e+01
25, 25, -5.2559356729775168e+01, 5.7862314984511556e+01
26, 0, 1.9411206594545541e+02, 0.0000000000000000e+00
26, 1, -5.7136372782287964e+01, 1.3546788965076149e+02
26, 2, -4.3576303939221077e+00, 5.1571352668587572e+01
26, 3, -1.1623624005118376e+02, -7.8929752167985043e+00
26, 4, 4.4177840127266791e+01, 7.1625846541575214e+01
26, 5, -5.7779738241811671e+01, 9.3494430146007318e+01
26, 6, 1.0032954297895878e+02, 7.9853404015429760e+01
26, 7, 1.1545870894645475e+01, -1.7099534695173730e+01
26, 8, 1.1153368211870904e+02, -1.5903402805548549e+02
26, 9, -1.2604215454486834e+01, 7.6168815424782167e+01
26, 10, 5.6949683453504562e+01, -3.9856008039098576e+01
26, 11, 1.2025194102711478e+02, 2.5326950871342575e+01
26, 12, -6.8555607132917260e+01, 1.0268120090057525e+02
26, 13, 3.5699689199398023e+01, -2.5016480258188409e+01
26, 14, -2.4866577400657377e+00, -3.2779055428008540e+01
26, 15, -3.0053529497845950e+01, 3.6305318255735195e+01
26, 16, 4.9670792776931478e+01, 2.1831948481633425e+01
26, 17, 1.3304849515668712e+02, 6.5718180335954969e+01
26, 18, 5.2327611534574260e+01, 3.8085204372848295e+01
26, 19, -2.0477570063946807e+01, -1.0757682848449701e+02
26, 20, -3.6119795980995157e+01, -6.9657589540586827e+01
26, 21, 7.7323332274599096e+01, 3.4652117952481092e+01
26, 22, -1.5385131928773808e+02, 1.2652882119397839e+02
26, 23, 3.3185985325452123e+01, -1.1776670349997255e+02
26, 24, -2.2358899012957647e+02, 2.6536475946424602e+01
26, 25, -5.7473276808852518e+01, 8.4724242346472778e+01
26, 26, 3.8604923399293156e+01, -1.0224219390509302e+02
27, 0, 1.4273040346283364e+02, 0.0000000000000000e+00
27, 1, 1.2952295637760976e+01, -2.5850291521343873e+01
27, 2, -2.2208151647853605e+01, -1.4417124643909449e+02
27, 3, -3.0996858995203304e+01, -2.2187539310714953e+01
27, 4, -1.0662918442520365e+02, -5.7596253824022163e+01
27, 5, -2.0583257247536686e+01, -1.1787607880621390e+02
27, 6, -1.6065901197429821e+02, 7.2695707009147668e+01
27, 7, 6.1173817499666484e+01, 5.5227529355898568e+01
27, 8, 1.0914984410882076e+02, -9.8746489900401059e+01
27, 9, -1.1241102724032068e+02, 1.7254002156923869e+02
27, 10, -3.8448663033894434e+01, 1.7660058595441967e+01
27, 11, 5.9444632451051362e+01, 6.7932491010486729e-01
27, 12, -6.8809426617763748e+01, 2.2509814544953914e+00
27, 13, 6.3189789502529067e+01, 9.7579102177243726e+00
27, 14, -1.8479221584018140e+02, -2.4338297743188196e+01
27, 15, -3.5313732593877738e+01, -5.0304055125009029e+01
27, 16, -3.6465826584698135e+01, 1.2738935499164376e+02
27, 17, -1.4023552573278636e+01, -1.8936671949193408e+02
27, 18, -2.9691448929185924e+01, -6.8148254297318687e+01
27, 19, -1.7965675928875953e+02, -2.4922566110712339e+01
27, 20, 1.4376544455278815e+02, -7.1715022019129862e+00
27, 21, -1.0031534232037764e+02, 7.5824584179409982e+01
27, 22, 2.8115236518046402e+01, -7.7742841754945402e+01
27, 23, -3.4801040391078345e+01, 1.0151320248755968e+02
27, 24, -8.2782318884416057e+01, -9.7470374852806017e+01
27, 25, 1.3000421867715488e+00, 1.3855397935636501e+02
27, 26, 1.1209507621738197e+01, -1.6883248725417661e+02
27, 27, -7.1671948740545076e+01, -1.3371099927189164e+01
28, 0, -1.0053140696829246e+00, 0.0000000000000000e+00
28, 1, -4.8153015261182219e+01, -1.5283066233752805e+01
28, 2, -1.0647253823423497e+02, -7.8237749099276712e+01
28, 3, -1.7235152385640532e+01, 1.4232340968317010e+02
28, 4, -1.1145551852079734e+01, -1.2678836082123800e+02
28, 5, 6.0991552757867098e+01, -1.3634298569531938e+02
28, 6, -1.2822696747787555e+02, 7.3207998259779174e+01
28, 7, 9.1890549710216987e+01, -1.8775766126617884e+02
28, 8, 9.4549071249515649e+01, 6.1631096547394499e+01
28, 9, 9.3823012080584931e+00, -1.4400417839099413e+02
28, 10, 3.8983251448127000e+01, 1.0483416893665088e+02
28, 11, -2.6406448480088329e+00, -8.0157883471133601e+01
28, 12, 2.0407190484787790e+01, 4.5117017018460778e+01
28, 13, 1.2397451635739827e+01, -7.6056954387993585e+01
28, 14, -1.1990672343990403e+02, -1.0361487302939175e+02
28, 15, 4.0623837371742624e+01, -7.7331199315721904e+01
28, 16, -4.3785490607963027e+01, -7.3140719044882005e+01
28, 17, 8.8184732384070458e+01, -1.7202045578836086e+02
28, 18, -7.8499715074319113e+01, 3.7015302354117551e+01
28, 19, -1.4532853770612999e+02, -6.5624189063030627e+01
28, 20, 7.4723792743906728e+01, 1.0199800591940459e+02
28, 21, 3.0085147150535619e+01, -4.4248454464178337e+00
28, 22, 7.3339400992015584e+01, -1.1672340069421288e+01
28, 23, -5.7145322149518933e+01, -5.8783295890869468e+01
28, 24, 4.5789805323980772e+00, -1.9051701914676272e+01
28, 25, 3.6134344731730479e+01, -4.5141823411937310e-01
28, 26, 1.4320688485527302e+02, -1.8380166023698379e+02
28, 27, 5.1950114422058952e+01, -5.7032456166849968e+01
28, 28, 4.5998089347865573e+01, 1.2791813774271805e+02
29, 0, -6.5213510656849053e+01, 0.0000000000000000e+00
29, 1, 5.6911489171070890e+01, -1.5970559220336156e+01
29, 2, -1.4460047008128589e+02, -1.9212366381527197e+01
29, 3, -3.1331625843759070e+01, 1.2404667161421176e+02
29, 4, -5.4851864403497075e+00, -1.1902064097064115e+02
29, 5, 3.2129911811085861e+01, 6.2182645319421681e+00
29, 6, -1.3162410157403343e+01, -1.0734574040148409e+02
29, 7, 9.2589562908669663e+01, -5.1755823173752162e+01
29, 8, 2.5101464584285136e+01, 1.0105897550128644e+01
29, 9, -7.2598349378071731e+01, -1.5135637060455031e+02
29, 10, -7.9295245329361109e+01, 1.0524121022585632e+02
29, 11, -1.8625059945677566e+02, -7.6964063590390651e+01
29, 12, 1.1083481735364890e+02, -3.0214356478048373e+01
29, 13, -1.1839136085767751e+02, 1.5085856152642307e+00
29, 14, 9.2734837951859760e+01, -4.4848266882474235e+01
29, 15, -7.9989922019858597e+01, -1.7720643854988253e+01
29, 16, 1.8000246240059099e+01, -4.2132256764487408e+01
29, 17, -5.6982875536357021e+01, 4.7529032954663364e+01
29, 18, 6.0186909014281611e+01, 1.4522216223813587e+00
29, 19, 6.3853162001082850e+01, 3.5931400485177981e+01
29, 20, 1.1222448187141481e+01, -3.3845980006732873e+01
29, 21, 3.6992788496414704e+01, -1.5101273506605679e+02
29, 22, -1.1207814237705048e+02, -4.1984047224115550e+01
29, 23, 2.0661600969634371e+01, -8.2704682945230076e+01
29, 24, -3.5979931762559772e+01, 6.5294574730434306e+01
29, 25, 6.1228743997770479e+01, -1.1526705051846885e+02
29, 26, 1.2266059522838544e+01, -3.0526751061755647e+01
29, 27, -9.8883767465555934e+01, -1.2460496893137503e+01
29, 28, -1.4189414520916486e+01, 1.3327269971906793e+02
29, 29, 3.1588286288469888e+01, -6.2640776174769584e+01
30, 0, 4.3963670360905951e+01, 0.0000000000000000e+00
30, 1, 6.4470481896543916e+01, -1.6409571481272284e+01
30, 2, 1.1067834338774310e+02, -1.7985573876771156e+01
30, 3, 3.9823018803908774e+01, 6.7267892839252042e+01
30, 4, 1.1279336585998688e+02, -1.2892205056248554e+02
30, 5, 4.7242160489915619e+01, -2.2612285861248267e+01
30, 6, -3.0756248035061191e+01, -1.3231915653089212e+02
30, 7, -3.0629972987884045e+01, 3.6732146840398570e+01
30, 8, 1.8417957757987885e+01, -1.0339262456031233e+02
30, 9, 8.2546934603893419e+01, -1.0809300981865388e+02
30, 10, -3.1243493656717142e+01, 1.1468715533049942e+02
30, 11, -5.0667755448367330e+01, -1.6542881287094389e+01
30, 12, 9.8229772064232066e+01, -6.1397012972543415e+01
30, 13, -3.2173012965387166e+01, 2.6776027437268304e+01
30, 14, 1.5007839176127817e+01, 1.4079926362001021e+02
30, 15, -1.5879470705618985e+01, -1.6404164296974415e+01
30, 16, 7.3535179517809439e+01, 4.1885220794038638e+01
30, 17, 1.8775345959003019e+01, -8.8565657792960337e+00
30, 18, -8.9253103125230524e+00, 7.0622688322168713e+01
30, 19, -4.8120387953791266e+01, -7.9040772642459387e+01
30, 20, -9.3231520522326832e+01, 3.0635925773795606e+01
30, 21, 6.8742799458793343e+01, -5.0521440648461564e+01
30, 22, -1.1178330937835501e+02, -1.0745179914960197e+02
30, 23, 1.9657700562226054e+01, 1.6634883599177257e+01
30, 24, 2.7364176557416258e+01, 3.4660748978589993e+01
30, 25, 1.1650359020449775e+02, -4.4573188425123817e+01
30, 26, -8.4438926437122845e+01, 9.7749186650723630e+01
30, 27, -6.5709175669139853e+01, 1.1314947021665392e+02
30, 28, 3.2019155092834779e+01, 1.4525735362193694e+02
30, 29, -2.7091912766826489e+00, 6.2187698213396658e+01
30, 30, -5.5537167295988311e+01, -5.9517643409337779e+01
31, 0, -8.1112945709879739e+01, 0.0000000000000000e+00
31, 1, 1.5009631148429747e+00, 4.3854681943928007e+01
31, 2, -2.8007630397172278e+01, -9.4209203740539863e+01
31, 3, -3.5775090738769684e+01, -2.1480898619634768e+01
31, 4, 4.7961375798414615e+01, -2.7405166431432043e+01
31, 5, 3.3868047754405097e+00, -7.3436899183317408e+01
31, 6, 2.9907440372935845e+01, 3.9397715955830108e+00
31, 7, -2.9714209048744351e+01, 5.9382140298037328e+01
31, 8, 3.3628460683720860e+01, 5.0972671085931388e+01
31, 9, 3.4157202619562597e+01, 2.1647908043176606e+01
31, 10, 1.4326279140641212e+01, 1.4173214876507140e+02
31, 11, 1.9679431977981778e+01, -5.8095312704505204e+01
31, 12, 1.0500778445964816e+02, -7.2749097960371515e+01
31, 13, -3.3007319292796737e+01, -6.1935098212043130e+01
31, 14, -4.2816948128972143e+01, -3.2007058652708494e+01
31, 15, 1.2110653033183496e+01, -5.1112573564471482e+01
31, 16, 4.1427164214556342e+01, 3.0695743255503871e+01
31, 17, 6.0564886298230668e+01, 2.1582131352200825e+01
31, 18, -8.5548952181205919e+00, -1.5674155881596243e+02
31, 19, -3.6751835701980582e+01, -6.9817481047312810e+01
31, 20, -1.2929811685105003e+02, -4.9856537001538925e+01
31, 21, -6.9799086512585703e+01, 2.3784099303580298e+01
31, 22, 1.2648952005075728e+01, 1.1198673769628579e+02
31, 23, -3.7107423146387092e+01, 5.3561002877684416e+00
31, 24, -8.7432866360782228e+01, -3.4412973898200377e+01
31, 25, -2.9869403082725967e+01, 3.5403687761452957e+01
31, 26, -5.3420336698324334e+01, 5.0955013588820023e+01
31, 27, 3.7846962988680311e+01, 7.4189457747982431e+01
31, 28, 1.1315177600537146e+02, -1.0879533180577198e+02
31, 29, 3.3347917353611521e+01, -1.1422091893928666e+01
31, 30, -1.6515415435010787e+00, -1.2457656413055454e+02
31, 31, -5.9544120651317797e+01, 9.5980556824423729e+01
32, 0, -7.4218448188721467e+01, 0.0000000000000000e+00
32, 1, -3.0935240479801408e+01, 9.8268665379544515e+01
32, 2, -1.3193938220243820e+02, -5.5506137547072669e+01
32, 3, 1.0268528334338401e+02, 9.1832629167362910e+01
32, 4, -7.6207539823813292e+01, -2.3754984430287678e+01
32, 5, -3.8130819025097317e+01, -1.4431482483518664e+01
32, 6, 4.6138027418829658e+01, 6.5630273655779007e+01
32, 7, -8.5724889727669648e+01, 1.4172575444387007e+01
32, 8, 1.0147099997920068e+02, -1.2508497624149321e+01
32, 9, 5.8995338418259500e+01, 1.1472880971550040e+01
32, 10, 5.7940531379463010e+01, 2.2293824189977698e+01
32, 11, -2.4923989647599882e+01, 5.6135547642575347e+01
32, 12, -1.3275604359225333e+01, 5.9341593498277874e+01
32, 13, 1.4496087221168793e+01, -4.5799934619695378e+01
32, 14, 2.0439420692939390e+01, 1.0143792145849147e+02
32, 15, 3.7254220476053227e+01, -8.4855607187260588e+01
32, 16, -1.1290190425195163e+01, -1.5427248878312277e+01
32, 17, -7.9706982080672644e+00, 3.7540370658060567e+01
32, 18, -6.0024179230062046e+01, -2.4745937276189878e+01
32, 19, -7.4923513432057177e+01, 1.0816673722270738e+02
32, 20, -1.7172537853702812e+02, -4.1729169767860654e+01
32, 21, 1.0015555392266305e+02, 9.9792042440216335e+01
32, 22, 1.5742010247253745e+01, -4.1254276627630020e+00
32, 23, -3.5514860485488676e+01, 1.6532611843842744e+01
32, 24, 4.5408440815097322e+00, -8.7160956672895566e+01
32, 25, -1.0001516735732042e+02, 1.1812654425324756e+02
32, 26, -1.9785100154914961e+01, 2.4045410792025535e+01
32, 27, 2.5122007127809610e+01, 8.0585116582571473e+01
32, 28, -2.2594685788987711e+01, -1.5574370514609575e+02
32, 29, -1.2879597656441169e+02, -8.0354669839411173e+01
32, 30, -4.3444557920881635e+01, 1.6460620718854635e+01
32, 31, -3.5710129788535497e+01, -5.9117661597298472e+01
32, 32, 1.9115729910180548e+01, 4.4895258676061971e+01
33, 0, 9.6509169088875240e+00, 0.0000000000000000e+00
33, 1, 7.6223125364812773e+01, 8.0223501848888461e+01
33, 2, -3.0205688777974071e+01, -1.1383968665684195e+02
33, 3, 9.3816666724468689e+01, 3.9263879231150725e+00
33, 4, 1.5583115137032863e+01, -4.9627438002281529e+01
33, 5, 5.4944028622935747e+01, 2.0974051438654691e+01
33, 6, 7.2158436914509664e+01, 1.8118214173729683e+02
33, 7, 2.7813361222351489e+01, -1.3220285217379669e+02
33, 8, 1.2132199782877278e+02, 3.7378096772772636e+01
33, 9, 2.1971801430777845e+01, -1.5139533040479179e+01
33, 10, 3.6416029945735161e+01, -1.8683283726449446e+01
33, 11, -3.4308756123024324e+01, 5.6377720148587116e+01
33, 12, -1.0497526829346837e+02, -4.1103331033424894e+01
33, 13, -6.8902815012770077e+01, 1.7841895016361683e+01
33, 14, -9.1828112337302557e+00, 4.1209672677920942e+01
33, 15, -1.9338564733721171e+00, -3.4689007550723957e+01
33, 16, 2.0565921955746724e+01, 1.3726632795888229e+01
33, 17, 5.5362054208089901e+00, 2.8697141783385909e+01
33, 18, 9.6925815964154495e+01, -2.4013953052276893e+01
33, 19, -1.3064642114247556e+02, 5.4981974173510650e+01
33, 20, 2.3500544238982286e+01, -1.5461832330070756e+01
33, 21, -3.4602443579333155e+01, 1.2214198557124840e+02
33, 22, 4.2301328378873421e+01, -6.2305277650908828e+01
33, 23, 1.7630217861513689e+01, -7.2426796131217685e+01
33, 24, 4.4851927077204380e+01, 4.3914632896610442e+01
33, 25, 1.0929442348889117e+02, -3.3763127410330448e+01
33, 26, 4.5921612168933756e+01, -9.7963571503216826e+00
33, 27, 2.7484094906802568e+01, -1.7842767891090581e+01
33, 28, -1.9048421727668213e+01, -6.6047565338810159e+01
33, 29, -7.2628605220726612e+01, 4.7099372942094085e+01
33, 30, -1.2860566451880393e+02, 1.2140817357405916e+02
33, 31, 4.7858267723499210e+01, -3.1446226030397924e+00
33, 32, -4.4941296000882431e+01, 1.4781814182971868e+02
33, 33, 4.4397656718694940e+01, -5.8185559323895632e+01
34, 0, 1.5493937993544921e+02, 0.0000000000000000e+00
34, 1, -5.8280165262749961e+01, 2.9710045579048519e+01
34, 2, 1.5799368522176522e+01, -6.8656404011829721e+01
34, 3, 6.7577062761819207e-01, 1.3948696425253689e+02
34, 4, 3.5292095405725846e+01, -7.9577634893813581e+01
34, 5, 5.4116935170256468e+01, 5.3509537372764640e+01
34, 6, 8.1723070994987932e+00, 4.6063411601262857e+01
34, 7, 4.4435350477664400e+01, -1.1065011337519891e+02
34, 8, -9.4490623472473576e+00, 8.3439934298708778e+01
34, 9, -1.1761746239678871e+02, -8.4056744496208182e+00
34, 10, -1.9646101200672714e+01, 4.9262639989063231e+01
34, 11, -6.2941008550646131e+00, 1.5610837536268230e+02
34, 12, 6.3457354954690182e+01, -1.3023967649329272e+01
34, 13, 1.0064036677444753e+02, -2.2121533481586425e+01
34, 14, 1.6283579234384689e+01, -1.3614254202239138e+02
34, 15, 5.3679286157020272e+00, -6.6826842145468760e+01
34, 16, -1.3330777952995788e+02, 1.7568079014961281e+01
34, 17, 5.8987652202906752e+01, -4.0470235371960634e+01
34, 18, 1.1243076502000317e+01, 5.5467179495459980e+01
34, 19, -2.4838254616342461e+01, -1.1180034112190538e+02
34, 20, 2.0745158037570292e+01, 5.2150124910419777e+01
34, 21, -6.4315596050007841e+01, 2.7755382686232878e+01
34, 22, 1.0100896096657318e+02, -1.0372390229657981e+01
34, 23, -8.6335313865370892e+01, 6.0846455656208676e+00
34, 24, 7.8689286015431037e+00, -4.1447721294560758e+01
34, 25, 3.1529880608945248e+01, -1.6402722194778377e+01
34, 26, -8.2497200192646545e+01, 7.9946578115941492e+01
34, 27, 9.8167332195906084e+01, -6.9670334016572298e+01
34, 28, -1.0354913600171955e+01, -3.0595308539163696e+01
34, 29, -6.7082091291375320e+01, -1.1508944662709352e+02
34, 30, 1.0127106066891407e+01, 6.0767716302426010e+01
34, 31, 8.4819043095136010e+01, -3.2244646926585595e+01
34, 32, 1.8052351472467478e+00, -1.2682430645652616e+01
34, 33, 1.5508904826779229e+02, -2.0487835929934580e+01
34, 34, 3.0617209321775558e+01, 3.0871586560391748e+01
35, 0, -2.5644536712431403e+01, 0.0000000000000000e+00
35, 1, -3.5897110187690672e+01, -2.7413330973285554e+01
35, 2, -3.9555456391385292e+01, 6.0478103751817088e+01
35, 3, 1.2215829471120017e+01, 9.5294116755117713e+01
35, 4, 1.0614419257249270e+02, -5.7772573398140871e+01
35, 5, 5.3844819842037424e+01, 9.7364473063795344e+01
35, 6, -3.4649497597039584e+01, -5.8095209970221845e+01
35, 7, -6.6059058839979201e+00, -1.4231588876816389e+01
35, 8, -5.2903717919938487e+01, -3.3534849733762684e+01
35, 9, -1.6537402461785149e+00, -7.0928216799952821e+00
35, 10, 3.0720606248933009e+01, 5.5275157311673226e+01
35, 11, -4.0507265784243472e+01, 2.8570238337605538e+01
35, 12, 4.0496331840679005e+01, 2.0322383260945713e+00
35, 13, -3.3256257739573769e+01, 1.6011704806093732e+01
35, 14, 5.5484676280891961e+01, 2.1927615711950509e+01
35, 15, -4.0081536910856997e+01, 7.1842098875280328e+01
35, 16, -8.8704844817514299e+01, -8.9698553020276819e+01
35, 17, 8.1997652471768035e+01, -3.9187287417220006e+01
35, 18, -1.0691467221013227e+02, 1.1003540453407446e+01
35, 19, -2.7928107041391257e+01, -4.3896832311655125e+01
35, 20, -9.6491075307847964e+01, 1.3220118871659565e+02
35, 21, -4.2551481737847844e+01, -1.1995908347621341e+02
35, 22, -5.4105685835131112e-01, 9.2536184318261448e+01
35, 23, 5.6489167344440020e+01, -1.1231576733219592e+02
35, 24, 7.3629994049202878e+01, -3.7461305206329513e+01
35, 25, 6.8960275873330943e+00, 1.0187707511353999e+01
35, 26, -3.1733746999274683e+01, -7.3166341324714566e+01
35, 27, -7.6540716664476491e+00, 7.6572747361167515e+01
35, 28, -3.4172571853951126e+01, 1.6524114754836525e+01
35, 29, 7.4790731115885478e+00, -4.1148896867745762e+01
35, 30, -6.3285965976398330e+01, 2.5706600741888991e+01
35, 31, 5.5930906809049262e+01, -1.5171624838998397e+01
35, 32, -3.2987507690309599e+01, -4.3248316292712360e+01
35, 33, -1.1231023997641316e+01, 5.8491061109164804e+01
35, 34, -6.0475690263970563e+01, -2.6930705085844977e+01
35, 35, -5.3979095684892386e+01, -6.9943430563629704e+01
36, 0, -1.0512941134007178e+02, 0.0000000000000000e+00
36, 1, 2.4962930633525545e+01, -2.7249904806802761e-01
36, 2, -8.5379742025889556e+01, 5.7807363311814129e+01
36, 3, 1.3489874124045826e+01, -3.6389525836910366e+01
36, 4, 1.3105016598526240e+02, 1.9331644472718605e+01
36, 5, -7.5346994346620832e+01, -1.0890470706162112e+01
36, 6, 6.8084775209387672e+01, -2.1472611957401796e+01
36, 7, 7.2861807956810935e+01, 6.4601188195013009e+01
36, 8, -3.0796662487943827e+01, -1.2383617481491463e+01
36, 9, 1.5787298937903267e+02, -1.8184932932288831e+01
36, 10, 9.8157527467035663e+00, -9.0070435825140208e+01
36, 11, 2.1098790081927731e+01, -3.7320569862117921e+01
36, 12, 1.0492682427752099e+02, 4.1897805543550319e+01
36, 13, -1.4225039231109815e+02, -5.8281906437278991e+01
36, 14, 6.4573865384496216e+01, 4.7829577385679968e+01
36, 15, -1.8808710549190278e+02, 8.7379119047759531e+01
36, 16, 1.1607789389987073e+02, -5.0652238193051176e+00
36, 17, -2.8694941234298792e+01, 5.1817031456390623e+01
36, 18, 2.5771853646537963e+01, -8.4388759002099263e+01
36, 19, 1.3997625556370394e+01, 8.4947681640406088e+01
36, 20, -1.1511964837753577e+02, -6.7202269537717001e+01
36, 21, -6.3599139843872734e+01, 4.3080374816476400e+01
36, 22, -4.4922162584268165e+01, 5.7494776436093247e+01
36, 23, -1.3035263580491650e+01, -9.0878643042328662e+01
36, 24, 2.5709172995312684e+01, 1.3754481210226729e+01
36, 25, -4.9792980917945414e+01, -2.7348144165760004e+00
36, 26, 5.0590976371555406e+01, 6.4511516507589263e+01
36, 27, 1.6917264081498331e+00, 2.8218233047027752e+00
36, 28, 3.0761912060570470e+01, -1.0547032570384962e+02
36, 29, 3.9471541210361835e+01, 1.6296611723213249e+02
36, 30, -2.8667130469165429e+01, -7.4549318101920846e+01
36, 31, 3.8010896769350097e+01, 8.3197266520631800e+01
36, 32, -5.0953703356104398e+01, -1.5098027014504680e+01
36, 33, 4.3326983256355959e+01, 1.0896103301982768e+02
36, 34, 8.3269855266131145e+00, -8.7012461131968834e+01
36, 35, -4.0537596110915587e+01, 5.1539280692580434e+01
36, 36, 2.5771010534840734e+01, 1.4297993731781690e+02
37, 0, 6.0410066738979481e+01, 0.0000000000000000e+00
37, 1, 7.2848699423536374e+01, 1.1545681589535138e+02
37, 2, -1.0380006183749424e+02, 3.9723403428261818e+01
37, 3, 1.1800386949470696e+02, -2.5091268373642635e+00
37, 4, -9.1524423523175358e+00, -5.6259797531318519e+01
37, 5, -8.8771162544092959e+01, -3.8859428958170867e+01
37, 6, 4.4605689657539983e+01, 1.3581831497966732e+00
37, 7, -1.2102988733775030e+02, 5.7006124041693695e-01
37, 8, 5.1686771338152482e+01, -2.8845785871216350e+01
37, 9, 4.7635549582490739e+00, 1.0063574308855763e+01
37, 10, -2.8835725528335423e+01, 5.1026026877113068e+01
37, 11, -9.6587251995053563e+01, 5.1413291061680461e+01
37, 12, 8.2826435391760640e+00, 1.4468555742329596e+02
37, 13, 3.9077114255244723e+01, -1.1490948489704589e+02
37, 14, 4.2624614830727580e+01, 1.4474457058734433e+02
37, 15, -5.2392824383164644e+01, 8.0400190787826276e+00
37, 16, 1.0988866199836137e+02, 2.0089382845546396e+01
37, 17, -2.9091920125407505e+01, -5.8449040419051670e+01
37, 18, 1.0232101314835667e+02, 1.8433245675639625e+01
37, 19, 8.3098467853909881e+00, 6.0403389103110570e+01
37, 20, -4.3768656472291894e+01, -7.9624453412699125e+01
37, 21, 1.2773216733373079e+01, 3.9767801339941755e+01
37, 22, -6.4191468318575858e+01, -3.9981990058847963e+01
37, 23, 1.0323655317391538e+02, -3.6155435450622413e+01
37, 24, 4.3662170658660706e+01, -4.3611179795254728e+01
37, 25, -1.3423089948766659e+01, -2.8507602716259015e+01
37, 26, -2.9596028485608784e+01, 7.3826226660752212e+00
37, 27, -8.6779480745340024e+01, 2.1723809815490078e+01
37, 28, 1.0741014265138389e+02, 8.2683129090329768e+00
37, 29, -3.7246020123459317e+01, 4.6431174407000540e+01
37, 30, 9.7636129731271154e+01, -6.9393955689674044e+01
37, 31, -8.1228716609181291e+01, 5.0631235350705495e+01
37, 32, 5.4875784933687051e+00, -6.9530607322835706e+01
37, 33, 9.9861701808568654e+01, 5.8838846756750144e+01
37, 34, 1.4687641087754514e+01, -1.3234622392455975e+01
37, 35, -1.2033585309014606e+02, -5.4271046109105114e+01
37, 36, 1.4362259509759861e+02, 8.5191594335957745e+01
37, 37, 4.2827703778731973e+01, -1.4898799899424418e+01
38, 0, 5.2085959020671766e+01, 0.0000000000000000e+00
38, 1, -7.3565350744334125e+01, 5.9893390896233093e+01
38, 2, -7.4759361457716437e+01, -8.0618158037080434e+00
38, 3, 1.2335512196563303e+02, 1.1655771385325124e+00
38, 4, -8.4049013673119930e+01, -7.0860730565110771e+01
38, 5, 1.0702509981018278e+02, 4.1918370086335997e+01
38, 6, 2.8774099230983609e+01, 1.4130747182350063e+02
38, 7, 5.7832954653668736e+01, -5.9588011174797970e+01
38, 8, 1.0611939146696821e+02, 4.7995856802548928e+00
38, 9, -5.1896758019130218e+01, -6.0637378364217525e+01
38, 10, -2.3379169969886135e+01, 1.9242634454159973e+01
38, 11, -7.0165128776754472e+01, 4.6945471025500936e+01
38, 12, -1.2823586638875728e+00, 6.1612467990151153e+01
38, 13, -1.0654707413586158e+02, 8.5174969554499029e+01
38, 14, -8.9703595192951781e+01, 8.6645513259106522e+01
38, 15, 4.1039578379712296e+01, 8.8614429714677939e+01
38, 16, 3.4223068718860254e+01, 2.5643730431997589e+01
38, 17, -5.0862376931856843e+01, -2.4866025285505643e+01
38, 18, -8.9389133410616495e-01, -1.5207286714889904e+01
38, 19, -7.9006188626976581e+01, -3.9151694502114154e+01
38, 20, -9.9193369261410481e+01, 4.0758688675015755e+01
38, 21, 1.0331774881238367e+01, 6.0792875484398344e+01
38, 22, 7.8142559187624045e+01, 8.9162732200429090e+01
38, 23, 6.8525042678502075e+00, 5.7898668683094897e+01
38, 24, -7.0062243179276081e+01, -1.7054857424360954e+01
38, 25, 2.0053723645475280e+01, 4.0624620568196093e+01
38, 26, 7.6314171536080266e+01, 6.2483243088847473e+01
38, 27, 1.2626380593462752e+01, -1.3519412061934125e+02
38, 28, -1.2671703039789207e+01, 5.4723823781948369e+01
38, 29, -6.5744716373429483e+01, -4.4570704535649270e+01
38, 30, 9.2374639844291011e+01, 7.4321665227184951e+01
38, 31, -1.1831438568328764e+02, -5.6039775325519301e+01
38, 32, 6.6939405688596949e+01, 2.8993258281021568e+01
38, 33, -4.4290197866763613e+01, -4.7346312185859155e+01
38, 34, -8.7234385090340780e+01, -3.4032817588590092e+01
38, 35, -1.2414284184721915e+02, -6.0460015353330462e+01
38, 36, -1.5476544992183790e+01, 6.7605489871949459e+01
38, 37, -4.0935933551861538e+01, -1.3557519996353545e+02
38, 38, -9.8639026999192353e+01, -5.9895116489390674e+01
39, 0, 3.3133507349028534e+01, 0.0000000000000000e+00
39, 1, -6.0055392878263319e+01, -9.7594908522009121e+01
39, 2, 1.8673950341468852e+00, 2.1571247084051492e-01
39, 3, 4.9470251259147702e-01, -2.6649795368669515e-01
39, 4, -2.7894175902529746e+01, -4.2540160886769215e+01
39, 5, 1.4454623633538233e+01, 1.6245757699784252e+02
39, 6, -4.7622466163180889e+01, 4.5737854050288902e+01
39, 7, 5.4661651462410326e+01, -4.5003882321816256e+01
39, 8, -2.6252238655264563e+01, 6.0787052680850735e+00
39, 9, 1.4210301737294884e+01, 1.2668133663590915e+01
39, 10, -4.6123328727548682e+01, -2.1933395369589515e+01
39, 11, -5.7498400344434494e+01, 9.3117443713402906e+01
39, 12, 1.8350049723480652e+01, 2.5594295510502558e+01
39, 13, 3.9306485037261282e+01, 4.0208289238207314e+01
39, 14, -2.7729984366046033e+01, -6.3993109897168864e+01
39, 15, 3.7835354054642494e+01, 5.4142910133779168e+01
39, 16, -7.8755162557129054e+01, 3.7398692431773561e+00
39, 17, -4.5136032471803489e+00, 3.3008822467612767e+01
39, 18, -3.7937222309793796e+01, 7.2838884087514145e+01
39, 19, 4.6861639933987746e+01, 2.1855712832019989e+01
39, 20, -4.5939277823893811e+01, 5.3238861685818605e+01
39, 21, 6.7082925571085397e+01, -7.1386010148537324e+01
39, 22, 6.4188575292798291e+01, -2.0239246720858272e+01
39, 23, -2.8011459750412087e+00, -2.2614438891674883e+01
39, 24, -1.1818703347647508e+02, -5.7240155290714121e+01
39, 25, -4.2003471493306293e+01, 6.8994900418290328e+01
39, 26, -3.7059650532197480e+01, 3.5563570317147537e+00
39, 27, 8.0665360163427579e+01, -8.6816315808140530e+01
39, 28, -1.1971385852812449e+02, -8.1232618474139855e+01
39, 29, 4.3884819194925214e+01, -1.4420522510337446e+02
39, 30, -1.3816588703970052e+02, 9.6667303177000349e+01
39, 31, -4.5364800079028981e+01, -1.3134763110687715e+02
39, 32, -1.4975161506504520e+01, 1.2699656066937879e+02
39, 33, -6.6676775324536152e+01, -9.0011919211261244e+01
39, 34, 7.0074335478747756e+01, 5.7745571878913616e+01
39, 35, -8.1283108276950230e+01, -2.6794102976852855e+01
39, 36, 1.5749745757493329e+01, 3.4850330823842171e+01
39, 37, 9.3368569636311491e+00, -8.7997133795218048e+00
39, 38, -1.2032094520182540e+02, 1.0353486834992026e+02
39, 39, 1.6250823743812543e+01, 4.1465274707015794e+01
40, 0, -1.3557191757017779e+02, 0.0000000000000000e+00
40, 1, -9.3024548709881756e+01, 1.3540847333755355e+01
40, 2, 2.0565503374844127e+01, -2.8844033686859689e+01
40, 3, 5.1152247321581036e+01, 2.7244778536240336e+01
40, 4, 7.3428533984275447e+01, -2.9896939643816410e+01
40, 5, -6.0267322245364454e+00, 1.4191880582326650e+02
40, 6, -1.2121523414991117e+01, -7.7272151469132211e+01
40, 7, -6.1460224847236304e+01, -3.0022267526223700e+01
40, 8, -1.5217139770674373e+02, 9.8622755282926320e+01
40, 9, -5.1447022436674104e+01, 7.5339860197303651e+01
40, 10, 3.1217360799053907e+01, 1.4848683231415751e+02
40, 11, 8.0694892699526122e-01, 6.2262380757268829e+01
40, 12, 1.8510012110646571e+01, 1.2317356865721724e+01
40, 13, 4.5461059040266747e+01, 2.7385411913528159e+01
40, 14, 3.2163766507063777e+01, 9.6585861505866717e+00
40, 15, 5.7213432108681047e+01, 4.2253840267127956e+01
40, 16, -7.3486316797741807e+01, 1.1018615346553094e+01
40, 17, -4.9206575036634916e+00, 3.2242017541123225e+01
40, 18, 4.5675344367076178e+01, 4.1161772828383121e+01
40, 19, 1.0546144983586164e+02, 7.6231069776557758e-01
40, 20, -6.6723788518646771e+01, 1.3772443697344080e+01
40, 21, -5.2062236320710213e+01, -8.9965323353237011e+01
40, 22, 2.0826761394631866e+01, -2.6817047410620297e+01
40, 23, -4.3600476247196781e+01, -5.3540508454815395e+01
40, 24, 1.2230702574647353e+01, 5.1214265732524055e+01
40, 25, 2.3021491737689615e+01, 7.8362322709500475e+01
40, 26, 3.0976245092296310e+01, -2.1755293301818540e+01
40, 27, -7.9525686678649832e+00, 2.2542481614293362e+01
40, 28, -1.1130070172064802e+02, -7.4657479668967142e+01
40, 29, 1.2622062564514185e+02, 1.6404362675511538e+02
40, 30, -1.2227609906960809e+02, 9.7296443675588961e+01
40, 31, 1.1329697066960156e+02, 9.4129272232522041e+00
40, 32, -9.1571260852728017e+01, 2.2319918567742583e+01
40, 33, 9.0257651510757768e+01, -6.0389183872101398e+01
40, 34, -1.3152095996445993e+01, 1.2309533769906065e+02
40, 35, 1.3014529583257740e+01, -5.4431963391312706e+01
40, 36, 1.4920292945679087e+01, 5.7372922683355185e+01
40, 37, 6.0448215491749835e+01, -5.5833590180207381e+01
40, 38, -4.7004263720025520e+01, 2.4874222701809575e+01
40, 39, 9.1165242421986207e+01, 7.8526697592933274e+00
40, 40, 1.0095363946089662e+02, 1.5611984969055932e+01
41, 0, -4.1922454150191953e+01, 0.0000000000000000e+00
41, 1, -2.4658184067466109e+01, 7.1712067450760401e+01
41, 2, -1.3622937266560211e+02, 1.8942739588290095e+01
41, 3, 6.2751520485434000e+01, -3.3205896732419276e+01
41, 4, -5.8209620245584333e+01, -2.7884305642189410e+01
41, 5, -1.0579437856214466e+02, 2.1037341085132653e+01
41, 6, 8.0754647523177496e+01, 3.4369856306070673e+01
41, 7, -7.2961141127293075e+01, -9.3300964766816321e+00
41, 8, -6.2803634607936871e+01, 4.9470541686363390e+01
41, 9, 3.1388542546833804e+01, -4.4784529230601393e+00
41, 10, 2.4736687061951557e+00, 2.6434402318613238e+01
41, 11, 1.8299154327127727e+01, -2.9036120608170688e+01
41, 12, 3.4504072897034305e+01, -3.2913766319982429e+01
41, 13, -1.2954400983441445e+01, 3.8874066381384573e+01
41, 14, 1.3123846090802829e+02, -7.6812903605112496e+01
41, 15, -5.8205679905265896e+01, -2.7159654291081836e+01
41, 16, 1.0539945144430214e+02, 1.8753659261675352e+01
41, 17, -1.7260803560431576e+01, -2.2713861180360169e+01
41, 18, 5.0406570015504030e+01, -2.5255838983729518e+01
41, 19, 3.3966374581623171e-01, 3.2534095223467446e+01
41, 20, 1.9087438973699527e+01, -6.9845523441059413e+01
41, 21, -8.1448441224199541e+00, 7.9200393702855422e+01
41, 22, -3.7223517646449245e+01, 2.4938452436483200e+01
41, 23, -1.2684778521943613e+01, 4.8700630600736815e+01
41, 24, 6.6271346338819868e+00, 6.5144875979791223e+01
41, 25, 2.3735995232102169e+01, 4.1737094646424637e+01
41, 26, 6.8425402848234341e+01, -1.3588722786821535e+01
41, 27, -5.3316257495001395e+01, 4.4761392082341708e+01
41, 28, 1.1739647900767804e+02, -1.1409091036464130e+02
41, 29, 2.4756809882829248e+01, 6.4336808353406639e+01
41, 30, 1.0519866097865965e+01, -1.8250007939670837e+01
41, 31, 4.9458048622254616e+01, 8.4457083455962476e+01
41, 32, -1.2858475861539688e+02, -1.2280441800810235e+02
41, 33, 9.3681448177854094e+01, 8.5320159940166107e+01
41, 34, -7.5432091236237142e+01, 4.3929431396982601e+01
41, 35, 8.4441558710381628e+01, -3.1637700842077674e+01
41, 36, -6.0690578890606631e+01, 1.3049556266828347e+01
41, 37, -2.4953439511992016e+01, -8.5075116548614957e+01
41, 38, -4.1494019388892070e+01, -1.3192461652224239e+01
41, 39, 2.4360217891930866e+01, 5.8688105226226469e+01
41, 40, 1.8763701428166783e+01, -1.0786568811669281e+02
41, 41, -7.5067435952161759e+01, -1.0967957897301565e+02
42, 0, -2.7718845167415331e+00, 0.0000000000000000e+00
42, 1, -6.9221253100397050e+01, 1.9570581518058958e+00
42, 2, -2.0153913563349850e+01, -5.2248541781078558e+01
42, 3, 6.7021174636451462e+01, -2.4710142786537709e+01
42, 4, -1.2768614136849915e+02, -6.3421809633042855e+01
42, 5, -5.9146324126572836e+01, 9.3480154663700830e+01
42, 6, 8.6374688633498096e+01, -1.9573165369274445e+01
42, 7, -2.4208706795622746e+01, -8.0237623614991591e+00
42, 8, 4.2539726672656840e+01, 8.6310165080907254e+01
42, 9, 1.6571519726097776e+01, 5.2249000286333512e+01
42, 10, -1.2570465548741439e+00, 1.2720827693626873e+01
42, 11, 4.4071088177416414e+01, -9.3655409462752459e-01
42, 12, 1.3972204170273010e+01, -2.2675274670430259e+01
42, 13, 3.5282251239255058e+00, 5.8843415716503451e+01
42, 14, 8.1394910495865687e+01, 2.9333468150793806e+01
42, 15, -8.7698318827667705e+01, -1.4587845299300238e+01
42, 16, 9.3293258519568695e+01, 1.8451813111792056e+01
42, 17, 3.4893018362718280e+01, -2.6866378840846149e+01
42, 18, 8.9872928191642899e+01, -1.1212629667031163e+02
42, 19, -3.2348703707120478e+01, 3.8387761179198712e+01
42, 20, -1.8478095344486988e+01, 1.2430423385930538e+01
42, 21, -1.0473411032122924e+02, 1.6752134768191482e+01
42, 22, 4.8552157429814081e+01, 4.2702748320075727e+01
42, 23, 1.1361575481929994e+02, 4.5343528982752019e+01
42, 24, 1.2448006440589893e+01, 7.1754747283637954e+01
42, 25, -1.9138862565451582e+01, -2.0935295428744354e+00
42, 26, -4.1174907377033485e+01, 4.1879249269180832e+01
42, 27, 3.1629005987995811e+00, -4.6409662620158315e+01
42, 28, 8.9543175204904585e+01, 3.5673739081192366e+01
42, 29, 1.5761413255951926e+01, -1.5002115085662361e+01
42, 30, 7.7382115758246201e+01, -1.0905743430869649e+01
42, 31, -6.6392269562993519e+01, 1.6061947970898558e+01
42, 32, -7.4573188754814552e+00, -1.0884106021760252e+02
42, 33, -1.0967783440506362e+02, 1.1647044195468351e+02
42, 34, 3.5167332468777399e+00, 9.1319964639765914e+00
42, 35, 1.2989873860139454e+02, 2.5518729934762838e+01
42, 36, -9.3753615559456023e+00, -3.7872975587309810e+01
42, 37, -1.3470653540873080e+01, 5.6733774263892002e+01
42, 38, -3.0948319059147664e+00, 4.9152712752244355e+01
42, 39, -3.2058325989626752e+01, 2.8786573655788477e+01
42, 40, 1.0898752088802298e+02, -8.4314294525884065e+01
42, 41, -7.4882263068994320e+01, 1.1883075295685943e+02
42, 42, -1.3786029937792819e+01, 6.2121870582026418e+01
43, 0, -6.3543296703065351e+01, 0.0000000000000000e+00
43, 1, -6.3547551328013043e+01, 3.4980959836379704e+01
43, 2, -3.2640095179023184e+01, -9.6346117472504289e+01
43, 3, 7.8408905322622957e+01, -1.3578991602893627e+01
43, 4, -8.2216197871113565e+01, -4.9576896673323063e+01
43, 5, 2.4184543909720745e+01, 3.4041442260514970e+01
43, 6, 6.8552205700845370e+00, 1.5883124012328935e+01
43, 7, 3.3712979734873208e+01, 4.9188653387476364e+01
43, 8, -2.1970043294657316e+01, 9.3013816034598875e+00
43, 9, -7.5976440738035365e+01, -9.1730180220182220e+01
43, 10, -6.9246911510213067e+00, 9.1945578810802857e+00
43, 11, 2.0549309792367897e+01, 3.8432792264862528e+01
43, 12, 2.6250992537009211e+01, -1.7457564976193744e+01
43, 13, 2.2291420973375821e+01, -1.3922538104299527e+01
43, 14, -4.0473220791805900e+01, 4.3929222140853007e+01
43, 15, -5.7337618989957207e+01, -8.6292565225563322e+00
43, 16, 1.4294869830841392e+01, 9.0816892624067862e+01
43, 17, -2.9217625188671946e+01, -2.7879700406101904e+01
43, 18, 9.5532209399807329e+00, -1.3059865970004175e+01
43, 19, -4.9339453543580296e+00, 9.0922378618614914e+01
43, 20, -1.1025104551313794e+00, 2.3234100817170713e+01
43, 21, -5.7598853375093739e+00, 1.8674527951190981e+01
43, 22, 1.5309556075639136e+01, -2.4149047532455491e+01
43, 23, 9.2791431138219806e+01, 5.2534880502374222e+00
43, 24, 2.3230443395040215e+01, 2.1997043444590606e+01
43, 25, -4.0616382489162419e+01, -8.4092965886850635e+01
43, 26, 8.1747635239177754e+00, 9.7891959482111929e+01
43, 27, 4.4050242500565240e+01, -8.9776761124038984e+01
43, 28, 1.0641601468723600e+02, 3.2934520911328711e+01
43, 29, 5.1015620972066849e+00, -1.0006103901597348e+02
43, 30, -1.0255525962122837e+02, 3.9234186692762783e+01
43, 31, -6.9735997196106666e+01, -9.8462775754930192e+00
43, 32, 7.6282660299511562e+00, 6.7467484586133395e+01
43, 33, 4.5354285355622324e+00, 6.5906235617212417e+01
43, 34, 1.4377934952669440e+02, 4.2005094349030074e+01
43, 35, -5.8627551563369309e+01, -4.1601455423150817e+01
43, 36, -1.3561885292454349e+01, -3.6072082530780818e+01
43, 37, -1.6182349586465079e+01, 4.7867960329439860e+01
43, 38, 6.6121824203356482e+01, 2.7430909219765109e+01
43, 39, 8.1616100675930682e+01, -1.3909093821944310e+01
43, 40, -3.0248206829092659e+01, -7.8053294790275658e+01
43, 41, -1.1251976608312305e+01, -1.1432739511079383e+01
43, 42, 2.7633859244883752e+01, 9.4722214027122504e+00
43, 43, 9.0539146708080906e+01, 5.5836230144156815e+01
44, 0, -6.1036868865492536e+01, 0.0000000000000000e+00
44, 1, -1.3526570804372173e+02, 1.9884685055531858e+01
44, 2, 5.3498119176259067e+01, -1.6699546787349469e+01
44, 3, -3.6702808408055162e+01, 4.5268928027040445e+01
44, 4, -7.2129327258901000e+01, -3.1731867760042515e+01
44, 5, -4.2643009750500880e+01, 7.9760207496669835e+01
44, 6, 4.1897687377208342e+01, -5.7516990175757805e+01
44, 7, 2.4851015969042123e+01, -7.6897271235932990e+01
44, 8, -2.7693736150601495e+01, -7.6076565143853486e+01
44, 9, 4.8505458091733487e+01, -8.3512835599549405e+01
44, 10, 5.2701944220106952e+01, 3.3871437574623492e+01
44, 11, -3.1433996645103534e+01, 7.3359015692788660e+01
44, 12, 7.4491016896154207e+01, -2.6210693974331150e+01
44, 13, 6.0212292858581215e+01, 5.1260661455616415e+01
44, 14, 1.5022888857090962e+01, -9.5530307555507875e+01
44, 15, 6.1446497478663566e+01, -9.0953923516417916e+01
44, 16, -3.0081753847600226e+00, -1.5016008745184294e+01
44, 17, -5.2560029768469050e+01, -3.5765731068299765e+01
44, 18, -7.2957287208379086e+01, 4.8231322709588738e+01
44, 19, -6.7589934653419661e+01, 1.7097325328911797e+01
44, 20, 4.6480102158727590e+01, 9.1038287939695749e+01
44, 21, -1.0512344668384088e+01, 5.5045677966399040e+00
44, 22, -5.8025681728531353e-01, -1.9353826201563994e+01
44, 23, 3.3765140878870525e+00, -2.8854611524105785e+01
44, 24, -2.9039332454373721e+00, -3.8129434373445548e+01
44, 25, -5.0592173502785442e+00, 5.2337229775383427e+01
44, 26, -5.7050402377539669e+01, 5.9551064207382588e+01
44, 27, 7.8096346053617253e+01, -5.9086149051457966e+00
44, 28, 4.2992871361785632e+00, -2.4294298091563636e+01
44, 29, -6.2550180900893793e+00, -7.1541348378161558e+01
44, 30, -9.5021711908505779e+01, 3.8548968011651951e+01
44, 31, -5.1468340052187344e+01, 3.6558423360844714e+01
44, 32, -4.0364284712979455e+01, 3.1074557569398621e+01
44, 33, 6.7308223255114783e+01, -1.3580871696688206e+00
44, 34, 7.6053422393229425e+01, 4.5918489195844550e+01
44, 35, -5.0587790521420686e+01, -1.0726074270273753e+02
44, 36, 2.2356342106704627e+01, 1.6823229254485895e+01
44, 37, -1.1434324280551041e+02, 3.5701214180815555e+00
44, 38, 7.6481290014630744e+01, -5.4468456609749950e+01
44, 39, -3.8771219763901286e+01, -3.6022261278514144e+01
44, 40, -7.9561940400640353e+01, 3.2632911435562946e+00
44, 41, 2.5500767900033289e+01, 3.5991010352206089e+01
44, 42, 2.6907407404185193e+00, 2.3579260597889089e+00
44, 43, -4.6674461063807300e+00, -2.5694491794453626e+01
44, 44, 2.6951783985960638e+01, -2.1545608076694506e+02
45, 0, -6.7168543071361327e+01, 0.0000000000000000e+00
45, 1, -2.9069840306598710e+01, -6.4724791127374999e+01
45, 2, 5.7836566033703178e+01, 4.4282758034735728e+01
45, 3, 4.4066021400717332e+00, -7.9363741884339689e+01
45, 4, 5.3301829784367413e+01, -1.2302870000386761e+01
45, 5, -2.9894375253476468e+01, 8.7254073418462745e+00
45, 6, 4.7619658085081369e+01, -1.1828062529923315e+01
45, 7, 1.0959613590618915e+01, -4.1303239287739586e+01
45, 8, 1.5902895663062717e+01, 3.4430163948890566e+00
45, 9, -1.9554170053502389e+01, -3.6475957391642581e+01
45, 10, -7.5700109365949118e+00, 1.0365780725434706e+02
45, 11, 3.3336269003046773e+01, 4.8779190244461581e+01
45, 12, 9.8417457069974660e+01, -7.4255651057666327e+01
45, 13, 2.8634549685425057e+01, -4.8579403679526237e+01
45, 14, 2.8289664391754075e+00, -8.9465341097107455e+01
45, 15, 3.3592785825358384e+01, 1.0755496687564708e+02
45, 16, -6.1258673499345299e+01, -1.8301493510054428e+01
45, 17, 2.2712052896656044e+01, 6.8323940433984632e+01
45, 18, -1.0161940481381615e+02, -8.3156184554517637e+01
45, 19, 5.7357905896008411e+01, -7.8903378015116772e+00
45, 20, -2.1870970588909397e+00, -9.0765305150034408e+00
45, 21, -1.2995909115277112e+01, -9.3461545750375691e+01
45, 22, -9.8578643670790044e+01, 1.1087320596662764e+02
45, 23, -4.3658606836967017e+01, 1.1346558041056774e+01
45, 24, -5.9127755818545893e+00, 8.3100820775141386e+01
45, 25, -4.7126876744131870e+01, 2.7054582396577288e+01
45, 26, -2.0567177237152929e+01, 3.0952056845877394e+01
45, 27, 3.0939967091241236e+01, -5.3852170419854119e+01
45, 28, -3.4790054585903277e+01, -8.2942502508198075e+01
45, 29, 2.9294918244573221e+01, 6.8237416759847449e+01
45, 30, -2.0139800713917921e+01, 3.8189350991249462e+01
45, 31, 6.0801114481667796e+01, 4.0300446091267247e+01
45, 32, 5.2244853726408074e+01, -1.5183509152451279e+01
45, 33, 1.1530211231616039e+02, -4.8916839715851715e+01
45, 34, -5.0271594257870248e+01, -2.6924565904989862e+01
45, 35, -3.0681592716905527e+01, 1.8368946661107096e+01
45, 36, -1.1034970239654371e+01, 1.3304953292292512e+02
45, 37, 1.2225950326349731e+02, -5.2173549262256813e+00
45, 38, -2.0361518869423620e+01, 2.4039560861773658e+01
45, 39, -6.7426587393662231e+01, 7.8917968342715668e+00
45, 40, 3.0435105186137967e+00, -6.3523499154086238e+00
45, 41, 3.6642108395918740e+00, 6.9442447239820893e+01
45, 42, 2.2077776554824922e+01, -5.5192333736016266e+01
45, 43, 4.2185539998669995e+01, 4.1170592349754997e+01
45, 44, -3.9936115388805078e+01, -2.9191121687015944e+01
45, 45, -1.3410441961990196e+02, 9.8644993932927747e+01
