0, 0, 0.0000000000000000e+00, 0.0000000000000000e+00
1, 0, 0.0000000000000000e+00, 0.0000000000000000e+00
1, 1, 0.0000000000000000e+00, 0.0000000000000000e+00
2, 0, 0.0000000000000000e+00, 0.0000000000000000e+00
2, 1, -6.4894952154374086e-01, -3.4491128687638656e-01
2, 2, 1.2502310942458332e+03, -7.2327541075682120e+02
3, 0, 2.8657955227112649e+02, 0.0000000000000000e+00
3, 1, -1.0311991116281341e+02, -6.0688638260027847e+02
3, 2, 3.5940215331385963e+02, -1.7679318736382902e+02
3, 3, -8.0520431202406667e+02, -5.5950237174776646e+02
4, 0, -1.3589926305584248e+02, 0.0000000000000000e+00
4, 1, -1.3946798775946127e+02, -1.1692925245997627e+02
4, 2, 6.7066639619782535e+01, 2.5939380093273292e+02
4, 3, -2.2852193830255169e+02, 9.1191153685732793e+00
4, 4, -1.9190075271698280e+01, 3.7666000863222757e+02
5, 0, 1.7116599969107142e+01, 0.0000000000000000e+00
5, 1, -4.9519420720818399e+00, -3.2771902690264859e+01
5, 2, 1.1640806260105104e+02, 4.6225218971047553e+01
5, 3, -9.2820852785240959e+01, 2.9520507079944252e+01
5, 4, 1.5194539427705405e+02, 6.1540002684118448e+01
5, 5, 1.3386192218453954e+02, -1.1937184902825108e+02
6, 0, -2.3365423758536476e+01, 0.0000000000000000e+00
6, 1, -6.6612274482336076e+01, 3.8312871974570470e+01
6, 2, -4.9495050982481132e+01, -3.7174813246064303e+01
6, 3, -4.9736439906913148e+01, -1.9741113354378882e+01
6, 4, -2.3533248096635333e+01, -6.9424954428706059e+01
6, 5, -3.0471066315209551e+01, -5.5310040530508275e+01
6, 6, -6.5861851157805901e+01, -1.9878995314744266e+01
7, 0, -7.6172793520118063e+00, 0.0000000000000000e+00
7, 1, -4.5040691513363967e+01, 2.6863171438039608e+01
7, 2, -5.7419437345227436e+01, 1.1238805277056159e+00
7, 3, -1.7200317413633336e+01, 6.6716875774028690e+00
7, 4, -7.6446116440047064e+01, -5.1294803221169971e+00
7, 5, 6.5942020256841332e+00, 4.3385471877160882e+01
7, 6, 2.7001907140114096e+01, 5.5360615121103883e+01
7, 7, -5.1504995490422321e+00, 3.8185686576016700e+01
8, 0, -1.1559266938963983e+01, 0.0000000000000000e+00
8, 1, 1.0363440718916541e+00, -8.2389347820891743e+00
8, 2, -4.3936650595616108e+01, -1.1391895218128207e+01
8, 3, 3.2703173355274011e+01, 3.5873867769201070e+01
8, 4, -3.5399058069331019e+01, 7.2593175804105492e+00
8, 5, 7.2847122024143175e+01, 4.9404224121171410e+01
8, 6, 1.1938321922403597e+01, 3.7074949691693348e+01
8, 7, 1.5091474014694873e+01, -3.2660207413102569e+01
8, 8, -2.9888433416115490e-01, 6.8448022973903475e+00
9, 0, 5.2941979368195575e+00, 0.0000000000000000e+00
9, 1, -8.9656031151601034e-01, -5.2654252851616405e+00
9, 2, -2.7998876512920635e+01, -3.7495027067462532e+00
9, 3, 1.7126723117558171e+01, 1.4370479522979062e+01
9, 4, -8.1293324926705761e+00, -3.1592877409226940e+01
9, 5, 3.9129268828614897e+01, 3.3995213341788748e+01
9, 6, -1.2420161930859006e+01, -7.0753344504782945e-01
9, 7, 1.4874453591166443e+01, -2.9615716675766571e+01
9, 8, -3.1939208883926369e+01, 7.4637385378934322e+00
9, 9, 1.9238148324954089e+01, 7.6163074260699428e+00
10, 0, -8.0770312300732741e+00, 0.0000000000000000e+00
10, 1, -1.0630781055463611e+01, -4.4001468067644485e+00
10, 2, -3.6954152798895352e+00, 1.8117796445371173e+01
10, 3, 1.2557546235369134e+01, -5.1183501136590914e+00
10, 4, 2.0022175169104916e+01, -4.7454272559577895e+00
10, 5, -9.8927529897274589e+00, 1.6676290763152782e+01
10, 6, -8.7860056516802754e+00, -2.3048719059049319e+01
10, 7, -6.7672523957740589e+00, 6.3711243635594563e+00
10, 8, -8.8075870364837030e+00, -1.2772484586162978e+01
10, 9, 2.0234113157846544e+01, 1.8110059597046991e+01
10, 10, 5.2775985612040435e+00, -9.6594599576298599e+00
11, 0, 3.7693879324480850e+00, 0.0000000000000000e+00
11, 1, 6.3761441138092732e+00, 1.9731169638638035e+00
11, 2, 3.2012397908730872e+00, 1.6050524565638696e+01
11, 3, 1.7211472970939020e+01, -1.2638531392024625e+01
11, 4, 2.2462963331054848e+01, 1.0418722718530969e+01
11, 5, -1.5725218088585008e+01, -1.3162167034816758e+01
11, 6, 6.3861835293549998e+00, 2.3264820104841846e+00
11, 7, -1.0225372057427418e+01, 9.6549303047956236e+00
11, 8, 1.7624355023076305e+01, -7.8102713165124573e+00
11, 9, 4.4041914772152158e+00, 5.3818188725514506e+00
11, 10, -5.2237268701564599e-01, -2.6347004827708638e+01
11, 11, 1.5760087870517088e+00, 4.9620213068290067e+00
12, 0, -5.2969875246908238e-01, 0.0000000000000000e+00
12, 1, 1.3471139527570143e+01, -5.9686230242975014e-01
12, 2, 2.1281211938815825e+00, -5.2824739219178776e+00
12, 3, 1.5967394842836807e+01, -2.9169619094740069e+00
12, 4, 2.8083492611417276e+00, -2.3119068571959174e+00
12, 5, -5.2945583846026114e+00, -1.1608885798681458e+01
12, 6, 3.6016227103393383e+00, 1.6409051519624949e+01
12, 7, -2.2945546767379050e+00, 3.3723657472853938e+00
12, 8, 1.4418787117133203e+01, 2.1354368664011374e+00
12, 9, -4.9718273014963419e+00, -3.3117208158378961e+00
12, 10, -2.0530733632052973e+00, -1.3246735995792941e+01
12, 11, -8.8973869963067322e+00, 1.9927892093863033e+01
12, 12, 9.0785108498377542e-01, 9.7521716138515913e-01
13, 0, 3.3202645821020376e+00, 0.0000000000000000e+00
13, 1, 6.4095898289458297e+00, 1.2779350095043864e+00
13, 2, -3.4933099774544947e+00, -8.7346595666410494e+00
13, 3, 2.1285706764343049e-01, 2.1676106724263344e-01
13, 4, 1.0036367803629953e-01, -5.4127446563920794e+00
13, 5, -6.7481031711135053e-01, 4.2293230305065457e+00
13, 6, -3.5075424481815713e+00, 1.0491839044647550e+01
13, 7, 6.9540232589103113e+00, -3.4342954501751963e+00
13, 8, 1.8465199954693228e+00, 3.4730538834943464e-01
13, 9, -7.6061830639541057e+00, -5.7360121351541249e+00
13, 10, 2.2846285052915993e-01, 4.9601051519694739e+00
13, 11, -6.6154217947494391e+00, 8.1725008388296008e+00
13, 12, 1.1030861212302000e+01, 3.9024093566344131e+00
13, 13, -5.7694258114382180e+00, -8.1677602894047308e+00
14, 0, -1.8810334035637455e-01, 0.0000000000000000e+00
14, 1, -5.1559979044484967e+00, -1.4244269623908208e+00
14, 2, -2.8393770035941617e+00, 3.2661253728407367e+00
14, 3, -2.5366600754711808e+00, 1.6562063435951015e+00
14, 4, -2.5949042692389330e+00, 7.9225742918744926e+00
14, 5, 3.3083007215315496e+00, 7.2081801862834141e+00
14, 6, 4.2583966909032767e-02, 1.2972124266715879e+00
14, 7, 2.3506363925289273e+00, -1.9262528601198872e+00
14, 8, -6.9097810522811702e+00, -3.4328555280993456e+00
14, 9, -4.7432022043466415e-01, -7.1682801279253354e+00
14, 10, 5.4659484719379225e-01, 1.1497732605134058e+01
14, 11, 5.2326190187704835e+00, -2.1986964129215432e+00
14, 12, 2.5361042505356473e+00, 1.3898659523753225e+00
14, 13, -5.3316203325918554e+00, -1.4601266328472709e+01
14, 14, 1.7848148622739707e-01, 5.0259776124574511e+00
15, 0, -2.5475319999264063e+00, 0.0000000000000000e+00
15, 1, -1.0967146535907866e+00, -2.4370301151707157e+00
15, 2, 2.9131886031647598e+00, 4.3945481906238495e+00
15, 3, 3.1267955256496900e+00, 1.6705702892017840e+00
15, 4, 4.3557388487455944e+00, 5.9097717205961331e+00
15, 5, 5.2912829033716964e+00, 3.4920997963653035e+00
15, 6, 2.8632525905653977e-01, -3.8761319191480923e+00
15, 7, -5.8230972817446549e+00, -2.5730239949977056e+00
15, 8, -6.4932235889617518e+00, -3.5697194119097646e+00
15, 9, -1.9947525520796772e-01, 2.0307875005375640e+00
15, 10, 1.6042390509288771e+00, 1.1045431852798222e+00
15, 11, 4.7325905679739559e+00, -3.5299374704751032e+00
15, 12, -4.0329105961045713e+00, -4.5028054873483452e+00
15, 13, -6.7363875499721626e-01, -4.6904873484263083e+00
15, 14, -1.1392975360158688e+00, 7.7315892361127805e+00
15, 15, 3.3174340014392438e+00, -3.7163758784063450e-01
16, 0, -2.2128543822875506e+00, 0.0000000000000000e+00
16, 1, 1.0957920898234654e+00, 2.7317549593070609e+00
16, 2, 3.7505595514935721e+00, 1.2999480390305687e+00
16, 3, 2.3596409822867588e+00, -2.3315517626008377e+00
16, 4, 4.8006579381448660e+00, 4.6274499655131346e-01
16, 5, 1.9272645940645639e+00, -3.0347760175071961e+00
16, 6, -7.9957666860878929e-01, -1.1175779088157649e+00
16, 7, -2.4234228721085103e+00, -1.2694071528429074e+00
16, 8, -1.4520974239972957e+00, -2.5397785851401142e+00
16, 9, 2.4524594301461495e+00, 4.9102726281552629e+00
16, 10, 3.1332341193110467e+00, -1.4589916915998518e+00
16, 11, -3.2928545974160173e-02, 6.0400176001089290e-01
16, 12, -3.1480662601370017e+00, -3.1954909776892286e+00
16, 13, 5.0167217311383816e-01, 3.2861455261993200e+00
16, 14, 2.6827210111713629e-01, 4.6661542341827760e+00
16, 15, 5.3787487536639365e+00, -1.5725942105767363e+00
16, 16, -9.9715042658913333e-01, -2.5344652406998580e-01
17, 0, 5.3683599254555270e-01, 0.0000000000000000e+00
17, 1, 2.1128023157026727e+00, 2.7932838955847497e+00
17, 2, 1.1718168214881559e+00, 9.0017930719393568e-02
17, 3, 1.0149933362691077e+00, -5.2355338444020294e-01
17, 4, -1.9125239202812896e+00, -6.8493828763360756e-02
17, 5, -2.9227451369016886e+00, -9.0776431367063837e-01
17, 6, -2.5439893521538499e+00, 9.7116730795851314e-01
17, 7, -1.3233479433859516e+00, 1.5231015903678673e+00
17, 8, 1.5011377063895339e+00, 8.3144602350065555e-01
17, 9, 4.5470373695457345e-01, 2.0857174384344561e+00
17, 10, 2.1817629891200845e+00, -9.8821370256705210e-01
17, 11, -1.0062721766624356e+00, 9.5788863397151203e-01
17, 12, -1.5325461628294690e+00, 2.4473218938578603e-01
17, 13, 2.5430028965555933e+00, 3.9091324382640060e+00
17, 14, 1.2264274561672415e+00, 1.9261220908191721e+00
17, 15, 1.3976011317746364e+00, -1.9803694845727182e+00
17, 16, -4.9626035209629134e+00, -2.4778998832720225e+00
17, 17, -7.1481673968894921e-01, -1.3399478896864994e+00
18, 0, 1.1252613325978249e+00, 0.0000000000000000e+00
18, 1, 6.4860350783302656e-01, 2.5448582639582069e+00
18, 2, 1.1227400392912495e-01, -1.1003109160092471e-01
18, 3, 1.3806462271064450e+00, 1.5140326488726021e+00
18, 4, -3.7130608048969456e+00, -6.8389191681951733e-01
18, 5, -8.1595843158421832e-01, 2.5465324310569577e+00
18, 6, -9.4532732816671450e-01, 2.6932892581373977e+00
18, 7, 6.2332937637920938e-01, 6.2925895621034211e-01
18, 8, -4.4773160649407384e-01, 1.2165647839978746e+00
18, 9, -1.1928237087333063e-01, -1.9026091937600778e+00
18, 10, -2.7076588817690364e+00, 6.6696381258232673e-01
18, 11, -1.2846561470276781e+00, 8.8403256713991862e-01
18, 12, -4.1019489473531379e-01, 1.0243687245115307e+00
18, 13, 1.5075962448106133e+00, 8.7675045119847139e-01
18, 14, 1.6234159112302446e+00, -9.5242444342742250e-01
18, 15, -1.8408174441418255e+00, -2.9782567366082322e+00
18, 16, -1.9834699117779446e+00, -6.3778113563277739e-01
18, 17, -8.6255402176955798e-01, 3.9062566552679128e+00
18, 18, -1.5382140851139066e+00, -1.3378585060184269e+00
19, 0, 7.2450011340110143e-02, 0.0000000000000000e+00
19, 1, -2.3587572829963505e-01, -1.5782314640859290e+00
19, 2, 1.2464388110339737e-01, -1.6690398305395762e-01
19, 3, -3.7940087996613220e-02, 6.3325449917471477e-01
19, 4, -7.3943547374007434e-01, -9.1682945203678856e-01
19, 5, 8.2311854707576737e-01, 1.2504057996565270e+00
19, 6, 5.7173264050537631e-01, 8.0048966568594537e-01
19, 7, 1.4763515595720618e+00, -6.6483759712694956e-01
19, 8, -1.4487401397855684e+00, 2.1176128585534021e-01
19, 9, -7.8116851341399129e-01, -1.7382087966303008e+00
19, 10, -1.9921890509608873e+00, -7.8404574415109618e-03
19, 11, 1.6725041920058886e-02, 1.4084916129876413e+00
19, 12, -1.2482693326993383e-01, -1.3652783855256312e-01
19, 13, 8.4591438123008988e-01, -1.0290009932207764e-01
19, 14, -6.0348726925282525e-01, -1.7374169709051259e+00
19, 15, -2.9244358097166772e+00, -1.9437120114563080e+00
19, 16, -1.5106482900814563e-01, 5.9294197185005315e-01
19, 17, 6.3428397139405679e-01, 1.6037611313034037e+00
19, 18, 2.0665510616797689e+00, -2.0587346927444012e+00
19, 19, 1.1359896692359661e+00, 2.5010175254159837e+00
20, 0, -8.3752864613251665e-01, 0.0000000000000000e+00
20, 1, -1.8837254213027299e-01, -1.7354728601040448e+00
20, 2, -1.3786428658888727e-01, 7.1453389897806407e-01
20, 3, -8.4586381059083748e-01, -5.6664613019430821e-01
20, 4, 1.1415443704563260e+00, -4.2816455268344566e-01
20, 5, -5.6063138025290982e-01, 6.5062882836885688e-02
20, 6, -5.3591301852606332e-01, -9.5269244140184384e-01
20, 7, -4.2407101803235536e-02, -6.3198932662610185e-01
20, 8, -8.1184054053285371e-01, -9.1577562520182210e-01
20, 9, -5.5082267014418651e-01, -4.9427136135172928e-01
20, 10, 1.0981786193660699e+00, 1.3004333842065802e-01
20, 11, 4.9808008023829564e-02, 2.6085495558654725e-01
20, 12, 1.6341927458016443e+00, 5.1701460847628256e-01
20, 13, 5.6704463026167107e-01, -9.7773614702381884e-01
20, 14, -1.0080795562358458e+00, -9.5415729795722293e-01
20, 15, -2.3296997652467427e-01, 1.0697658261953427e+00
20, 16, -1.4781856144458522e-01, 4.7863712036795558e-01
20, 17, 1.6213973284349135e+00, 1.2496006586491708e+00
20, 18, -1.4323507178933781e-01, -1.9968656557514004e+00
20, 19, -2.7231351798961267e-01, 5.2866243362299903e-01
20, 20, 1.4114236822425308e+00, -1.5253571257734883e-02
