0, 0, 0.0000000000000000e+00, 0.0000000000000000e+00
1, 0, 0.0000000000000000e+00, 0.0000000000000000e+00
1, 1, 0.0000000000000000e+00, 0.0000000000000000e+00
2, 0, 0.0000000000000000e+00, 0.0000000000000000e+00
2, 1, -7.2529936105689097e-01, -3.8687429257821637e-01
2, 2, 1.0791975209033351e+03, -6.2443831409094037e+02
3, 0, 2.5956024702849999e+02, 0.0000000000000000e+00
3, 1, -9.5805567035844490e+01, -5.4974263213102176e+02
3, 2, 3.2031378651267931e+02, -1.5495351326336794e+02
3, 3, -7.2104733170650604e+02, -4.9487238419622702e+02
4, 0, -1.2013376553968109e+02, 0.0000000000000000e+00
4, 1, -1.2960793710586663e+02, -1.0728451341871407e+02
4, 2, 6.8807881462411643e+01, 2.3418553032925976e+02
4, 3, -2.1508898109817747e+02, 8.9718449930970827e+00
4, 4, -1.9464176709914323e+01, 3.4106755255609175e+02
5, 0, 7.9358597248821710e+00, 0.0000000000000000e+00
5, 1, -2.3970071120897245e+00, -2.2791224499549806e+01
5, 2, 1.0179105811080015e+02, 4.3895142058961255e+01
5, 3, -8.1901594249762610e+01, 3.4560804531915402e+01
5, 4, 1.3909615560215664e+02, 4.6683574887841168e+01
5, 5, 1.2021853607027809e+02, -1.0841490049052112e+02
6, 0, -1.7748110287834063e+01, 0.0000000000000000e+00
6, 1, -6.3178309716361248e+01, 3.3361197227637845e+01
6, 2, -4.9894143030651115e+01, -3.2396338118629728e+01
6, 3, -4.9582470962464583e+01, -1.9965914487933922e+01
6, 4, -2.0023446223056858e+01, -6.1148688920123135e+01
6, 5, -2.3752703842412558e+01, -5.1678165632593497e+01
6, 6, -5.6412024441934577e+01, -1.7099897346894878e+01
7, 0, -2.7194139950954437e+00, 0.0000000000000000e+00
7, 1, -4.2978822138601572e+01, 2.8891112685406110e+01
7, 2, -4.8958811109538033e+01, -2.1989028468229677e+00
7, 3, -1.4459498837522808e+01, 5.3044092633535529e+00
7, 4, -7.2202782301163808e+01, -8.0755776483122794e+00
7, 5, 6.3462776157137979e+00, 4.1211962294527495e+01
7, 6, 2.7222361946499703e+01, 5.1664365389857991e+01
7, 7, -3.3565768106130687e+00, 3.3085868566991948e+01
8, 0, -1.2376877810834468e+01, 0.0000000000000000e+00
8, 1, 5.5325104217263732e-01, -5.8093565148924355e+00
8, 2, -4.1176737501527001e+01, -1.0500725278717189e+01
8, 3, 3.1303030178282864e+01, 3.4256747257473656e+01
8, 4, -3.2572719289973435e+01, 8.8844672635083484e+00
8, 5, 6.9248891947620208e+01, 4.8187081886227070e+01
8, 6, 9.2246114300278386e+00, 3.3525359714032234e+01
8, 7, 1.4831290891716169e+01, -2.9218571181174045e+01
8, 8, -1.7820552282852944e+00, 6.5622070723676940e+00
9, 0, 4.9065314496902408e+00, 0.0000000000000000e+00
9, 1, 5.9772225598970685e-01, -7.8573288299675657e+00
9, 2, -2.7409981940616483e+01, -2.7890110847273482e+00
9, 3, 1.5626656767807663e+01, 1.2444401408207922e+01
9, 4, -8.0958284128250249e+00, -2.9628580784642281e+01
9, 5, 3.5696117007462874e+01, 3.2639226970841406e+01
9, 6, -1.0994878942883645e+01, 1.4141157928946839e+00
9, 7, 1.4511023220660373e+01, -3.0280641896810547e+01
9, 8, -3.1616157075437417e+01, 7.9105677934987346e+00
9, 9, 1.7339722719379338e+01, 6.1195876015237047e+00
10, 0, -6.9293521193908081e+00, 0.0000000000000000e+00
10, 1, -9.2226404572379899e+00, -4.3164163311408217e+00
10, 2, -4.1907801966872951e+00, 1.7156728313685367e+01
10, 3, 1.3378683656803968e+01, -4.4445292157359990e+00
10, 4, 1.9020356604130892e+01, -5.6292007813070128e+00
10, 5, -9.9565787867738820e+00, 1.5679419834380687e+01
10, 6, -7.9174922956859017e+00, -2.2773893940998484e+01
10, 7, -6.7181350879023558e+00, 5.3188727656592265e+00
10, 8, -8.3467652958482006e+00, -1.1988081260597637e+01
10, 9, 1.8499134707539227e+01, 1.6056226397760000e+01
10, 10, 5.1545682948200557e+00, -8.6507009881991586e+00
11, 0, 3.6299252759812748e+00, 0.0000000000000000e+00
11, 1, 5.1999731770667790e+00, 1.6897071809769673e+00
11, 2, 2.8583224499128219e+00, 1.5813807887157143e+01
11, 3, 1.6349594080652139e+01, -1.2497101484664238e+01
11, 4, 2.1662740247815453e+01, 1.0266584532319641e+01
11, 5, -1.4512477373828011e+01, -1.2752390526817997e+01
11, 6, 6.6785362094260741e+00, 2.7144790475212486e+00
11, 7, -1.0004411019852887e+01, 8.8281210925780975e+00
11, 8, 1.7131808290898849e+01, -6.9692033351442335e+00
11, 9, 3.9742839112899273e+00, 5.0812626009462578e+00
11, 10, 2.5564628853642812e-01, -2.5099330332341673e+01
11, 11, 1.6880667589987430e+00, 4.8474165677110790e+00
12, 0, -5.8571161905306202e-02, 0.0000000000000000e+00
12, 1, 1.3076424018916871e+01, -7.9279303112510691e-01
12, 2, 2.2355586859124723e+00, -4.9356168252861572e+00
12, 3, 1.5275008878417989e+01, -2.6824165364388217e+00
12, 4, 3.0076345725545011e+00, -2.3913702926942006e+00
12, 5, -4.5544350017449107e+00, -1.1203870069501622e+01
12, 6, 3.2811274541829567e+00, 1.5385365873773690e+01
12, 7, -1.7788947841134721e+00, 3.6307441429505718e+00
12, 8, 1.3157107135753570e+01, 1.6304600839870389e+00
12, 9, -4.2091861174669045e+00, -2.7928848676503342e+00
12, 10, -1.3255026946532791e+00, -1.2288148335475748e+01
12, 11, -8.3813104645835423e+00, 1.9369648845816865e+01
12, 12, 1.0273969953133120e+00, 9.3055872793573302e-01
13, 0, 2.9579144040329304e+00, 0.0000000000000000e+00
13, 1, 6.3710466083578527e+00, 1.8642498248091797e+00
13, 2, -3.6795552199632384e+00, -8.5464239582696777e+00
13, 3, 6.2283882111912447e-01, 5.6704439399207041e-01
13, 4, 4.1535844125339194e-01, -5.0147813531911911e+00
13, 5, -7.6510184432424611e-01, 4.1527719979363598e+00
13, 6, -3.9550309015291747e+00, 1.0428391000994262e+01
13, 7, 6.6444158350931044e+00, -3.2519922058385133e+00
13, 8, 1.7154300934915681e+00, 3.8804784713253826e-01
13, 9, -6.8043402301226141e+00, -5.1835807640393465e+00
13, 10, -1.3725489266368296e-02, 4.5679065181049552e+00
13, 11, -6.2696835127098787e+00, 7.9532061801475216e+00
13, 12, 1.0130057215231867e+01, 3.7325759416293778e+00
13, 13, -5.8835335225061787e+00, -7.8590422631884227e+00
14, 0, 2.2548253635940219e-01, 0.0000000000000000e+00
14, 1, -4.8306051217840764e+00, -1.1849894063930568e+00
14, 2, -2.6083442981431855e+00, 2.9930353849344922e+00
14, 3, -2.2952781738684704e+00, 1.4487591354300693e+00
14, 4, -2.6539870841316588e+00, 7.7122906101855246e+00
14, 5, 3.1434828479272841e+00, 6.8839532729290793e+00
14, 6, -4.8123356021187669e-02, 1.3715990732539947e+00
14, 7, 2.0505067073821159e+00, -1.8636906788632652e+00
14, 8, -6.7557122421876254e+00, -3.4036267227936206e+00
14, 9, -2.3812652161368919e-01, -6.5611666637337871e+00
14, 10, 6.6692968017095455e-01, 1.0911704348867330e+01
14, 11, 4.6618291950194468e+00, -2.2964055575457949e+00
14, 12, 2.2624243511406172e+00, 1.1529566790786365e+00
14, 13, -5.0331969708339379e+00, -1.3779496059135344e+01
14, 14, 2.7482906324215545e-01, 4.6938561545722575e+00
15, 0, -2.3232868579091592e+00, 0.0000000000000000e+00
15, 1, -9.7276456274355194e-01, -2.4866261443166295e+00
15, 2, 2.9202089498085462e+00, 4.0938825010520281e+00
15, 3, 2.9090411646999161e+00, 1.5539679344278952e+00
15, 4, 4.1284446841686719e+00, 5.7731413826728151e+00
15, 5, 4.9363292855698013e+00, 3.4370700689560887e+00
15, 6, 2.5287448238368748e-01, -3.6833091112947844e+00
15, 7, -5.5648130641828208e+00, -2.5170751927263697e+00
15, 8, -6.0456091082793098e+00, -3.5270861758497634e+00
15, 9, -6.0408829807632491e-01, 1.8771191795492459e+00
15, 10, 1.6500484037881487e+00, 1.0780311873397288e+00
15, 11, 4.4953769440496281e+00, -3.3593281472990304e+00
15, 12, -3.4340816950938291e+00, -4.2485668549517008e+00
15, 13, -5.5427735111901488e-01, -4.5259691123334749e+00
15, 14, -1.0367926815032700e+00, 7.2232987152521888e+00
15, 15, 3.4032315961594040e+00, -2.7149537800776768e-01
16, 0, -1.8912587029598753e+00, 0.0000000000000000e+00
16, 1, 1.0160061831868701e+00, 2.5642714270633187e+00
16, 2, 3.8174227193830403e+00, 1.4074865002977650e+00
16, 3, 2.1546280015162376e+00, -2.2383214004027541e+00
16, 4, 4.7164894724035218e+00, 4.7600115368211449e-01
16, 5, 1.8582301836954676e+00, -2.8775729079290002e+00
16, 6, -7.7066214272852473e-01, -1.0518181156104207e+00
16, 7, -2.3853801803159502e+00, -1.1345987392217587e+00
16, 8, -1.4265007376766654e+00, -2.5169104542935967e+00
16, 9, 2.4512929462026807e+00, 4.6723430362873861e+00
16, 10, 3.0699856915811630e+00, -1.3212548585909785e+00
16, 11, -1.0864682312664453e-01, 3.6571595250571609e-01
16, 12, -3.1986409163171468e+00, -2.9768354971987572e+00
16, 13, 5.1015123397444295e-01, 3.1590384256733186e+00
16, 14, 1.2959207031664455e-01, 4.3871247845239809e+00
16, 15, 5.2978563066155839e+00, -1.4715537940893166e+00
16, 16, -9.2824545008143589e-01, -1.6484970703723434e-01
17, 0, 5.7102864253822083e-01, 0.0000000000000000e+00
17, 1, 2.0994610900379818e+00, 2.6429844882980151e+00
17, 2, 1.1684030903753200e+00, 2.3726357291414002e-01
17, 3, 1.1302307179911544e+00, -4.2957910813822620e-01
17, 4, -1.7903520521496179e+00, -8.7570598574749622e-02
17, 5, -2.7364493794218308e+00, -7.6255195193551173e-01
17, 6, -2.3566295780264350e+00, 8.3918305742746757e-01
17, 7, -1.2187244094588896e+00, 1.5389378062794332e+00
17, 8, 1.3947471832319573e+00, 7.7375222871188887e-01
17, 9, 3.4722196356291413e-01, 2.1083754687356588e+00
17, 10, 1.9994959104202834e+00, -8.9710288317460163e-01
17, 11, -8.4108515686103558e-01, 1.1534202425621285e+00
17, 12, -1.5860493599056746e+00, 2.8000761745110236e-01
17, 13, 2.5305459218007647e+00, 3.7817513169788604e+00
17, 14, 1.0931124597466695e+00, 1.7946206071902542e+00
17, 15, 1.2805745760631282e+00, -1.9155754007802366e+00
17, 16, -4.7515033673869045e+00, -2.3441499464625752e+00
17, 17, -7.7548270459028923e-01, -1.2797270009693202e+00
18, 0, 1.0514114192543988e+00, 0.0000000000000000e+00
18, 1, 6.0608306337664564e-01, 2.4800449556169473e+00
18, 2, 4.6055480519547942e-02, -9.2305963110124220e-02
18, 3, 1.3622652072768271e+00, 1.3827658539676870e+00
18, 4, -3.5962253340531785e+00, -6.8528409465329809e-01
18, 5, -7.7905360622248132e-01, 2.4509374932412751e+00
18, 6, -9.1491729710897507e-01, 2.5724410165641034e+00
18, 7, 5.6340330181625387e-01, 5.9228056841276400e-01
18, 8, -4.6884349344459181e-01, 1.1979378116493826e+00
18, 9, -8.2527816293521378e-02, -2.0169566719617076e+00
18, 10, -2.5986843554191559e+00, 7.1760831204996012e-01
18, 11, -1.2660258308576118e+00, 7.8195706150159716e-01
18, 12, -4.1530395622423272e-01, 1.1036912552557885e+00
18, 13, 1.5043432335118787e+00, 8.0028239107928800e-01
18, 14, 1.5849490807813429e+00, -9.4820099847006201e-01
18, 15, -1.8423211443784728e+00, -2.8446217423839766e+00
18, 16, -1.9644512910553977e+00, -5.5985595547298628e-01
18, 17, -9.4034467490919438e-01, 3.6363813734137596e+00
18, 18, -1.4064780962956660e+00, -1.2723362857022993e+00
19, 0, 8.8874650204467359e-02, 0.0000000000000000e+00
19, 1, -2.4045161036883062e-01, -1.4725396348686792e+00
19, 2, 1.0787342216348612e-01, -1.3171171711322677e-01
19, 3, -8.0361017167126680e-02, 5.9317191444725714e-01
19, 4, -7.5898061865840294e-01, -8.8471393263403342e-01
19, 5, 7.5438322867767305e-01, 1.1357743614156135e+00
19, 6, 4.7039861164450980e-01, 8.1941729436742250e-01
19, 7, 1.3670931494784819e+00, -6.3808731970736510e-01
19, 8, -1.3777992251612561e+00, 1.5276472817825820e-01
19, 9, -7.5683309352312567e-01, -1.7354848537119627e+00
19, 10, -1.8846108434121018e+00, -6.3870000138845473e-02
19, 11, 5.0265685817012185e-02, 1.3561091603786757e+00
19, 12, -2.2296856174688373e-01, -1.7296894485983305e-01
19, 13, 8.3829733359445102e-01, -1.4658626401604205e-01
19, 14, -5.9078911581071825e-01, -1.6498116145347721e+00
19, 15, -2.8066787928140937e+00, -1.8967686179844949e+00
19, 16, -1.7897419078190499e-01, 5.9090394646491262e-01
19, 17, 6.5206316026348621e-01, 1.5511707167229312e+00
19, 18, 1.8867356271957016e+00, -1.9687438250977312e+00
19, 19, 1.0593594244200757e+00, 2.3122316635480229e+00
20, 0, -7.8555546043505364e-01, 0.0000000000000000e+00
20, 1, -1.0507847146644722e-01, -1.6692170332273966e+00
20, 2, -1.1666135297988672e-01, 6.8056486656060422e-01
20, 3, -7.1817211951042248e-01, -5.2645134629718071e-01
20, 4, 1.1001647756783708e+00, -3.6850421255779103e-01
20, 5, -5.4503166543256953e-01, 8.3965809930401106e-02
20, 6, -4.9625250825385847e-01, -8.6993581564157807e-01
20, 7, -6.7552493771686484e-03, -7.0631868798392927e-01
20, 8, -7.4825416504923425e-01, -8.6475726630584138e-01
20, 9, -6.0148545232105555e-01, -4.6029558677977850e-01
20, 10, 1.0125050012742263e+00, 1.3327425046811550e-01
20, 11, -4.1650597859987482e-02, 3.1394273723485189e-01
20, 12, 1.6006991589805175e+00, 4.9289568445236220e-01
20, 13, 6.5571514256399621e-01, -9.2050824275617460e-01
20, 14, -9.9412415677730703e-01, -9.6028086738655138e-01
20, 15, -2.2120890713195482e-01, 1.0616720430824498e+00
20, 16, -1.4221879596607587e-01, 3.8473498742904899e-01
20, 17, 1.5774590299316311e+00, 1.2134604868060752e+00
20, 18, -1.4394468688355433e-01, -1.8655801930913536e+00
20, 19, -2.0744111758350736e-01, 5.9972028104440556e-01
20, 20, 1.3416986931569430e+00, 2.4441571871941625e-02
