0, 0, 0.0000000000000000e+00, 0.0000000000000000e+00
1, 0, 8.7940278170853190e+01, 0.0000000000000000e+00
1, 1, 5.1258631348174362e+00, 3.9794730300924101e+01
2, 0, 0.0000000000000000e+00, 0.0000000000000000e+00
2, 1, -1.1588853052209519e+01, -6.2563998948640611e+00
2, 2, 2.0532606908211669e+01, -1.9458945163155505e+01
3, 0, -9.0331997556081891e+00, 0.0000000000000000e+00
3, 1, 1.2466238732001596e+01, 1.9415536685097848e+01
3, 2, 8.5847997460510861e+00, -1.4218505191522878e+01
3, 3, -6.1576627053888089e+00, -2.7826644521823624e+01
4, 0, -7.9599255905297159e+00, 0.0000000000000000e+00
4, 1, 6.9047591252477094e+00, 2.5016945017811034e+00
4, 2, -1.8783416046925804e+01, 3.5443194239455948e+00
4, 3, 1.7808752983514331e+01, -1.6379797738025084e+00
4, 4, 4.8399726405060690e+00, 2.7329140804336287e+00
5, 0, 1.5445150668251140e+01, 0.0000000000000000e+00
5, 1, -4.2663561523250930e+00, -1.4392635189953886e+01
5, 2, 9.4945612105620558e+00, -3.1714666082215484e+00
5, 3, -6.1002288340651649e+00, -1.5069193501700822e+01
5, 4, -5.4806085295310503e-02, 1.9263406596093059e+01
5, 5, 4.5938875623247579e+00, -1.6798181042113458e+00
6, 0, -7.4400833419323318e+00, 0.0000000000000000e+00
6, 1, 3.4461622642335525e+00, 3.8518850807696099e+00
6, 2, 8.3437361440936346e+00, -3.6862862422802634e+00
6, 3, 7.2966374124820179e+00, 3.4565199181177464e+00
6, 4, -3.2838090769426254e+00, -5.6148430022018978e+00
6, 5, -8.5125397284802329e+00, 1.3315847585527389e+00
6, 6, -8.4593219691266057e+00, -2.4099327839249121e+00
7, 0, -9.2871648540601903e+00, 0.0000000000000000e+00
7, 1, 2.4080370461377045e+00, -8.3784264183164492e+00
7, 2, -9.3585099209998663e+00, 6.9112330920309564e+00
7, 3, -3.2432186157418386e+00, 1.9061706273466874e+00
7, 4, 2.5020440591196698e+00, 7.0528719016695511e+00
7, 5, -4.6750713027167545e-01, -1.9201604651013593e+00
7, 6, -4.5475657810603014e+00, -4.8361199855505821e-01
7, 7, -3.0450902431143230e+00, 5.1011579549783450e+00
8, 0, 3.8555115054256697e+00, 0.0000000000000000e+00
8, 1, 1.0273242873841437e+00, -4.6853475428264808e+00
8, 2, 1.7547417909198915e-01, -3.8777198164120996e-01
8, 3, -1.7447750306270302e+00, -1.7134946805036348e+00
8, 4, -1.3459267503564032e+00, -5.1645376248317438e+00
8, 5, -2.7035956857069134e+00, -4.8518407066748157e+00
8, 6, 4.7982799231686535e+00, 2.8641884033213043e+00
8, 7, -1.7575186768354205e+00, -3.2997448417145319e+00
8, 8, 3.7074680417653041e+00, -3.9098451727451111e-01
9, 0, 2.1779197299903480e-01, 0.0000000000000000e+00
9, 1, -4.2582849783610408e+00, 8.5813669145443754e+00
9, 2, 3.1661677468301712e+00, -2.1810860615948005e+00
9, 3, 1.4313502609842523e+00, 3.1731325952925360e+00
9, 4, 1.3255099758211051e+00, -2.6816765070454540e-01
9, 5, 3.2878152648987933e+00, -1.9502649536109919e+00
9, 6, -2.0351108280110686e+00, -6.1451865592979091e+00
9, 7, -1.5325784511645857e+00, 7.1543450862608680e+00
9, 8, 4.6421625913465556e+00, -2.6281932879404111e+00
9, 9, 2.2384577462752313e+00, 3.0879798322165937e+00
10, 0, -2.5066153915041012e+00, 0.0000000000000000e+00
10, 1, -2.9316389390324149e+00, 5.7773602550409653e-01
10, 2, 2.5152926043217700e+00, -1.6710765288306995e-01
10, 3, -5.4531852993306114e+00, -1.3965898562283434e+00
10, 4, -4.0095894092949580e-01, 4.1187547731204894e+00
10, 5, 2.2035393202856408e+00, 2.4908758813698118e-01
10, 6, -1.3632630348933876e+00, 3.6140028626667386e+00
10, 7, 1.1744017152160997e+00, 2.5046329202828259e+00
10, 8, 1.0413692832684307e-01, -2.6575743082490000e-01
10, 9, 2.1878487753259073e+00, 3.7560684095918275e+00
10, 10, -6.1182978669804500e-01, -1.6922337849803757e+00
11, 0, -2.6729902039123332e-01, 0.0000000000000000e+00
11, 1, 3.6569746283171454e+00, 7.7959949788787597e-01
11, 2, 7.5399177659055339e-01, -2.6989324761859197e+00
11, 3, -2.3689365026214970e-01, 2.3217079703493653e+00
11, 4, -1.7278639697767604e+00, -1.7585723249203156e+00
11, 5, -1.6421512990754334e+00, 1.2707810677286646e+00
11, 6, -2.7630959565341531e+00, -2.2367740363570818e+00
11, 7, 1.4128286954632086e+00, 1.3675338445892389e+00
11, 8, -1.9469857903264591e+00, -1.8589241721675656e+00
11, 9, 8.5434361434113038e-01, 6.1652242373049226e-02
11, 10, -3.2785886144694896e+00, 6.7586088308891235e-01
11, 11, -8.5630261492535753e-01, -6.5334534595891258e-01
12, 0, -2.3524121090801198e+00, 0.0000000000000000e+00
12, 1, -1.6137723639621564e+00, 1.2031620343574658e+00
12, 2, -1.1552704714279560e+00, -3.8567619155089750e-01
12, 3, -7.2224488061741310e-01, -4.4104222453678799e-01
12, 4, -1.8294694948627086e+00, 1.0575083866860135e+00
12, 5, -2.4676551866735377e+00, 1.0467316007059373e+00
12, 6, 7.0840018417156203e-01, 9.1295222172677981e-01
12, 7, -2.1029224369176185e+00, -2.2980085825005019e+00
12, 8, 2.7225704716770811e+00, 2.0900583380621458e+00
12, 9, -2.6758600826825503e+00, -1.8398769179298009e+00
12, 10, -3.2930313163730331e+00, -1.4379212254083757e+00
12, 11, -2.8827558063985692e-01, -2.5233228190596897e+00
12, 12, -8.8370229968152114e-01, -3.1541373333961426e-02
13, 0, 1.2251596687281989e+00, 0.0000000000000000e+00
13, 1, -1.8584359429403083e+00, -4.1662283247565970e+00
13, 2, 2.3372244565648357e+00, 1.6653794645358677e+00
13, 3, -2.6897067009750057e+00, -2.3095117865798227e+00
13, 4, -2.0457939011515758e+00, -7.6561807243315760e-01
13, 5, 7.9855760089267869e-01, -8.9962501005151196e-01
13, 6, 4.0112593234898428e+00, -3.0397887142805344e+00
13, 7, -3.0509451213144811e-01, -3.7203363322910521e-02
13, 8, 2.3132769220060700e-01, -3.7439235062341286e-01
13, 9, -2.6261711737315498e+00, -1.6465272195433627e+00
13, 10, 1.4725786444477418e+00, 8.7741558303210820e-01
13, 11, -3.6971282432024299e-02, -1.2823129167149483e+00
13, 12, 2.1339712024081248e+00, -1.9619515460111092e-01
13, 13, 2.6236735278917087e+00, 7.0933504528546676e-01
14, 0, -3.0848094087907834e+00, 0.0000000000000000e+00
14, 1, -4.5637966869518110e-01, -1.2682372203148762e+00
14, 2, -6.4726824204796429e-01, 8.0056404155645322e-01
14, 3, -8.4542941815177519e-01, 9.3270191046064188e-01
14, 4, 1.4723358529248494e+00, -1.5114178478807634e+00
14, 5, -4.2977026340319080e-02, -3.6004808389572207e-01
14, 6, 6.7603485655770279e-01, -1.0785861621727191e+00
14, 7, 1.3673242136440309e+00, 2.8014217001057529e-01
14, 8, 1.5422387965867714e+00, 1.1275715179366075e+00
14, 9, -1.6173239000055801e+00, -1.8162428616935120e+00
14, 10, -1.1341584723594960e+00, -4.8416155593423049e-02
14, 11, 2.3004881074646164e+00, 1.6114447477619511e+00
14, 12, 1.0923291649199798e+00, 1.2625266448219024e+00
14, 13, -1.8128995118415259e-01, -5.3087584373397689e-01
14, 14, -8.0610130957822912e-01, 5.5893330341794334e-01
15, 0, -8.2726855229210572e-01, 0.0000000000000000e+00
15, 1, -6.0422952560812049e-01, 1.5989244366018696e+00
15, 2, -1.4383078366140349e+00, 6.4726514601486507e-01
15, 3, 4.9516312756341918e-01, 2.6692046891103127e-01
15, 4, 1.5466688338912071e-03, -1.5523550644735991e+00
15, 5, 7.1540548440265539e-01, -1.1499328116059140e+00
15, 6, 1.6761839145442051e-01, 8.4096119606135389e-02
15, 7, 4.1045014997441798e-01, 7.0789106218448383e-01
15, 8, -9.8680108487881801e-01, 1.2987542836216162e+00
15, 9, 3.7559977757149019e+00, 4.3238677481100751e-01
15, 10, -1.1716489740858727e+00, -2.8130723828834969e-01
15, 11, -8.6520653404864589e-02, 1.2176077955780529e-01
15, 12, -3.5163882779456213e+00, -1.7599907955781924e-01
15, 13, -7.6235564316315940e-01, 7.2456547363566526e-01
15, 14, -3.9004863639401022e-01, 9.5153555331156658e-01
15, 15, -2.3420329530536459e+00, -7.3093477660765926e-01
16, 0, -2.1690018801026509e+00, 0.0000000000000000e+00
16, 1, 2.2912008757226343e-01, 2.3711291563769588e-01
16, 2, -2.8303978677876387e+00, -1.8780478142162575e+00
16, 3, 8.4644173458903538e-01, 3.2625699597041835e-01
16, 4, -1.8179083685319981e+00, -4.0244942732087202e-01
16, 5, -3.5506627563222726e-01, 4.3435518380813942e-02
16, 6, 1.4439760574345623e-01, -6.7670787690911061e-02
16, 7, 9.6497785055509389e-01, -7.1605796705180547e-01
16, 8, 5.4841671253463009e-01, 1.1920801155992111e+00
16, 9, -1.3734870424293304e+00, -2.4492710892530090e-01
16, 10, -1.0980839685478401e+00, -6.4006088758551272e-01
16, 11, 8.2371191644561070e-01, 2.1923434850674854e+00
16, 12, 2.3167336912957142e+00, -5.1916025702985191e-01
16, 13, -3.7365293180631254e-01, -5.0549245101312312e-01
16, 14, 1.3229680227963581e+00, 3.3003488894898458e-01
16, 15, -2.1794222785476838e+00, -1.8567498901258972e-01
16, 16, -1.6916699896186849e-01, -7.9881681010040351e-01
17, 0, -7.8581452503143856e-01, 0.0000000000000000e+00
17, 1, -1.2600315001437055e+00, -2.2148892164974399e-02
17, 2, -7.4823074262057743e-01, -1.8851390970976039e+00
17, 3, -2.1125527934205102e+00, -8.1116739868498411e-01
17, 4, -2.2351945289223152e-01, 2.8257320756104859e-01
17, 5, -3.3651838719251304e-01, -1.1868251916152595e+00
17, 6, -6.0521698428320181e-01, 9.8015273588508722e-01
17, 7, -4.0355930119901884e-01, -1.2237252849366693e+00
17, 8, 3.0551272592435730e-01, 1.5393322084501415e-01
17, 9, 1.0249759233218974e+00, -1.6877996360289000e+00
17, 10, 7.8648130030283947e-01, -4.6222059957316919e-01
17, 11, -1.3678612569506636e+00, -3.0688951450832631e+00
17, 12, 1.6968003599362025e+00, -6.0217218261766436e-01
17, 13, -1.5612082963075022e+00, -1.0588829511615443e+00
17, 14, 8.2443814095994128e-01, 3.2994223398709011e-01
17, 15, 5.0714346163018131e-01, 5.3317586532661609e-01
17, 16, 7.3227224807609526e-01, 1.4437625871319915e-02
17, 17, 1.2338945879108902e+00, 1.5779952531604979e-01
18, 0, 1.5549437701946200e-01, 0.0000000000000000e+00
18, 1, 8.8956362484787999e-02, -1.1126046235594327e+00
18, 2, 8.5865769892154709e-01, -1.6569346033075211e-01
18, 3, -8.4404598917296081e-01, 6.6627798174975172e-01
18, 4, 1.3042780293946790e+00, 5.6848246429363447e-01
18, 5, 1.2573064414634905e-01, -6.7294007231647313e-01
18, 6, 3.2254569003062944e-01, -4.2884771664738297e-01
18, 7, 3.5859814205382101e-01, 2.5071402541412380e-02
18, 8, 6.6158635188676518e-01, -7.0891561171714512e-01
18, 9, -4.3090713093148869e-01, 3.1642993405938387e+00
18, 10, 6.1048763834749109e-01, -1.2605411055312092e+00
18, 11, 7.6348250010033358e-01, 7.5336652043369190e-01
18, 12, 4.0220692336072950e-01, -1.9580780180898560e+00
18, 13, -1.1626086675696883e+00, 3.9233035826093043e-01
18, 14, -7.5099823147114453e-01, 7.0341248935709511e-01
18, 15, 1.4980283389069915e+00, 4.7421936990010827e-01
18, 16, 1.3184245853647738e+00, -6.0487923896344820e-01
18, 17, 1.8063423448305369e+00, 7.3335945018988724e-01
18, 18, -6.5360463422347670e-01, 1.3433637480306737e-01
19, 0, -3.3890934315662802e-01, 0.0000000000000000e+00
19, 1, 2.9914875091755933e-01, -2.4032843679826299e-01
19, 2, 1.5752027055644771e-01, -4.2039755848114546e-01
19, 3, 7.3372296326056674e-01, 5.8181308087351002e-02
19, 4, 1.0233202680430282e+00, 3.4201834397902697e-01
19, 5, 3.4922785156432345e-01, 6.9852557374967539e-01
19, 6, 1.1239992729747046e+00, -1.0711149772398201e+00
19, 7, 3.9569118890361632e-01, 1.9107751634194248e-01
19, 8, 2.0832128571933684e-01, 7.6933716006933528e-01
19, 9, 3.4121405242590469e-01, 1.6050653413566094e+00
19, 10, 1.2156448378898177e-01, 9.2897849177359182e-01
19, 11, -5.6752913630834689e-01, -4.7535552395034941e-01
19, 12, 1.7326507785939649e+00, 7.2894800452573361e-01
19, 13, -6.7764193434403730e-01, 8.1619122847068304e-01
19, 14, 3.6396518126792837e-01, 2.0824093602228477e-01
19, 15, 8.3901693523096399e-01, 1.0728321603574682e+00
19, 16, 6.0242173576890534e-01, -5.2928650257083765e-01
19, 17, -8.9446766726179283e-01, -6.5728034157086956e-01
19, 18, 9.9596252759239734e-01, 4.7399286860318557e-01
19, 19, 1.8210841512377418e-01, 7.3111677272976960e-01
20, 0, -3.8723851646360385e-02, 0.0000000000000000e+00
20, 1, -1.3516814772314039e+00, 6.9697641068926441e-01
20, 2, -2.4358714220843647e-01, -1.6148764477545152e-01
20, 3, -1.4495392393129822e+00, -1.2056388614278568e-01
20, 4, -4.9974287035333309e-01, -6.4042057081760262e-01
20, 5, 3.3400423209957936e-01, -4.2724879440460273e-01
20, 6, -1.4489187539322279e-01, -4.8736819523470243e-01
20, 7, -6.2126905581720271e-01, 2.1004126854160159e+00
20, 8, -2.8524392073213556e-01, 6.6636140091614005e-02
20, 9, 1.5658214798970360e+00, -8.4812682051476407e-02
20, 10, 3.7947661976431091e-01, -2.0593848926634889e-01
20, 11, 1.6596756733560452e+00, -1.2872242634491498e+00
20, 12, -1.1982508810093049e+00, -1.2547524972994611e-01
20, 13, -2.2968020637860591e+00, 1.9423073655496337e-02
20, 14, 8.6492930285158354e-01, 1.1812528697566749e+00
20, 15, 3.9792600059094518e-02, -1.0438092254329665e+00
20, 16, 6.0181845168149464e-02, 1.2262291156937153e+00
20, 17, -9.8805545346672208e-01, -7.1877821874419401e-01
20, 18, 1.7339413673600304e-01, -2.3053798773491030e-01
20, 19, -9.1235996666054109e-01, -1.9235720172578541e+00
20, 20, -2.6974106334250902e-01, -7.2745043169429435e-01
21, 0, -7.2503509656734166e-01, 0.0000000000000000e+00
21, 1, -3.9429415460195494e-01, 5.9289962714689337e-01
21, 2, 1.1319101367802618e+00, -2.8877790020824268e-01
21, 3, 3.8268979529998026e-01, -4.1628307637206896e-01
21, 4, 3.2022309806899019e-02, -3.5606022244558472e-01
21, 5, 6.8345296356558172e-01, -4.5139586848229751e-01
21, 6, -1.9663651493716267e-02, -9.9374765517617791e-01
21, 7, -8.0357068532221465e-02, -5.5547160728369271e-01
21, 8, 4.5602700936230212e-01, -3.4340117492265532e-01
21, 9, -1.4269922935307351e+00, 7.2910296497199112e-01
21, 10, -5.0787802012261185e-01, 1.4219691701377415e+00
21, 11, -1.4482652300217058e+00, -1.7854600217465841e+00
21, 12, -4.1723933538570057e-01, 7.2648754156422402e-01
21, 13, -3.7072070559882042e-01, -7.5274821805379122e-01
21, 14, -8.8006486531996386e-02, -6.0984711905215139e-01
21, 15, -7.9922724523650679e-02, 8.8800309480506989e-01
21, 16, -3.3179762057468476e-01, -1.5210368508568612e+00
21, 17, -8.1790454353474618e-01, 1.6142012950818097e-01
21, 18, 2.3595991226709023e-01, -5.5768501836481299e-01
21, 19, -1.3081779019495741e+00, -6.8599205432690136e-01
21, 20, -1.5669262910288200e+00, -1.1198086894630457e+00
21, 21, 9.4070060020121971e-01, 1.6010972775890870e+00
22, 0, -2.1703480583333556e+00, 0.0000000000000000e+00
22, 1, -5.9214160950354744e-01, -1.2274839026853619e+00
22, 2, -9.7247641783181349e-01, 4.0876959032134669e-01
22, 3, -5.0296731203606848e-01, -6.1491618171594853e-01
22, 4, 8.8604252626652713e-01, 6.2146583647231068e-01
22, 5, -1.7451439048646961e-01, 3.8351093734883790e-01
22, 6, 8.1936162896387321e-01, 1.1522770185037623e+00
22, 7, -1.0682797299082636e-01, -9.1500993734012748e-01
22, 8, 5.1673392708592791e-01, 3.4888033142187358e-01
22, 9, -7.4898961750313087e-01, -1.5174635506507934e+00
22, 10, -3.0606370901593616e-01, -9.0441794115397744e-01
22, 11, -1.6925314651960413e+00, -1.2732127436845890e+00
22, 12, -1.8425396970639585e-01, 1.0342421508044080e+00
22, 13, 1.6335537170612757e-02, 1.3590675958002918e-01
22, 14, 6.4569844296009571e-01, 3.9572276675541573e-01
22, 15, 3.1431071966879998e-02, -3.3574868536454394e-01
22, 16, -2.8329303575718268e-01, 3.7069672312163959e-01
22, 17, 1.3665436735888616e+00, 7.0063342046102450e-01
22, 18, -2.0690044018166193e-01, -7.6923241067463999e-01
22, 19, 8.1320320489366793e-01, 5.6797873813358990e-01
22, 20, -9.7988393686986797e-01, 6.5918040111992582e-01
22, 21, 1.2465394718614116e+00, 1.0696089086674558e+00
22, 22, 6.7420298720235450e-01, 1.4776543779376361e-01
23, 0, 5.9601205161668058e-01, 0.0000000000000000e+00
23, 1, -1.4533941751419510e-01, -4.7544642804008896e-01
23, 2, -2.4046998659601659e-01, -3.8610525579712895e-01
23, 3, 7.3050012134261355e-01, -6.0031158224505587e-01
23, 4, -8.1225296623261367e-01, -2.4113741923766341e-01
23, 5, -5.6004974709516020e-01, 2.0126864918932996e-01
23, 6, -2.9344431786485936e-02, -5.9680500344320664e-01
23, 7, 6.0858174379004226e-01, 1.4747306035389678e+00
23, 8, 8.7959030336699517e-01, -5.0376958722413512e-01
23, 9, 2.0186838884663333e-01, 7.6509307121988845e-01
23, 10, -4.4187251999698729e-01, -2.4429290656493707e+00
23, 11, -8.4007997920047917e-01, 9.3014275697297166e-01
23, 12, -3.1771216948413600e-01, -1.6303861025260808e+00
23, 13, -3.9571728702317177e-01, 1.1059423269419910e+00
23, 14, 5.1756767679937143e-01, -1.6021987771915476e+00
23, 15, -2.0797354409676261e-01, 1.1297242942377628e+00
23, 16, 1.5207323909584725e-01, -7.7564407223560838e-01
23, 17, 2.9341637527204223e-01, 1.0564544490182382e-01
23, 18, -1.9647548167846385e-01, 3.9916952141634798e-01
23, 19, 1.3883462221797971e+00, -2.6677578821301057e-01
23, 20, -1.0642448888821998e+00, 1.0855949577631725e+00
23, 21, 4.0891414717277863e-01, 3.8800434021788055e-01
23, 22, 7.1675540641517699e-01, 1.1059252775441377e+00
23, 23, -7.5916404397363224e-01, -6.0971638424053776e-01
24, 0, -8.9543153781206164e-01, 0.0000000000000000e+00
24, 1, 6.0619951231179869e-01, 1.2102182677479456e+00
24, 2, -4.4322056891926132e-01, -1.0155338502596254e+00
24, 3, 9.9349166753631757e-01, 8.0116896430084195e-01
24, 4, -8.9171073542053203e-01, 6.4569544334880757e-01
24, 5, 8.8181033214455096e-01, -1.0068552306034007e-01
24, 6, 9.3931189836325168e-01, -9.0504402595182709e-01
24, 7, -5.0681174631236980e-01, 2.7131941531639470e-01
24, 8, -1.8868700565017493e-01, -8.6907358541162161e-01
24, 9, -4.1255666906224731e-02, 1.0216263981275220e-01
24, 10, -3.2741170995813740e-01, 9.1359916200534164e-01
24, 11, 1.2834097578694817e-01, 5.2459472331444468e-01
24, 12, -7.0603195012407372e-01, -9.2214099019193307e-02
24, 13, 1.3075385229257654e+00, -3.7507154450031402e-02
24, 14, 6.4797857031974396e-02, 2.7157100161211756e-01
24, 15, 6.0209785693287743e-01, -4.9522530258143616e-01
24, 16, 1.5497201408726946e-01, 5.2453576958686665e-01
24, 17, -4.5246774333744988e-01, 3.0819870968549434e-01
24, 18, 5.4765632987205670e-01, -1.5437677900371369e+00
24, 19, -1.5258245804836728e+00, 2.4282770504914231e-02
24, 20, -8.4515546897632066e-01, 4.8559153743188732e-01
24, 21, 5.5660417015687613e-01, -1.0002725445848339e+00
24, 22, -3.5412307555819322e-01, -2.9774390855512944e-01
24, 23, -4.8543664166800227e-03, -4.2655541985472301e-01
24, 24, 3.0202720212163059e-01, -2.7918092469247935e-01
25, 0, 8.9123142092388918e-02, 0.0000000000000000e+00
25, 1, -6.7617997848153766e-01, -2.6973137674582226e-01
25, 2, -5.8057369494622957e-01, -6.3892132179555672e-01
25, 3, -5.5509866371796179e-01, -2.5145844622724817e-01
25, 4, -8.9019074596461323e-01, 5.4588728650202178e-01
25, 5, -2.0459124286999852e-01, 1.3248564230710169e-01
25, 6, -3.7445185633365319e-01, -4.6850006486861528e-01
25, 7, -9.3177283075977657e-01, 9.5714660996149026e-01
25, 8, -6.5719191382566522e-01, 4.0069070485144553e-01
25, 9, -4.8927245142687370e-02, 8.0088423269263687e-02
25, 10, -9.2024666181049586e-01, 2.9304295759282706e-01
25, 11, -1.0463593828923488e+00, 3.5464361949784928e-01
25, 12, -2.4965469417101094e-02, -6.7988188085273815e-01
25, 13, 4.4661225098295126e-01, 1.3072111918435958e-01
25, 14, -1.0648277899832431e-01, -5.3895253056150061e-02
25, 15, 3.8050993799569799e-01, 6.7980490350957556e-01
25, 16, -4.0502287548089211e-01, 8.7395347285684655e-01
25, 17, 3.9111329444311282e-01, 6.8457499243894215e-02
25, 18, 7.4505156294766639e-01, 5.4045890317093093e-01
25, 19, -4.1304242153215931e-02, 5.9483476132864199e-02
25, 20, -6.2058614973197823e-01, -1.3942922604155417e-01
25, 21, -5.0032098880240650e-01, 1.3956827876039912e+00
25, 22, -4.4095605306637808e-01, -1.3465270184737284e+00
25, 23, -2.3329935298476023e-01, 7.7700271140237365e-01
25, 24, -9.2224403371602759e-01, -3.2923823535645824e-02
25, 25, 2.8405765949363437e-01, -1.3591422069859815e-01
26, 0, -1.4695226809135582e+00, 0.0000000000000000e+00
26, 1, 7.7537930203245942e-01, -6.5768262046076753e-01
26, 2, 3.2468411773774175e-01, -4.7820245852372589e-01
26, 3, 1.2451621394498091e+00, -1.0852253053250227e-01
26, 4, 1.3323416307878322e-01, -9.3247447684065810e-01
26, 5, 2.2479926392251059e-01, -1.1527738796667442e+00
26, 6, -4.2679634337177563e-01, -7.8947664105971371e-01
26, 7, -2.7518471243468001e-01, 4.7778463661607207e-01
26, 8, -1.1103623093972406e+00, 1.3780017218158824e+00
26, 9, 1.8593001903323092e-01, 4.8193858928424316e-02
26, 10, -7.1190700501005777e-01, 2.9244186722653898e-01
26, 11, -4.1424431997677447e-01, 8.5979676915316716e-02
26, 12, 2.8664770620388913e-01, -8.2902852999409271e-01
26, 13, -3.9061040721765339e-01, 2.3374720010699745e-01
26, 14, -1.6114713484316801e-01, 4.0658254143722372e-01
26, 15, 1.3408818898582170e-01, -2.5326986934721574e-01
26, 16, 2.6802253737530846e-01, -3.0264512395794863e-02
26, 17, -8.3659583888043398e-01, -5.0601795269414640e-01
26, 18, -7.9324125637166620e-02, -1.0737889108600287e+00
26, 19, 2.0065523757561737e-01, 1.1924913488982296e+00
26, 20, 1.4641938196519211e-01, 1.0348919252588384e-01
26, 21, -3.1448073229757867e-01, 5.0788646733804832e-01
26, 22, 7.9637809292398298e-01, -1.2400047454024032e+00
26, 23, 7.7517017505366326e-02, 7.5777867986327963e-01
26, 24, 9.5445174622051976e-01, -3.3403370982513847e-01
26, 25, 1.1955508637651024e-01, -1.6701189930151972e-01
26, 26, -1.1948723123460281e-01, 2.9434448025839433e-01
27, 0, -9.2343429329216165e-01, 0.0000000000000000e+00
27, 1, -1.9824470810824629e-01, 2.8903094207987146e-01
27, 2, 1.9743391748660122e-01, 8.6878069916691725e-01
27, 3, 9.1942807476607102e-02, -2.6646479456360050e-01
27, 4, 4.2965572109383166e-01, 3.7165808336880835e-01
27, 5, 3.8521432843230785e-02, 6.1566929511949708e-01
27, 6, 1.0099910307667823e+00, -1.6338165519462011e-01
27, 7, -5.4005914222790541e-01, -3.1979685484478571e-01
27, 8, -4.4429745230621953e-01, 7.8675975526519926e-01
27, 9, 1.0457711038592532e+00, -9.4102069024730395e-01
27, 10, 7.9821301688587343e-01, -1.9272546193578677e-01
27, 11, -2.3691536975880823e-01, 3.2296252910379808e-01
27, 12, 5.1534013998364803e-01, -1.0189173867239023e-02
27, 13, -4.5231631822792667e-01, 7.6808706891243417e-02
27, 14, 1.3658153984882508e+00, 2.6283459139915538e-01
27, 15, 3.8575377814673767e-01, 3.1324640927814118e-01
27, 16, 4.7370815689976342e-01, -7.7776140258958271e-01
27, 17, -2.0487396177241735e-01, 1.1225401766039176e+00
27, 18, 3.0969750752740466e-01, 3.7697131137585760e-01
27, 19, 4.8504456486437819e-01, -5.9241335333449219e-02
27, 20, -8.9543911665218601e-01, 1.7541673997381102e-01
27, 21, 4.5838516397000206e-01, -2.4195205113838369e-01
27, 22, 9.8180648295551398e-02, 1.2350644075656581e-01
27, 23, 8.9533602244389887e-02, -5.1058564484852786e-01
27, 24, 4.8823272145030744e-01, 8.2572516365139881e-01
27, 25, 1.3065108408115755e-01, -3.4802115828458291e-01
27, 26, 3.2599762903981966e-01, 1.0060205841147347e+00
27, 27, -1.1022940725984176e-01, 1.6821051718231850e-01
28, 0, -4.7382959899223032e-02, 0.0000000000000000e+00
28, 1, 1.7679687137719069e-01, -2.4531284328747072e-02
28, 2, 4.4757806310961268e-01, 2.9081050854521440e-01
28, 3, -1.5726998061384845e-01, -8.0855403036000895e-01
28, 4, -5.2645164004814493e-01, 1.0697956403263857e+00
28, 5, -4.5468749357393290e-01, 1.2440265407973738e+00
28, 6, 4.0360782498080816e-01, -2.3113083521393407e-01
28, 7, -5.3050133758044704e-01, 1.3276807710432972e+00
28, 8, -4.3938870978337974e-01, -5.3138852416229221e-01
28, 9, -2.2574537226169933e-01, 5.9238702682512745e-01
28, 10, -2.0974900788941447e-01, -9.3057235745120681e-01
28, 11, -3.0356095467535371e-01, 2.5968577277217686e-01
28, 12, -3.1724983093207559e-01, -3.6700364163182075e-01
28, 13, 9.4368813666531048e-02, 6.0523359954039557e-01
28, 14, 9.1680804385931558e-01, 7.0240712699415186e-01
28, 15, -2.1829660450561944e-01, 4.7103372326118897e-01
28, 16, 1.1292291600468884e-01, 5.3476773107669195e-01
28, 17, -1.0138936992492129e+00, 9.0715450384642704e-01
28, 18, 2.5309069702115727e-01, 2.0111119226505170e-01
28, 19, 7.7195723223683876e-01, 4.9567208378200145e-01
28, 20, -2.3896664253841959e-01, -2.3388357293932849e-01
28, 21, -5.9883531626683406e-01, -1.9859540417911103e-01
28, 22, -6.1482820158644813e-02, -6.6891439647579487e-03
28, 23, -9.9921727178477582e-02, 3.0096043282251750e-01
28, 24, 4.1948547662667313e-01, -1.0291165092822585e-01
28, 25, -2.3656458003538094e-01, 1.7602316342806590e-01
28, 26, -6.5935599619041363e-01, 8.0024607596722674e-01
28, 27, -5.3189460700612279e-01, 4.2959170909701561e-01
28, 28, -1.8769317500169769e-01, -1.9902860825751567e-01
29, 0, 4.0369544801137647e-01, 0.0000000000000000e+00
29, 1, -6.0571273748903076e-01, -1.8839122349065307e-01
29, 2, 1.1142534364235150e+00, 1.6026122268731841e-01
29, 3, 1.0070585640527668e-01, -5.7138354898741350e-01
29, 4, 3.4961519767211913e-01, 9.4669647458050021e-01
29, 5, -7.4397530831908587e-02, 2.2704343502077617e-01
29, 6, 2.5812291974146362e-01, 9.1092732533372589e-01
29, 7, -3.7855461265592738e-01, 1.7466707748337551e-01
29, 8, -1.4954342627137687e-01, -6.8742473769487722e-02
29, 9, 4.7992606839679303e-01, 7.6248419584870675e-01
29, 10, 4.5696775916108895e-01, -8.6461351174170842e-01
29, 11, 1.1265959104503558e+00, 5.6824790245036916e-01
29, 12, -7.2693191306112237e-01, 9.4117537141311380e-02
29, 13, 7.3625186001011156e-01, -5.9474154601455664e-02
29, 14, -9.1040788438298792e-01, 1.5997151024163858e-01
29, 15, 6.1868624246819492e-01, -6.9724070289034823e-02
29, 16, -3.9126864332245570e-01, 3.2305977888440340e-01
29, 17, 5.3628488225059867e-01, -2.9106583238753320e-01
29, 18, -5.6394827596258468e-01, 1.3801520549939950e-01
29, 19, -2.3351056096147582e-01, -2.6299147684217961e-01
29, 20, 1.0882864882921228e-01, 4.4880378638219653e-01
29, 21, -3.8171476510157953e-02, 8.9172988256975227e-01
29, 22, 8.3635240527240073e-01, 3.8276847963358085e-01
29, 23, -2.8571810211959547e-01, 1.9142453321945530e-01
29, 24, 4.8832428872385214e-01, -4.8706262381397192e-02
29, 25, -7.0053474137913030e-01, 5.3072738410351583e-01
29, 26, -8.4895663948112057e-02, -1.6784385490835518e-01
29, 27, 8.3272863250704710e-02, -8.5610041117474278e-03
29, 28, 1.8324049231630313e-01, -7.8246010270254651e-01
29, 29, -2.2119935148469438e-02, 2.8087562551763356e-01
30, 0, -3.9792107924415904e-01, 0.0000000000000000e+00
30, 1, -3.0308398184185104e-01, 1.4302127936615305e-01
30, 2, -6.1888331229277149e-01, 2.2709715050364532e-01
30, 3, -2.7836306353354778e-01, -5.8660697462136402e-01
30, 4, -5.1922847988372878e-01, 7.3693633884737175e-01
30, 5, -2.4434972490786566e-01, -5.6154075156885752e-02
30, 6, 5.0402637403931805e-01, 5.1588478312018116e-01
30, 7, 4.0384942379978472e-01, -3.6198316153238219e-01
30, 8, -2.4759224666254187e-01, 7.2120500821068034e-01
30, 9, -5.7527430899534748e-01, 9.4638350106516356e-01
30, 10, 1.5264464340706821e-01, -5.7420904831926600e-01
30, 11, 2.0449429251853224e-01, 3.3534528900510630e-01
30, 12, -3.2260883503691895e-01, 3.4390419089610896e-01
30, 13, 1.0845757036443932e-01, -3.3416648264573146e-01
30, 14, 1.0172798442466535e-01, -1.2581130231828992e+00
30, 15, -7.0038848320848501e-02, 1.6963746323859488e-01
30, 16, -7.3945048960573312e-01, -4.6407430555150059e-01
30, 17, 6.1161901287539289e-02, 3.9407858206022195e-01
30, 18, 1.9614777965143709e-01, -6.0916911195906431e-01
30, 19, 8.4638987353917572e-01, 6.0020679665159404e-01
30, 20, 5.8594079973940527e-01, -5.7256613203811146e-01
30, 21, -5.2781868252480213e-01, 2.9947315931347251e-01
30, 22, 6.1122871541698509e-01, 9.1916315160110551e-01
30, 23, 1.0768950237131436e-01, -2.7811717741583430e-01
30, 24, -4.2374423690295671e-01, 8.6908674097476935e-02
30, 25, -6.8093217668012151e-01, -6.0735683823561981e-02
30, 26, 5.2301222682970028e-01, -2.7915624782678905e-01
30, 27, 3.1312028394036018e-02, -6.1144269882287083e-01
30, 28, 1.0262017445243998e-01, -6.6517565446937299e-01
30, 29, -6.8098241251268454e-03, -6.6452013606785698e-01
30, 30, 3.3221803113315951e-01, 5.1964064375349006e-01
31, 0, 4.7425205549471061e-01, 0.0000000000000000e+00
31, 1, 1.0084251582433246e-01, -2.2322398022314349e-01
31, 2, 8.8531464240296009e-02, 7.6944419796748409e-01
31, 3, 3.6718585573674123e-01, 8.8480151176807686e-02
31, 4, -3.5169650447028522e-01, 2.2010972828435255e-01
31, 5, -1.8753832294319117e-01, 3.0587579536931697e-01
31, 6, -3.5458407586541590e-01, -2.3710431358806805e-01
31, 7, -1.7494866332792092e-01, -2.6322595010713878e-01
31, 8, -2.7690296673595488e-01, -5.3111868003584761e-01
31, 9, -5.5007291538518688e-02, -1.0567474426561235e-01
31, 10, 2.4042729311132160e-02, -7.9754874393420394e-01
31, 11, 1.7480091572078593e-01, 1.5683769638563816e-01
31, 12, -7.3589708940865861e-01, 6.9423543292034473e-01
31, 13, 2.2547227645545839e-01, 2.7171677684792350e-01
31, 14, 3.9799414661653948e-01, 4.8016572873988583e-01
31, 15, -2.5488033015623768e-01, 4.0262133231073860e-01
31, 16, -1.1816772622627902e-01, -2.4520589298498094e-01
31, 17, -4.2499083126585213e-01, -2.6846997112678322e-01
31, 18, 1.7927364347811697e-02, 1.0478727523922553e+00
31, 19, 1.9301669063421631e-01, 4.0946489275512066e-01
31, 20, 3.8291541237760196e-01, 1.2509056414444797e-01
31, 21, 6.1197025205351485e-01, -2.4629353330129419e-01
31, 22, -3.4894537003612280e-01, -6.8577826295922817e-01
31, 23, 5.2826963400246951e-01, 2.7017530600915229e-01
31, 24, 7.0306921959263446e-01, 8.3771101990680275e-02
31, 25, 2.4480952726474650e-01, -2.8426467754492940e-01
31, 26, 1.3993007993971573e-01, -3.7443329125243541e-01
31, 27, -1.5475737023993008e-01, -3.9026720868725345e-01
31, 28, -2.8173859896280407e-01, 1.2262011440476288e+00
31, 29, -1.4509495291542418e-01, -2.6611765758373918e-01
31, 30, -2.8723212069625637e-02, 6.8689904759914033e-01
31, 31, 8.5266884766193596e-01, -9.4654322916282274e-01
32, 0, 3.5183673405185767e-01, 0.0000000000000000e+00
32, 1, 3.8445520418574269e-01, -4.8170069106464897e-01
32, 2, 8.5196838772786576e-01, 1.2681228795065591e-01
32, 3, -5.7160995131156245e-01, -8.3612053338721837e-01
32, 4, 2.7026282549971103e-01, 7.2859968284439025e-02
32, 5, 1.4695430259264902e-01, 2.3939131206562664e-01
32, 6, -4.0104806707229990e-01, -1.5972061261033610e-01
32, 7, 4.1288304284847299e-01, 1.8981342804216905e-01
32, 8, -4.0953777311423623e-01, 1.7815931274266522e-01
32, 9, -4.8059090867895937e-01, 8.6942037868971145e-02
32, 10, -4.4058681184879928e-01, -3.8383359944186313e-01
32, 11, 3.1448786895674746e-01, -6.2122580393629256e-01
32, 12, -1.3653896846555991e-02, -5.4495359703937984e-01
32, 13, -2.1066064143645108e-01, 3.4850866840124434e-01
32, 14, -2.0522347917957551e-01, -5.0840161642949888e-01
32, 15, -3.9455934957031846e-01, 5.6526744264699502e-01
32, 16, 4.2740099101244455e-01, 2.4391594889257412e-01
32, 17, 4.4788624726291387e-02, -2.7762158669711789e-01
32, 18, 3.5904255082881553e-01, 1.8645186354907367e-01
32, 19, 2.2275736979010996e-01, -7.1996442374505365e-01
32, 20, 1.1393628530875899e+00, 2.5761304521125516e-01
32, 21, -7.0955303660255253e-01, -4.1264594991855774e-01
32, 22, 9.5990335802144111e-02, 1.7407423505003899e-01
32, 23, 3.7231338573601153e-01, -3.7884906166759047e-01
32, 24, 1.6315676337072482e-02, 4.4501566898343925e-01
32, 25, 6.4415158344672241e-01, -7.6479426557971031e-01
32, 26, 1.0291412082740323e-01, -8.0407957008932940e-02
32, 27, -1.1692261760133515e-01, -4.6950049710252401e-01
32, 28, 2.9425820366717509e-01, 7.9921625655903172e-01
32, 29, 9.9630860486735773e-01, 3.1528709285750522e-01
32, 30, 6.3466429996807294e-02, -2.7789232934758323e-02
32, 31, 9.7227847135397449e-02, 3.9204020766250536e-01
32, 32, -3.1909821086847978e-01, -5.3844915615545952e-01
33, 0, 1.1094512929277189e-01, 0.0000000000000000e+00
33, 1, -5.4896131296405615e-01, -4.7839433486787286e-01
33, 2, 1.3724432738284231e-01, 5.4110550257769197e-01
33, 3, -5.3625159413718770e-01, 1.9261884127200224e-01
33, 4, -3.0063807003479925e-01, 3.4516148669910240e-01
33, 5, -1.6399169839937011e-01, -2.7761905352344035e-01
33, 6, -3.2714843562703189e-01, -9.8629279110527679e-01
33, 7, -5.9843050072715731e-02, 5.4205305987904717e-01
33, 8, -7.8844739191201274e-01, -1.3667394571822866e-02
33, 9, -3.4428009058650855e-01, -8.5070865549045749e-02
33, 10, -3.1137256419751597e-01, 1.7276102267792709e-01
33, 11, -5.1861192117913957e-02, -1.6192222596548222e-01
33, 12, 5.2723746402691973e-01, 4.0711766498965390e-01
33, 13, 5.7108456557419274e-01, -1.0839227381172879e-01
33, 14, -3.9667975879911777e-02, -3.1078741133280130e-01
33, 15, 2.5867993241986487e-01, 9.6415151176459601e-02
33, 16, -2.2698383917926193e-01, -5.6042639932049054e-03
33, 17, -1.2932170137138932e-01, -2.8974964895463551e-01
33, 18, -5.5967309717668212e-01, 1.2058102392542783e-01
33, 19, 6.6378375118973154e-01, -7.4974411184540291e-02
33, 20, 1.1982587692617663e-01, 2.3046265706308117e-01
33, 21, 3.7374768895246024e-01, -5.4918994934776078e-01
33, 22, -2.2517626005870484e-01, 2.9266104075842136e-01
33, 23, -1.1273124276666455e-01, 3.7221998219217745e-01
33, 24, -6.3324350915948413e-01, -6.4933646320654215e-01
33, 25, -9.9539357333335965e-01, 3.8588299112230595e-01
33, 26, -3.3263565967581532e-01, 3.1305418860280698e-01
33, 27, -1.2407491777603705e-01, 7.0676557345422941e-02
33, 28, 2.9856351243064216e-01, 1.8883229224769149e-01
33, 29, 2.9642589415798737e-01, -4.4779244472203711e-01
33, 30, 8.1317878065573423e-01, -7.1113692513637417e-01
33, 31, -8.1107730433950032e-02, 7.2925591310426974e-02
33, 32, 2.9121418140538086e-01, -4.5833584277965311e-01
33, 33, -4.7808951555441337e-01, 6.6059644501979697e-01
34, 0, -1.0200527263906811e+00, 0.0000000000000000e+00
34, 1, 3.3670645772463537e-01, -1.3684391168864787e-01
34, 2, 8.1680606729883753e-02, 4.6376657625776352e-01
34, 3, -1.8327485529057319e-01, -8.1697339728350205e-01
34, 4, -2.3332674538291703e-01, 4.5337404029510431e-01
34, 5, -1.6626610969273115e-01, -3.1866907503916952e-01
34, 6, -5.0429074910744984e-02, -4.3335868605693639e-01
34, 7, -1.0449422670504083e-02, 4.4952823804312114e-01
34, 8, 3.4853323029905722e-02, -7.5535087037423021e-01
34, 9, 8.8471280080284354e-01, -1.7349183662554690e-01
34, 10, 2.0431485819631046e-01, -1.8158110978338127e-01
34, 11, -1.8994185956258625e-01, -8.4832232419267706e-01
34, 12, -3.8041983347879910e-01, 2.0467068664884513e-01
34, 13, -7.4078020138951095e-01, 4.2462829610000175e-01
34, 14, -2.1235328606737264e-01, 9.5660763792250258e-01
34, 15, 1.8212841343579711e-01, 4.0696631723071552e-01
34, 16, 6.3467683522844276e-01, -1.3817416972989768e-01
34, 17, -3.1420124448745140e-01, 1.9204262996284860e-01
34, 18, -3.3880371021805827e-02, -2.5804107069962251e-01
34, 19, 1.8111121030895580e-01, 5.1652941759906035e-01
34, 20, 1.7202603462932164e-01, -2.4633490524566154e-01
34, 21, 4.5865403854894199e-01, -5.0593234694345013e-01
34, 22, -6.8634930861254639e-01, -1.5918764916092831e-01
34, 23, 4.4640315298863492e-01, 4.5723480106056258e-02
34, 24, -2.8676005304861585e-01, 3.7256935642412015e-01
34, 25, -3.5139593068722497e-02, 3.3726703070849318e-01
34, 26, 5.2822028463597148e-01, -4.4678683243179917e-01
34, 27, -5.8089614296100067e-01, 3.3726310768578666e-01
34, 28, -7.5875991911705465e-02, 2.7871475367962084e-01
34, 29, 3.4117600283913929e-01, 8.0158420353083459e-01
34, 30, -1.5507877294327416e-01, -3.4532480349352301e-02
34, 31, -1.3695331901010843e-01, 9.7066995663935340e-02
34, 32, -2.5279382304870701e-01, -1.2183736673633694e-01
34, 33, -5.0546617362782520e-01, 1.6250948602132267e-01
34, 34, -2.6031530059526892e-01, -3.6672466573987206e-01
35, 0, 1.5122685330740154e-01, 0.0000000000000000e+00
35, 1, 1.4206071974231310e-01, -9.7633786488644958e-02
35, 2, 4.0530610482363255e-01, -3.6246769639162035e-01
35, 3, -2.4479303863202262e-01, -6.5032031240509569e-01
35, 4, -4.8823165683796865e-01, 3.0166675172266016e-01
35, 5, -6.0113399276673696e-01, -3.4556231812104499e-01
35, 6, -5.7012340150662144e-02, 7.7866528021211412e-02
35, 7, -2.3646296821081825e-02, 3.3366007524258290e-01
35, 8, 5.0620691456737754e-02, 7.2534267863964774e-02
35, 9, 9.1412293718440951e-02, 1.5916703017776712e-01
35, 10, -1.3683012285511442e-01, -3.0223002647064046e-01
35, 11, 4.4262488385139109e-01, -3.0352862584814028e-01
35, 12, 1.6694062443964874e-03, -1.1012158382050613e-01
35, 13, 3.9865376779272860e-01, -1.5674431730304073e-01
35, 14, -3.1706016303385476e-01, -3.8289158998604433e-01
35, 15, 1.6105379720279295e-01, -2.2901262513512566e-01
35, 16, 4.8379890301287232e-01, 5.5720150567809157e-01
35, 17, -3.6311189420747891e-01, 4.9635521642338565e-01
35, 18, 6.2587478029872412e-01, 2.9933693758317559e-02
35, 19, 4.5337529259394282e-01, 2.0335888919639722e-01
35, 20, 4.8180089697956496e-01, -8.8105724391436557e-01
35, 21, 2.4029225872958804e-01, 4.9638140895862248e-01
35, 22, -1.4230244341010612e-01, -5.4178002483194210e-01
35, 23, -5.1862946733151305e-01, 7.8995256062752939e-01
35, 24, -3.0261452896479968e-01, 3.3290287850540634e-01
35, 25, 5.3501162884056708e-02, 1.7366732013817776e-02
35, 26, 2.5379384520804904e-01, 5.1244180899589109e-01
35, 27, 2.5761432562144526e-01, -5.9878122519783838e-01
35, 28, -3.8172797294031335e-02, -1.4816962892262792e-01
35, 29, 2.0439239895829853e-01, 4.7487661454998020e-01
35, 30, 2.9830793998759242e-01, 3.1519203476883084e-02
35, 31, -3.2403912851042405e-01, 8.0772940083748565e-02
35, 32, -1.9367624416752949e-01, -1.7456420003121154e-01
35, 33, 2.6225662590579246e-01, -1.3444128485461615e-02
35, 34, 1.9719910322500256e-01, -5.1219272348156375e-01
35, 35, 2.1032598165305327e-01, 5.2854007555347426e-01
36, 0, 4.6138829735676579e-01, 0.0000000000000000e+00
36, 1, -8.7420188527393972e-03, 5.8330873269544642e-02
36, 2, 4.4373429087708877e-01, -1.9483041952820834e-01
36, 3, 1.4129203377257216e-01, 1.8123732106945042e-01
36, 4, -7.1701338410599158e-01, -1.1071186025285482e-01
36, 5, 4.3358883502474355e-01, 6.4006570683835112e-02
36, 6, -2.9649960762136152e-01, 1.6268431825235638e-01
36, 7, -8.0724797388669811e-01, -2.6086441203105648e-01
36, 8, 9.8827583229770311e-02, 1.9725964366162940e-01
36, 9, -1.1696802086119373e+00, 2.9095336839063834e-01
36, 10, -2.3984600056142480e-01, 6.4656060523525338e-01
36, 11, -5.2949332490215273e-03, 2.2216774953479348e-01
36, 12, -7.5158864869616693e-01, -3.4571227842521773e-01
36, 13, 8.2172380063664252e-01, 6.6590550770198709e-02
36, 14, -2.9760510452350714e-01, -2.7453776800107949e-01
36, 15, 9.5662491883218415e-01, -5.2175475091941803e-01
36, 16, -6.2021215652123729e-01, 7.0543609064081289e-02
36, 17, 2.4054196881698237e-01, -1.6116855915990047e-01
36, 18, -1.3195511358942838e-01, 3.5011142599359679e-01
36, 19, 9.7565357058888691e-02, -5.1336252058925536e-01
36, 20, 5.2544124496204470e-01, 3.3633407304228047e-01
36, 21, 3.2967599567620132e-01, -2.6832493241858629e-01
36, 22, 2.4246714391634455e-01, -2.4224034302414388e-01
36, 23, 1.0515255549940189e-01, 5.3180015543072623e-01
36, 24, 7.3826261724756370e-02, 4.9162772322430048e-02
36, 25, 3.4732039293342415e-01, -2.2632056380701415e-01
36, 26, -4.0732068893556750e-01, -6.7683376173227960e-01
36, 27, -1.5380337532493599e-01, 1.1244847432308297e-01
36, 28, -2.3602827256862574e-01, 4.2947249234993867e-01
36, 29, -6.1009672011456129e-03, -9.0166375581320979e-01
36, 30, 4.4141812379275702e-01, 1.7767236256333385e-01
36, 31, -6.4566242642822402e-02, -3.0796708249637139e-01
36, 32, -2.7397397876920637e-02, 2.8303640324689794e-02
36, 33, -5.4532004489527730e-01, -2.4592224943683094e-01
36, 34, 1.2300640117196426e-01, 3.9231902264572149e-01
36, 35, -8.6716394389223295e-02, -7.7745010294727468e-03
36, 36, -5.3028816113298127e-02, -7.0807634619833859e-01
37, 0, -3.3743744240803913e-01, 0.0000000000000000e+00
37, 1, -3.5203646765109681e-01, -4.9322728217631118e-01
37, 2, 6.9549123624733866e-01, -2.5907933964227592e-01
37, 3, -6.5833078094078923e-01, -1.1712398372550870e-01
37, 4, -1.5166382389235777e-01, 4.3428768794119499e-01
37, 5, 5.4525819384704155e-01, 2.4422828425719190e-02
37, 6, 4.2576262122692832e-02, 2.6243713764232712e-01
37, 7, 9.1512491644533145e-01, 4.0178066448932681e-02
37, 8, 1.5943096477522056e-01, 4.6285675165798401e-01
37, 9, 1.9325219745870137e-01, 4.0587468142125327e-02
37, 10, 2.3738771631720196e-01, -5.2555204620047347e-01
37, 11, 5.9493654057325662e-01, -3.0387248910368958e-01
37, 12, -2.3381436671983180e-01, -9.5516106169500370e-01
37, 13, -4.8067413911266399e-01, 8.1520538906176454e-01
37, 14, -3.4217190268452763e-01, -6.6206818553996039e-01
37, 15, 3.1333340418113365e-01, -1.5252757965188712e-01
37, 16, -5.6172114541499119e-01, -1.4137993465013440e-01
37, 17, 9.3575002181995770e-02, 2.0230515635592705e-01
37, 18, -5.4587847029065573e-01, -4.6564606817034004e-01
37, 19, -3.3317869054585147e-01, -3.2616177232484533e-01
37, 20, 2.0373074077164588e-01, 4.2201536450695476e-01
37, 21, -9.3831492620269560e-02, -6.6925718755995178e-02
37, 22, 4.1383549294387206e-01, 2.0507876204268383e-01
37, 23, -5.3064198318204803e-01, 2.4118563727970654e-01
37, 24, -4.4777752241410373e-01, 3.7762014147740586e-01
37, 25, -5.4055385795391375e-02, 8.9685021669736742e-02
37, 26, 3.2796643828701877e-01, 1.3787703476504820e-01
37, 27, 3.6889950364471447e-01, -2.8611738316674573e-02
37, 28, -4.5825011595337206e-01, -4.9628149171341250e-02
37, 29, 1.1084765263267859e-01, -1.5170198995005746e-01
37, 30, -5.6543975240429356e-01, -1.3067175788898444e-01
37, 31, 3.0439727809370942e-01, -1.4366603951457169e-01
37, 32, -6.0209635830961727e-03, 3.2814902070911545e-01
37, 33, -2.7518365461132599e-01, -1.2444407373753297e-02
37, 34, 1.7526555531428878e-01, 3.9102470731284145e-02
37, 35, 4.7789008975044522e-01, 2.0263445289292703e-01
37, 36, -4.7568161779901796e-01, -2.5706009976509958e-01
37, 37, -1.4713364202412116e-01, -6.6681165346256344e-02
38, 0, -4.9776424781596162e-02, 0.0000000000000000e+00
38, 1, 6.2740363695064083e-01, -4.3181266067148805e-01
38, 2, 6.2686620796953441e-01, -2.1028734855143005e-01
38, 3, -7.4548608829130858e-01, 2.0499432782645127e-02
38, 4, 2.5837077697451027e-01, 4.0395898332567232e-01
38, 5, -7.1319180956353012e-01, -2.4079759329435391e-01
38, 6, -4.5929443745903897e-01, -8.3515420249380012e-01
38, 7, -3.2680483733242843e-01, 9.9373758240409948e-02
38, 8, -6.4362705345478155e-01, -1.9424935488618356e-01
38, 9, 4.8173324734010825e-01, 1.5428796241407816e-01
38, 10, 2.9739536614472445e-01, -1.5033793922080244e-01
38, 11, 4.4986683456183840e-01, -1.4901540562801519e-01
38, 12, 2.4664125993384030e-02, -2.7425971805565025e-01
38, 13, 9.4678153197127179e-01, -4.5766044467098710e-01
38, 14, 6.1384339421967093e-01, -6.0091741435336155e-01
38, 15, -1.5818944027272575e-01, -5.1575804605714082e-01
38, 16, -1.3454042501935481e-01, -2.3010926099207768e-01
38, 17, 2.5130750869991492e-01, -8.4089172209069751e-03
38, 18, 6.8722962046625785e-02, 3.4712573506228550e-01
38, 19, 3.2984560602099933e-01, 4.3636364901087465e-01
38, 20, 7.3741567693739163e-01, -2.3531331917778711e-01
38, 21, -5.3057665038360027e-02, -2.9518261437442933e-01
38, 22, -3.7572681325341395e-01, -8.3744417423628759e-01
38, 23, 2.7988752538742723e-02, -2.1598980915031496e-01
38, 24, 4.2567141956658888e-01, 3.0607752127974619e-02
38, 25, -1.0802530791584715e-01, -2.1849354921791050e-01
38, 26, -6.9916383741514299e-01, -2.2498718839214205e-01
38, 27, -6.1925609187944930e-02, 8.2219401647045143e-01
38, 28, 3.6576351366635762e-01, -1.1039874065296806e-01
38, 29, 2.1599988217896626e-01, -1.6379564480150166e-01
38, 30, -4.2843668559682879e-01, -3.3330183357961640e-01
38, 31, 2.2149014336573103e-01, 3.0613037645472108e-01
38, 32, -2.3998498953622349e-01, -2.5105426802426734e-01
38, 33, 1.6326194079421086e-01, 3.3082082134916213e-01
38, 34, 8.3408102712040000e-01, -1.5632460875912502e-01
38, 35, 6.6676242349160364e-01, 3.1861364032201261e-01
38, 36, 3.6099697167393463e-01, -9.5649566378106732e-02
38, 37, 2.6279704207370491e-01, 3.0742735966551971e-01
38, 38, 4.6029410243797941e-01, 4.0048020988211930e-01
39, 0, -4.0544556815355648e-01, 0.0000000000000000e+00
39, 1, 1.4386986810326896e-01, 4.8815254559013682e-01
39, 2, -1.5066206264172500e-02, -2.3579483028554193e-01
39, 3, -4.7256017235705855e-02, 5.3684528006710613e-02
39, 4, 2.5318676788667516e-01, 2.3185686814856460e-01
39, 5, 1.5499621377694550e-01, -7.9684291631930193e-01
39, 6, 2.0475486978378604e-01, -3.4311421620945581e-01
39, 7, -2.2497893159074578e-01, 3.5337101915414093e-01
39, 8, -1.2277857446836760e-01, -1.2648987203071721e-01
39, 9, -3.5328948386201642e-01, -1.4375161686552257e-01
39, 10, 1.5791902155306947e-01, 1.3913716396626935e-01
39, 11, 3.3062166200913207e-01, -6.4334843017128274e-01
39, 12, 4.1608318656270238e-02, -1.1280066876797568e-01
39, 13, -2.5412024166718994e-01, -9.8643698143875858e-02
39, 14, 2.7730997331883656e-01, 3.7352034279081864e-01
39, 15, -1.6517200988554487e-01, -4.8216842388247272e-01
39, 16, 4.4285387058187775e-01, 1.5976448440753105e-02
39, 17, -7.0344435414927020e-02, -3.1057654877398055e-01
39, 18, 1.3413107339984015e-01, -1.3053689794031698e-01
39, 19, -1.6961275738314774e-01, -3.2729242281004034e-01
39, 20, 3.4336249054390855e-01, -1.5424575738385138e-01
39, 21, -4.3213009726031515e-01, 3.8650802472548113e-01
39, 22, -3.4842935560878285e-01, 1.8889289780123464e-01
39, 23, -1.9050842236192600e-01, 1.6845862857343133e-01
39, 24, 9.5865886574429349e-01, 4.7324734992250966e-01
39, 25, 4.1949672609596095e-01, -3.0612269808059178e-01
39, 26, 3.2654994903588985e-01, -9.4252044360920856e-03
39, 27, -4.0494719147328317e-01, 3.8255868649161862e-01
39, 28, 4.5657912887170338e-01, 7.1061198880626075e-01
39, 29, -1.6525320080528888e-01, 6.1008043006927704e-01
39, 30, 7.7353504979785015e-01, -1.8040107632177760e-01
39, 31, 2.4529206375361517e-01, 6.1341436599831700e-01
39, 32, 3.0174930674632439e-01, -3.6342045222784725e-01
39, 33, 1.4434118381707650e-01, 3.5948780146197512e-01
39, 34, -4.4990492035442053e-01, -2.7309215157707084e-01
39, 35, 3.2458376524455335e-01, -5.9174821762149721e-02
39, 36, -3.5452464407606299e-02, -1.0140587399762785e-01
39, 37, 7.2698947041304529e-02, -1.3278475967706149e-01
39, 38, 3.5917156628912328e-01, -5.2737013916250952e-01
39, 39, -9.4211259891195179e-02, 2.3503036741706107e-01
40, 0, 7.4877566061019474e-01, 0.0000000000000000e+00
40, 1, 6.2121500443016009e-01, -7.6291304849462643e-02
40, 2, -6.8954753510271333e-02, 4.3369560547188479e-01
40, 3, -4.4846289521879401e-01, -1.8940890029188201e-01
40, 4, -3.3874314994405802e-01, 8.8375985376571098e-02
40, 5, -8.3319851986130122e-02, -7.7113382580217371e-01
40, 6, 3.7274315462647079e-01, 4.1354328335173252e-01
40, 7, 4.1726184240086445e-01, 3.3496223500771199e-01
40, 8, 1.0153353438626089e+00, -5.7529708972843108e-01
40, 9, 2.3647997293222106e-01, -2.8840835865342918e-01
40, 10, -2.6768811145962507e-01, -8.5924676293878777e-01
40, 11, -2.4866968716030646e-01, -3.3206086252294587e-01
40, 12, -1.2765865326932369e-01, -1.2454224537727243e-01
40, 13, -3.6834247074840881e-01, -2.8587528541667856e-01
40, 14, -2.5034219956387627e-01, -1.9155556760924336e-01
40, 15, -1.9094759244615600e-01, -2.3197612559205652e-01
40, 16, 2.3160208904199930e-01, -8.5513598191258297e-02
40, 17, 2.3374133876130254e-01, -1.4197334092276043e-01
40, 18, -4.9615012883381859e-01, -4.7844555296005919e-01
40, 19, -5.4355514798998872e-01, -1.9908179789126720e-04
40, 20, 3.8605575874387454e-01, -9.9334246822177397e-02
40, 21, 3.8615680584076806e-01, 4.8636486157720382e-01
40, 22, -2.6368954168136732e-01, 2.8703436634925211e-01
40, 23, 1.4321845559257529e-01, 2.1785034636347872e-01
40, 24, -2.2009092470108321e-01, -4.0050712898796997e-01
40, 25, 6.0950165173245807e-04, -4.7343532932979987e-01
40, 26, -2.7501213756971044e-01, -1.4279780565325528e-01
40, 27, 4.4334150254707792e-02, -1.2928366632446397e-01
40, 28, 4.4463297676648372e-01, 2.2928239128111227e-01
40, 29, -7.8483081864664517e-01, -8.7140508607593459e-01
40, 30, 5.3053471578732692e-01, -6.3710005292855665e-01
40, 31, -3.4582277024276742e-01, 2.7142195349547260e-02
40, 32, 4.3891062814570542e-01, -5.8645777090069462e-02
40, 33, -4.7007866445554614e-01, 1.6519471730863355e-01
40, 34, 8.9195732270689887e-03, -4.1325198501242855e-01
40, 35, 1.1925431615102233e-01, 2.4576481009379675e-01
40, 36, -9.7155797661749518e-02, -2.7606475403224867e-01
40, 37, -3.7046849534597037e-01, 1.4771173499950030e-01
40, 38, 9.3651083811027380e-02, -1.1735243393377245e-01
40, 39, -3.6449191840746997e-01, 8.1071690772638316e-03
40, 40, -7.1988097023998332e-02, -2.0921760059008060e-01
41, 0, 1.1540066990992570e-01, 0.0000000000000000e+00
41, 1, 2.8949579635020917e-01, -3.8258769178732993e-01
41, 2, 8.8815945789336981e-01, 1.5428200287945026e-01
41, 3, -2.5345171462163996e-01, 8.0258834735388640e-02
41, 4, 3.4112668481779829e-01, 2.3074627354861543e-01
41, 5, 5.1526095443888575e-01, -3.8623297326223072e-01
41, 6, -4.9111339750373112e-01, -3.8995231522626278e-01
41, 7, 3.6395482774161114e-01, -2.3444523165040820e-01
41, 8, 4.3356730492929285e-01, -2.1337522616749471e-01
41, 9, -5.0759552106801054e-02, 8.2274278905363318e-02
41, 10, 1.8157960760546887e-01, -7.2173215783958300e-03
41, 11, -6.9706518601476086e-02, 2.4679500122813119e-01
41, 12, -5.7913734511838677e-02, 2.2458374469469861e-01
41, 13, -1.8613741807462003e-02, -2.9372019415173206e-01
41, 14, -8.5423848575328765e-01, 4.3823761956487384e-01
41, 15, 1.7049458439449383e-01, 3.4928195414873731e-01
41, 16, -6.9862885560164756e-01, -1.4386622261903406e-01
41, 17, 9.8393833946373965e-02, 4.2884558194658295e-01
41, 18, -9.2970107998482154e-02, -8.1254560587652458e-02
41, 19, -2.3022615169189964e-02, -2.8548654857459910e-01
41, 20, -2.3527308881855608e-01, 3.7046202599614791e-01
41, 21, -2.0223268910358705e-01, -6.4198381741818844e-01
41, 22, 1.1695951478580940e-01, -1.2116754148390822e-01
41, 23, 2.1687254992880833e-01, -2.6435723855557819e-01
41, 24, 8.2792738636007779e-03, -2.7400014160791442e-01
41, 25, -2.2529443943328287e-01, -1.7001958774166154e-01
41, 26, -4.5549040080359809e-01, -1.4433766343065413e-01
41, 27, 6.9070810391817838e-02, -1.9498439704478771e-01
41, 28, -6.4238751386222737e-01, 7.4166724931549644e-01
41, 29, -1.0877773806852256e-01, -2.2287914842746881e-01
41, 30, 3.2441319153945769e-03, -1.2537515582223024e-01
41, 31, -2.1625592247524689e-01, -3.4428957046434694e-01
41, 32, 7.3463565919796303e-01, 4.9433606963711552e-01
41, 33, -3.3815224540772537e-01, -5.2167372971664694e-01
41, 34, 1.9671383042695956e-01, -1.8620038821415463e-01
41, 35, -1.4871072922191386e-01, 1.8173361509539351e-01
41, 36, 3.8276885787311166e-01, 2.3366524911259290e-02
41, 37, 9.0022195417032158e-03, 3.6242647988133914e-01
41, 38, 2.0996639241100246e-01, 3.8647184998133222e-01
41, 39, -5.9662493295915831e-02, -3.6605974491672943e-01
41, 40, -3.3319039272782447e-01, 4.0532774214895695e-01
41, 41, 3.9233190978079208e-01, 4.0935935952107383e-01
42, 0, 6.3475463639104529e-02, 0.0000000000000000e+00
42, 1, 5.8790713653150528e-01, 2.5965063440963276e-02
42, 2, 1.5404984429021659e-01, 1.7654610965648576e-01
42, 3, -1.8963746646542246e-01, 1.3547838064776085e-01
42, 4, 6.1057045220368011e-01, 3.6352509258485732e-01
42, 5, 3.3119693308684300e-01, -5.9968383856385155e-01
42, 6, -7.8493690589124454e-01, 1.9744704304122532e-01
42, 7, -1.7797745436105683e-02, 1.1399940398495773e-01
42, 8, -4.4384434884449314e-01, -6.3006380085660285e-01
42, 9, -6.3204308302287793e-02, -5.3135183686755949e-01
42, 10, 5.4625453089671483e-02, -1.8480035614016121e-01
42, 11, -4.5302145796743187e-02, -2.5067971356322138e-01
42, 12, -3.5012505798825866e-02, 1.3946292135248767e-01
42, 13, -2.5593410254956539e-02, -4.5888018641560668e-01
42, 14, -4.6993499930790306e-01, 1.1422033892692252e-02
42, 15, 3.7499671713048166e-01, 5.9631236896362336e-02
42, 16, -3.0436078440096748e-01, -1.4244266782651965e-01
42, 17, -3.5929168384007149e-01, 1.2190639614522755e-01
42, 18, -4.8326244050431111e-01, 7.8341912832427130e-01
42, 19, 3.9679270533725886e-02, -1.7497672329238426e-01
42, 20, 7.2099778401236381e-02, -1.5018212986340557e-01
42, 21, 6.7956648217757964e-01, 6.8616301527490986e-02
42, 22, -2.9776407591349519e-01, -1.1894579241593195e-01
42, 23, -7.1016029264237224e-01, -2.9785339016012857e-01
42, 24, 6.8962029099100097e-02, -4.8591549860950078e-01
42, 25, 1.1177951099422442e-01, -1.7380447807100952e-01
42, 26, 2.6660161406676919e-01, -7.3484162874311698e-02
42, 27, -1.5008794062672953e-01, 4.6711834744987590e-01
42, 28, -3.1916575634319577e-01, -1.2977361709608792e-01
42, 29, -1.3103451087502616e-01, 1.6943386160429891e-01
42, 30, -2.9544737708378288e-01, -1.6048711642121660e-01
42, 31, 2.4960345556946240e-01, -2.3879065682635925e-01
42, 32, 7.9989642150326973e-02, 5.2898262913636684e-01
42, 33, 4.9721457408792302e-01, -4.1841372929862741e-01
42, 34, -8.6529708881799283e-03, -1.7412746093156428e-01
42, 35, -6.5068277188664414e-01, -7.5791679865964745e-02
42, 36, -1.1546915494943844e-01, 6.7747805551458762e-02
42, 37, 7.2903243192434283e-02, -4.7004614191705302e-01
42, 38, -4.6744881876189193e-02, -2.2514776234387357e-02
42, 39, 2.7780067241265155e-01, -2.1780309787464361e-01
42, 40, -7.0147127523289998e-01, 2.5752740371102711e-01
42, 41, 2.9762505686527740e-01, -5.1648563152245353e-01
42, 42, -1.4436283945610351e-01, -2.1660392650255866e-01
43, 0, 3.7952097022935694e-01, 0.0000000000000000e+00
43, 1, 1.9114764797928629e-01, -1.3004767921876942e-01
43, 2, 3.4099705383136342e-01, 2.8707510711376782e-01
43, 3, -4.3742198179143149e-01, 4.3191150757771579e-02
43, 4, 4.4830100031016512e-01, 1.8571923680912422e-01
43, 5, -1.4177062061131007e-02, 5.0261360841064029e-03
43, 6, 1.1902944141452626e-02, 7.2121135630033972e-02
43, 7, -2.2621016926700549e-01, -1.9815206889782860e-01
43, 8, 1.7228921507137990e-01, 5.9167749886192167e-02
43, 9, 3.8675468697429344e-01, 5.6759961808166171e-01
43, 10, -1.1001702543751579e-01, -1.2861257595895931e-01
43, 11, -1.9879298912738250e-01, -3.2087623866985726e-01
43, 12, -4.3350633066017930e-01, 6.6459594405319594e-02
43, 13, -3.4135126328766585e-02, 1.0741004280476535e-01
43, 14, 2.7697069149482340e-01, -2.5982822986464410e-01
43, 15, 4.5516477563351115e-01, -1.5236240735974749e-01
43, 16, 1.0529892473357028e-01, -3.9058523788936950e-01
43, 17, 2.0154956123466183e-01, -8.2188713001776659e-02
43, 18, -1.0774209510668215e-01, 1.6451839575765678e-01
43, 19, 3.3011658537124115e-02, -4.6284068644303394e-01
43, 20, 7.4942308863348329e-03, -1.1593538282696714e-02
43, 21, 1.3235295538210534e-01, 1.5294758658024143e-01
43, 22, 6.8680016573456015e-02, 8.8517898500635572e-02
43, 23, -3.9906946606745908e-01, -1.1602131496931178e-01
43, 24, -1.2129390253186020e-01, -1.5186587502410220e-01
43, 25, 2.0607998308596737e-01, 4.4576491392283890e-01
43, 26, -1.7445394394026353e-01, -4.8108613911590575e-01
43, 27, -1.8865443771354734e-01, 3.7796154805273496e-01
43, 28, -5.6601390058350209e-01, -1.0194085303654821e-01
43, 29, -2.8366759287057564e-02, 3.3969014050149315e-01
43, 30, 6.5470776063306424e-01, -1.9002018111331206e-01
43, 31, 1.3174596712434616e-01, 1.4693822103989673e-02
43, 32, 2.0548430272981533e-02, -3.0438272722952103e-01
43, 33, -3.9364622671944427e-01, -3.4272602200752855e-01
43, 34, -5.4889618342256674e-01, -2.8849388658473707e-01
43, 35, 1.2132755925911232e-01, 2.3309909149453667e-01
43, 36, 8.7697456837970686e-02, -6.4000759399213569e-02
43, 37, -1.6344235527668172e-02, -1.9631557487495466e-01
43, 38, -3.0685554684265309e-01, -2.5020315005652982e-01
43, 39, -3.7854004543573611e-01, -3.4045252198747766e-03
43, 40, 2.2770431011297482e-01, 3.9218595517679011e-01
43, 41, -1.6942747535488045e-01, 1.4582262945831850e-01
43, 42, 1.6908266692445184e-01, 1.3673210662354662e-01
43, 43, -3.5649855509044615e-01, -3.6627173143647085e-01
44, 0, 2.3406517653346259e-01, 0.0000000000000000e+00
44, 1, 7.7338938760042208e-01, -1.5111823130814439e-01
44, 2, -2.8797636421652334e-01, 1.5059898219230639e-01
44, 3, 5.3591912611402615e-03, -2.6827817422204192e-01
44, 4, 4.0944101801889249e-01, 1.6397849634924222e-01
44, 5, 2.1706262357861050e-01, -4.4823284934649205e-01
44, 6, -2.1423216140675438e-02, 2.4762494452429207e-01
44, 7, 1.1095192809116927e-01, 5.4136962782410625e-01
44, 8, 3.1458647138981766e-01, 4.2285236561827383e-01
44, 9, -3.7507043824727676e-01, 6.0554580256744983e-01
44, 10, -4.6071326371176047e-01, -1.3366374437073014e-01
44, 11, 6.2923021762151699e-02, -1.1714986958207851e-01
44, 12, -6.3246748493046145e-01, 1.5443592611135534e-01
44, 13, -3.4198923792918628e-01, -2.1666025977678222e-01
44, 14, -2.5735143828979745e-01, 5.3674205896356986e-01
44, 15, -3.0310244339980308e-01, 6.0155845793808216e-01
44, 16, -2.9953374996213311e-01, 1.2417246583467278e-01
44, 17, 3.4302383546786497e-01, 2.7483712927180054e-01
44, 18, 3.7343310056879930e-01, -3.0176141379278237e-01
44, 19, 5.0802203519433664e-01, -1.2917481760180677e-01
44, 20, -1.4203236313098910e-01, -5.2488941935217504e-01
44, 21, 1.9869042516152646e-01, -2.1091682995433891e-01
44, 22, -9.9663659875298266e-03, 7.7322265129235707e-02
44, 23, -8.2046235881460747e-03, 2.1894326053181923e-01
44, 24, -2.5850630755035964e-01, 1.6678432757550607e-01
44, 25, 1.2249363675683417e-01, -2.8464493171008676e-01
44, 26, 4.2524141425726741e-01, -2.7853375192596957e-01
44, 27, -3.7529185935782056e-01, -6.9631209007382733e-02
44, 28, 6.0944103058881427e-03, 1.7366739832058822e-01
44, 29, 1.0336914854979379e-01, 3.0729008862692575e-01
44, 30, 3.7818601272536478e-01, -1.3980131406658136e-01
44, 31, 3.7251991868289897e-01, -2.8433649847568038e-01
44, 32, 3.7155324609108492e-01, 1.1337054533282620e-01
44, 33, -1.9401370617318736e-01, -1.3772313467006059e-01
44, 34, -4.1083654251838164e-01, -2.2465964871581179e-01
44, 35, 1.3251750539518481e-01, 5.1385810549910937e-01
44, 36, -1.9767149023868563e-01, 2.2934874752465251e-02
44, 37, 6.2143203933417401e-01, 5.3015648988061492e-02
44, 38, -2.3754852184702169e-01, 3.2082716462475597e-01
44, 39, 1.4663499281931847e-01, 1.5088661759303923e-01
44, 40, 3.0472191623420364e-01, -1.1190583021693623e-01
44, 41, -1.3189870980393287e-01, -8.1038680899358506e-02
44, 42, -2.0240032675909536e-01, 3.7202547788025064e-02
44, 43, 8.9644448758500639e-02, -1.0574671848376793e-01
44, 44, -2.4398138844124942e-01, 1.0133714394720508e+00
45, 0, 4.9028699164681022e-01, 0.0000000000000000e+00
45, 1, 2.3503119553543061e-01, 2.9061860365175013e-01
45, 2, -2.2025336907236032e-01, -1.5078657039959070e-01
45, 3, 4.7193604754775409e-02, 5.9565470673225807e-01
45, 4, -4.8752453640356175e-01, 1.2434069380908194e-01
45, 5, 5.9089205096587771e-02, -1.0128536815543804e-01
45, 6, -4.2898145420391376e-01, -5.6927819138839153e-02
45, 7, -1.9953635389812424e-01, 2.0542877567249707e-02
45, 8, -9.6049458340461719e-02, -1.2249521391920426e-01
45, 9, 2.6674093474687444e-01, 7.0626496360005842e-02
45, 10, 3.0499490546533770e-01, -4.7918413302404433e-01
45, 11, -1.5975835720768611e-01, -2.5064348709428114e-01
45, 12, -3.8506121565825735e-01, 5.6262707567486792e-01
45, 13, 1.1919344329690218e-02, 4.2735365620801113e-01
45, 14, -4.4236460855046691e-03, 4.5033074915939253e-01
45, 15, -2.0181934388939060e-01, -4.3384166679669778e-01
45, 16, 2.5752651582070513e-01, -3.0204333569899044e-02
45, 17, -1.9605188478444585e-01, -3.1744949944615536e-01
45, 18, 5.3198146337082697e-01, 6.7443366997875320e-01
45, 19, -4.7542929801640377e-01, 7.1672601135172390e-02
45, 20, 1.7460832548251495e-02, 1.5989904404750616e-01
45, 21, 6.7746507574730913e-02, 4.8784840420727937e-01
45, 22, 5.4942895989968898e-01, -7.8397736012248298e-01
45, 23, 1.9108273338790194e-01, -1.0419189243954574e-02
45, 24, 8.4713242161418928e-02, -6.6406377940914763e-01
45, 25, 1.9365604077365872e-01, -2.4483007546127311e-02
45, 26, 1.9268559802403901e-01, -2.7667914095928953e-01
45, 27, -9.4958679516597089e-02, 4.0564588546900576e-01
45, 28, 2.8422697002601804e-02, 4.5066383303792690e-01
45, 29, -1.7239387580057519e-01, -4.2391728990064326e-01
45, 30, 1.4268035439806148e-03, -1.6005935276324285e-01
45, 31, -1.7820061552151967e-01, -1.7060391947024861e-01
45, 32, -2.8096482933433814e-01, -2.1225659292737675e-02
45, 33, -5.2604484269787566e-01, 1.9287517843160318e-01
45, 34, 2.3667419007701626e-01, 1.2224853263728824e-01
45, 35, 3.1724226985820020e-01, -1.8367616906833428e-01
45, 36, -4.0403266689514050e-02, -7.2988594438231036e-01
45, 37, -5.4222683702831664e-01, -7.1592459489233429e-02
45, 38, 2.2796982373201397e-01, -4.6052444337302101e-02
45, 39, 2.1920412590097171e-01, -5.8887989940879966e-02
45, 40, -5.6390017422663558e-02, 1.9849893579363320e-01
45, 41, 1.8275243764321392e-01, -1.0820244118008859e-01
45, 42, 9.0247412575525932e-03, 1.9582964308043327e-01
45, 43, -3.2227193594296616e-01, -1.9331255297603933e-02
45, 44, 2.1323575672507550e-01, 2.2684397281927596e-01
45, 45, 5.4954189922766838e-01, -3.9670811657013583e-01
