0, 0, 0.0000000000000000e+00, 0.0000000000000000e+00
1, 0, -4.5149075188702613e+05, 0.0000000000000000e+00
1, 1, -2.6316493976883448e+04, -2.0430857257238682e+05
2, 0, 0.0000000000000000e+00, 0.0000000000000000e+00
2, 1, 9.8538563471070884e+04, 5.3201864199534481e+04
2, 2, 8.5560703503452404e+05, -4.3017347940988146e+05
3, 0, 3.1773802970571991e+05, 0.0000000000000000e+00
3, 1, -1.9456917522508721e+05, -6.7536065396921651e+05
3, 2, 2.2510219978217015e+05, -2.3703494829997129e+04
3, 3, -6.1816244857228117e+05, -2.2451484486861021e+05
4, 0, -4.3355782576373836e+04, 0.0000000000000000e+00
4, 1, -1.7735801809746408e+05, -1.1972162709294005e+05
4, 2, 2.2158279494788672e+05, 1.8543111959499284e+05
4, 3, -3.4785549822259217e+05, 2.2054787607227190e+04
4, 4, -5.8690277935330800e+04, 2.9053554789037944e+05
5, 0, -1.2330449884474855e+05, 0.0000000000000000e+00
5, 1, 3.3874508396339013e+04, 1.0096952479051100e+05
5, 2, 1.1899859990595549e+04, 6.6515364036608444e+04
5, 3, -2.2577882735799678e+04, 1.5858451444634137e+05
5, 4, 1.2633439518106804e+05, -1.2049869671387784e+05
5, 5, 6.9977861785956440e+04, -8.3915517074344476e+04
6, 0, 4.7803327261574144e+04, 0.0000000000000000e+00
6, 1, -8.4976552432236989e+04, -3.4756882844670763e+03
6, 2, -1.1503490410500251e+05, 2.9131740037820928e+03
6, 3, -1.0583469066887040e+05, -4.7035853460807004e+04
6, 4, 1.0371024506792586e+04, -5.9504213071055419e+03
6, 5, 5.1661082013975087e+04, -5.6830288582839334e+04
6, 6, 2.2465653146783341e+04, 5.4945852853037868e+03
7, 0, 7.7944172416240704e+04, 0.0000000000000000e+00
7, 1, -5.6996205440018704e+04, 9.6712639178656827e+04
7, 2, 3.9622247259749071e+04, -6.1559614129325520e+04
7, 3, 1.5842622218654233e+04, -1.2001042246683493e+04
7, 4, -8.2417914369749837e+04, -6.7732028293852578e+04
7, 5, 9.3831275943878682e+03, 5.1293438269444341e+04
7, 6, 6.2211594117994297e+04, 4.7684718615639031e+04
7, 7, 2.3480734413240978e+04, -1.6208531109038071e+04
8, 0, -4.3569842702981048e+04, 0.0000000000000000e+00
8, 1, -8.5712746716727415e+03, 3.6498829264251981e+04
8, 2, -3.4022960725419383e+04, -4.8839909810254831e+03
8, 3, 3.9993449165991799e+04, 4.2049369184040777e+04
8, 4, -1.3895366708640373e+04, 5.2292415354639204e+04
8, 5, 7.8336068872458898e+04, 8.0556520167177150e+04
8, 6, -3.4794738883248821e+04, 1.3345575539263009e+03
8, 7, 2.7110612938850794e+04, 5.8820978436828736e+03
8, 8, -3.3913507208201394e+04, 8.6051443692717985e+03
9, 0, 1.5827228994414727e+03, 0.0000000000000000e+00
9, 1, 3.8302516015253626e+04, -8.1960372187620174e+04
9, 2, -4.7823364090171395e+04, 1.7398107660035996e+04
9, 3, -1.5205358936206467e+03, -1.9295020343382923e+04
9, 4, -1.7596948957890912e+04, -1.8869501352604078e+04
9, 5, -3.6349679680497211e+03, 4.0760266926088363e+04
9, 6, 1.0213152008786306e+04, 5.5670514132449694e+04
9, 7, 2.4040702754258782e+04, -8.5354042900603410e+04
9, 8, -6.3968428837954576e+04, 2.9050280002420477e+04
9, 9, -7.4701526075091751e+03, -2.3074884733804720e+04
10, 0, 1.8264461661815469e+04, 0.0000000000000000e+00
10, 1, 2.0664179081021426e+04, -7.8963969898199593e+03
10, 2, -2.5275366268263755e+04, 1.2201804499720518e+04
10, 3, 5.7473741079836589e+04, 9.8123179157128779e+03
10, 4, 1.5470652273159707e+04, -4.0619254102596278e+04
10, 5, -2.6061106770482700e+04, 7.5308928966906024e+03
10, 6, 7.3468644239074420e+03, -4.6760131628477582e+04
10, 7, -1.4769652390088477e+04, -1.9250635201450248e+04
10, 8, -6.1419673074232023e+03, -5.0793742342811092e+03
10, 9, -8.1793362997657750e+03, -2.3831927263335027e+04
10, 10, 8.7261167691706123e+03, 9.8537649265662767e+03
11, 0, 4.2598901550853534e+03, 0.0000000000000000e+00
11, 1, -3.0718634748668424e+04, -6.2566743455278220e+03
11, 2, -5.4361789723295951e+03, 3.2543729442990272e+04
11, 3, 1.0372959556793259e+04, -2.7439294403944616e+04
11, 4, 2.6631475357743329e+04, 2.1186083146683166e+04
11, 5, 7.6763016803597347e+03, -1.7989007784141955e+04
11, 6, 2.8539098325549006e+04, 2.1750513180171511e+04
11, 7, -1.7903133966714307e+04, -8.0290818589426854e+03
11, 8, 2.6352352534406396e+04, 1.3441692902667317e+04
11, 9, -5.7901786728898151e+03, 1.9908383218507352e+03
11, 10, 3.0010715115780513e+04, -1.8769624044643737e+04
11, 11, 8.6527246817844607e+03, 8.3901123297643844e+03
12, 0, 2.1641996236931605e+04, 0.0000000000000000e+00
12, 1, 1.9425608957445853e+04, -1.1356214757335263e+04
12, 2, 1.1418872924478297e+04, 1.8285059626872917e+03
12, 3, 1.1983411951007387e+04, 3.1249475855722385e+03
12, 4, 1.7896841679944806e+04, -1.0573014295554860e+04
12, 5, 2.1133708155376640e+04, -1.3550239278127490e+04
12, 6, -5.3779311514196670e+03, -3.0359530897493678e+03
12, 7, 1.8743974387998322e+04, 2.2428963990266282e+04
12, 8, -2.0477910496432334e+04, -1.8677332829598345e+04
12, 9, 2.3171512845847494e+04, 1.5967704727620259e+04
12, 10, 2.9861502085222688e+04, 8.9514332913128092e+03
12, 11, -2.7131786256967825e+02, 2.9998283000441454e+04
12, 12, 8.4963357261543151e+03, 6.1531239639809473e+02
13, 0, -1.0919221506133632e+04, 0.0000000000000000e+00
13, 1, 1.8281378719867207e+04, 3.9018059961203609e+04
13, 2, -2.2305599566279823e+04, -1.6831231636636312e+04
13, 3, 2.5098073781981857e+04, 2.1555517848691346e+04
13, 4, 1.9080386084782775e+04, 6.3225383887983007e+03
13, 5, -7.5432709510751629e+03, 9.0186890301334261e+03
13, 6, -3.7908531476476717e+04, 2.9903490741219950e+04
13, 7, 3.8870798400273106e+03, -1.6878940577254798e+02
13, 8, -1.8786388748114368e+03, 3.5411977957775593e+03
13, 9, 2.3332307586335803e+04, 1.4483451836283493e+04
13, 10, -1.3689076172783985e+04, -7.4323529453313713e+03
13, 11, -6.4844867750442245e+02, 1.3176946469684523e+04
13, 12, -1.8231305147785999e+04, 2.4141602548413630e+03
13, 13, -2.5316749668496603e+04, -7.8364950781483712e+03
14, 0, 2.8899438597379438e+04, 0.0000000000000000e+00
14, 1, 4.6438952884606515e+03, 1.1978005175957496e+04
14, 2, 6.2649432284305512e+03, -7.7310498996846072e+03
14, 3, 8.0987635497379542e+03, -8.8527277623100163e+03
14, 4, -1.3600433990952934e+04, 1.3583672507508509e+04
14, 5, 1.6477618212804919e+02, 2.8536514058871835e+03
14, 6, -6.3333992090489837e+03, 1.0006613106905581e+04
14, 7, -1.2972384265891400e+04, -2.4848547431828961e+03
14, 8, -1.3945033330416789e+04, -1.0311890724311841e+04
14, 9, 1.5178574322282842e+04, 1.7522108855841187e+04
14, 10, 1.0580909996473605e+04, -3.7259419935890037e+02
14, 11, -2.1917493762317870e+04, -1.4931501611532516e+04
14, 12, -1.0410674486489332e+04, -1.1922049021924784e+04
14, 13, 2.0805917741201683e+03, 6.0199891009210405e+03
14, 14, 7.5354511827227134e+03, -5.5948596642736757e+03
15, 0, 8.6488844242842697e+03, 0.0000000000000000e+00
15, 1, 6.0574837091070021e+03, -1.4215298795836934e+04
15, 2, 1.2542362366745783e+04, -7.5829133852915329e+03
15, 3, -5.7211190976080998e+03, -3.0789229550823984e+03
15, 4, -1.4945376576827912e+03, 1.2597192124800720e+04
15, 5, -8.5286972319072047e+03, 9.6325081608423334e+03
15, 6, -1.6743109781972864e+03, 5.2581445845578855e+02
15, 7, -1.8831238139322777e+03, -5.7858768400655081e+03
15, 8, 1.1490493879875790e+04, -1.1006309264392679e+04
15, 9, -3.5270218582912239e+04, -4.7580931023353114e+03
15, 10, 1.0478277180768217e+04, 2.2713560909101247e+03
15, 11, -7.9400957607347664e+02, 5.3820211171369010e+01
15, 12, 3.4453945610203140e+04, 3.1858288733311747e+03
15, 13, 7.4014482233740182e+03, -5.2232883701048213e+03
15, 14, 4.0568491828264478e+03, -1.1579470919305026e+04
15, 15, 2.0907631898483305e+04, 7.0032141146355516e+03
16, 0, 2.1960727720170362e+04, 0.0000000000000000e+00
16, 1, -2.8876568185092046e+03, -4.0408849800682056e+03
16, 2, 2.4284400104593646e+04, 1.6896388713679902e+04
16, 3, -9.5555916083393095e+03, -1.5481397002834856e+03
16, 4, 1.4021848413980755e+04, 3.4994252122269772e+03
16, 5, 2.0867866900969721e+03, 1.5885428460301755e+03
16, 6, -8.3824142944564892e+02, 1.3758681509891112e+03
16, 7, -7.5252890389431959e+03, 7.6049259778484657e+03
16, 8, -4.2274915717365375e+03, -9.5953818079458451e+03
16, 9, 1.1367696727446066e+04, -9.1935761228067349e+02
16, 10, 8.3159269199820701e+03, 7.0114314848726872e+03
16, 11, -7.7646513982746583e+03, -2.1121554718157189e+04
16, 12, -1.9825747454733435e+04, 7.0124893623541393e+03
16, 13, 3.2015762588779471e+03, 2.6135786666199911e+03
16, 14, -1.2682407385756462e+04, -6.1935190685669077e+03
16, 15, 1.7058337529677385e+04, 2.7910697307846194e+03
16, 16, 2.2559560697949728e+03, 7.7179708584615582e+03
17, 0, 6.9078416505826153e+03, 0.0000000000000000e+00
17, 1, 9.7822480015100573e+03, -2.6772692102795008e+03
17, 2, 5.8944873839640277e+03, 1.7809931655653774e+04
17, 3, 1.9013445732461576e+04, 8.2448150320009227e+03
17, 4, 4.0998545956516809e+03, -2.6127643875432595e+03
17, 5, 6.2173320351029233e+03, 1.2209587947899687e+04
17, 6, 8.3775908131224187e+03, -1.0312383140553891e+04
17, 7, 5.2006032965858658e+03, 1.0047066630437643e+04
17, 8, -4.4532580034923267e+03, -2.3214139632856841e+03
17, 9, -1.0204159827108766e+04, 1.3872721503180102e+04
17, 10, -9.7245820400929570e+03, 5.4112521837422983e+03
17, 11, 1.4030705062306224e+04, 2.8154772704354575e+04
17, 12, -1.4530052815848065e+04, 5.4657758787572766e+03
17, 13, 1.2197767071157456e+04, 6.0149655349207351e+03
17, 14, -9.0974566801032288e+03, -5.1245991775338807e+03
17, 15, -6.2610931465409813e+03, -3.0162732564756834e+03
17, 16, -1.8241266749261049e+03, 2.4244676200028898e+03
17, 17, -1.0979224778989950e+04, -1.1340839760531253e+02
18, 0, -3.1375863072219336e+03, 0.0000000000000000e+00
18, 1, -1.8021109024934531e+03, 6.8744965794450172e+03
18, 2, -8.3573726993378186e+03, 1.7425954485808272e+03
18, 3, 6.0235031583951368e+03, -8.5823648513672488e+03
18, 4, -6.9860724902323054e+03, -4.4185553474222852e+03
18, 5, -1.9251451571381040e-01, 2.6772542294410996e+03
18, 6, -1.6878180238118880e+03, 1.3268167080224703e+02
18, 7, -4.3375767980700693e+03, -1.1641581432049366e+03
18, 8, -5.6539820941986409e+03, 4.9754273152569349e+03
18, 9, 4.2865626512823583e+03, -2.7393494686277900e+04
18, 10, -1.8445621171636867e+03, 1.1046278351001105e+04
18, 11, -5.3959544957605931e+03, -8.4872205192760612e+03
18, 12, -3.2344528480220952e+03, 1.7176032280243056e+04
18, 13, 8.8762623042591913e+03, -5.0319180642942028e+03
18, 14, 4.7788967426054196e+03, -5.3111857689170392e+03
18, 15, -1.1586651340357148e+04, -1.4668955303651819e+02
18, 16, -9.6633890722765991e+03, 6.7085550604162281e+03
18, 17, -1.5966195592289727e+04, -1.2738738717520999e+04
18, 18, 8.4969946946039927e+03, 6.8484845130748818e+02
19, 0, 3.1054333609003902e+03, 0.0000000000000000e+00
19, 1, -2.4020426281896803e+03, 5.4159716696191936e+03
19, 2, -1.7555882834157542e+03, 4.3585096164373499e+03
19, 3, -6.9576292440133020e+03, -1.8065210431380383e+03
19, 4, -8.3498511505570314e+03, -1.4699854547280165e+03
19, 5, -4.9705316236673452e+03, -9.1610925686536721e+03
19, 6, -1.1900646507845206e+04, 8.6875368083818466e+03
19, 7, -6.7041411249101002e+03, -5.2024236595476395e+02
19, 8, 8.6045943924692801e+02, -7.7914272698762343e+03
19, 9, -1.7298209228704918e+03, -1.1955919330676872e+04
19, 10, 2.7637551513706385e+03, -8.8884396459000727e+03
19, 11, 5.4065645522628129e+03, 1.7783375302885470e+03
19, 12, -1.6360614636707025e+04, -6.7174328482260444e+03
19, 13, 4.8266641895955927e+03, -7.6199447478970596e+03
19, 14, -2.2982965766035818e+03, 1.4305447938139405e+03
19, 15, -2.2742167990542948e+03, -6.4493845644711018e+03
19, 16, -5.4760579445413650e+03, 3.9036349323692848e+03
19, 17, 7.3222234147743520e+03, 3.1369154652899470e+03
19, 18, -1.3621475924989158e+04, -4.8289736166671901e+02
19, 19, -3.9857860844067764e+03, -1.1939865905023355e+04
20, 0, 2.5046818691404505e+03, 0.0000000000000000e+00
20, 1, 1.3493652899463304e+04, -2.2931134639568845e+03
20, 2, 2.6962089846528006e+03, -2.6394828871176651e+02
20, 3, 1.6109417240855624e+04, 2.6031449359684375e+03
20, 4, 1.9059067678917445e+03, 7.2559038759909436e+03
20, 5, -1.7888075756241951e+03, 3.9479975715664532e+03
20, 6, 2.7591500767947045e+03, 7.1174272107826819e+03
20, 7, 6.0896044199748849e+03, -1.8614389839896190e+04
20, 8, 4.8128235902325450e+03, 1.6894314676087351e+03
20, 9, -1.3673875698837206e+04, 2.0747049991095873e+03
20, 10, -6.4489528819516381e+03, 1.6517912833012167e+03
20, 11, -1.6106360333428247e+04, 1.1729587613555512e+04
20, 12, 7.3772492091705926e+03, -1.0791530141712883e+02
20, 13, 2.0670563093904300e+04, 2.3017193467042634e+03
20, 14, -5.7616915607372130e+03, -8.9445507193530339e+03
20, 15, 2.0987276136348601e+02, 7.3269552701821312e+03
20, 16, -2.0318182713309091e+02, -1.3024619576375499e+04
20, 17, 5.3860289721191893e+03, 3.7397621469024762e+03
20, 18, -1.3048717014350925e+03, 7.3024677061496986e+03
20, 19, 9.4774698572051821e+03, 1.7174752288738538e+04
20, 20, -9.9553152969231087e+02, 7.0428163617720365e+03
21, 0, 7.5125575580024524e+03, 0.0000000000000000e+00
21, 1, 2.3630218488085402e+03, -8.7047447487566897e+03
21, 2, -1.0912183564453404e+04, -1.8273959201160942e+03
21, 3, -4.7007874637262094e+03, 5.7044063772708096e+03
21, 4, -3.4577273443020549e+03, 2.0838560863921739e+03
21, 5, -3.5544190806907563e+03, 5.3775865605319568e+03
21, 6, 6.7373397070999454e+02, 1.1131071014000438e+04
21, 7, 2.6403965661527054e+03, 2.5846989499195561e+03
21, 8, -3.7737969714678366e+03, 5.5568098300222064e+03
21, 9, 1.1406946093311397e+04, -7.3587323808654546e+03
21, 10, 2.3029615126627932e+03, -1.1930877399001134e+04
21, 11, 1.0786270777209007e+04, 1.4683274679303231e+04
21, 12, 5.7653677469318054e+03, -5.9123930843821054e+03
21, 13, 3.3540861952006171e+03, 7.5701040517589208e+03
21, 14, 1.8595550748930023e+03, 2.3698901540593015e+03
21, 15, -1.8998635959691546e+03, -1.2582843305775486e+04
21, 16, 7.1445496042260038e+02, 1.3557633249823866e+04
21, 17, 5.2580270145837858e+03, -4.0588267619554790e+03
21, 18, -1.8298715169474235e+02, 9.3150642755988592e+03
21, 19, 1.3204426127115225e+04, 2.4117554648822988e+01
21, 20, 1.3097102505524625e+04, 7.5729663312595158e+03
21, 21, -3.1388616607821641e+03, -1.1242131539646900e+04
22, 0, 1.8515903200984005e+04, 0.0000000000000000e+00
22, 1, 1.8521008047806426e+03, 9.9971384568210560e+03
22, 2, 9.6075289140789137e+03, -3.0215679838590017e+03
22, 3, 1.2605905329285288e+03, 5.6442392603251701e+03
22, 4, -6.2666990737884780e+03, -8.8498457805462549e+03
22, 5, 2.1949041380597532e+03, -3.1689271674796673e+03
22, 6, -9.6697493037436107e+03, -1.4907883970735465e+04
22, 7, 3.2210346465589064e+03, 8.3187907037541481e+03
22, 8, -7.8467841014661972e+03, -4.9600768148569614e+03
22, 9, 6.7148990778305078e+03, 1.3353316115071657e+04
22, 10, 5.6016550399840526e+02, 1.0513178119591092e+04
22, 11, 1.4441998360046166e+04, 1.0038657449403359e+04
22, 12, 4.9271050866227233e+03, -9.8852815105017726e+03
22, 13, -1.6104255606864226e+03, -2.7086483322743297e+03
22, 14, -7.0496683610958135e+03, -8.0267971866513599e+03
22, 15, -3.8991361433946131e+03, 5.2515952325944227e+03
22, 16, 8.1062755263592226e+02, -3.6971779198311988e+03
22, 17, -9.4133249357983677e+03, -4.2569718219286369e+03
22, 18, 8.5247477692423672e+02, 7.3550280427967327e+03
22, 19, -3.7615728220695009e+03, -8.7072384988695976e+03
22, 20, 5.0312539966075137e+03, -5.4259154832801032e+03
22, 21, -9.2279311073109366e+03, -4.5592423848855287e+03
22, 22, -7.0375879602865116e+03, -4.1264446973259655e+03
23, 0, -4.9001298091850649e+03, 0.0000000000000000e+00
23, 1, 3.5597009296228116e+03, 4.9540569919174332e+03
23, 2, 3.9643680087573321e+03, 7.8151465913806751e+03
23, 3, -5.6177213048475296e+03, 4.1645408168482090e+03
23, 4, 1.1386001290719290e+04, 2.8432375064783405e+03
23, 5, 2.0986935751572310e+03, -6.8883261040291472e+01
23, 6, 3.7956740680978291e+03, 7.6923726423279368e+02
23, 7, -8.1592459760583934e+03, -1.0609100528853167e+04
23, 8, -9.8802989869771063e+03, 1.8907616356976168e+03
23, 9, -1.5824606447294332e+03, -5.9021283106510236e+03
23, 10, 3.1299507328182931e+03, 2.0546211499610847e+04
23, 11, 1.0628104460307715e+04, -1.1232890710968735e+04
23, 12, 3.5439985915870902e+03, 1.4533730090327685e+04
23, 13, 1.4531032084756880e+03, -1.0819773087327078e+04
23, 14, -5.4174641948621365e+03, 1.1384423203453747e+04
23, 15, -6.9499250564142221e+02, -3.6487589721367767e+03
23, 16, 2.6745931902161010e+03, 8.2380653177156019e+03
23, 17, 2.5641655432163861e+02, 6.3072577545344757e+03
23, 18, 5.3509211549594283e+02, -9.1606534687709282e+03
23, 19, -8.6269593366608588e+03, 3.2151468565158175e+03
23, 20, 5.0098714674430703e+03, -9.6922813948186358e+03
23, 21, 4.1253560733485574e+02, 2.5682940678482555e+03
23, 22, -4.8431416876073254e+03, -1.1660636501542824e+04
23, 23, 1.7123582433129395e+03, 7.5674201377627451e+03
24, 0, 1.0630046835457477e+04, 0.0000000000000000e+00
24, 1, -3.5694454369667587e+03, -9.1898891774149342e+03
24, 2, 4.1620551704885129e+03, 7.7422238151177444e+03
24, 3, -5.6381890568765275e+03, -9.9995773239815353e+03
24, 4, 8.5643289533012339e+03, -4.6327453140781427e+03
24, 5, -1.1310914852201620e+04, -7.2708683408553679e+02
24, 6, -5.3174166588392209e+03, 8.4742215440287182e+03
24, 7, 5.5139413433167829e+02, 2.5449636308368372e+03
24, 8, 3.5175819978665522e+03, 8.9391149431550148e+03
24, 9, 1.4733433205371566e+03, 2.3498970397532994e+03
24, 10, 1.7369935420233935e+03, -1.1192038103639816e+04
24, 11, -1.1842066025302286e+03, -1.6641892753301381e+03
24, 12, 3.4160910128411733e+03, -2.3135782642386130e+03
24, 13, -1.0963909750953868e+04, 1.1235061580889248e+02
24, 14, -5.5175108949274750e+02, 1.4853315114847337e+03
24, 15, -3.2870021391075243e+03, 4.1469437084437304e+03
24, 16, 4.5150158109316508e+03, -1.5035517880239240e+03
24, 17, 3.0262907860266469e+03, -2.9852901117352094e+03
24, 18, -1.3729836440837644e+03, 8.4687168000886086e+03
24, 19, 1.0906845869482193e+04, 3.7123034572617380e+03
24, 20, 6.7765107803775700e+03, -5.8126988609119553e+03
24, 21, -5.3646278766751075e+03, 1.3824865702546998e+04
24, 22, 2.1383578843089326e+03, -4.2481806881899065e+03
24, 23, -5.7366746686163424e+03, 3.6720504295924420e+03
24, 24, -1.9939826967161935e+01, 3.8132557353288398e+03
25, 0, -2.2676222205036156e+03, 0.0000000000000000e+00
25, 1, 5.2581327748487383e+03, 2.2473888361841637e+03
25, 2, 3.4199587284336244e+03, 1.9769411528393848e+03
25, 3, 6.1095633119775539e+03, 7.4030447703023583e+02
25, 4, 1.5769209646663803e+03, -3.2895395931403004e+03
25, 5, 4.7945464700177090e+03, -4.4840188549053219e+03
25, 6, 1.7111527895867043e+03, 7.8299741354790949e+03
25, 7, 9.5950564323797262e+03, -5.8786173308330654e+03
25, 8, 8.4390937740252848e+03, -1.9595437018653033e+03
25, 9, 1.2596484494916294e+03, 1.4878381901129578e+03
25, 10, 1.0480417937516682e+04, -5.2132023917596571e+03
25, 11, 5.0274104010811516e+03, 1.0024449066348243e+03
25, 12, -3.1891457290056715e+03, 3.6405751330441635e+03
25, 13, -4.1863870505411278e+03, 1.7147197442408506e+03
25, 14, 1.6658916627616100e+02, 3.2347274704785632e+03
25, 15, 1.1567733745291407e+03, -7.6020866540947090e+03
25, 16, 2.7175190693863547e+03, -5.3239549473042234e+03
25, 17, -7.1551649092361404e+03, -9.0859081446379423e+03
25, 18, -5.3513449412852469e+03, -4.3585270088342077e+03
25, 19, -6.5853653969466541e+03, -1.1190453120679172e+03
25, 20, 1.1412694516752093e+04, 2.4498455937502895e+03
25, 21, -2.6370839473169908e+03, -1.1166039898424628e+04
25, 22, 7.4233418669456787e+03, 7.8358644537036525e+03
25, 23, -3.2217144919730381e+03, -2.5657738663507243e+03
25, 24, 1.1666127376347365e+04, 1.3784223402157604e+03
25, 25, -1.1110577945654036e+03, -1.7197568457859197e+03
26, 0, 1.1245704634554242e+04, 0.0000000000000000e+00
26, 1, -9.0200198029923340e+03, 1.7211871609439113e+03
26, 2, -5.1106790310465885e+03, 4.4497668962247744e+03
26, 3, -1.2816461133249295e+04, 2.3453952477660341e+03
26, 4, -5.2299158196763037e+03, 1.0648955867421862e+04
26, 5, 1.9382872441459494e+02, 1.2827655794779497e+04
26, 6, 2.7054327006452149e+02, 7.7065657690059352e+03
26, 7, 3.7963538263440223e+03, -6.7921866007319823e+03
26, 8, 1.0891844117235463e+04, -1.2112102715892524e+04
26, 9, -2.2376722712015239e+03, -5.9938558338968360e+03
26, 10, 7.9756018343232499e+03, -2.1543367224333997e+03
26, 11, -1.2962959460688744e+03, -3.1581285782914565e+03
26, 12, -1.0185293715324860e+02, 6.8095123610799146e+03
26, 13, 4.0726179639573584e+03, -2.1881346982509635e+03
26, 14, 2.8534066502238265e+03, -4.5376881940641961e+03
26, 15, -1.8500446552457333e+02, 1.7439129737563862e+03
26, 16, -7.8492028188125696e+03, -9.8386553095817408e+02
26, 17, 4.8659066149646515e+03, 3.9488812379781639e+03
26, 18, -2.2451589375525218e+03, 1.5288486558401393e+04
26, 19, -1.9463257172401916e+03, -1.2529390574507685e+04
26, 20, 2.3055410160585780e+01, 3.0237862254773590e+03
26, 21, -3.2135505992311664e+01, -1.0820599118638031e+04
26, 22, -2.7782860414873994e+03, 1.2029087400284854e+04
26, 23, -3.5528031117472074e+03, -4.5947030638956412e+03
26, 24, -6.5815513510787059e+02, 3.7548297861638775e+03
26, 25, 1.9258013151327123e+03, -2.9926517976026080e+03
26, 26, -6.4098518607439837e+02, 2.0658182897360111e+03
27, 0, 5.7687420885330212e+03, 0.0000000000000000e+00
27, 1, 2.4277374950372878e+03, -3.0711490400065427e+03
27, 2, -1.7919561541148144e+03, -4.7625026851236016e+03
27, 3, 5.5416935846346405e+02, 5.9253611519808273e+03
27, 4, 1.9963752718351316e+01, -2.3116146712717300e+03
27, 5, 7.4290674617793184e+02, -2.3189204729467938e+03
27, 6, -6.0035612907819486e+03, -2.1690167153541606e+03
27, 7, 4.8730736710853462e+03, 1.6079620715401270e+03
27, 8, 5.4187334392287084e+01, -6.4517777106783988e+03
27, 9, -9.8427117316608637e+03, 4.0571943715777434e+03
27, 10, -1.0696296358001147e+04, 2.0193911729248057e+03
27, 11, -5.4608507063838260e+01, -5.4193710955300339e+03
27, 12, -3.9484217667579333e+03, 1.8197055696488036e+01
27, 13, 3.2776031020111518e+03, -1.9340472166441714e+03
27, 14, -1.0301514090517827e+04, -2.7369285754148086e+03
27, 15, -4.0442507178844771e+03, -1.8299863164200362e+03
27, 16, -5.4302455174755005e+03, 4.3763357820694137e+03
27, 17, 4.3516834624118574e+03, -5.9461605162034466e+03
27, 18, -3.1567660911259436e+03, -1.6905869217536424e+03
27, 19, 4.0081599977886799e+03, 2.6612996963304095e+03
27, 20, 5.2333488324764785e+03, -2.4365631999018296e+03
27, 21, -8.8255175049280297e+02, -1.0720631458656517e+03
27, 22, -3.5238518835764589e+03, 3.1718207115547648e+03
27, 23, 8.5001873015782166e+02, 1.6705687758459417e+03
27, 24, -2.5579606025944131e+03, -7.1859100216186152e+03
27, 25, -2.2612776841424816e+03, -3.5246338286621358e+03
27, 26, -6.1778378838933331e+03, -5.3879779123897933e+03
27, 27, 6.6527383135971832e+03, -1.8998484569887264e+03
28, 0, 8.5308908036417370e+02, 0.0000000000000000e+00
28, 1, 2.4849467203564382e+02, 1.4176735636044677e+03
28, 2, -3.9113803031635325e+02, 3.4471935337897230e+02
28, 3, 3.7503830376058304e+03, 4.0136164303574014e+03
28, 4, 9.4767143410556127e+03, -9.3776753278044835e+03
28, 5, 3.5160794485451906e+03, -1.1638463126641604e+04
28, 6, 1.7770951835874621e+03, -1.0029509649889969e+03
28, 7, 2.7318503086288915e+03, -9.6280286861240238e+03
28, 8, 1.0434873467029893e+03, 4.7471423355205989e+03
28, 9, 3.1273937617524225e+03, -3.1381697749327577e+02
28, 10, 9.0480408118946343e+02, 8.5178443123666966e+03
28, 11, 5.2141234484387533e+03, 9.8838106991789027e+02
28, 12, 3.9176011737259764e+03, 3.1099274280471172e+03
28, 13, -2.3862966504370816e+03, -5.0193285245374700e+03
28, 14, -7.2928353778348473e+03, -4.8105912536872193e+03
28, 15, 9.3824110631745634e+02, -2.7071759686861747e+03
28, 16, 1.0201394943562200e+03, -4.0422985702881051e+03
28, 17, 1.1001851645734618e+04, -3.6871429141956196e+03
28, 18, 9.8824104828151940e+02, -5.7859473828076807e+03
28, 19, -3.2073778363774927e+03, -3.8902009662335659e+03
28, 20, -9.7308022779520070e+02, -2.8606646718889715e+03
28, 21, 7.9524728381174900e+03, 3.5895070595436910e+03
28, 22, -3.8280352159745362e+03, 8.8275047044570374e+02
28, 23, 5.4369287680455036e+03, -1.1099890134060943e+03
28, 24, -7.2667847790211599e+03, 2.9680567202120001e+03
28, 25, 1.5383321409277632e+03, -2.8923882884281393e+03
28, 26, 1.4783084859863375e+03, -1.1334133141150851e+03
28, 27, 5.3955892753784774e+03, -3.3612043723761371e+03
28, 28, 7.4869421743037492e+01, -5.1529813504984086e+03
29, 0, -2.4514113854888719e+03, 0.0000000000000000e+00
29, 1, 6.3326050808292275e+03, 4.1529753017980938e+03
29, 2, -9.0615358840369736e+03, -1.4061012625329258e+03
29, 3, 3.6524388227970303e+02, 1.4112436711294231e+03
29, 4, -5.4295382634286761e+03, -7.9475999127981295e+03
29, 5, -8.5234191625858602e+02, -4.1601922699807574e+03
29, 6, -3.4177592565212744e+03, -8.1127592449894182e+03
29, 7, 2.6022786928302958e+02, 4.6576212094027142e+02
29, 8, 8.4687797631009187e+02, 4.8220328703471205e+02
29, 9, -3.2339678508901798e+03, -2.8025947619142171e+03
29, 10, -2.4198153256669525e+03, 7.4828523535576123e+03
29, 11, -6.5650173248778510e+03, -4.4123739604828725e+03
29, 12, 4.8418703695247823e+03, 4.0181533166357758e+02
29, 13, -4.5060958704710929e+03, 8.8631951162986775e+02
29, 14, 9.0515908591470252e+03, 2.6102292636582479e+02
29, 15, -5.0507885357570767e+03, 2.3028259171691361e+03
29, 16, 5.3072695252009153e+03, -2.6137786812718596e+03
29, 17, -5.1791263602637264e+03, 1.7344147044207891e+03
29, 18, 5.4291214767076399e+03, -2.3779589710874648e+03
29, 19, -2.7649397826777204e+02, 2.0218924239902749e+03
29, 20, -2.5285366513317749e+03, -5.2318277316375106e+03
29, 21, -1.7671161356696084e+03, -4.9635561135615444e+03
29, 22, -6.5718718928976823e+03, -3.6114122776349591e+03
29, 23, 3.3881111628739600e+03, 2.1953128555326930e+03
29, 24, -5.7474152484072338e+03, -3.4279894012739369e+03
29, 25, 7.6217143243544615e+03, -1.3077946166741676e+03
29, 26, 6.0942321954812326e+02, 4.7568493530521591e+03
29, 27, 5.0340546023401403e+03, 9.4964872271705281e+02
29, 28, -2.1120556664639244e+03, 4.3057585139920593e+03
29, 29, -1.6822785698113885e+03, -5.8588993935378221e+02
30, 0, 3.7679101844769048e+03, 0.0000000000000000e+00
30, 1, 9.0365819148335777e+02, -1.3156781275371197e+03
30, 2, 3.1757823816555683e+03, -2.6012449956712708e+03
30, 3, 2.0603430378481580e+03, 5.3986217461204342e+03
30, 4, 1.3992465321006403e+03, -3.9635903632196114e+03
30, 5, 1.0289937843106450e+03, 2.3603624990609860e+03
30, 6, -6.3546557269682735e+03, -1.0506742413542815e+02
30, 7, -4.7117444025944769e+03, 3.6345509319358307e+03
30, 8, 2.9115675241803588e+03, -5.3243922896475478e+03
30, 9, 4.2422754941652483e+03, -8.7370739635915143e+03
30, 10, -5.3293556035904021e+02, 2.1851541268466772e+03
30, 11, -1.5479027258542283e+02, -4.4767342960192500e+03
30, 12, -9.1687987006353069e+02, -1.7714159618806380e+03
30, 13, 2.5425687845281436e+02, 3.8079287691381501e+03
30, 14, -2.6288586062684626e+03, 1.1798917288470087e+04
30, 15, 2.1619312982565871e+03, -1.7546581985447970e+03
30, 16, 7.5197839264768427e+03, 4.9900159022407552e+03
30, 17, -2.1994059694795797e+03, -5.9324248826987223e+03
30, 18, -2.6661462621497867e+03, 5.5575578312208927e+03
30, 19, -1.0894934991814298e+04, -4.8756602766355245e+03
30, 20, -3.7400338273458979e+03, 7.4918321342847257e+03
30, 21, 4.3361906083547556e+03, -1.7293348516989208e+03
30, 22, -2.9795146513561449e+03, -8.3291705032471164e+03
30, 23, -3.0221775115015080e+03, 3.5277719067517442e+03
30, 24, 5.2468546833772898e+03, -3.6317766077503402e+03
30, 25, 3.8286922398486654e+03, 3.8294707124621891e+03
30, 26, -3.2609292980425462e+03, -1.6024849840077950e+03
30, 27, 3.6537718472119450e+03, 2.8963467859125676e+03
30, 28, -3.7230722270609622e+03, 1.7443566876854893e+03
30, 29, 2.8414731455570279e+02, 7.0050180066473413e+03
30, 30, -1.9506832819439737e+03, -4.7868291422805878e+03
31, 0, -2.7509500540792105e+03, 0.0000000000000000e+00
31, 1, -1.7470752326356901e+03, 9.4301025951093879e+02
31, 2, 2.8395510674444495e+02, -6.7809687603111097e+03
31, 3, -3.8051160781022809e+03, -1.1976538073503298e+02
31, 4, 2.7956850461926624e+03, -1.9115596631143524e+03
31, 5, 2.8661054575523899e+03, -4.6501466280394470e+02
31, 6, 3.9621280790955852e+03, 3.6448200436356592e+03
31, 7, 4.7113874091077178e+03, 6.3665405370522512e+02
31, 8, 2.4573393311450377e+03, 5.5519440763034800e+03
31, 9, -1.2150084745402546e+03, 3.9144209971975260e+02
31, 10, -1.2823735125287130e+03, 4.2962155242112713e+03
31, 11, -4.0869542723871291e+03, 1.0285810428599489e+03
31, 12, 5.5613685047733516e+03, -6.8775942338524619e+03
31, 13, -1.6522654285848059e+03, -6.1767601108386498e+02
31, 14, -3.8739469047460016e+03, -5.8917956627301855e+03
31, 15, 3.4299101027117704e+03, -3.4356351230255545e+03
31, 16, -6.2967098976483430e+02, 2.1192238069157756e+03
31, 17, 3.2166382798102950e+03, 3.0657164335369616e+03
31, 18, 2.3623075786980053e+02, -7.4717113664562721e+03
31, 19, -8.8781758503114270e+02, -2.3884531287865993e+03
31, 20, 1.7339478059140820e+03, 1.0386194472755315e+03
31, 21, -5.7111233283420406e+03, 2.5654845546814972e+03
31, 22, 4.9394154401498663e+03, 4.3067170649293075e+03
31, 23, -6.3646565552306656e+03, -4.7634649343862720e+03
31, 24, -6.1123082425004050e+03, 7.5907327244224780e+02
31, 25, -2.1639435767096884e+03, 2.4680492855229563e+03
31, 26, 1.0161225693792830e+03, 2.9830561283096276e+03
31, 27, 1.9239928999593440e+02, 1.8025704366151986e+03
31, 28, -2.3926309084298409e+03, -1.3368652775338804e+04
31, 29, 3.1278973107532283e+02, 5.0729136075889273e+03
31, 30, 5.7349486392388576e+02, -3.5447148486609549e+03
31, 31, -1.0294764040450100e+04, 9.5759814745032272e+03
32, 0, -1.2542054385250831e+03, 0.0000000000000000e+00
32, 1, -4.4027553562009998e+03, 1.9192736448419564e+03
32, 2, -5.9251958858385442e+03, 1.2861473217996190e+03
32, 3, 3.1192454983051498e+03, 8.0909693127583432e+03
32, 4, 1.9697597239417701e+02, 2.4715330104604072e+02
32, 5, -9.2777257525207460e+01, -3.0335245805966306e+03
32, 6, 3.7545145194403158e+03, -1.3611971605867002e+03
32, 7, -1.5546936217093635e+03, -3.9536577979071790e+03
32, 8, 5.4830313513354849e+02, -2.1507127572649297e+03
32, 9, 4.2751326396698905e+03, -2.1120362334400970e+03
32, 10, 3.6861927228583918e+03, 4.9149635173665893e+03
32, 11, -3.6245438378317945e+03, 6.7425746110197815e+03
32, 12, 1.0252489431625968e+03, 5.3043332962088443e+03
32, 13, 2.5608545927381747e+03, -2.9177272882031566e+03
32, 14, 2.1128843877702984e+03, 2.1633485402029000e+03
32, 15, 4.1856477092223031e+03, -4.0935177198358797e+03
32, 16, -6.2909415712435803e+03, -3.0471564209176840e+03
32, 17, -2.4895662218295740e+02, 2.2604137667429363e+03
32, 18, -2.2297793695243317e+03, -1.5462926145938886e+03
32, 19, 8.9445111574547809e+02, 5.2084331976893782e+03
32, 20, -8.2093203259210277e+03, -1.6807562203737734e+03
32, 21, 5.5228170363353756e+03, 7.0050405311879331e+02
32, 22, -2.5177240233994326e+03, -2.5907951399210529e+03
32, 23, -3.9278258820710425e+03, 5.1818862835417985e+03
32, 24, -5.4068554052486547e+02, -1.9921578153716300e+03
32, 25, -4.4642238745490376e+03, 5.3378260818712715e+03
32, 26, -4.8317394416179877e+02, -1.4155706732053113e+02
32, 27, 3.8913268879192810e+02, 2.7891398525482587e+03
32, 28, -3.4352801053955609e+03, -3.6255942430725427e+03
32, 29, -8.4702370166524815e+03, -2.8694967468896539e+02
32, 30, 1.5905979730312083e+03, -5.4159537747820059e+02
32, 31, 5.7222716166455120e+02, -2.8229601385328542e+03
32, 32, 4.0508589399994212e+03, 6.0714496582965439e+03
33, 0, -2.3679051473439085e+03, 0.0000000000000000e+00
33, 1, 4.4190372257925983e+03, 3.0387774870179528e+03
33, 2, -4.4852118077101431e+02, -2.0774179406269532e+03
33, 3, 3.1772640701371897e+03, -3.3559217767554574e+03
33, 4, 3.9599275750059169e+03, -2.6783116971046234e+03
33, 5, -5.7370468616708968e+02, 3.2691758586830265e+03
33, 6, 1.0598765315694163e+03, 5.3356866268566400e+03
33, 7, -6.6632398885703697e+02, -1.0119019710300927e+03
33, 8, 5.6495622353463868e+03, -1.9784172266383976e+03
33, 9, 4.2918720402780818e+03, 2.2712228982759425e+03
33, 10, 2.9078089052657024e+03, -1.7029285902510380e+03
33, 11, 2.8608045064285961e+03, -6.9166680895660738e+02
33, 12, -2.3742153163652310e+03, -4.1851552322455291e+03
33, 13, -5.2088235087069415e+03, 7.0821593424734863e+02
33, 14, 1.1840400322435958e+03, 2.6161539415974348e+03
33, 15, -4.0826702811533269e+03, 4.7773639211430509e+02
33, 16, 2.4717565363408994e+03, -7.1705696639176131e+02
33, 17, 1.7720832084560870e+03, 3.0113729319534614e+03
33, 18, 3.3742153622985911e+03, -5.4265290399808600e+02
33, 19, -3.0783230588961405e+03, -2.0200436208600222e+03
33, 20, -3.3271885410416726e+03, -2.8286281563350717e+03
33, 21, -4.0264559559129993e+03, 1.7198821198989135e+03
33, 22, 1.1630486886329486e+03, -1.0803702131663385e+03
33, 23, 7.9106563907997122e+02, -1.7752649718204789e+03
33, 24, 7.6328898691831846e+03, 7.9491326456867782e+03
33, 25, 9.7147628662798397e+03, -4.2727275699719212e+03
33, 26, 2.6932396823819272e+03, -4.5019698601227310e+03
33, 27, 3.9507487497731972e+02, -9.6311832451826604e+01
33, 28, -3.7222985498776579e+03, 8.2429542851602491e+02
33, 29, -5.3379742717050613e+02, 4.4920746184162635e+03
33, 30, -5.6220440991368614e+03, 4.3903012344724484e+03
33, 31, -1.5012305134499684e+03, -9.9795582578896096e+02
33, 32, -2.0789724238123226e+03, -1.2653648882034613e+03
33, 33, 5.1426042214466297e+03, -7.2917889154256218e+03
34, 0, 7.5784782950375402e+03, 0.0000000000000000e+00
34, 1, -2.0930369324471462e+03, 5.0582545140825096e+02
34, 2, -2.2214477651068091e+03, -3.5478296458036066e+03
34, 3, 2.9165012455934166e+03, 5.1885021034257952e+03
34, 4, 1.7420134912395947e+03, -2.7550933514170438e+03
34, 5, -4.1688396395185646e+02, 2.0752810837002389e+03
34, 6, 3.4532800795421804e+02, 4.3508125862059132e+03
34, 7, -2.3751211507152511e+03, -9.1440164718055530e+02
34, 8, -2.1094182575242485e+01, 7.4031781349483053e+03
34, 9, -7.5326297130968833e+03, 3.2786054373924235e+03
34, 10, -2.1698392887193313e+03, 1.0793439723961001e+02
34, 11, 3.4229783178115522e+03, 4.7425237538494785e+03
34, 12, 2.5015281800943794e+03, -2.5546473261927154e+03
34, 13, 6.1836321416906894e+03, -5.5805449211466130e+03
34, 14, 2.4919342757283885e+03, -7.6314553991733283e+03
34, 15, -3.2439748866310219e+03, -2.7366930319421845e+03
34, 16, -2.6028069074819723e+03, 1.2223171073061462e+03
34, 17, 1.6896567855717003e+03, -7.7992269411455482e+02
34, 18, -9.7288702065651250e+01, 9.8563386341521391e+02
34, 19, -1.4984817562188055e+03, -1.9289083735875192e+03
34, 20, -3.9613189564253826e+03, 9.8675781240277820e+02
34, 21, -3.7138741044883122e+03, 6.5690200982703263e+03
34, 22, 5.2848710079707771e+03, 3.1605406271243310e+03
34, 23, -2.2558628966214392e+03, -1.0855636469345332e+03
34, 24, 4.1733731155128698e+03, -3.6348411246350324e+03
34, 25, -1.2382613541217734e+03, -4.4992646953811955e+03
34, 26, -3.7948143730672145e+03, 2.6277596310769386e+03
34, 27, 3.7471725505665108e+03, -1.4500055387834645e+03
34, 28, 1.8161955083746120e+03, -2.7427227364892997e+03
34, 29, -1.6612570348495947e+03, -6.3369478396279228e+03
34, 30, 1.9208358529205632e+03, -2.9217109694890951e+03
34, 31, -2.6470127013090605e+03, 2.8063878263436709e+02
34, 32, 3.9727941699918383e+03, 2.6905258818021894e+03
34, 33, -7.2745286512261737e+02, -1.4475722572654370e+03
34, 34, 2.4447902063375077e+03, 4.1460086826520728e+03
35, 0, -9.9701477394982885e+02, 0.0000000000000000e+00
35, 1, -2.8009108370961940e+02, 3.0885028859325575e+03
35, 2, -4.2943151882725815e+03, 2.4446239647437242e+03
35, 3, 3.2427704907037532e+03, 5.1206594606734761e+03
35, 4, 1.9204356540495528e+03, -1.6209236554892441e+03
35, 5, 6.6372878273808283e+03, 1.2280403611294423e+02
35, 6, 2.8400261116508882e+03, 1.9826740253153948e+03
35, 7, 7.4615728810037763e+02, -4.5544899466333400e+03
35, 8, 2.1305395134396113e+03, 7.0249321578203217e+02
35, 9, -1.3726278821320118e+03, -2.1557479635007562e+03
35, 10, 4.8411362030855207e+02, 1.7688103612728282e+03
35, 11, -4.8393023904897509e+03, 3.2744711717238670e+03
35, 12, -2.2784361090550010e+03, 1.6513370075187713e+03
35, 13, -4.5379834555069510e+03, 1.6210215429140599e+03
35, 14, 1.9947645099360072e+03, 4.9153453007247144e+03
35, 15, -3.5172855750568442e+02, -3.2541645969944329e+02
35, 16, -2.8190833692132451e+03, -3.9398648240396101e+03
35, 17, 1.2584085919018498e+03, -5.7735470914310436e+03
35, 18, -4.0828709955951213e+03, -1.0914106465907553e+03
35, 19, -5.7109723540372688e+03, -8.1738850981272253e+02
35, 20, -2.3541395683508554e+03, 6.7653373300963731e+03
35, 21, -1.4839281888345549e+03, -1.2828686976587960e+03
35, 22, 2.3100099848895989e+03, 3.5350077605337274e+03
35, 23, 5.1683938826193034e+03, -6.4113613835864417e+03
35, 24, 7.5439951085575467e+02, -3.2507326002444856e+03
35, 25, -1.2406142043184941e+03, -8.4470445898917114e+02
35, 26, -2.3017374410329194e+03, -4.1419678093400507e+03
35, 27, -3.7018334559907216e+03, 5.3358673504169901e+03
35, 28, 2.5116665803569513e+03, 1.4551493489657555e+03
35, 29, -3.6905658499894671e+03, -5.3203535319607636e+03
35, 30, -1.2605524711312164e+03, -1.9343372386774909e+03
35, 31, 2.0817679021462982e+03, -4.5054188831029489e+02
35, 32, 4.9372026745503408e+03, 5.2015199920126433e+03
35, 33, -3.5773241685789826e+03, -3.0368401302698985e+03
35, 34, 2.0312440324416639e+02, 9.7036035452446777e+03
35, 35, -3.6841603859236329e+02, -4.5790905515669419e+03
36, 0, -1.6717250771465724e+03, 0.0000000000000000e+00
36, 1, -1.2075871088876693e+03, -9.1367876484637486e+02
36, 2, -2.4562214177974743e+03, -1.7771399735192063e+01
36, 3, -2.9765331795439442e+03, -9.2135320711051918e+02
36, 4, 4.3417944212259290e+03, 7.1914149245285944e+02
36, 5, -2.8360046571260946e+03, -4.3118375628675665e+02
36, 6, 1.0459151409677779e+03, -1.4308194506321736e+03
36, 7, 8.9171444484529384e+03, 6.6668988334337064e+02
36, 8, 8.8530966708355209e+01, -2.4714531565850843e+03
36, 9, 1.0099265836768898e+04, -3.6496847186565310e+03
36, 10, 3.2877806153683141e+03, -5.4312971877659074e+03
36, 11, -1.0539838981667190e+03, -1.5225629998345646e+03
36, 12, 6.3014116431088860e+03, 3.2419303689114290e+03
36, 13, -5.4040995701041747e+03, 2.0844066056363026e+03
36, 14, 1.2529197189044744e+03, 1.7891217844745765e+03
36, 15, -5.0783117311531169e+03, 3.5901116030855878e+03
36, 16, 3.6088677340506183e+03, -8.4949137304670194e+02
36, 17, -2.2803458137108564e+03, -2.3035338618579226e+02
36, 18, 7.0980160097103840e+02, -1.0196054472376100e+03
36, 19, -2.3079828149395453e+03, 3.5877163355354810e+03
36, 20, -2.1522135832092763e+03, -1.7275208875083313e+03
36, 21, -1.8159374937719494e+03, 1.9464541327779193e+03
36, 22, -1.4355455042608980e+03, 7.5365697061599894e+02
36, 23, -9.7034386199419919e+02, -3.5611962748438309e+03
36, 24, -2.5619824600575666e+03, -1.5245018419747357e+03
36, 25, -2.8415886086459395e+03, 3.7496025317538824e+03
36, 26, 3.7534875350951993e+03, 7.2919931450120748e+03
36, 27, 2.3566297888106465e+03, -1.9419364766343047e+03
36, 28, 2.0969961122300738e+03, -1.1453690379385680e+03
36, 29, -2.0323451772942162e+03, 5.5588133781788001e+03
36, 30, -5.4789415110703449e+03, 1.1940650324615654e+03
36, 31, -1.0230260966657515e+03, 4.1312619288058158e+02
36, 32, 3.1849470380365365e+03, 3.6404835834051391e+02
36, 33, 6.3417357658361625e+03, -1.9642912144947568e+03
36, 34, -2.4069713433929419e+03, -1.5498252722543484e+03
36, 35, 3.5671159121605997e+03, -2.6567510297747940e+03
36, 36, -5.4632439767666256e+02, 3.5559565575097140e+03
37, 0, 2.1751108633693357e+03, 0.0000000000000000e+00
37, 1, 1.7554635562882850e+03, 1.7593191178910656e+03
37, 2, -5.5660918385608302e+03, 2.0181924487484137e+03
37, 3, 4.2359675964032849e+03, 1.9826121231898578e+03
37, 4, 2.8759723727268847e+03, -3.9230662675413846e+03
37, 5, -3.9771821025005697e+03, 1.6459071842617968e+03
37, 6, -3.0054521855364328e+03, -4.2194322248322660e+03
37, 7, -8.1369488947664759e+03, -6.6491381427470287e+02
37, 8, -5.2228759010159265e+03, -5.8081476340670879e+03
37, 9, -3.3038751304401812e+03, -1.1678025238327932e+03
37, 10, -2.2446255457339480e+03, 5.6393805367471259e+03
37, 11, -4.3537562887934027e+03, 2.1149835666044037e+03
37, 12, 3.2628643413252530e+03, 7.5328522819937689e+03
37, 13, 5.5547940874802498e+03, -6.8775314735324973e+03
37, 14, 3.1799536048690943e+03, 2.8967705514798363e+03
37, 15, -2.2133147903416907e+03, 1.9906296585575406e+03
37, 16, 3.1331791521152682e+03, 1.1843529145537668e+03
37, 17, 4.2056178089160767e+01, -1.4158174840240190e+02
37, 18, 3.2784633009397385e+03, 6.3967123441990516e+03
37, 19, 4.8321197932578980e+03, 1.9972225651657693e+03
37, 20, -9.3175576302504260e+02, -2.5073331537455147e+03
37, 21, 8.1530562546871693e+02, -1.0215517802518789e+03
37, 22, -3.1850248320708442e+03, -1.1510696303366351e+03
37, 23, 2.9897424330714384e+03, -1.9219115733793633e+03
37, 24, 4.7950353726455778e+03, -3.6887055811387918e+03
37, 25, 1.5563629937676242e+03, 7.2992076790288593e+01
37, 26, -3.6366707947738391e+03, -2.5654968522101908e+03
37, 27, -1.2935793896954137e+03, -6.8366795126270654e+02
37, 28, 1.6271876058488142e+03, 3.5213386948593944e+02
37, 29, 1.9540194856134622e+02, -2.9899792822300697e+01
37, 30, 3.8326468554969688e+03, 5.6941828437734293e+03
37, 31, -5.6422607224304738e+02, -3.7654797015453369e+02
37, 32, -1.9177133398482408e+02, -1.5513719429516614e+03
37, 33, -8.7188285892133899e+02, -2.8799799105838756e+03
37, 34, -3.5384874812616617e+03, 7.3937339501158021e+01
37, 35, -1.2617545268228459e+03, -3.6525495985820453e+02
37, 36, 9.1774793979202514e+00, -3.9126457148076588e+02
37, 37, 8.6313141245406769e+01, 1.8331070903901818e+03
38, 0, -1.8558819252874946e+03, 0.0000000000000000e+00
38, 1, -6.1234924171008315e+03, 3.7455715928435902e+03
38, 2, -6.0546013819730297e+03, 3.7090309768069937e+03
38, 3, 5.4560592885996120e+03, -3.8079163263490796e+02
38, 4, 1.9996324801427363e+02, -2.7530591665905449e+03
38, 5, 5.7759623999256946e+03, 1.6573504557486149e+03
38, 6, 5.7525791743971322e+03, 5.9546020754955480e+03
38, 7, 2.2016052236663754e+03, 1.4572044525447400e+03
38, 8, 4.7298738109442838e+03, 2.8060873060658851e+03
38, 9, -4.9340519093744615e+03, 6.4835686326345603e+02
38, 10, -3.4844322873680567e+03, 1.3855372764807817e+03
38, 11, -3.5088867340998513e+03, -3.7871210774646897e+01
38, 12, -3.2222034123539299e+02, 1.1854490819952498e+03
38, 13, -9.4667846992890209e+03, 2.8712440828066478e+03
38, 14, -5.0935286095077145e+03, 5.0454683393580517e+03
38, 15, 4.0515899828958527e+02, 3.6090458369368780e+03
38, 16, 3.7907758995333143e+02, 2.3135943808898023e+03
38, 17, -1.3694702534604648e+03, 1.3910089554533688e+03
38, 18, -1.0334734062789169e+03, -4.6788000576057166e+03
38, 19, -1.1772933387429975e+03, -4.8672004287388172e+03
38, 20, -6.5527362704749821e+03, 1.6299816616088392e+03
38, 21, 3.0971931417675580e+02, 1.5553698712488035e+03
38, 22, 1.9412102489801528e+03, 8.6307377223072017e+03
38, 23, -7.8629049985847178e+02, 4.5883297402846165e+02
38, 24, -3.1343046387744366e+03, 3.8307606808854689e+02
38, 25, 6.8029592324430882e+02, 1.3727526681030936e+03
38, 26, 7.1107221352971501e+03, 3.6793735030784683e+02
38, 27, 3.3273757143200578e+02, -6.0606991468108381e+03
38, 28, -5.0997357304283505e+03, -1.0378638031315331e+03
38, 29, -6.1730320167129321e+01, 4.8277750291850680e+03
38, 30, 2.0479901953465214e+03, 1.4687317652516349e+03
38, 31, 2.5137953303372233e+03, -1.9678738416565086e+03
38, 32, 3.7773109000349177e+02, 2.4727715055729632e+03
38, 33, -3.2019595910214503e+02, -2.7956027113470095e+03
38, 34, -8.6755829555024393e+03, 4.1769495575737801e+03
38, 35, -4.1804632478827079e+03, -1.9400161392097307e+03
38, 36, -4.8829014715667072e+03, -1.9216031275167006e+03
38, 37, -2.0524148217256020e+03, 2.0388020243874562e+03
38, 38, -2.2308725590329486e+03, -3.2536639671577595e+03
39, 0, 4.6960069059823327e+03, 0.0000000000000000e+00
39, 1, 6.9925456816109909e+02, -2.8277277691893751e+03
39, 2, 1.4334298025269939e+02, 3.6642906236107028e+03
39, 3, 7.1225363532338315e+02, -8.2361906853921255e+02
39, 4, -2.5796756723618942e+03, -1.5299017537997915e+03
39, 5, -3.1235870820285145e+03, 4.4617399570192401e+03
39, 6, -8.5859081190050438e+02, 3.1072241897177146e+03
39, 7, 8.2900889961773373e+02, -3.3030255026890245e+03
39, 8, 3.1993132941687236e+03, 1.6736113626911128e+03
39, 9, 4.8099984192351194e+03, 1.6198905350385169e+03
39, 10, -2.0208187570008886e+02, -1.0941696967669930e+03
39, 11, -2.3365064186729387e+03, 5.4657538790704803e+03
39, 12, -1.5472344990196889e+03, 5.0440832736013431e+02
39, 13, 2.0352585462580073e+03, -4.3200878058200396e+02
39, 14, -2.9636771383303540e+03, -2.6869757920045799e+03
39, 15, 7.2105752139662809e+02, 4.8627076792117696e+03
39, 16, -3.0445040370402448e+03, -4.3216816161991233e+02
39, 17, 1.3173886048186455e+03, 3.2235827708663455e+03
39, 18, -2.3229594629395297e+02, -1.5331731795945179e+03
39, 19, 3.4816657058557485e+02, 4.0303691311407565e+03
39, 20, -3.1012279717039028e+03, -2.0367865821938540e+02
39, 21, 3.4490706574032879e+03, -2.5272904351072757e+03
39, 22, 2.2863597064148762e+03, -1.9525894339081117e+03
39, 23, 3.1062663694160356e+03, -1.5177869897889686e+03
39, 24, -9.1519710786243031e+03, -4.5719725241474134e+03
39, 25, -4.4805504483875293e+03, 1.3916018389321471e+03
39, 26, -3.2741216340982364e+03, -2.7295816490438312e+01
39, 27, 2.3601696006600860e+03, -1.7099767303829794e+03
39, 28, -1.2522893832974933e+03, -7.0961633477157147e+03
39, 29, 4.2602517212825296e+02, -2.4450364942103351e+03
39, 30, -5.2882740040924618e+03, -1.9231372091736248e+03
39, 31, -1.6009404644907279e+03, -3.1267499202412364e+03
39, 32, -3.9692839685787721e+03, -5.5628668431493134e+02
39, 33, 1.0162188610519224e+03, -1.1938996492716642e+03
39, 34, 3.5795740557033105e+03, 1.4278043043489683e+03
39, 35, -1.0774509988288137e+03, 2.2345905903284329e+03
39, 36, -2.1888358550125258e+02, -1.2653205424871339e+02
39, 37, -1.5903225094566492e+03, 2.5004494303987685e+03
39, 38, 2.9553943328211062e+02, 3.1479986724371452e+03
39, 39, 6.7232827169764710e+02, -5.6938761376705716e+03
40, 0, -5.1677494363307596e+03, 0.0000000000000000e+00
40, 1, -5.2081247554077327e+03, 5.3942212421593899e+02
40, 2, 9.3393760488843327e+01, -5.3448310289606352e+03
40, 3, 4.5173386788122434e+03, 1.6409045986353885e+03
40, 4, 1.7652818350599000e+03, 4.7828415484505513e+01
40, 5, 1.5744121907038052e+03, 5.2132432422949732e+03
40, 6, -5.1933391947063901e+03, -2.7406568811550314e+03
40, 7, -3.5466582889070769e+03, -3.7614460694739532e+03
40, 8, -8.5062405117007620e+03, 4.2326835864947989e+03
40, 9, -1.2235644736389195e+03, 8.9602311358027509e+02
40, 10, 2.6640036526864055e+03, 6.2656336966621529e+03
40, 11, 3.8092446765575432e+03, 2.1904497067129773e+03
40, 12, 1.0989643032616559e+03, 1.3438801619587530e+03
40, 13, 3.5471034864868861e+03, 3.1267851263775487e+03
40, 14, 2.3508272705707154e+03, 2.5065715272744133e+03
40, 15, 2.4612632893179489e+02, 1.5890455606736841e+03
40, 16, -1.0484950768650015e+02, 8.0150180091629466e+02
40, 17, -3.3835468035386721e+03, 6.7042945846809334e+02
40, 18, 5.5144129426943991e+03, 5.4541387332557824e+03
40, 19, 3.4178552012092969e+03, -3.3004243023637883e+01
40, 20, -2.8146805641693891e+03, 8.8498205279017452e+02
40, 21, -3.5102577705392800e+03, -3.2665203008471258e+03
40, 22, 3.0939829423794181e+03, -3.1716224330071223e+03
40, 23, -1.5203420886628010e+02, -8.3622856251962730e+02
40, 24, 2.8263206590994964e+03, 3.7724266175329763e+03
40, 25, -1.0991670624233511e+03, 3.6157086269752335e+03
40, 26, 2.7887350761408561e+03, 3.2391823326514277e+03
40, 27, -3.0950253831272124e+02, 9.3322718629417489e+02
40, 28, -1.6109168765753875e+03, -1.3521182217215028e+01
40, 29, 6.1682477098833861e+03, 5.7173578301479574e+03
40, 30, -2.4204697820798847e+03, 5.2516869690777548e+03
40, 31, -1.2379104530093173e+01, -8.6551357473488633e+02
40, 32, -2.4562856236727284e+03, -1.4915409386341071e+02
40, 33, 3.0007011033044955e+03, 3.0265092174088295e+02
40, 34, 4.8455821351212444e+02, 5.6708054057512345e+02
40, 35, -2.4611655747084005e+03, -1.2259263392305329e+03
40, 36, 7.9694270470810545e+02, 1.5555179249402872e+03
40, 37, 2.8705710725395811e+03, 3.5750746847208029e+02
40, 38, 7.7599751422074587e+02, 6.3825154198367159e+02
40, 39, 1.3240910889631332e+03, -4.9714598813700331e+02
40, 40, -3.6648970343081091e+03, 2.4980323788829091e+03
41, 0, 1.4365735222036528e+02, 0.0000000000000000e+00
41, 1, -3.3192480678191218e+03, 2.5984305973865257e+03
41, 2, -7.4145525201352284e+03, -3.2353180177776412e+03
41, 3, 1.0246254642757149e+03, 2.8499929419190903e+02
41, 4, -2.5787720473342270e+03, -2.2694917119006464e+03
41, 5, -3.0783853154205808e+03, 4.9704806167545885e+03
41, 6, 3.8519423684876697e+03, 4.4182482210010403e+03
41, 7, -2.2551683422844208e+03, 4.0271685471958863e+03
41, 8, -3.7885596097593543e+03, 1.0161090182131825e+03
41, 9, -6.5500448922278883e+02, -1.0589288863661595e+03
41, 10, -2.9018590191281191e+03, -1.0973238519891875e+03
41, 11, 2.3423775035293511e+02, -2.4633339061867127e+03
41, 12, -6.8752035457113379e+02, -1.9449750897061633e+03
41, 13, 8.7795486236980469e+02, 2.7343987383723775e+03
41, 14, 7.1216824508998998e+03, -3.2200020817592931e+03
41, 15, 4.1711114564274794e+01, -4.1231488436537675e+03
41, 16, 5.9127020731096018e+03, 1.3524510438413242e+03
41, 17, -7.2229090495447610e+02, -5.5483243628740065e+03
41, 18, -8.7592086360230041e+02, 2.4022588466052757e+03
41, 19, 3.3807003659975919e+02, 2.8977071049099513e+03
41, 20, 2.7410735901591861e+03, -2.4975073258972370e+03
41, 21, 3.4782589154614298e+03, 6.2401310930933614e+03
41, 22, -9.5046869265209352e+01, 7.2115903382956094e+02
41, 23, -2.7510983053585655e+03, 1.8343076968972998e+03
41, 24, -4.3004768810372912e+02, 1.2308325511121648e+03
41, 25, 2.3753559054499847e+03, 7.0368230879039675e+02
41, 26, 3.8683265944291052e+03, 2.8378845529074706e+03
41, 27, 1.3759654985022589e+03, 9.4888177097626021e+02
41, 28, 4.5005977683743167e+03, -6.1764708932479261e+03
41, 29, 5.3917138653767142e+02, 4.8262007801104301e+02
41, 30, -5.3063056150792636e+02, 2.7596895261938189e+03
41, 31, 1.0609233530506358e+03, 1.4277218612867691e+03
41, 32, -5.4060415064323752e+03, -1.9795736406274737e+03
41, 33, 9.1186628195124104e+02, 4.1126405198866796e+03
41, 34, 4.2634602653156981e+02, 8.5199640830888438e+02
41, 35, -1.5753778421930529e+03, -1.3451807807850162e+03
41, 36, -3.1049448271160013e+03, -9.5529979007197198e+02
41, 37, 1.0022237050399563e+03, -1.6780317600388744e+03
41, 38, -1.3283173184692996e+03, -5.3326958219319322e+03
41, 39, -1.9704197445735508e+02, 2.9398390088165347e+03
41, 40, 4.2597385876786566e+03, -1.2953013454765314e+03
41, 41, -2.5947322613512310e+03, -1.2743181801692717e+03
42, 0, -8.4545285994868232e+02, 0.0000000000000000e+00
42, 1, -5.9105827485528389e+03, -4.8211153145651201e+02
42, 2, -1.4598818753758526e+03, -3.8783028894962445e+02
42, 3, -6.3897625584268098e+01, -9.7588996561231875e+02
42, 4, -3.6784566306049228e+03, -2.7456468826259515e+03
42, 5, -2.4413147775500847e+03, 5.0205794951512571e+03
42, 6, 8.1579642716644130e+03, -2.1470608240047495e+03
42, 7, 1.3386420875255817e+03, -1.3841255908171381e+03
42, 8, 4.8907416226636651e+03, 5.7998241006987109e+03
42, 9, 2.3291610012567935e+02, 5.7966960581218427e+03
42, 10, -7.7732432552560044e+02, 2.2563748561175044e+03
42, 11, -1.2524064359999011e+03, 3.8628133941735541e+03
42, 12, -8.2258287973380220e+01, -1.1263468286402106e+03
42, 13, 2.3460874415134955e+02, 4.4011548843115870e+03
42, 14, 3.5754234313608345e+03, -1.4673889056923035e+03
42, 15, -1.8502165410762036e+03, -2.6590283359491696e+02
42, 16, 5.2672545749881647e+02, 1.3579774295093239e+03
42, 17, 3.9388973106483859e+03, -6.7392505081424883e+02
42, 18, 3.4048137107052235e+03, -6.9994804879744870e+03
42, 19, 8.2130460715826484e+02, 9.7500445028026479e+02
42, 20, -2.8446658366179417e+02, 1.7414358654491641e+03
42, 21, -5.7421934372204687e+03, -1.7846048093999534e+03
42, 22, 2.3987221564569868e+03, -6.9407630133187922e+01
42, 23, 5.8170080815827778e+03, 2.5415468417749207e+03
42, 24, -1.6001134025259471e+03, 4.2440592611291722e+03
42, 25, -8.6023773339691479e+02, 2.7418871510036479e+03
42, 26, -2.2489123627779240e+03, -7.2614714667913177e+02
42, 27, 2.1485897370418847e+03, -5.0749263034961796e+03
42, 28, 9.1775691308292335e+02, 4.0555606388732122e+02
42, 29, 1.3026794509330050e+03, -1.9215399731827540e+03
42, 30, 1.0923397315564016e+03, 2.9273846881387863e+03
42, 31, -8.7798974318291403e+02, 2.9321331474857388e+03
42, 32, -8.9063253306043600e+02, -3.2655280082072550e+03
42, 33, -2.7443434194062793e+03, 1.2435779864818032e+03
42, 34, -2.3135516807952683e+01, 2.2518960323632782e+03
42, 35, 4.1924047965354657e+03, 3.0338361579420962e+01
42, 36, 2.1736300150185834e+03, 6.3696587458047907e+02
42, 37, -5.1748494369259981e+02, 4.6643864714992205e+03
42, 38, 8.4905496947354345e+02, -1.8238321307055558e+03
42, 39, -2.8215729843321469e+03, 2.0511776409918507e+03
42, 40, 5.8885983090427271e+03, -2.0863504848142293e+02
42, 41, -1.2357520490499401e+03, 2.6345867327786409e+03
42, 42, 2.8085629408106279e+03, 5.6319859346335670e+02
43, 0, -3.0424727103415203e+03, 0.0000000000000000e+00
43, 1, -1.9209347412928400e+02, 4.8138574948037376e+02
43, 2, -3.7726344530322754e+03, -2.4994842962973235e+02
43, 3, 3.2869216136841824e+03, -7.6547390076751753e+01
43, 4, -3.2897588550579967e+03, -7.0355983908272992e+02
43, 5, -8.1307375150969892e+02, -1.5224407063913304e+03
43, 6, -4.7137107386740445e+02, -1.7660955509622754e+03
43, 7, 1.9902558372623703e+03, 9.0817198655809307e+02
43, 8, -1.6733478062195002e+03, -1.2904505394126381e+03
43, 9, -2.6236492105165939e+03, -4.6905755359268487e+03
43, 10, 1.9588462135427189e+03, 1.5553143895369733e+03
43, 11, 2.1347311727582414e+03, 3.2220679193522133e+03
43, 12, 5.4438214911595951e+03, -2.6381521221063008e+02
43, 13, -4.3065936887714724e+02, -1.0336197568931084e+03
43, 14, -2.4710552331875642e+03, 2.0648371711286018e+03
43, 15, -4.4506817373746235e+03, 2.6719821438179515e+03
43, 16, -2.2006113028693753e+03, 2.0510493312009521e+03
43, 17, -1.8081302690542768e+03, 2.4281483496347100e+03
43, 18, 1.2242925239029091e+03, -1.9343567295817950e+03
43, 19, -2.8984648755456232e+02, 3.1398344862097601e+03
43, 20, -6.6547348802244372e+01, -8.1178044638978827e+02
43, 21, -1.7578448718772765e+03, -3.1076514051163222e+03
43, 22, -1.6896589879095800e+03, -3.1325476375200333e+02
43, 23, 2.0955241768056794e+03, 1.5322540033785526e+03
43, 24, 8.4820558007172110e+02, 1.3631835211220837e+03
43, 25, -1.3923545623150187e+03, -3.1716440869196626e+03
43, 26, 2.2922512860618831e+03, 3.1197672034780821e+03
43, 27, 9.8279404465295056e+02, -1.9042398410763690e+03
43, 28, 4.0425939144206304e+03, 1.4306451576455765e+02
43, 29, 2.1244455236379710e+02, -8.8820073518807112e+02
43, 30, -5.5486240988594882e+03, 1.2080887123821331e+03
43, 31, 9.6963054909391758e+02, 1.9603395950253548e+02
43, 32, -6.3502838511672917e+02, 1.7388517272759277e+03
43, 33, 5.7633909230483823e+03, 2.3853443462894966e+03
43, 34, 2.1960560898986496e+03, 2.5803198870391325e+03
43, 35, 6.5527861125760319e+02, -1.7593145411524777e+03
43, 36, -7.5068064564279734e+02, 2.5010414268871555e+03
43, 37, 9.3487229717915898e+02, 9.3649989897446494e+02
43, 38, 1.8334429142783406e+03, 2.6202035665435042e+03
43, 39, 2.2597324623946415e+03, 6.4249818680993803e+02
43, 40, -2.1600783562559227e+03, -2.6175836859849510e+03
43, 41, 3.0416237729706318e+03, -1.7206140972109649e+03
43, 42, -3.7324590730660602e+03, -2.4713034292559623e+03
43, 43, 1.5470990894459701e+03, 3.1694707777665371e+03
44, 0, -1.0179285585855496e+03, 0.0000000000000000e+00
44, 1, -6.0801418616051078e+03, 1.4558260620301182e+03
44, 2, 2.1358903403731329e+03, -1.5783282203398171e+03
44, 3, 1.4209832923434269e+03, 2.1767352970042111e+03
44, 4, -3.1976987738618063e+03, -1.1642918671785665e+03
44, 5, -1.5150750041772237e+03, 3.4680512464003837e+03
44, 6, -1.3922715879530333e+03, -1.3655432958115275e+03
44, 7, -2.6827395358207141e+03, -4.9837666992217664e+03
44, 8, -3.5911042711162227e+03, -3.2376155474618786e+03
44, 9, 3.6479890162226275e+03, -5.6768405761956128e+03
44, 10, 4.7623798506042476e+03, 6.2154089986437020e+02
44, 11, 3.4103122806714327e+02, -1.2418222439390120e+03
44, 12, 6.4501822941671280e+03, -1.2468584305200043e+03
44, 13, 2.6723121294738530e+03, 1.1564969089585320e+03
44, 14, 3.2499757437171238e+03, -4.1520251910514380e+03
44, 15, 2.0378755294460293e+03, -5.3125598586785090e+03
44, 16, 4.6210355820027471e+03, -1.2503632355581976e+03
44, 17, -3.0008915340933231e+03, -2.6639908018563892e+03
44, 18, -2.6231119851088738e+03, 2.5583519783098354e+03
44, 19, -4.8637495864429557e+03, 1.2403377761174286e+03
44, 20, 2.3140634800024782e+02, 4.1578011468888562e+03
44, 21, -2.5536073818517516e+03, 2.9420673649535429e+03
44, 22, 1.7339831424779589e+02, -3.6937901485485145e+02
44, 23, -1.4922959011676994e+01, -2.1073796596386310e+03
44, 24, 4.0006789209747749e+03, -9.4471046618936589e+02
44, 25, -1.6324712254123242e+03, 2.1333539320843888e+03
44, 26, -4.0518243641463396e+03, 1.7464770729969832e+03
44, 27, 2.4407925618585782e+03, 1.2873363771966292e+03
44, 28, -2.6739502417425388e+02, -1.6140466044267373e+03
44, 29, -1.2963681161737941e+03, -1.6877935825268069e+03
44, 30, -1.7918600564565395e+03, 5.2235509919589003e+02
44, 31, -3.4884815934040953e+03, 2.7742110076067174e+03
44, 32, -3.9282166929212217e+03, -2.9736552174293865e+03
44, 33, 1.5993981503106352e+02, 2.1236892110736926e+03
44, 34, 3.0581256013168709e+03, 1.4951611731925582e+03
44, 35, 7.9514095962689680e+01, -3.3285107164353631e+03
44, 36, 2.0537852428336992e+03, -1.0326181546177500e+03
44, 37, -4.6541692465763299e+03, -9.4216286590939262e+02
44, 38, 4.3842706361686578e+02, -2.5895021916519963e+03
44, 39, -6.1588164266216609e+02, -7.9218255685650684e+02
44, 40, -1.3211172972615950e+03, 1.5469472858206927e+03
44, 41, 9.3746837729524827e+02, -2.5541680694980914e+02
44, 42, 2.9292882239682258e+03, -6.5511481544792059e+02
44, 43, -1.1552152611481665e+03, 2.6390804447444953e+03
44, 44, 2.5612089369362475e+03, -6.4033789103211020e+03
45, 0, -4.6637181193928718e+03, 0.0000000000000000e+00
45, 1, -2.3587907090428225e+03, -1.7842519110139147e+03
45, 2, 1.0066485596412203e+03, 5.0471125975542873e+02
45, 3, -8.7670859266009256e+02, -5.7541388882655056e+03
45, 4, 5.1681760545424668e+03, -1.3689350865888232e+03
45, 5, 2.9568547160901016e+02, 1.1661113482650280e+03
45, 6, 4.5193004626720840e+03, 1.3137948985175603e+03
45, 7, 2.5424170888724029e+03, 1.3190496546462255e+03
45, 8, 8.0566227518350615e+02, 1.6900490319096734e+03
45, 9, -3.2057771858846368e+03, 3.8271881941919764e+02
45, 10, -4.2474210915513413e+03, 3.0624775458267532e+03
45, 11, 1.0691377852250878e+03, 1.8159360210105642e+03
45, 12, 1.8659771896369693e+03, -5.4629266756679699e+03
45, 13, -1.3043418421776059e+03, -4.4572776838930658e+03
45, 14, -4.5389126506907530e+01, -3.1909246721008008e+03
45, 15, 1.6858718465679924e+03, 2.2334016473100992e+03
45, 16, -1.4274708812272843e+03, 1.1702555484979121e+03
45, 17, 2.0280546244694528e+03, 2.0424889806217921e+03
45, 18, -3.9295137412750273e+03, -6.7789431513426489e+03
45, 19, 4.8283246941783873e+03, -7.5765575435294306e+02
45, 20, -1.7415798819578919e+02, -2.0258046538039234e+03
45, 21, -4.9825226549651092e+02, -3.5928013278106096e+03
45, 22, -4.3091783288785473e+03, 7.3208463135143738e+03
45, 23, -1.1297969192962050e+03, -2.9118811327028766e+02
45, 24, -1.0298110861432006e+03, 6.6265809510507879e+03
45, 25, -1.0316772601590442e+03, -6.9967558812611242e+02
45, 26, -2.0622838415337683e+03, 2.9054013877690450e+03
45, 27, 1.9772911453302868e+02, -3.9262982046882271e+03
45, 28, 9.4533782824645095e+02, -3.4525486901737495e+03
45, 29, 1.4164614341741712e+03, 3.6325642065557031e+03
45, 30, 7.7119585597393188e+02, 8.8266478943185575e+02
45, 31, 2.6329497819565586e+02, 9.5674140684106214e+02
45, 32, 2.1314429877400544e+03, 9.1376175211139798e+02
45, 33, 3.3026552571375605e+03, -9.4960888748409934e+02
45, 34, -1.5490310588588736e+03, -7.6242266412819822e+02
45, 35, -3.5205487428648976e+03, 2.0145137109189864e+03
45, 36, 1.0363258768257933e+03, 5.6421391587390890e+03
45, 37, 3.2700538049968427e+03, 1.2722218559875259e+03
45, 38, -2.5962106617387963e+03, -2.5959525196940967e+02
45, 39, -6.1366448515755474e+02, 5.6707153912911997e+02
45, 40, 7.2061467507494808e+02, -2.7082428701353920e+03
45, 41, -2.8677064123891405e+03, -1.1198939316223750e+03
45, 42, -1.0032087018198481e+03, -7.4671111934728015e+02
45, 43, 3.1428485775329782e+03, -1.3318868665514292e+03
45, 44, -1.6064118120069440e+03, -2.2320058032009269e+03
45, 45, -2.9129960710931118e+03, 2.0305957971500102e+03
