0, 0, 0.0000000000000000e+00, 0.0000000000000000e+00
1, 0, -9.8099242951653468e+03, 0.0000000000000000e+00
1, 1, -5.7180088971567693e+02, -4.4391864537901365e+03
2, 0, 0.0000000000000000e+00, 0.0000000000000000e+00
2, 1, 1.2803615121537482e+03, 6.9122057152147897e+02
2, 2, -2.2684867528322106e+03, 2.1498662845901295e+03
3, 0, 1.0173146154590884e+03, 0.0000000000000000e+00
3, 1, -1.4039418151905527e+03, -2.1865684110959078e+03
3, 2, -9.6681602186702457e+02, 1.6012812217882051e+03
3, 3, 6.9347301473880680e+02, 3.1338233336045496e+03
4, 0, 9.1089360104923946e+02, 0.0000000000000000e+00
4, 1, -7.9014569074080111e+02, -2.8628125822729260e+02
4, 2, 2.1494790734408994e+03, -4.0559397781150858e+02
4, 3, -2.0379435650315199e+03, 1.8744211583835855e+02
4, 4, -5.5386197488272990e+02, -3.1274085665399980e+02
5, 0, -1.7923422718710144e+03, 0.0000000000000000e+00
5, 1, 4.9509199637578433e+02, 1.6702024479178231e+03
5, 2, -1.1018023570037540e+03, 3.6803484717229423e+02
5, 3, 7.0790491088290946e+02, 1.7487140848436043e+03
5, 4, 6.3600068099347027e+00, -2.2354341944613725e+03
5, 5, -5.3310058587531285e+02, 1.9493555368295711e+02
6, 0, 8.7401197115570687e+02, 0.0000000000000000e+00
6, 1, -4.0483243736123450e+02, -4.5249408069592062e+02
6, 2, -9.8016714853202029e+02, 4.3304062021740151e+02
6, 3, -8.5716088847407559e+02, -4.0604918629694185e+02
6, 4, 3.8576025460115449e+02, 6.5959476185245910e+02
6, 5, 9.9999708144370697e+02, -1.5642580413370905e+02
6, 6, 9.9374540970624003e+02, 2.8310302533303644e+02
7, 0, 1.1029397571653058e+03, 0.0000000000000000e+00
7, 1, -2.8597745777615444e+02, 9.9501836614920921e+02
7, 2, 1.1114126670405931e+03, -8.2077510930636129e+02
7, 3, 3.8516326658253143e+02, -2.2637601484184526e+02
7, 4, -2.9714169074708508e+02, -8.3759607423622128e+02
7, 5, 5.5520948409725463e+01, 2.2803744203716187e+02
7, 6, 5.4006698245085317e+02, 5.7433555733142470e+01
7, 7, 3.6163362512281151e+02, -6.0581135411481068e+02
8, 0, -4.6251970531122004e+02, 0.0000000000000000e+00
8, 1, -1.2324116423756163e+02, 5.6206953649059290e+02
8, 2, -2.1050453484353568e+01, 4.6518388655888415e+01
8, 3, 2.0930888984881688e+02, 2.0555639726754853e+02
8, 4, 1.6146175236912023e+02, 6.1955473792371959e+02
8, 5, 3.2433213545702711e+02, 5.8204259816375713e+02
8, 6, -5.7561727229748919e+02, -3.4359736040101029e+02
8, 7, 2.1083765911344011e+02, 3.9584812797064268e+02
8, 8, -4.4475992970451119e+02, 4.6903774883454986e+01
9, 0, -2.6382291669287085e+01, 0.0000000000000000e+00
9, 1, 5.1582854392233628e+02, -1.0395062854850182e+03
9, 2, -3.8353461709598150e+02, 2.6420647115890597e+02
9, 3, -1.7338701489408930e+02, -3.8437830596585218e+02
9, 4, -1.6056602229696074e+02, 3.2484563502191861e+01
9, 5, -3.9827042327991950e+02, 2.3624589157278956e+02
9, 6, 2.4652372034000680e+02, 7.4439889559335961e+02
9, 7, 1.8564932007327735e+02, -8.6664359649885591e+02
9, 8, -5.6232966612456937e+02, 3.1836693029092436e+02
9, 9, -2.7115620625682993e+02, -3.7406330215290109e+02
10, 0, 3.0657720503063894e+02, 0.0000000000000000e+00
10, 1, 3.5856066117436308e+02, -7.0661297518912349e+01
10, 2, -3.0763849096310162e+02, 2.0438475457290423e+01
10, 3, 6.6696403175748787e+02, 1.7081304780455662e+02
10, 4, 4.9040180579298976e+01, -5.0375351991762403e+02
10, 5, -2.6950880788413184e+02, -3.0465214902009706e+01
10, 6, 1.6673693633885000e+02, -4.4201870792162424e+02
10, 7, -1.4363782998160519e+02, -3.0633473445133416e+02
10, 8, -1.2736700067800527e+01, 3.2504057317517322e+01
10, 9, -2.6758974066884673e+02, -4.5939435256781201e+02
10, 10, 7.4831211280413214e+01, 2.0697244013426206e+02
11, 0, 3.3010043578424586e+01, 0.0000000000000000e+00
11, 1, -4.5161741209995455e+02, -9.6276497240169761e+01
11, 2, -9.3114076387554846e+01, 3.3330417194841488e+02
11, 3, 2.9255137961823095e+01, -2.8671890067323920e+02
11, 4, 2.1338224456056108e+02, 2.1717456725604558e+02
11, 5, 2.0279717398704048e+02, -1.5693487526801249e+02
11, 6, 3.4122802920512476e+02, 2.7623000004700879e+02
11, 7, -1.7447702104492564e+02, -1.6888334173012819e+02
11, 8, 2.4044265366622230e+02, 2.2956750025654256e+02
11, 9, -1.0550700821526223e+02, -7.6137323827942538e+00
11, 10, 4.0488870060563028e+02, -8.3465316001020824e+01
11, 11, 1.0574893463370132e+02, 8.0684763865943111e+01
12, 0, 2.9335611318701200e+02, 0.0000000000000000e+00
12, 1, 2.0124449556828461e+02, -1.5003958556874741e+02
12, 2, 1.4406729750696471e+02, 4.8095513564748330e+01
12, 3, 9.0067106069264128e+01, 5.4999900843079359e+01
12, 4, 2.2814287434398312e+02, -1.3187593652635400e+02
12, 5, 3.0772743068874615e+02, -1.3053202402243463e+02
12, 6, -8.8340611667228643e+01, -1.1384914839430240e+02
12, 7, 2.6224365622278009e+02, 2.8657175468134858e+02
12, 8, -3.3951648538369142e+02, -2.6063944664346002e+02
12, 9, 3.3369149489499341e+02, 2.2944072567176318e+02
12, 10, 4.1065545609355689e+02, 1.7931508689600122e+02
12, 11, 3.5949229957121389e+01, 3.1466942873580984e+02
12, 12, 1.1020155475664815e+02, 3.9333476690228082e+00
13, 0, -1.5429391622355550e+02, 0.0000000000000000e+00
13, 1, 2.3404733848653206e+02, 5.2468563936282203e+02
13, 2, -2.9434491168910904e+02, -2.0973422986431396e+02
13, 3, 3.3873575092214537e+02, 2.9085483893358213e+02
13, 4, 2.5764278799890008e+02, 9.6420257491718615e+01
13, 5, -1.0056858931678812e+02, 1.1329679671678566e+02
13, 6, -5.0516918390887969e+02, 3.8282431032469958e+02
13, 7, 3.8422932370882279e+01, 4.6853098174040184e+00
13, 8, -2.9132901181476328e+01, 4.7150149859074681e+01
13, 9, 3.3073422624912263e+02, 2.0736001956034684e+02
13, 10, -1.8545331828860844e+02, -1.1049979028621797e+02
13, 11, 4.6560820600353452e+00, 1.6149167067292097e+02
13, 12, -2.6874764353746053e+02, 2.4708386604756143e+01
13, 13, -3.3041967822097149e+02, -8.9332096742394697e+01
14, 0, 3.9237239567583140e+02, 0.0000000000000000e+00
14, 1, 5.8049221269026475e+01, 1.6131345910776002e+02
14, 2, 8.2329297250424929e+01, -1.0182775959587192e+02
14, 3, 1.0753441208708870e+02, -1.1863503852652032e+02
14, 4, -1.8727378884583862e+02, 1.9224482399145990e+02
14, 5, 5.4664637420125359e+00, 4.5796323375463942e+01
14, 6, -8.5988267369779365e+01, 1.3719078889882013e+02
14, 7, -1.7391683124546230e+02, -3.5632689028902725e+01
14, 8, -1.9616509519081376e+02, -1.4342148222442296e+02
14, 9, 2.0571554645177352e+02, 2.3101704784126719e+02
14, 10, 1.4425931002660465e+02, 6.1582938983094664e+00
14, 11, -2.9261063175487430e+02, -2.0496774756222064e+02
14, 12, -1.3893883041359123e+02, -1.6058710234144547e+02
14, 13, 2.3059179038864698e+01, 6.7524763772677375e+01
14, 14, 1.0253207251485215e+02, -7.1093532929502061e+01
15, 0, 1.0628362959341419e+02, 0.0000000000000000e+00
15, 1, 7.7628609127235535e+01, -2.0542240134331456e+02
15, 2, 1.8478712496013480e+02, -8.3157626187004155e+01
15, 3, -6.3616263778493334e+01, -3.4292704793428868e+01
15, 4, -1.9870884368734210e-01, 1.9943938423966034e+02
15, 5, -9.1911981064282998e+01, 1.4773803823124337e+02
15, 6, -2.1534834100758967e+01, -1.0804279700585113e+01
15, 7, -5.2732733023119891e+01, -9.0946562923545414e+01
15, 8, 1.2677963002104599e+02, -1.6685793123749721e+02
15, 9, -4.8255318692062889e+02, -5.5551048916068694e+01
15, 10, 1.5052803014235292e+02, 3.6141050247040333e+01
15, 11, 1.1115772566459043e+01, -1.5643260652990136e+01
15, 12, 4.5176926912583980e+02, 2.2611546067691052e+01
15, 13, 9.7943919869677728e+01, -9.3088814028649466e+01
15, 14, 5.0111641109838047e+01, -1.2224887796462656e+02
15, 15, 3.0089353957459662e+02, 9.3907112555733477e+01
16, 0, 2.8148884998809240e+02, 0.0000000000000000e+00
16, 1, -2.9734759822723177e+01, -3.0772053520312994e+01
16, 2, 3.6732353628692385e+02, 2.4372939659294642e+02
16, 3, -1.0984956381878169e+02, -4.2340999073701482e+01
16, 4, 2.3592461617303186e+02, 5.2229104785080864e+01
16, 5, 4.6079811416549276e+01, -5.6369771874396974e+00
16, 6, -1.8739640732739218e+01, 8.7821833533870830e+00
16, 7, -1.2523295065280436e+02, 9.2928611781878587e+01
16, 8, -7.1172455469848487e+01, -1.5470584138811998e+02
16, 9, 1.7824847990850137e+02, 3.1786164343494704e+01
16, 10, 1.4250720404274807e+02, 8.3065858458489089e+01
16, 11, -1.0689973218040242e+02, -2.8451807813155392e+02
16, 12, -3.0066119742627268e+02, 6.7375609514888424e+01
16, 13, 4.8491951544025589e+01, 6.5601828204322544e+01
16, 14, -1.7169221969062704e+02, -4.2831286684638656e+01
16, 15, 2.8284118905317990e+02, 2.4096539338283947e+01
16, 16, 2.1954164461793582e+01, 1.0366889364599231e+02
17, 0, 1.0302218069905099e+02, 0.0000000000000000e+00
17, 1, 1.6519317060104984e+02, 2.9037732164763099e+00
17, 2, 9.8094856121116393e+01, 2.4714628518258178e+02
17, 3, 2.7696076960570997e+02, 1.0634600362109619e+02
17, 4, 2.9303939711084894e+01, -3.7046029467195325e+01
17, 5, 4.4118372706985326e+01, 1.5559564687848064e+02
17, 6, 7.9345407256837859e+01, -1.2850038915351234e+02
17, 7, 5.2907598328300708e+01, 1.6043333816678887e+02
17, 8, -4.0053455686351953e+01, -2.0181016751818518e+01
17, 9, -1.3437681720176946e+02, 2.2127460558177575e+02
17, 10, -1.0310959654631171e+02, 6.0598236117034531e+01
17, 11, 1.7932991195239617e+02, 4.0233955992421880e+02
17, 12, -2.2245462220817137e+02, 7.8946226410229514e+01
17, 13, 2.0467817543155564e+02, 1.3882211038202084e+02
17, 14, -1.0808582996065937e+02, -4.3256223151011596e+01
17, 15, -6.6487731748552420e+01, -6.9900642699184345e+01
17, 16, -9.6002658972457368e+01, -1.8928075951782546e+00
17, 17, -1.6176655832908034e+02, -2.0687898598825726e+01
18, 0, -2.0594904877356214e+01, 0.0000000000000000e+00
18, 1, -1.1782084077423093e+01, 1.4736215435909529e+02
18, 2, -1.1372741555333231e+02, 2.1945752121214877e+01
18, 3, 1.1179212517090262e+02, -8.8247124552263244e+01
18, 4, -1.7274889590153538e+02, -7.5294312894074054e+01
18, 5, -1.6652760736413654e+01, 8.9129504507962963e+01
18, 6, -4.2720501744899977e+01, 5.6799982742262529e+01
18, 7, -4.7495573578655979e+01, -3.3206548068144315e+00
18, 8, -8.7625727993750644e+01, 9.3894389425799460e+01
18, 9, 5.7072747855041484e+01, -4.1910482663212116e+02
18, 10, -8.0857810305222984e+01, 1.6695603185164362e+02
18, 11, -1.0112165961554032e+02, -9.9781819275527923e+01
18, 12, -5.3271465415058586e+01, 2.5934333638286836e+02
18, 13, 1.5398508535900822e+02, -5.1963335033469733e+01
18, 14, 9.9468144357883574e+01, -9.3165512384030293e+01
18, 15, -1.9841071899025687e+02, -6.2809363279227711e+01
18, 16, -1.7462257763929890e+02, 8.0114989541909068e+01
18, 17, -2.3924626395377231e+02, -9.7131924684843227e+01
18, 18, 8.6568566190319075e+01, -1.7792571755130311e+01
19, 0, 4.5350872002271934e+01, 0.0000000000000000e+00
19, 1, -4.0030341406763498e+01, 3.2159349973148466e+01
19, 2, -2.1078444050057374e+01, 5.6255149790706362e+01
19, 3, -9.8182528348235820e+01, -7.7854833726867270e+00
19, 4, -1.3693475093102475e+02, -4.5766900362654241e+01
19, 5, -4.6731634626556854e+01, -9.3472618932179870e+01
19, 6, -1.5040702827648059e+02, 1.4333036020806904e+02
19, 7, -5.2949087485325379e+01, -2.5568878997032400e+01
19, 8, -2.7876339660663632e+01, -1.0294821248634381e+02
19, 9, -4.5659274757120784e+01, -2.1478048428280147e+02
19, 10, -1.6267050335607905e+01, -1.2431048457055149e+02
19, 11, 7.5943439559837941e+01, 6.3609304250672139e+01
19, 12, -2.3185322349858308e+02, -9.7543571214795392e+01
19, 13, 9.0678092086725883e+01, -1.0921795069734748e+02
19, 14, -4.8703698148968527e+01, -2.7865587732751465e+01
19, 15, -1.1227235367132783e+02, -1.4356014363937771e+02
19, 16, -8.0612563748695237e+01, 7.0826033319261313e+01
19, 17, 1.1969244727907426e+02, 8.7953422477391925e+01
19, 18, -1.3327389763647579e+02, -6.3426961658235030e+01
19, 19, -2.4368686173983377e+01, -9.7833783129012204e+01
20, 0, 5.2355019546375274e+00, 0.0000000000000000e+00
20, 1, 1.8274863463268065e+02, -9.4231880491205771e+01
20, 2, 3.2933215703930003e+01, 2.1833284756707116e+01
20, 3, 1.9597909810344530e+02, 1.6300353263502700e+01
20, 4, 6.7565716304367996e+01, 8.6585476592695258e+01
20, 5, -4.5157693144362213e+01, 5.7764447572238851e+01
20, 6, 1.9589520788371232e+01, 6.5892648336771941e+01
20, 7, 8.3996173360812676e+01, -2.8397781347951684e+02
20, 8, 3.8565252190807115e+01, -9.0092701750088224e+00
20, 9, -2.1170056877291734e+02, 1.1466756114902665e+01
20, 10, -5.1305603653753707e+01, 2.7843081647333197e+01
20, 11, -2.2438974591864377e+02, 1.7403395738855508e+02
20, 12, 1.6200467058287973e+02, 1.6964374340106204e+01
20, 13, 3.1052984615736204e+02, -2.6260182230065823e+00
20, 14, -1.1693927290745950e+02, -1.5970652312712670e+02
20, 15, -5.3799977670615462e+00, 1.4112401033680192e+02
20, 16, -8.1366432990422375e+00, -1.6578735479816194e+02
20, 17, 1.3358604678985478e+02, 9.7179505890884897e+01
20, 18, -2.3443053911429580e+01, 3.1168957479404469e+01
20, 19, 1.2335194423337360e+02, 2.6006878520783459e+02
20, 20, 3.6469250974110309e+01, 9.8351997415384574e+01
21, 0, 9.9045710877672974e+01, 0.0000000000000000e+00
21, 1, 5.3863799176560789e+01, -8.0994927456476745e+01
21, 2, -1.5462816169566233e+02, 3.9449417755503504e+01
21, 3, -5.2278548997934223e+01, 5.6867665332097090e+01
21, 4, -4.3745088393454523e+00, 4.8640732034010838e+01
21, 5, -9.3365252176475636e+01, 6.1664359274118524e+01
21, 6, 2.6862152602912914e+00, 1.3575403922643537e+02
21, 7, 1.0977431319534219e+01, 7.5881954509862538e+01
21, 8, -6.2297010910992817e+01, 4.6911402837563912e+01
21, 9, 1.9493879234104776e+02, -9.9601414897799572e+01
21, 10, 6.9380282113718195e+01, -1.9425259269410543e+02
21, 11, 1.9784484906461773e+02, 2.4390840930985271e+02
21, 12, 5.6998298116960541e+01, -9.9244126716999887e+01
21, 13, 5.0643473670377368e+01, 1.0283154942708967e+02
21, 14, 1.2022404241776414e+01, 8.3310093151622738e+01
21, 15, 1.0918096383476325e+01, -1.2130846934576340e+02
21, 16, 4.5326262622222757e+01, 2.0778604632729272e+02
21, 17, 1.1173243519936719e+02, -2.2051306968170934e+01
21, 18, -3.2234049578807543e+01, 7.6184324526200101e+01
21, 19, 1.7870777686004590e+02, 9.3712112694853715e+01
21, 20, 2.1405491833794289e+02, 1.5297500523764089e+02
21, 21, -1.2850737862360742e+02, -2.1872295395618642e+02
22, 0, 2.9958558537849865e+02, 0.0000000000000000e+00
22, 1, 8.1736701184376471e+01, 1.6943664041198471e+02
22, 2, 1.3423649528668426e+02, -5.6424810081102656e+01
22, 3, 6.9427461657133961e+01, 8.4880405956429541e+01
22, 4, -1.2230552969722308e+02, -8.5784492352470636e+01
22, 5, 2.4089221832469299e+01, -5.2938213400175755e+01
22, 6, -1.1310118315231099e+02, -1.5905540301758413e+02
22, 7, 1.4746077570540763e+01, 1.2630406752163503e+02
22, 8, -7.1327746458256001e+01, -4.8157952322324633e+01
22, 9, 1.0338733095852068e+02, 2.0946419371156324e+02
22, 10, 4.2247728458385907e+01, 1.2484199356277415e+02
22, 11, 2.3362982164329063e+02, 1.7574885450448090e+02
22, 12, 2.5433631790466450e+01, -1.4276237351984483e+02
22, 13, -2.2548878494120430e+00, -1.8759989195901085e+01
22, 14, -8.9129457954653247e+01, -5.4623882225167620e+01
22, 15, -4.3386110619989893e+00, 4.6345315931602471e+01
22, 16, 3.9104561881258888e+01, -5.1169393944844529e+01
22, 17, -1.8863185783748634e+02, -9.6712447848452570e+01
22, 18, 2.8559653945317223e+01, 1.0618155975454138e+02
22, 19, -1.1225110057085583e+02, -7.8401361520309081e+01
22, 20, 1.3525899760777278e+02, -9.0990449933267911e+01
22, 21, -1.7206698987340280e+02, -1.4764424986988726e+02
22, 22, -9.3064103616659139e+01, -2.0396910537082476e+01
23, 0, -8.3133975539145140e+01, 0.0000000000000000e+00
23, 1, 2.0272481987108705e+01, 6.6317034381511746e+01
23, 2, 3.3541647235732583e+01, 5.3855395715417444e+01
23, 3, -1.0189287121680030e+02, 8.3733690046795729e+01
23, 4, 1.1329606178804090e+02, 3.3634743220543797e+01
23, 5, 7.8117819680695646e+01, -2.8073699035306831e+01
23, 6, 4.0930703795851855e+00, 8.3244579406249983e+01
23, 7, -8.4887242908220202e+01, -2.0570090418286770e+02
23, 8, -1.2268852377436500e+02, 7.0267653863803602e+01
23, 9, -2.8157352951137824e+01, -1.0671802440141042e+02
23, 10, 6.1634020938347483e+01, 3.4074882317677890e+02
23, 11, 1.1717747695258819e+02, -1.2973976783918462e+02
23, 12, 4.4315673910852411e+01, 2.2741231154489640e+02
23, 13, 5.5196117545889621e+01, -1.5426094507033903e+02
23, 14, -7.2192262666802407e+01, 2.2348063867264671e+02
23, 15, 2.9008922690122233e+01, -1.5757814223451743e+02
23, 16, -2.1211740441925457e+01, 1.0818971722704245e+02
23, 17, -4.0926806259176885e+01, -1.4735819197727267e+01
23, 18, 2.7405130221098311e+01, -5.5677648026388567e+01
23, 19, -1.9365168969568106e+02, 3.7210878188752282e+01
23, 20, 1.4844483147615040e+02, -1.5142281841331999e+02
23, 21, -5.7036864634635435e+01, -5.4120287066779781e+01
23, 22, -9.9975707307999059e+01, -1.5425856695697672e+02
23, 23, 1.0589102165083779e+02, 8.5045506774196298e+01
24, 0, 1.2621304671561319e+02, 0.0000000000000000e+00
24, 1, -8.5445155922628771e+01, -1.7058292936228793e+02
24, 2, 6.2472915022642866e+01, 1.4314173208293488e+02
24, 3, -1.4003483789807211e+02, -1.1292652944241598e+02
24, 4, 1.2568859142648049e+02, -9.1012194360018398e+01
24, 5, -1.2429310778713054e+02, 1.4191846153477556e+01
24, 6, -1.3239808014617296e+02, 1.2756794808261422e+02
24, 7, 7.1436231484142894e+01, -3.8243068949586359e+01
24, 8, 2.6595848876336007e+01, 1.2249783529277973e+02
24, 9, 5.8150770825452440e+00, -1.4400049011880412e+01
24, 10, 4.6149401377080345e+01, -1.2877381334509886e+02
24, 11, -1.8089943103975475e+01, -7.3942781245155047e+01
24, 12, 9.9516757832163890e+01, 1.2997780283443973e+01
24, 13, -1.8430043359845394e+02, 5.2867159987892904e+00
24, 14, -9.1334006133305508e+00, -3.8278530591883055e+01
24, 15, -8.4867018566403786e+01, 6.9803096730532076e+01
24, 16, -2.1843646585646923e+01, -7.3934471587455192e+01
24, 17, 6.3776324616280810e+01, -4.3441286687616383e+01
24, 18, -7.7193365463916223e+01, 2.1759746890097890e+02
24, 19, 2.1506833400906640e+02, -3.4227099657555300e+00
24, 20, 1.1912652412099055e+02, -6.8445196322156676e+01
24, 21, -7.8454583252415546e+01, 1.4099061744743744e+02
24, 22, 4.9914427168505242e+01, 4.1967659450079509e+01
24, 23, 6.8423363423187311e-01, 6.0123925570535015e+01
24, 24, -4.2571399108754633e+01, 3.9351166004737692e+01
25, 0, -1.2694818877952912e+01, 0.0000000000000000e+00
25, 1, 9.6315975336939687e+01, 3.8420895999597768e+01
25, 2, 8.2697689170404360e+01, 9.1008802731040532e+01
25, 3, 7.9068991844879562e+01, 3.5818075476705346e+01
25, 4, 1.2679995365441044e+02, -7.7756911024707549e+01
25, 5, 2.9142248705251916e+01, -1.8871431073137103e+01
25, 6, 5.3337420372153275e+01, 6.6733772263670431e+01
25, 7, 1.3272296110959115e+02, -1.3633723596180587e+02
25, 8, 9.3611290156526678e+01, -5.7074916848142763e+01
25, 9, 6.9692618628698710e+00, -1.1407901514178377e+01
25, 10, 1.3108115827665119e+02, -4.1741428575802558e+01
25, 11, 1.4904482197558346e+02, -5.0515908775743526e+01
25, 12, 3.5561146635133980e+00, 9.6843279233581029e+01
25, 13, -6.3616042946801926e+01, -1.8620090053023489e+01
25, 14, 1.5167548644138655e+01, 7.6769115166521260e+00
25, 15, -5.4200341580291877e+01, -9.6832314478454904e+01
25, 16, 5.7691996993636359e+01, -1.2448709488018510e+02
25, 17, -5.5710697773286654e+01, -9.7511772288953580e+00
25, 18, -1.0612613541555062e+02, -7.6983684884219286e+01
25, 19, 5.8834311797775740e+00, -8.4729054430659545e+00
25, 20, 8.8397116439708498e+01, 1.9860484374033703e+01
25, 21, 7.1266386985105214e+01, -1.9880291228221813e+02
25, 22, 6.2810366593803963e+01, 1.9180109915866052e+02
25, 23, 3.3231470086802119e+01, -1.1067729949092151e+02
25, 24, 1.3136566658703336e+02, 4.6897132073893317e+00
25, 25, -4.0461550765665905e+01, 1.9359802338635461e+01
26, 0, 2.1153966342674590e+02, 0.0000000000000000e+00
26, 1, -1.1161683906643952e+02, 9.4674251701512219e+01
26, 2, -4.6738692691393624e+01, 6.8837853569612122e+01
26, 3, -1.7924267744352926e+02, 1.5621956626618797e+01
26, 4, -1.9179227636764608e+01, 1.3423088976229741e+02
26, 5, -3.2360140640486989e+01, 1.6594326966103583e+02
26, 6, 6.1437877755316038e+01, 1.1364616899225211e+02
26, 7, 3.9613190190728460e+01, -6.8777707573319873e+01
26, 8, 1.5983807004980358e+02, -1.9836510468364460e+02
26, 9, -2.6764863283884004e+01, -6.9375674355817409e+00
26, 10, 1.0247992098859528e+02, -4.2097379624336774e+01
26, 11, 5.9630997984904866e+01, -1.2376884108314215e+01
26, 12, -4.1263302758092294e+01, 1.1933971382945685e+02
26, 13, 5.6228866112116179e+01, -3.3648207462057570e+01
26, 14, 2.3197335508776220e+01, -5.8528075196057799e+01
26, 15, -1.9302165754889216e+01, 3.6458520588834304e+01
26, 16, -3.8582185959802814e+01, 4.3566151439058416e+00
26, 17, 1.2042903759128396e+02, 7.2841929417697315e+01
26, 18, 1.1418809016595503e+01, 1.5457328270257824e+02
26, 19, -2.8884577266389698e+01, -1.7166064999310896e+02
26, 20, -2.1077256705431495e+01, -1.4897401203513084e+01
26, 21, 4.5269902348883676e+01, -7.3110904482874787e+01
26, 22, -1.1463964178684429e+02, 1.7850026399519169e+02
26, 23, -1.1158673497122237e+01, -1.0908320706597618e+02
26, 24, -1.3739454570857066e+02, 4.8084578392263381e+01
26, 25, -1.7210107105880297e+01, 2.4041575829603403e+01
26, 26, 1.7200339271693451e+01, -4.2371263195933011e+01
27, 0, 1.3434329056031731e+02, 0.0000000000000000e+00
27, 1, 2.8841084435452274e+01, -4.2048869220923933e+01
27, 2, -2.8723128798696660e+01, -1.2639216319904403e+02
27, 3, -1.3376045691052951e+01, 3.8765895505709949e+01
27, 4, -6.2507277235749171e+01, -5.4069650917013732e+01
27, 5, -5.6041843830685849e+00, -8.9568948872830859e+01
27, 6, -1.4693575871638896e+02, 2.3769129363589713e+01
27, 7, 7.8569014375042698e+01, 4.6524763161568991e+01
27, 8, 6.4637389107119304e+01, -1.1445957245743753e+02
27, 9, -1.5214112393906692e+02, 1.3690179900343648e+02
27, 10, -1.1612581862670638e+02, 2.8038132132720254e+01
27, 11, 3.4466978959858338e+01, -4.6985312547580662e+01
27, 12, -7.4972838529090268e+01, 1.4823438498650177e+00
27, 13, 6.5803991693041780e+01, -1.1174302819819417e+01
27, 14, -1.9870188519499743e+02, -3.8237765413448209e+01
27, 15, -5.6120324184138966e+01, -4.5571789659878995e+01
27, 16, -6.8916124325743070e+01, 1.1315047194336111e+02
27, 17, 2.9805523115792710e+01, -1.6330966069441519e+02
27, 18, -4.5055487479493785e+01, -5.4842631235320368e+01
27, 19, -7.0565370363239595e+01, 8.6185622341455996e+00
27, 20, 1.3027048952081580e+02, -2.5520020469923509e+01
27, 21, -6.6686900972906926e+01, 3.5199726655012398e+01
27, 22, -1.4283540753447511e+01, -1.7967993800053023e+01
27, 23, -1.3025549114434256e+01, 7.4281143921206592e+01
27, 24, -7.1029190528557848e+01, -1.2012834739752137e+02
27, 25, -1.9007412523266723e+01, 5.0630898081420412e+01
27, 26, -4.7426865688444565e+01, -1.4635812923900772e+02
27, 27, 1.6036421210875801e+01, -2.4471643027855134e+01
28, 0, 6.9669277799262268e+00, 0.0000000000000000e+00
28, 1, -2.5995231982584215e+01, 3.6069440708371729e+00
28, 2, -6.5809397475294787e+01, -4.2759165214398962e+01
28, 3, 2.3124106202260464e+01, 1.1888530281070119e+02
28, 4, 7.7406531032251564e+01, -1.5729682107841600e+02
28, 5, 6.6854728723209135e+01, -1.8291476692212407e+02
28, 6, -5.9344257387780601e+01, 3.3984196852081965e+01
28, 7, 7.8001976109935455e+01, -1.9521482124224727e+02
28, 8, 6.4605280355775221e+01, 7.8132423107256542e+01
28, 9, 3.3192348231196263e+01, -8.7101304824216783e+01
28, 10, 3.0840331481712347e+01, 1.3682620127883877e+02
28, 11, 4.4633920137676483e+01, -3.8182756590681976e+01
28, 12, 4.6646656625050056e+01, 5.3962181165063562e+01
28, 13, -1.3875467275374220e+01, -8.8990193667742133e+01
28, 14, -1.3480237290385082e+02, -1.0327805051186671e+02
28, 15, 3.2097122708847536e+01, -6.9258187729303529e+01
28, 16, -1.6603559637823253e+01, -7.8629282961012436e+01
28, 17, 1.4907730952678040e+02, -1.3338296988990925e+02
28, 18, -3.7213053208744270e+01, -2.9570274951701663e+01
28, 19, -1.1350431247065183e+02, -7.2880875689898886e+01
28, 20, 3.5136330527209338e+01, 3.4388944148803944e+01
28, 21, 8.8049425560869679e+01, 2.9200367416553320e+01
28, 22, 9.0400930769731644e+00, 9.8353465066591639e-01
28, 23, 1.4691936898382096e+01, -4.4251553819122918e+01
28, 24, -6.1678819275996403e+01, 1.5131558713403365e+01
28, 25, 3.4783144571390473e+01, -2.5881470254406679e+01
28, 26, 9.6948050870820140e+01, -1.1766374724776153e+02
28, 27, 7.8206834723397193e+01, -6.3164783679608277e+01
28, 28, 2.7597364069341694e+01, 2.9264063342992301e+01
29, 0, -5.9992442155717370e+01, 0.0000000000000000e+00
29, 1, 9.0013862048223189e+01, 2.7996475148734106e+01
29, 2, -1.6558716517795131e+02, -2.3816127180117505e+01
29, 3, -1.4965713125814972e+01, 8.4912264134298709e+01
29, 4, -5.1955675067490375e+01, -1.4068683154607066e+02
29, 5, 1.1056080981214805e+01, -3.3740509607963730e+01
29, 6, -3.8359174986828435e+01, -1.3537124369954660e+02
29, 7, 5.6256308597021530e+01, -2.5956954912541946e+01
29, 8, 2.2223375057973264e+01, 1.0215693294467584e+01
29, 9, -7.1320935222693066e+01, -1.1331138173451305e+02
29, 10, -6.7909142878734841e+01, 1.2848863257124015e+02
29, 11, -1.6742135766825902e+02, -8.4446281437636415e+01
29, 12, 1.0802802201583243e+02, -1.3986635050266059e+01
29, 13, -1.0941304228540915e+02, 8.8383453349898318e+00
29, 14, 1.3529405052993309e+02, -2.3773073543459645e+01
29, 15, -9.1941830894177528e+01, 1.0361566557862389e+01
29, 16, 5.8145717439961615e+01, -4.8009322852248722e+01
29, 17, -7.9696315467242840e+01, 4.3254760981408751e+01
29, 18, 8.3807321809455487e+01, -2.0510187254572969e+01
29, 19, 3.4701577365409889e+01, 3.9082682352802962e+01
29, 20, -1.6172826451060843e+01, -6.6695909816258066e+01
29, 21, 5.6725933071942620e+00, -1.3251834684319485e+02
29, 22, -1.2428880122939981e+02, -5.6882523661258269e+01
29, 23, 4.2460044567478022e+01, -2.8447249759501858e+01
29, 24, -7.2568979384854813e+01, 7.2381485670234724e+00
29, 25, 1.0410518661353170e+02, -7.8870425832466253e+01
29, 26, 1.2616189342156758e+01, 2.4942968285582594e+01
29, 27, -1.2375027898676024e+01, 1.2722351626672861e+00
29, 28, -2.7231034409783874e+01, 1.1627996471542174e+02
29, 29, 3.2872031042706027e+00, -4.1740412976721956e+01
30, 0, 5.9769197990586569e+01, 0.0000000000000000e+00
30, 1, 4.5524319930198587e+01, -2.1482318000191931e+01
30, 2, 9.2958531615763192e+01, -3.4110820611294962e+01
30, 3, 4.1811147801482250e+01, 8.8110507931373817e+01
30, 4, 7.7990012178972876e+01, -1.1069052694240550e+02
30, 5, 3.6702220235994211e+01, 8.4345469770169075e+00
30, 6, -7.5706600413467783e+01, -7.7487776724996650e+01
30, 7, -6.0659656973495004e+01, 5.4371191624186871e+01
30, 8, 3.7189258834482359e+01, -1.0832762368212630e+02
30, 9, 8.6408300205035061e+01, -1.4215025491394238e+02
30, 10, -2.2927782391747961e+01, 8.6248294164688630e+01
30, 11, -3.0715788871254063e+01, -5.0370085977421468e+01
30, 12, 4.8457024120109537e+01, -5.1655664270175215e+01
30, 13, -1.6290722796096617e+01, 5.0193024961151984e+01
30, 14, -1.5279914433812507e+01, 1.8897316653841966e+02
30, 15, 1.0520090567388195e+01, -2.5480165931866132e+01
30, 16, 1.1106816155965168e+02, 6.9705653954140814e+01
30, 17, -9.1867407338141192e+00, -5.9192040893502593e+01
30, 18, -2.9462112184831575e+01, 9.1499423281596762e+01
30, 19, -1.2713084721443039e+02, -9.0153250821761958e+01
30, 20, -8.8010446033442378e+01, 8.6001522144777113e+01
30, 21, 7.9280291958593324e+01, -4.4981961211687150e+01
30, 22, -9.1808783235818026e+01, -1.3806165910599830e+02
30, 23, -1.6175356181091900e+01, 4.1774214809440934e+01
30, 24, 6.3647930491469609e+01, -1.3053999951694237e+01
30, 25, 1.0227849744341674e+02, 9.1227213155919173e+00
30, 26, -7.8558344775953074e+01, 4.1930286976405881e+01
30, 27, -4.7031809124688948e+00, 9.1840924324139806e+01
30, 28, -1.5413924631303303e+01, 9.9911810316798324e+01
30, 29, 1.0228604304876043e+00, 9.9813349061110969e+01
30, 30, -4.9900360434680763e+01, -7.8051920696066304e+01
31, 0, -7.2001502167763476e+01, 0.0000000000000000e+00
31, 1, -1.5310028786600085e+01, 3.3890125956687086e+01
31, 2, -1.3440950525272143e+01, -1.1681791875448498e+02
31, 3, -5.5746586401660338e+01, -1.3433160115912358e+01
31, 4, 5.3394974962410956e+01, -3.3417316582169953e+01
31, 5, 2.8472287699095332e+01, -4.6438421274477790e+01
31, 6, 5.3833369431464085e+01, 3.5997454414802263e+01
31, 7, 2.6560910840359497e+01, 3.9963271845981964e+01
31, 8, 4.2039732519243188e+01, 8.0635059666846331e+01
31, 9, 8.3512713863140817e+00, 1.6043663364582343e+01
31, 10, -3.6501953055501701e+00, 1.2108478381896256e+02
31, 11, -2.6538479625708760e+01, -2.3811282640658391e+01
31, 12, 1.1172475746686393e+02, -1.0539963601467119e+02
31, 13, -3.4231464922262809e+01, -4.1252359100111008e+01
31, 14, -6.0423937183520309e+01, -7.2899322961681705e+01
31, 15, 3.8696230056654116e+01, -6.1126441931642141e+01
31, 16, 1.7940362508636809e+01, 3.7227445681578764e+01
31, 17, 6.4522605446059202e+01, 4.0759425255205713e+01
31, 18, -2.7217534389066671e+00, -1.5908926778231455e+02
31, 19, -2.9304019894267142e+01, -6.2165439288559242e+01
31, 20, -5.8134666102008794e+01, -1.8991395864416802e+01
31, 21, -9.2910039965718468e+01, 3.7392572507462603e+01
31, 22, 5.2977294512468063e+01, 1.0411565857222652e+02
31, 23, -8.0202514163307228e+01, -4.1018331193107002e+01
31, 24, -1.0674079184702919e+02, -1.2718226756626692e+01
31, 25, -3.7167268973994602e+01, 4.3157396070997137e+01
31, 26, -2.1244348521811162e+01, 5.6846900544631694e+01
31, 27, 2.3495445090236515e+01, 5.9250824422870068e+01
31, 28, 4.2773883863935453e+01, -1.8616329293325214e+02
31, 29, 2.2028485582363551e+01, 4.0402294259764318e+01
31, 30, 4.3607916763563814e+00, -1.0428581740811418e+02
31, 31, -1.2945318248388583e+02, 1.4370530096143892e+02
32, 0, -5.3993227435748210e+01, 0.0000000000000000e+00
32, 1, -5.8998891444343272e+01, 7.3922283978389956e+01
32, 2, -1.3074394591179410e+02, -1.9460744266567019e+01
32, 3, 8.7719851620590632e+01, 1.2831191786876136e+02
32, 4, -4.1474811446160800e+01, -1.1181165744800509e+01
32, 5, -2.2551758570431645e+01, -3.6737237211269843e+01
32, 6, 6.1545249265843580e+01, 2.4510889649105934e+01
32, 7, -6.3361456832974127e+01, -2.9128964086874760e+01
32, 8, 6.2848088295486662e+01, -2.7340511554696000e+01
32, 9, 7.3751975630922473e+01, -1.3342214641223052e+01
32, 10, 6.7612905745757587e+01, 5.8903499340383803e+01
32, 11, -4.8261632146297465e+01, 9.5333951445626994e+01
32, 12, 2.0953410672339885e+00, 8.3629140050337980e+01
32, 13, 3.2328198917292248e+01, -5.3482499054645807e+01
32, 14, 3.1493806399604551e+01, 7.8019835474410797e+01
32, 15, 6.0549483997629252e+01, -8.6746523711092905e+01
32, 16, -6.5589396104949600e+01, -3.7431592637004130e+01
32, 17, -6.8733084619430134e+00, 4.2604094515615387e+01
32, 18, -5.5099039496979074e+01, -2.8613094938916809e+01
32, 19, -3.4184575304447151e+01, 1.1048648169632145e+02
32, 20, -1.7484779644849141e+02, -3.9533563139705791e+01
32, 21, 1.0888873950654818e+02, 6.3325072307853958e+01
32, 22, -1.4730775757585093e+01, -2.6713611326256071e+01
32, 23, -5.7135595484623302e+01, 5.8138567041789003e+01
32, 24, -2.5038204882431856e+00, -6.8292562721301834e+01
32, 25, -9.8852165172184641e+01, 1.1736611537814865e+02
32, 26, -1.5793306935838739e+01, 1.2339487865378160e+01
32, 27, 1.7943065273000805e+01, 7.2050029652438397e+01
32, 28, -4.5157166883815940e+01, -1.2264854955247176e+02
32, 29, -1.5289454423729242e+02, -4.8384281868936540e+01
32, 30, -9.7396236882062794e+00, 4.2645642961494801e+00
32, 31, -1.4920685520847087e+01, -6.0162893886912059e+01
32, 32, 4.8969139962579220e+01, 8.2630961855743521e+01
33, 0, -1.7210200144259758e+01, 0.0000000000000000e+00
33, 1, 8.5156816958006345e+01, 7.4210218181181702e+01
33, 2, -2.1289824600500751e+01, -8.3938195916176397e+01
33, 3, 8.3185240502311160e+01, -2.9879714693004800e+01
33, 4, 4.6636038817252839e+01, -5.3542668398771710e+01
33, 5, 2.5438971223354656e+01, 4.3065247708081351e+01
33, 6, 5.0748420321949453e+01, 1.5299721983259747e+02
33, 7, 9.2830652013262096e+00, -8.4085184350084347e+01
33, 8, 1.2230674302264518e+02, 2.1201344982968067e+00
33, 9, 5.3405943122044519e+01, 1.3196493004041102e+01
33, 10, 4.8301211449574602e+01, -2.6799299765274192e+01
33, 11, 8.0448912156739425e+00, 2.5117947353201203e+01
33, 12, -8.1786936815497327e+01, -6.3153529509583038e+01
33, 13, -8.8588654008353345e+01, 1.6814192189262432e+01
33, 14, 6.1534364650601532e+00, 4.8210440471335836e+01
33, 15, -4.0127344378510628e+01, -1.4956258641216436e+01
33, 16, 3.5210534492946323e+01, 8.6935321630740248e-01
33, 17, 2.0060838883017027e+01, 4.4946988498062154e+01
33, 18, 8.6818466742693261e+01, -1.8704954138906569e+01
33, 19, -1.0296847895265746e+02, 1.1630295357796967e+01
33, 20, -1.8587813070359857e+01, -3.5750181004943890e+01
33, 21, -5.7977061015020084e+01, 8.5192283841039966e+01
33, 22, 3.4930136438162876e+01, -4.5398613873244344e+01
33, 23, 1.7487268372148439e+01, -5.7740077748843007e+01
33, 24, 9.8230968787541457e+01, 1.0072736463500016e+02
33, 25, 1.5440896530184983e+02, -5.9859531930917434e+01
33, 26, 5.1599617888872586e+01, -4.8562070964246757e+01
33, 27, 1.9246939288097778e+01, -1.0963597096832686e+01
33, 28, -4.6314226117534176e+01, -2.9292331840058353e+01
33, 29, -4.5982631224283992e+01, 6.9463144942728462e+01
33, 30, -1.2614316335797808e+02, 1.1031407047418419e+02
33, 31, 1.2581717493260385e+01, -1.1312475185629435e+01
33, 32, -4.5174171942308412e+01, 7.1098674072567462e+01
33, 33, 7.4162933533122924e+01, -1.0247405276689142e+02
34, 0, 1.5995343598354268e+02, 0.0000000000000000e+00
34, 1, -5.2798598971908064e+01, 2.1458355339608687e+01
34, 2, -1.2808253300683717e+01, -7.2722767605585034e+01
34, 3, 2.8739144629162439e+01, 1.2810877185244112e+02
34, 4, 3.6587730874375069e+01, -7.1093124555963897e+01
34, 5, 2.6072020440621458e+01, 4.9970175242382780e+01
34, 6, 7.9077322149676164e+00, 6.7954537108478291e+01
34, 7, 1.6385633967239812e+00, -7.0490068195834368e+01
34, 8, -5.4653143213526789e+00, 1.1844580575459642e+02
34, 9, -1.3873091918273894e+02, 2.7205079370301576e+01
34, 10, -3.2038406197517610e+01, 2.8473550109833283e+01
34, 11, 2.9784590823692639e+01, 1.3302456536368675e+02
34, 12, 5.9653249196763362e+01, -3.2094203297148823e+01
34, 13, 1.1616099389302636e+02, -6.6585533492332388e+01
34, 14, 3.3298903939072318e+01, -1.5000467585162932e+02
34, 15, -2.8559372241831298e+01, -6.3815976455407053e+01
34, 16, -9.9523032395748089e+01, 2.1666951757163798e+01
34, 17, 4.9269579253910564e+01, -3.0114010504697113e+01
34, 18, 5.3127467013500400e+00, 4.0463159222486112e+01
34, 19, -2.8399865648670556e+01, -8.0996455373332054e+01
34, 20, -2.6975228442303404e+01, 3.8627527261402754e+01
34, 21, -7.1921075740091908e+01, 7.9334739445446246e+01
34, 22, 1.0762574066730971e+02, 2.4962054206284563e+01
34, 23, -7.0000026770255303e+01, -7.1698526545455152e+00
34, 24, 4.4966553788103710e+01, -5.8422223832565351e+01
34, 25, 5.5102040365052574e+00, -5.2886501854344417e+01
34, 26, -8.2829688405115462e+01, 7.0060191155548779e+01
34, 27, 9.1089736454086420e+01, -5.2885886689123936e+01
34, 28, 1.1898037523883872e+01, -4.3704978533910783e+01
34, 29, -5.3499463819236247e+01, -1.2569560795015353e+02
34, 30, 2.4317745483763957e+01, 5.4150033052297033e+00
34, 31, 2.1475511390994711e+01, -1.5220977382202378e+01
34, 32, 3.9640343627265565e+01, 1.9105194208558459e+01
34, 33, 7.9261639279477890e+01, -2.5482948083483947e+01
34, 34, 4.0819778911462208e+01, 5.7505723799753710e+01
35, 0, -2.3972137096264898e+01, 0.0000000000000000e+00
35, 1, -2.2519142435202291e+01, 1.5476685943967937e+01
35, 2, -6.4248202606154706e+01, 5.7457555459444102e+01
35, 3, 3.8804036148061840e+01, 1.0308729795343652e+02
35, 4, 7.7393372648345348e+01, -4.7819527891522888e+01
35, 5, 9.5290394349056598e+01, 5.4777753316483427e+01
35, 6, 9.0374665899603031e+00, -1.2343225056335712e+01
35, 7, 3.7483572316463807e+00, -5.2891036825360558e+01
35, 8, -8.0242769651634376e+00, -1.1497967294721889e+01
35, 9, -1.4490469049488716e+01, -2.5230795888285378e+01
35, 10, 2.1690000104108805e+01, 4.7908816924430241e+01
35, 11, -7.0163890644046617e+01, 4.8114667946452229e+01
35, 12, -2.6463048383743626e-01, 1.7456223196265910e+01
35, 13, -6.3193689258639353e+01, 2.4846752949431448e+01
35, 14, 5.0259656468297820e+01, 6.0695104655086936e+01
35, 15, -2.5529881909078000e+01, 3.6302560864341729e+01
35, 16, -7.6690702586215366e+01, -8.8326316340185826e+01
35, 17, 5.7559672233159745e+01, -7.8681100851585214e+01
35, 18, -9.9212247760770964e+01, -4.7450211049048221e+00
35, 19, -7.1868021005692498e+01, -3.2235988946029337e+01
35, 20, -7.6373983210641015e+01, 1.3966319194541299e+02
35, 21, -3.8090582746754237e+01, -7.8685252832744823e+01
35, 22, 2.2557459921660168e+01, 8.5881738244522865e+01
35, 23, 8.2211964483329680e+01, -1.2522148460244240e+02
35, 24, 4.7969767385954043e+01, -5.2771007719448406e+01
35, 25, -8.4808827494356365e+00, -2.7529348898310317e+00
35, 26, -4.0230823550553836e+01, -8.1231110946525448e+01
35, 27, -4.0836437422961225e+01, 9.4917438981119503e+01
35, 28, 6.0510650725520350e+00, 2.3487512834878718e+01
35, 29, -3.2399818564649792e+01, -7.5276361696570618e+01
35, 30, -4.7287096688779386e+01, -4.9963525021377109e+00
35, 31, 5.1365946214698482e+01, -1.2803942891148187e+01
35, 32, 3.0701118061591785e+01, 2.7671520260635191e+01
35, 33, -4.1572324313579728e+01, 2.1311326933338250e+00
35, 34, -3.1259553673057468e+01, 8.1191626476884210e+01
35, 35, -3.3340396608297041e+01, -8.3782971575048492e+01
36, 0, -7.3937512015505376e+01, 0.0000000000000000e+00
36, 1, 1.4009092290964418e+00, -9.3475271651872802e+00
36, 2, -7.1108456047482790e+01, 3.1221590507125583e+01
36, 3, -2.2642059854146737e+01, -2.9043295378315236e+01
36, 4, 1.1490145286806440e+02, 1.7741584571172627e+01
36, 5, -6.9482645925546564e+01, -1.0257058135455882e+01
36, 6, 4.7514086132413624e+01, -2.6070175174419202e+01
36, 7, 1.2936155318778779e+02, 4.1803543153262723e+01
36, 8, -1.5837128215812456e+01, -3.1610873871229465e+01
36, 9, 1.8744134815294476e+02, -4.6625300846545457e+01
36, 10, 3.8435341013144182e+01, -1.0361138934863138e+02
36, 11, 8.4851348194925436e-01, -3.5602399854508789e+01
36, 12, 1.2044214181860934e+02, 5.5400420614065339e+01
36, 13, -1.3168130559674580e+02, -1.0671141153551162e+01
36, 14, 4.7691242100507665e+01, 4.3994699554752756e+01
36, 15, -1.5329922071212513e+02, 8.3611241087508219e+01
36, 16, 9.9389048308463856e+01, -1.1304619065271876e+01
36, 17, -3.8546869982458070e+01, 2.5827274657104141e+01
36, 18, 2.1145817638676760e+01, -5.6105384368149203e+01
36, 19, -1.5634856369711244e+01, 8.2266385497481224e+01
36, 20, -8.4202002056378262e+01, -5.3897562441985094e+01
36, 21, -5.2830605004887403e+01, 4.2999092149531229e+01
36, 22, -3.8855379448035123e+01, 3.8819034586693192e+01
36, 23, -1.6850705534228943e+01, -8.5221017973940917e+01
36, 24, -1.1830664419980394e+01, -7.8783382459622970e+00
36, 25, -5.5658121094233522e+01, 3.6267888677934792e+01
36, 26, 6.5273173387512713e+01, 1.0846266512885643e+02
36, 27, 2.4647003351104800e+01, -1.8019877116560949e+01
36, 28, 3.7823549793131392e+01, -6.8823001678559933e+01
36, 29, 9.7768048805127705e-01, 1.4449168988747712e+02
36, 30, -7.0737290084651121e+01, -2.8472010489013030e+01
36, 31, 1.0346745612206860e+01, 4.9351749909791437e+01
36, 32, 4.3904352284688457e+00, -4.5356606541130446e+00
36, 33, 8.7387581355501069e+01, 3.9409060387493867e+01
36, 34, -1.9711785749094744e+01, -6.2869155149701996e+01
36, 35, 1.3896309223328160e+01, 1.2458644195665727e+00
36, 36, 8.4978720765283100e+00, 1.1346929181962503e+02
37, 0, 5.4667022179886672e+01, 0.0000000000000000e+00
37, 1, 5.7032157569343212e+01, 7.9905971850784937e+01
37, 2, -1.1267402504750687e+02, 4.1972508757484789e+01
37, 3, 1.0665379380120277e+02, 1.8974833884547380e+01
37, 4, 2.4570508730279585e+01, -7.0357380910991026e+01
37, 5, -8.8335312062841268e+01, -3.9566542874335369e+00
37, 6, -6.8976265620914887e+00, -4.2516493492653581e+01
37, 7, -1.4825608488399334e+02, -6.5091035364498602e+00
37, 8, -2.5828835191882888e+01, -7.4985751813517396e+01
37, 9, -3.1308091032801656e+01, -6.5754292271690815e+00
37, 10, -3.8458327151059365e+01, 8.5142790205197556e+01
37, 11, -9.6383521719012478e+01, 4.9229285236228449e+01
37, 12, 3.7879421679568395e+01, 1.5474219627916688e+02
37, 13, 7.7872282449305018e+01, -1.3206848287782336e+02
37, 14, 5.5434035001871067e+01, 1.0725927723143531e+02
37, 15, -5.0762013941999179e+01, 2.4710442683450985e+01
37, 16, 9.1002415428991227e+01, 2.2904452950315786e+01
37, 17, -1.5159748376649738e+01, -3.2774728230193062e+01
37, 18, 8.8435800810796252e+01, 7.5437638914603525e+01
37, 19, 5.3977077161196860e+01, 5.2840291565369796e+01
37, 20, -3.3005682016225983e+01, -6.8369186084149334e+01
37, 21, 1.5201301466840249e+01, 1.0842394150245866e+01
37, 22, -6.7043994614653371e+01, -3.3224070077126697e+01
37, 23, 8.5967392525201817e+01, -3.9073614618902468e+01
37, 24, 7.2542820307019127e+01, -6.1176876230453175e+01
37, 25, 8.7573179583481391e+00, -1.4529546673408262e+01
37, 26, -5.3132658984579074e+01, -2.2336960782447889e+01
37, 27, -5.9764077169328189e+01, 4.6352844604345620e+00
37, 28, 7.4239447389083836e+01, 8.0400773314769562e+00
37, 29, -1.7958028136461039e+01, 2.4576691875540263e+01
37, 30, 9.1604853526292359e+01, 2.1169659880730819e+01
37, 31, -4.9314304406455847e+01, 2.3274816548492382e+01
37, 32, 9.7543457949575085e-01, -5.3162238503814379e+01
37, 33, 4.4581510702622779e+01, 2.0160735248042556e+00
37, 34, -2.8394140055597177e+01, -6.3348501562272226e+00
37, 35, -7.7421248660202707e+01, -3.2828076373669603e+01
37, 36, 7.7063462090073472e+01, 4.1645378992736823e+01
37, 37, 2.3836590315943297e+01, 1.0802774934965655e+01
38, 0, 8.1527316072763369e+00, 0.0000000000000000e+00
38, 1, -1.0276056353848611e+02, 7.0725303043064883e+01
38, 2, -1.0267253965448565e+02, 3.4442335315724733e+01
38, 3, 1.2210093475907451e+02, -3.3575407296047857e+00
38, 4, -4.2317776117491064e+01, -6.6163232611680911e+01
38, 5, 1.1681155152045542e+02, 3.9439516968540644e+01
38, 6, 7.5226460995309935e+01, 1.3678740675924598e+02
38, 7, 5.3526386003442198e+01, -1.6276130382911532e+01
38, 8, 1.0541774836225858e+02, 3.1815520343663721e+01
38, 9, -7.8901646494263133e+01, -2.5270363496669489e+01
38, 10, -4.8709496756026340e+01, 2.4623401022394322e+01
38, 11, -7.3682342138680042e+01, 2.4406787204288165e+01
38, 12, -4.0396633634174659e+00, 4.4920178212996206e+01
38, 13, -1.5507051289352552e+02, 7.4958834207976551e+01
38, 14, -1.0053957197470459e+02, 9.8422464426834921e+01
38, 15, 2.5909374875908995e+01, 8.4474466421541791e+01
38, 16, 2.2035973461824057e+01, 3.7688907016697428e+01
38, 17, -4.1160904550968993e+01, 1.3772713791855580e+00
38, 18, -1.1255928228705635e+01, -5.6854685011203003e+01
38, 19, -5.4024424404281405e+01, -7.1470695799609217e+01
38, 20, -1.2077910624251302e+02, 3.8541264128380156e+01
38, 21, 8.6901561264092937e+00, 4.8347076767529501e+01
38, 22, 6.1539169989665965e+01, 1.3716247437582729e+02
38, 23, -4.5841939928804933e+00, 3.5376324266673606e+01
38, 24, -6.9719447546542042e+01, -5.0131520955214555e+00
38, 25, 1.7693141805494847e+01, 3.5786404357300100e+01
38, 26, 1.1451395195556211e+02, 3.6849978078680977e+01
38, 27, 1.0142610152127430e+01, -1.3466469668731236e+02
38, 28, -5.9907310975834918e+01, 1.8081879248542577e+01
38, 29, -3.5377974097882316e+01, 2.6827598333282481e+01
38, 30, 7.0172362191701367e+01, 5.4590509569753138e+01
38, 31, -3.6277207542347469e+01, -5.0140177946100735e+01
38, 32, 3.9306423031557756e+01, 4.1119427018790887e+01
38, 33, -2.6740184551591597e+01, -5.4184152003535765e+01
38, 34, -1.3661163457743032e+02, 2.5603939704744107e+01
38, 35, -1.0920702136394216e+02, -5.2184774365779134e+01
38, 36, -5.9126613331728322e+01, 1.5666156146300779e+01
38, 37, -4.3042740827888530e+01, -5.0352606943626029e+01
38, 38, -7.5390193129673179e+01, -6.5593454723207685e+01
39, 0, 6.7138658087490498e+01, 0.0000000000000000e+00
39, 1, -2.3823740206772328e+01, -8.0834295469475833e+01
39, 2, 2.4948475220791724e+00, 3.9045804746207494e+01
39, 3, 7.8252318756706991e+00, -8.8897436636076144e+00
39, 4, -4.1925775434749099e+01, -3.8393708597567283e+01
39, 5, -2.5666177210956278e+01, 1.3195103932653689e+02
39, 6, -3.3905826759353495e+01, 5.6817067089802904e+01
39, 7, 3.7254775366638455e+01, -5.8515514526557666e+01
39, 8, 2.0331184699445032e+01, 2.0945746943235584e+01
39, 9, 5.8502012911224142e+01, 2.3804158714106265e+01
39, 10, -2.6150171629319459e+01, -2.3040040914336672e+01
39, 11, -5.4748396493858998e+01, 1.0653353662515417e+02
39, 12, -6.8900165627183725e+00, 1.8678920494661945e+01
39, 13, 4.2080351491083853e+01, 1.6334635379856664e+01
39, 14, -4.5920392144607391e+01, -6.1852087069446270e+01
39, 15, 2.7351210540619704e+01, 7.9843371081982070e+01
39, 16, -7.3333184365841944e+01, -2.6455766040336108e+00
39, 17, 1.1648495799790517e+01, 5.1429080389483488e+01
39, 18, -2.2211070938353927e+01, 2.1615903211197718e+01
39, 19, 2.8086564066007085e+01, 5.4197100167456696e+01
39, 20, -5.6858179404160239e+01, 2.5541907422004741e+01
39, 21, 7.1557410237336924e+01, -6.4002746998302882e+01
39, 22, 5.7697213168211995e+01, -3.1279206573616399e+01
39, 23, 3.1546724977150191e+01, -2.7895449239182710e+01
39, 24, -1.5874651214678184e+02, -7.8366110059993673e+01
39, 25, -6.9465421438548020e+01, 5.0691557075964255e+01
39, 26, -5.4074152238617103e+01, 1.5607411394858612e+00
39, 27, 6.7056130754195863e+01, -6.3348767055784975e+01
39, 28, -7.5605981248736811e+01, -1.1767186299904455e+02
39, 29, 2.7364655130544094e+01, -1.0102461246974835e+02
39, 30, -1.2809143644998045e+02, 2.9873026450730833e+01
39, 31, -4.0618473337687497e+01, -1.0157668653839542e+02
39, 32, -4.9967357211575177e+01, 6.0179623112529043e+01
39, 33, -2.3901786452794141e+01, -5.9528406485967537e+01
39, 34, 7.4500783809566457e+01, 4.5221953404521685e+01
39, 35, -5.3748567371812257e+01, 9.7988939520794247e+00
39, 36, 5.8706545913449801e+00, 1.6792030391145502e+01
39, 37, -1.2038384760141739e+01, 2.1988131772626687e+01
39, 38, -5.9476040381086591e+01, 8.7328426402663055e+01
39, 39, 1.5600657801323024e+01, -3.8919215592992373e+01
40, 0, -1.2536196132098003e+02, 0.0000000000000000e+00
40, 1, -1.0400542572914682e+02, 1.2772887943328026e+01
40, 2, 1.1544583507706129e+01, -7.2610442056756611e+01
40, 3, 7.5082819971069171e+01, 3.1711328881724466e+01
40, 4, 5.6713255912228277e+01, -1.4796136470905665e+01
40, 5, 1.3949625517265559e+01, 1.2910522327172345e+02
40, 6, -6.2405624796704757e+01, -6.9236488068860581e+01
40, 7, -6.9859058860367625e+01, -5.6080245336508959e+01
40, 8, -1.6999007419846123e+02, 9.6317729467642494e+01
40, 9, -3.9592089833364085e+01, 4.8286074727234364e+01
40, 10, 4.4817037251906470e+01, 1.4385731952468743e+02
40, 11, 4.1632923375323173e+01, 5.5594490037095092e+01
40, 12, 2.1372942518451751e+01, 2.0851185433952946e+01
40, 13, 6.1668850898821368e+01, 4.7861981042259067e+01
40, 14, 4.1912939735729218e+01, 3.2070729486424995e+01
40, 15, 3.1968940709239448e+01, 3.8838044041339998e+01
40, 16, -3.8775421872928177e+01, 1.4316908191345746e+01
40, 17, -3.9133580604142480e+01, 2.3769544617496308e+01
40, 18, 8.3066740189682719e+01, 8.0102594220939764e+01
40, 19, 9.1003411332321662e+01, 3.3330790462135162e-02
40, 20, -6.4634455473554837e+01, 1.6630796997090592e+01
40, 21, -6.4651373040349498e+01, -8.1428465390071537e+01
40, 22, 4.4147586338568111e+01, -4.8056037375392002e+01
40, 23, -2.3978004941847871e+01, -3.6473069480282817e+01
40, 24, 3.6848192911334465e+01, 6.7053941326098951e+01
40, 25, -1.0204434586941602e-01, 7.9263769598308784e+01
40, 26, 4.6043244681216024e+01, 2.3907578639023455e+01
40, 27, -7.4225383139457310e+00, 2.1645006414864344e+01
40, 28, -7.4441605099727440e+01, -3.8387052063017819e+01
40, 29, 1.3139840930528570e+02, 1.4589289748885989e+02
40, 30, -8.8823496834509768e+01, 1.0666494170996148e+02
40, 31, 5.7898544287293987e+01, -4.5442166760652896e+00
40, 32, -7.3483554665932232e+01, 9.8186279628969899e+00
40, 33, 7.8701788067297230e+01, -2.7657327623067090e+01
40, 34, -1.4933380620038719e+00, 6.9187718146083370e+01
40, 35, -1.9965866620853888e+01, -4.1146581329752316e+01
40, 36, 1.6266075393871340e+01, 4.6219476456905170e+01
40, 37, 6.2024795445883086e+01, -2.4730281423105367e+01
40, 38, -1.5679307119595705e+01, 1.9647448571898860e+01
40, 39, 6.1024181448379380e+01, -1.3573232541486533e+00
40, 40, 1.2052433738748562e+01, 3.5027752813798109e+01
41, 0, -1.9534828855441404e+01, 0.0000000000000000e+00
41, 1, -4.9005355345728958e+01, 6.4763792854039991e+01
41, 2, -1.5034612034601685e+02, -2.6116594679019073e+01
41, 3, 4.2903874579900261e+01, -1.3586078849600511e+01
41, 4, -5.7745344209363623e+01, -3.9060336186275329e+01
41, 5, -8.7222496790630032e+01, 6.5380859893578844e+01
41, 6, 8.3134839480031545e+01, 6.6010463766580045e+01
41, 7, -6.1609653363307984e+01, 3.9686489513793958e+01
41, 8, -7.3393534939785113e+01, 3.6119794871438664e+01
41, 9, 8.5924905285140483e+00, -1.3927249806050703e+01
41, 10, -3.0737486714589437e+01, 1.2217359044682041e+00
41, 11, 1.1799800746835682e+01, -4.1777037474158945e+01
41, 12, 9.8035383412529598e+00, -3.8017153797715963e+01
41, 13, 3.1509025108083506e+00, 4.9720454210704865e+01
41, 14, 1.4460403595531164e+02, -7.4184117846958401e+01
41, 15, -2.8861032865109763e+01, -5.9125854311898408e+01
41, 16, 1.1826270279283079e+02, 2.4353429136375823e+01
41, 17, -1.6655940629057127e+01, -7.2594249715167052e+01
41, 18, 1.5737821538122944e+01, 1.3754633625981910e+01
41, 19, 3.8972290844226265e+00, 4.8326676710702515e+01
41, 20, 3.9826627765236836e+01, -6.2711180800973835e+01
41, 21, 3.4233605174890727e+01, 1.0867392720524091e+02
41, 22, -1.9798707461053837e+01, 2.0511035053524964e+01
41, 23, -3.6711815881218484e+01, 4.4749943097480710e+01
41, 24, -1.4015013786229531e+00, 4.6382277302680990e+01
41, 25, 3.8137458992629874e+01, 2.8780626240718192e+01
41, 26, 7.7104639270637463e+01, 2.4433233834023298e+01
41, 27, -1.1692189143823526e+01, 3.3006626640247568e+01
41, 28, 1.0874226425172418e+02, -1.2554816877902809e+02
41, 29, 1.8413710233304776e+01, 3.7728602644815737e+01
41, 30, -5.4916112533122430e-01, 2.1223292842435484e+01
41, 31, 3.6607434236100616e+01, 5.8280752104680687e+01
41, 32, -1.2435787317992238e+02, -8.3680367930013574e+01
41, 33, 5.7241836172001115e+01, 8.8308040467605693e+01
41, 34, -3.3299382177663205e+01, 3.1519684586054645e+01
41, 35, 2.5173498963094858e+01, -3.0763556840182918e+01
41, 36, -6.4794460340484591e+01, -3.9554455398235575e+00
41, 37, -1.5238803917129502e+00, -6.1350937240556704e+01
41, 38, -3.5542753298961628e+01, -6.5421296537740773e+01
41, 39, 1.0099565249788796e+01, 6.1965970157681141e+01
41, 40, 5.6401902201224232e+01, -6.8613189849094056e+01
41, 41, -6.6413277479917582e+01, -6.9295655171317918e+01
42, 0, -1.0864446455470191e+01, 0.0000000000000000e+00
42, 1, -1.0062605673825189e+02, -4.4441745722585395e+00
42, 2, -2.6367137612107406e+01, -3.0217593465561478e+01
42, 3, 3.2458307229998439e+01, -2.3188449962177945e+01
42, 4, -1.0450510488548144e+02, -6.2220875235560243e+01
42, 5, -5.6687594535682010e+01, 1.0264175447903447e+02
42, 6, 1.3434962891274154e+02, -3.3794992646430735e+01
42, 7, 3.0462582111730967e+00, -1.9512113020425097e+01
42, 8, 7.5968301547203566e+01, 1.0784158217191101e+02
42, 9, 1.0818035567403275e+01, 9.0946064033267703e+01
42, 10, -9.3496805879637392e+00, 3.1630388486043557e+01
42, 11, 7.7539053534922004e+00, 4.2906284875127483e+01
42, 12, 5.9927328248587983e+00, -2.3870443076592561e+01
42, 13, 4.3805624943329917e+00, 7.8541832213057319e+01
42, 14, 8.0433971566721226e+01, -1.9549928196703945e+00
42, 15, -6.4184355980526874e+01, -1.0206469448060510e+01
42, 16, 5.2094325203670593e+01, 2.4380455830529336e+01
42, 17, 6.1496285921910371e+01, -2.0865472066961704e+01
42, 18, 8.2715093483215696e+01, -1.3408984643676897e+02
42, 19, -6.7914952548723875e+00, 2.9948977639174196e+01
42, 20, -1.2340582281449265e+01, 2.5705140457836031e+01
42, 21, -1.1631445026582190e+02, -1.1744351142613027e+01
42, 22, 5.0965234023620212e+01, 2.0358735781021920e+01
42, 23, 1.2155088016499289e+02, 5.0980521030514289e+01
42, 24, -1.1803525798056057e+01, 8.3169190327485353e+01
42, 25, -1.9132156622283414e+01, 2.9748336403802540e+01
42, 26, -4.5631473878451018e+01, 1.2577533224683691e+01
42, 27, 2.5689019048713703e+01, -7.9951874051542006e+01
42, 28, 5.4628340959043243e+01, 2.2212023882005489e+01
42, 29, 2.2427838185075117e+01, -2.9000262646516795e+01
42, 30, 5.0568708359279384e+01, 2.7468939700299330e+01
42, 31, -4.2722072792614824e+01, 4.0871356527725894e+01
42, 32, -1.3691009632879178e+01, -9.0540550956849160e+01
42, 33, -8.5103137611897736e+01, 7.1615602274988646e+01
42, 34, 1.4810406022376839e+00, 2.9803618079482661e+01
42, 35, 1.1137072073790017e+02, 1.2972487327633260e+01
42, 36, 1.9763675273632913e+01, -1.1595699561554866e+01
42, 37, -1.2478103139153468e+01, 8.0452994711363061e+01
42, 38, 8.0008437448933236e+00, 3.8536241695875617e+00
42, 39, -4.7548302252360862e+01, 3.7279130533783622e+01
42, 40, 1.2006366984806495e+02, -4.4078334021196554e+01
42, 41, -5.0941439553772440e+01, 8.8401567582069248e+01
42, 42, 2.4709111986134786e+01, 3.7073880624354075e+01
43, 0, -6.5682718890164551e+01, 0.0000000000000000e+00
43, 1, -3.3081432156837593e+01, 2.2507017599798523e+01
43, 2, -5.9015483691570715e+01, -4.9683350960876680e+01
43, 3, 7.5703498146682534e+01, -7.4749814537283648e+00
43, 4, -7.7586301920964218e+01, -3.2141950987471532e+01
43, 5, 2.4535876936838719e+00, -8.6986045413118518e-01
43, 6, -2.0600119501588310e+00, -1.2481819581047418e+01
43, 7, 3.9149612600015281e+01, 3.4293669282767510e+01
43, 8, -2.9817651642547322e+01, -1.0240010402560046e+01
43, 9, -6.6934639655442993e+01, -9.8233007082828976e+01
43, 10, 1.9040363831746518e+01, 2.2258647967059801e+01
43, 11, 3.4404591699632434e+01, 5.5533225925167265e+01
43, 12, 7.5025826469223858e+01, -1.1501991192320435e+01
43, 13, 5.9076785811800931e+00, -1.8589180047843943e+01
43, 14, -4.7934605719612364e+01, 4.4967803944047681e+01
43, 15, -7.8774197875214369e+01, 2.6368970246864279e+01
43, 16, -1.8223814269161124e+01, 6.7597583257208598e+01
43, 17, -3.4881664549423824e+01, 1.4224189321548209e+01
43, 18, 1.8646647486311032e+01, -2.8472775916125414e+01
43, 19, -5.7132428979659569e+00, 8.0102648030743893e+01
43, 20, -1.2970072781686917e+00, 2.0064638734048543e+00
43, 21, -2.2905985820471635e+01, -2.6470245710554281e+01
43, 22, -1.1886273950132221e+01, -1.5319565188853026e+01
43, 23, 6.9065926822215573e+01, 2.0079510789064294e+01
43, 24, 2.0992023967151354e+01, 2.6283036671698966e+01
43, 25, -3.5665733015346390e+01, -7.7147387968042864e+01
43, 26, 3.0192295704197861e+01, 8.3260341631210338e+01
43, 27, 3.2649938664080977e+01, -6.5412833702012236e+01
43, 28, 9.7958571030961110e+01, 1.7642641431319959e+01
43, 29, 4.9093621228644384e+00, -5.8789299560539234e+01
43, 30, -1.1330858943283840e+02, 3.2886304364107048e+01
43, 31, -2.2800935922755002e+01, -2.5430220261483640e+00
43, 32, -3.5562640147097113e+00, 5.2678736291056751e+01
43, 33, 6.8127340726815845e+01, 5.9314711770104893e+01
43, 34, 9.4996051717091490e+01, 4.9928895477435020e+01
43, 35, -2.0997848850434053e+01, -4.0341860664341461e+01
43, 36, -1.5177573458957179e+01, 1.1076446937398629e+01
43, 37, 2.8286548355672210e+00, 3.3975831982301621e+01
43, 38, 5.3106700825973689e+01, 4.3302016119596928e+01
43, 39, 6.5512952757260706e+01, 5.8921242964873954e-01
43, 40, -3.9408199716054746e+01, -6.7874615284052112e+01
43, 41, 2.9322377704925060e+01, -2.5237147693701949e+01
43, 42, -2.9262702596081539e+01, -2.3663874270733686e+01
43, 43, 6.1698288673231247e+01, 6.3389707184866964e+01
44, 0, -4.0961788951871782e+01, 0.0000000000000000e+00
44, 1, -1.3534440851767067e+02, 2.6445937790918467e+01
44, 2, 5.0396335024565843e+01, -2.6355068345871523e+01
44, 3, -9.3786724126493937e-01, 4.6949119538530169e+01
44, 4, -7.1652848222518998e+01, -2.8696505219530799e+01
44, 5, -3.7986314359306121e+01, 7.8441482189479771e+01
44, 6, 3.7490978847052929e+00, -4.3334770541455981e+01
44, 7, -1.9416768993929594e+01, -9.4740570845719020e+01
44, 8, -5.5053147328566396e+01, -7.3999856000703005e+01
44, 9, 6.5637940513438409e+01, -1.0597150645309007e+02
44, 10, 8.0625575128178284e+01, 2.3391374011793864e+01
44, 11, -1.1011631784819784e+01, 2.0501418898058461e+01
44, 12, 1.1068284492519857e+02, -2.7026539811041843e+01
44, 13, 5.9848676318854373e+01, 3.7915900035499234e+01
44, 14, 4.5036922868277031e+01, -9.3930738721894315e+01
44, 15, 5.3043423636169877e+01, -1.0527371461747641e+02
44, 16, 5.2418896444244638e+01, -2.1730384735066195e+01
44, 17, -6.0029732581289906e+01, -4.8096947406271909e+01
44, 18, -6.5351403740126074e+01, 5.2808741260283981e+01
44, 19, -8.8904687560627522e+01, 2.2605804480895298e+01
44, 20, 2.4855895990471993e+01, 9.1856507392505847e+01
44, 21, -3.4771149569361427e+01, 3.6910790417181943e+01
44, 22, 1.7441303582377987e+00, -1.3531522939088827e+01
44, 23, 1.4358225551725550e+00, -3.8315428903867073e+01
44, 24, 4.5239026878872323e+01, -2.9187530275999954e+01
44, 25, -2.1436586898962695e+01, 4.9813328883895657e+01
44, 26, -7.4417943422315560e+01, 4.8743862420446128e+01
44, 27, 6.5676689570149804e+01, 1.2185575530994299e+01
44, 28, -1.0665317773154435e+00, -3.0392078920853621e+01
44, 29, -1.8089770164618876e+01, -5.3776268404192038e+01
44, 30, -6.6183171145886433e+01, 2.4465458752985313e+01
44, 31, -6.5191595415628782e+01, 4.9759352563109083e+01
44, 32, -6.5022426130056687e+01, -1.9840030969398725e+01
44, 33, 3.3952716092735187e+01, 2.4101773957556773e+01
44, 34, 7.1897067293770206e+01, 3.9315806191200302e+01
44, 35, -2.3190780315200385e+01, -8.9926009414962877e+01
44, 36, 3.4592834290330160e+01, -4.0136406156672706e+00
44, 37, -1.0875162388583028e+02, -9.2778253354786671e+00
44, 38, 4.1571380082400907e+01, -5.6145278857864760e+01
44, 39, -2.5661363718346458e+01, -2.6405405011728654e+01
44, 40, -5.3326834032532560e+01, 1.9583703427044171e+01
44, 41, 2.3082490074043342e+01, 1.4181901780947229e+01
44, 42, 3.5420388420361874e+01, -6.5105067465989208e+00
44, 43, -1.5687925240034922e+01, 1.8505848794067447e+01
44, 44, 4.2697142264074685e+01, -1.7734166033696260e+02
45, 0, -8.6762559492983556e+01, 0.0000000000000000e+00
45, 1, -4.1591778759734360e+01, -5.1428682218162557e+01
45, 2, 3.8976653191396167e+01, 2.6683613899472505e+01
45, 3, -8.3515125018333052e+00, -1.0540872552327986e+02
45, 4, 8.6273707674614940e+01, -2.2003677494631162e+01
45, 5, -1.0456591261713342e+01, 1.7923742481598264e+01
45, 6, 7.5913759850609424e+01, 1.0074106347894812e+01
45, 7, 3.5310512151157326e+01, -3.6353251614912381e+00
45, 8, 1.6997181213276775e+01, 2.1677096203537182e+01
45, 9, -4.7203223039744600e+01, -1.2498262643342159e+01
45, 10, -5.3972752859729070e+01, 8.4797766528429577e+01
45, 11, 2.8271286425886434e+01, 4.4354573609026076e+01
45, 12, 6.8141511402890586e+01, -9.9564063410373123e+01
45, 13, -2.1092805624896869e+00, -7.5625700157270046e+01
45, 14, 7.8282080334283677e-01, -7.9691790892155510e+01
45, 15, 3.5714516455399149e+01, 7.6773836686043012e+01
45, 16, -4.5572613654025787e+01, 5.3450434805583313e+00
45, 17, 3.4693890735684818e+01, 5.6176752699887892e+01
45, 18, -9.4140930008857723e+01, -1.1934967154453064e+02
45, 19, 8.4133300406980169e+01, -1.2683384274830855e+01
45, 20, -3.0899178411325714e+00, -2.8296182763170080e+01
45, 21, -1.1988611760127426e+01, -8.6331020228418282e+01
45, 22, -9.7228487870640691e+01, 1.3873482981938639e+02
45, 23, -3.3814535784364992e+01, 1.8438089161020557e+00
45, 24, -1.4991092641854845e+01, 1.1751458665994275e+02
45, 25, -3.4269915468008065e+01, 4.3325816001216850e+00
45, 26, -3.4098183200514001e+01, 4.8961915851197624e+01
45, 27, 1.6804153936984179e+01, -7.1784232236865193e+01
45, 28, -5.0297600826735334e+00, -7.9750734348375786e+01
45, 29, 3.0507303192225585e+01, 7.5017591149153617e+01
45, 30, -2.5249115207721218e-01, 2.8324551442582852e+01
45, 31, 3.1534880119784731e+01, 3.0190547505768983e+01
45, 32, 4.9720323271634271e+01, 3.7561521283245156e+00
45, 33, 9.3090368984193034e+01, -3.4131731880511992e+01
45, 34, -4.1882527676368099e+01, -2.1633442792855810e+01
45, 35, -5.6140080771486943e+01, 3.2503849414211466e+01
45, 36, 7.1498752558891994e+00, 1.2916266136259546e+02
45, 37, 9.5953980031865683e+01, 1.2669202184663078e+01
45, 38, -4.0342178624233838e+01, 8.1495695576006426e+00
45, 39, -3.8790976180520431e+01, 1.0420983664091176e+01
45, 40, 9.9789354496451601e+00, -3.5126927737245666e+01
45, 41, -3.2340383313554184e+01, 1.9147807100980913e+01
45, 42, -1.5970434941323077e+00, -3.4654562221172299e+01
45, 43, 5.7030144571555468e+01, 3.4209130905120162e+00
45, 44, -3.7734796851837039e+01, -4.0142944892846060e+01
45, 45, -9.7248473930499074e+01, 7.0202579614962758e+01
