0, 0, 0.0000000000000000e+00, 0.0000000000000000e+00
1, 0, -4.6803195549365744e-14, 0.0000000000000000e+00
1, 1, -2.7280647690475439e-15, -2.1179379720517331e-14
2, 0, 0.0000000000000000e+00, 0.0000000000000000e+00
2, 1, 3.9206229025488386e+02, 2.1167833453132309e+02
2, 2, 3.4842425245916602e+03, -1.7578030236803158e+03
3, 0, 1.2642391869608286e+03, 0.0000000000000000e+00
3, 1, -6.6989971451466999e+02, -2.6839380229731350e+03
3, 2, 1.1209501251371214e+03, -3.1822702765441522e+02
3, 3, -2.8164087492989775e+03, -1.4076719371637289e+03
4, 0, -4.1019385308202703e+02, 0.0000000000000000e+00
4, 1, -6.7116666749036926e+02, -5.0813978050050412e+02
4, 2, 5.7941132577901953e+02, 9.7630099374520182e+02
4, 3, -1.2075334642246689e+03, 6.3578563001551821e+01
4, 4, -1.5691581508634260e+02, 1.4577291483344236e+03
5, 0, -1.0021152217486974e+02, 0.0000000000000000e+00
5, 1, 2.6658966200091456e+01, 1.6588420679650369e+01
5, 2, 4.2178574899256449e+02, 2.4764866851161838e+02
5, 3, -3.5330175791262866e+02, 3.0877689233374610e+02
5, 4, 6.9429069140089473e+02, 5.8498176164792653e+01
5, 5, 5.5805593468125551e+02, -5.2555619055875582e+02
6, 0, -7.4146986581745296e+01, 0.0000000000000000e+00
6, 1, -3.9591471935243055e+02, 1.8405448986625890e+02
6, 2, -3.3745741789998226e+02, -1.7897030431608025e+02
6, 3, -3.3096232983357402e+02, -1.3555753904752410e+02
6, 4, -1.0618445972421073e+02, -3.4373178572482760e+02
6, 5, -1.0560263143028817e+02, -3.1728983862550172e+02
6, 6, -3.0264609333970748e+02, -9.2419954892273381e+01
7, 0, -1.5734768525630841e+01, 0.0000000000000000e+00
7, 1, -3.2904426432965801e+02, 2.2483065680613961e+02
7, 2, -3.6830784928434684e+02, -2.0491351732758687e+01
7, 3, -1.0851788686360767e+02, 3.9423431309358584e+01
7, 4, -5.5195042340622160e+02, -6.5381885632363904e+01
7, 5, 4.8647163539594381e+01, 3.1530776479633624e+02
7, 6, 2.1004148947073884e+02, 3.9424164934048332e+02
7, 7, -2.3956165049324795e+01, 2.4955765210039417e+02
8, 0, -1.1182836336133101e+02, 0.0000000000000000e+00
8, 1, 8.2292674618792852e+00, -6.9979036905147538e+01
8, 2, -4.0611092276506713e+02, -1.0472947135281738e+02
8, 3, 3.0439103785885453e+02, 3.3364058414354156e+02
8, 4, -3.2525081254656448e+02, 7.3818950468230639e+01
8, 5, 6.7649053530996173e+02, 4.6273914762716828e+02
8, 6, 1.0400573134650314e+02, 3.3874570310007448e+02
8, 7, 1.4171303214052091e+02, -2.9739289824176927e+02
8, 8, -7.6126245524894216e+00, 6.3743069710437197e+01
9, 0, 6.4025218369216418e+01, 0.0000000000000000e+00
9, 1, -1.5118451800107636e+01, -5.4765644244016983e+01
9, 2, -3.3422978961007635e+02, -4.7397513475892730e+01
9, 3, 2.0785767529729216e+02, 1.7640425926216778e+02
9, 4, -9.6630456498196168e+01, -3.8102266314832156e+02
9, 5, 4.7490839373294398e+02, 4.0772804806334921e+02
9, 6, -1.5174670135934130e+02, -1.4751611319093229e+01
9, 7, 1.7771156215634909e+02, -3.4967593343705505e+02
9, 8, -3.8022282694685464e+02, 8.7289342223331062e+01
9, 9, 2.3412168142988526e+02, 9.4918077113943170e+01
10, 0, -1.3248686880634779e+02, 0.0000000000000000e+00
10, 1, -1.7331434363933485e+02, -6.6562441380651023e+01
10, 2, -5.0038189664850179e+01, 2.8046199489017340e+02
10, 3, 1.7897374798661716e+02, -8.3401795699514551e+01
10, 4, 3.0931691510851488e+02, -6.1688942308535729e+01
10, 5, -1.4703800901492733e+02, 2.5931131065704500e+02
10, 6, -1.4017824925719106e+02, -3.4696787992837426e+02
10, 7, -1.0154473680401226e+02, 1.0602839953047418e+02
10, 8, -1.3627457536353273e+02, -1.9882486283516383e+02
10, 9, 3.2008065983719302e+02, 2.9167342752107601e+02
10, 10, 8.0070223802854400e+01, -1.5467269304205425e+02
11, 0, 7.2419462421596322e+01, 0.0000000000000000e+00
11, 1, 1.4036959277499579e+02, 4.1906916209705578e+01
11, 2, 6.5769601643205704e+01, 3.0158453337737961e+02
11, 3, 3.3495297529077328e+02, -2.3661972057558228e+02
11, 4, 4.3098347521526398e+02, 1.9573579524748408e+02
11, 5, -3.1411064649992096e+02, -2.5141130475034353e+02
11, 6, 1.1264910919210516e+02, 3.5688782748279877e+01
11, 7, -1.9346482133108861e+02, 1.9441917778010162e+02
11, 8, 3.3557678342546956e+02, -1.6054653271923533e+02
11, 9, 8.9688635614618804e+01, 1.0532591224357219e+02
11, 10, -2.4453495485555322e+01, -5.1137781136900242e+02
11, 11, 2.7041605269284151e+01, 9.4022063534159258e+01
12, 0, -2.5453963008002212e+01, 0.0000000000000000e+00
12, 1, 3.1403748230783202e+02, -7.7748975838289507e+00
12, 2, 4.4726328666844211e+01, -1.2866949688606283e+02
12, 3, 3.7868849644643569e+02, -7.2288065588542693e+01
12, 4, 5.7368354723660033e+01, -4.9660496567510123e+01
12, 5, -1.4025346462108214e+02, -2.7249074857451279e+02
12, 6, 9.0144103662524032e+01, 3.9814204147615146e+02
12, 7, -6.6389539765957949e+01, 6.8341421371595331e+01
12, 8, 3.6026873338419477e+02, 6.2507014529965282e+01
12, 9, -1.3364974465846620e+02, -8.9335630192807912e+01
12, 10, -6.7059377665741465e+01, -3.2521533281476479e+02
12, 11, -2.1476072038695204e+02, 4.6381834108530427e+02
12, 12, 1.6959747805468748e+01, 2.3196792896383300e+01
13, 0, 1.0271171486412223e+02, 0.0000000000000000e+00
13, 1, 1.7227641215520370e+02, 1.0979368411326860e+01
13, 2, -8.5739282750300362e+01, -2.4010851599358807e+02
13, 3, -1.0458519510357881e+01, -8.0058831802913346e+00
13, 4, -9.7185588733543611e+00, -1.5985926354693083e+02
13, 5, -1.4425642628037840e+01, 1.1568646916960047e+02
13, 6, -7.5840742398390645e+01, 2.8201279595802856e+02
13, 7, 1.9744493378652714e+02, -9.8666324823885247e+01
13, 8, 5.4351046830731811e+01, 7.6498095326442224e+00
13, 9, -2.3418464816206904e+02, -1.7454855535611631e+02
13, 10, 1.5614620799597265e+01, 1.4757354957420958e+02
13, 11, -1.8984558095087556e+02, 2.2635376530093646e+02
13, 12, 3.2931594865375121e+02, 1.1064692418988651e+02
13, 13, -1.4921606085279802e+02, -2.2974552446078116e+02
14, 0, -2.6621013596106707e+01, 0.0000000000000000e+00
14, 1, -1.7547025601509887e+02, -5.6003365895825254e+01
14, 2, -9.9239709588667054e+01, 1.1452422340469359e+02
14, 3, -9.0420047565520889e+01, 6.1544934818453115e+01
14, 4, -7.7093984347860996e+01, 2.5504135667950914e+02
14, 5, 1.1037593695820352e+02, 2.3873325410039405e+02
14, 6, 5.8795157329351024e+00, 3.6282408956948444e+01
14, 7, 8.7637083173378073e+01, -6.2584959664621600e+01
14, 8, -2.2096138160350014e+02, -1.0739459370247681e+02
14, 9, -2.6523811368163912e+01, -2.5174058142673758e+02
14, 10, 1.0808818777117198e+01, 3.8426792535810711e+02
14, 11, 1.9018598237977315e+02, -6.2924511285872896e+01
14, 12, 9.2028546098889507e+01, 5.4809703496427673e+01
14, 13, -1.7953177585203912e+02, -4.9189542855519198e+02
14, 14, 6.5774083821437479e-01, 1.7179705195752550e+02
15, 0, -1.0280998382292788e+02, 0.0000000000000000e+00
15, 1, -4.5940916844004498e+01, -8.2153014624694094e+01
15, 2, 1.0140980383299575e+02, 1.7206535487794088e+02
15, 3, 1.2266203274532575e+02, 6.5551359773138515e+01
15, 4, 1.6620894887345511e+02, 2.1497522672017777e+02
15, 5, 2.0674308925205509e+02, 1.2545297714451291e+02
15, 6, 1.2060919758370085e+01, -1.4732862602873837e+02
15, 7, -2.1940596102064333e+02, -9.3379943729569106e+01
15, 8, -2.5444364627991675e+02, -1.2740618670023758e+02
15, 9, 1.7840587506820533e+01, 8.0417132874234426e+01
15, 10, 5.3272218459684382e+01, 4.0238952018046604e+01
15, 11, 1.7999140914670733e+02, -1.3386393195603375e+02
15, 12, -1.7770870500209898e+02, -1.7300259747779245e+02
15, 13, -3.0869457403573673e+01, -1.7406132034842176e+02
15, 14, -4.6114361906475892e+01, 3.0145601065225219e+02
15, 15, 1.1071035265241656e+02, -1.9133321159329213e+01
16, 0, -1.0905696265842241e+02, 0.0000000000000000e+00
16, 1, 4.8286079076260762e+01, 1.1811394148773492e+02
16, 2, 1.4080645801397080e+02, 4.2733002870989438e+01
16, 3, 1.0636694174638917e+02, -9.7232663610849102e+01
16, 4, 1.9244517782689277e+02, 1.7012472658566278e+01
16, 5, 7.9794859499195297e+01, -1.2913916124965246e+02
16, 6, -3.3124707481052539e+01, -4.8122630686868618e+01
16, 7, -9.6828401397532019e+01, -5.8986123316287959e+01
16, 8, -5.8220488102920321e+01, -1.0025404794510290e+02
16, 9, 9.5302211624595202e+01, 2.0776543897171069e+02
16, 10, 1.2620103164253703e+02, -6.6557586095087103e+01
16, 11, 4.1700934412057116e+00, 4.0597408245256190e+01
16, 12, -1.1858637362181396e+02, -1.3980103353525223e+02
16, 13, 1.8867596795997844e+01, 1.3673307967914630e+02
16, 14, 2.0395023248239351e+01, 2.0124486878527577e+02
16, 15, 2.1465417878061783e+02, -6.8327660211782415e+01
16, 16, -4.3673280574698929e+01, -1.6215503807151926e+01
17, 0, 1.9944424672354160e+01, 0.0000000000000000e+00
17, 1, 9.0613739571229175e+01, 1.3066795361448149e+02
17, 2, 4.9930239257488829e+01, -8.2506360390674338e+00
17, 3, 3.3563721580992109e+01, -2.9883141897433923e+01
17, 4, -9.1044999883842635e+01, -1.3390439580130185e+00
17, 5, -1.3910270202569694e+02, -5.0360626030523690e+01
17, 6, -1.2314179000834017e+02, 5.1963185259262403e+01
17, 7, -6.4643442184026796e+01, 6.3237103318278784e+01
17, 8, 7.2321273783644202e+01, 3.9956040268034911e+01
17, 9, 2.8072696753213393e+01, 8.6516496617043643e+01
17, 10, 1.0737678130492006e+02, -4.9336437556652292e+01
17, 11, -5.6171106270270386e+01, 2.4565161084810278e+01
17, 12, -6.0550986450634582e+01, 7.4791051951828349e+00
17, 13, 1.0876912556091982e+02, 1.7606924076458068e+02
17, 14, 6.2887736099089722e+01, 9.2385595023192295e+01
17, 15, 6.8805847380628649e+01, -8.9218337580271879e+01
17, 16, -2.2756501503028858e+02, -1.1594895697466396e+02
17, 17, -2.5316445648727026e+01, -6.1708607888088906e+01
18, 0, 5.7971586265318656e+01, 0.0000000000000000e+00
18, 1, 3.3410705665241444e+01, 1.2180003256591792e+02
18, 2, 1.1143154110365318e+01, -6.6251192057083284e+00
18, 3, 6.4551245834975873e+01, 8.0905498945850908e+01
18, 4, -1.7973957807482444e+02, -3.1019056214280955e+01
18, 5, -4.0521022117942806e+01, 1.2467930323149268e+02
18, 6, -4.5821318421337288e+01, 1.3366251519232333e+02
18, 7, 3.3844655501059762e+01, 3.2025046628258117e+01
18, 8, -1.8468125819639347e+01, 5.7101039706021837e+01
18, 9, -8.7792920620481318e+00, -7.6236027172850982e+01
18, 10, -1.3323569711625746e+02, 2.5763118660888164e+01
18, 11, -6.0202363497955346e+01, 4.9555805922035390e+01
18, 12, -1.8215871090517016e+01, 3.9428597398828643e+01
18, 13, 6.8955226816534704e+01, 4.6892307530014506e+01
18, 14, 7.7436518371804183e+01, -4.3759942001014878e+01
18, 15, -8.3697644674247812e+01, -1.4780489699811659e+02
18, 16, -9.2063124693627572e+01, -3.6141846128679447e+01
18, 17, -3.2198721689273583e+01, 2.0247416672740931e+02
18, 18, -8.2049496350339965e+01, -6.6895360973273398e+01
19, 0, 1.8710898137920653e+00, 0.0000000000000000e+00
19, 1, -1.0943391801377038e+01, -8.6746280128113710e+01
19, 2, 7.6867149044202359e+00, -1.1556528843665149e+01
19, 3, 2.3757841051578676e+00, 3.4575606147363104e+01
19, 4, -3.3789922158869473e+01, -4.7487328527731158e+01
19, 5, 4.6592698712296205e+01, 7.1792878806871300e+01
19, 6, 3.7680305465765620e+01, 3.6801304859965342e+01
19, 7, 8.2177365436356723e+01, -3.4778847458535637e+01
19, 8, -7.7041306059390848e+01, 1.6085892134487040e+01
19, 9, -4.0160303589651718e+01, -8.4259773825487926e+01
19, 10, -1.0693570062272858e+02, 5.1804410263954637e+00
19, 11, -2.5197781962391383e+00, 7.3255131565833437e+01
19, 12, 3.7060939793779291e+00, -2.9812556618625550e+00
19, 13, 4.1629988074956614e+01, -6.3751822634918831e-01
19, 14, -3.0420164864338037e+01, -9.2643503550525196e+01
19, 15, -1.5299141179980040e+02, -9.8577084240416198e+01
19, 16, -4.5302021740089051e+00, 2.8852915614386841e+01
19, 17, 2.8884266069964930e+01, 8.2711104936919000e+01
19, 18, 1.1769626683019263e+02, -1.0840612986406806e+02
19, 19, 6.2493836799208296e+01, 1.3957955151249206e+02
20, 0, -4.7996201470938402e+01, 0.0000000000000000e+00
20, 1, -1.8411642885627543e+01, -9.5046688990482451e+01
20, 2, -9.2459194138630600e+00, 3.9844513196739605e+01
20, 3, -5.6473038438200604e+01, -3.3007937205792466e+01
20, 4, 6.2284807597734869e+01, -2.8056633214835475e+01
20, 5, -3.0086770075752277e+01, 1.2883760438651608e+00
20, 6, -3.1392750487007756e+01, -5.7110148222821778e+01
20, 7, -5.9425933666094934e+00, -2.4139277735170722e+01
20, 8, -4.7928955525217461e+01, -5.1862234691854852e+01
20, 9, -2.2541052974518351e+01, -2.8676578343944222e+01
20, 10, 6.4797464519306800e+01, 6.2503164034839065e+00
20, 11, 1.2254040504566003e+01, 7.5799762901654653e+00
20, 12, 8.6426244040652264e+01, 2.8781324206090531e+01
20, 13, 1.9320714880602285e+01, -5.5664521126125294e+01
20, 14, -5.2600211306151728e+01, -4.7730220283764432e+01
20, 15, -1.3064023984433105e+01, 5.5104579485889403e+01
20, 16, -8.0909494875699384e+00, 3.4258206480793881e+01
20, 17, 8.6888444640419308e+01, 6.7206600931222354e+01
20, 18, -7.1874085086671009e+00, -1.1521811162364850e+02
20, 19, -2.0708444600959758e+01, 1.9247966644222977e+01
20, 20, 7.8984437786288211e+01, -4.9958296917611325e+00
21, 0, -1.3183494074105878e+01, 0.0000000000000000e+00
21, 1, 2.4996261168182681e+01, 5.8610441615300815e+01
21, 2, 5.3389942531308368e+00, 8.4749274364780504e+01
21, 3, 2.0692917808006417e+01, -3.3545089707340821e+01
21, 4, 5.8954978823942142e+01, 2.3506635954864116e+01
21, 5, -5.3440127376245393e+01, -2.1286601520206929e+01
21, 6, -9.1339524682351669e+00, -3.3647367795833588e+01
21, 7, -3.5218901867848281e+01, 4.9112340950653852e+01
21, 8, -9.4740359403230574e+00, -4.3565655520978915e+01
21, 9, 3.7152060761356232e+01, 9.5978734006552795e+00
21, 10, 4.6029920481570649e+01, -2.6487707896643094e+01
21, 11, 5.2471701662420109e+01, 3.8812818978000770e+01
21, 12, -3.4515827585098009e+01, -1.6952199546215436e+01
21, 13, 2.3567714569434894e+00, -9.3997837623644571e+00
21, 14, -1.9296663551715490e+01, 6.2656063433209710e+01
21, 15, 4.9488631104532679e+01, 7.9295216986207265e+01
21, 16, 4.4825071312107028e+01, 1.3477389232779174e+01
21, 17, 4.5197756458992501e+01, 4.7495345167408573e+01
21, 18, -3.7948494964048209e+01, -7.6180781341080362e+01
21, 19, -1.7242687802680273e+01, 1.1980921222894322e+02
21, 20, 3.0121989291239395e+01, 5.4895233888008136e+01
21, 21, -1.0629759170911021e+02, -7.0751682216888085e+01
22, 0, 2.9834796081643940e+01, 0.0000000000000000e+00
22, 1, 5.8609502440185061e+01, 2.4364548187055689e+01
22, 2, -7.3114465445178229e+00, -1.2966011498818876e+01
22, 3, 5.4713790876236793e+01, 2.1719398696907022e+00
22, 4, -3.2565739077027828e+01, 4.7420351596615056e+01
22, 5, -8.7382163024999855e+00, -6.8953936718818021e+00
22, 6, 3.1002145800161376e+01, 6.4249535863546313e+01
22, 7, -3.4962839346989462e+01, 4.4933363375022939e+00
22, 8, 4.7131879675165202e+01, 2.6493593365447477e+01
22, 9, 5.1690042597016355e+00, 1.4434221636770083e+01
22, 10, 3.6558145275899903e+01, -3.1690837154892094e+01
22, 11, 2.3227116939709262e+01, 3.0491933826351865e+01
22, 12, -5.0390119925620510e+01, 2.5317805761646941e+00
22, 13, 2.2979273278475304e+01, 2.2567873761151773e+01
22, 14, 1.5431147115651545e+01, 6.7919125593170861e+01
22, 15, 5.6841401683356189e+01, -3.3039489496477252e+01
22, 16, 2.9230237561617152e+01, 3.3375251861779764e+00
22, 17, -5.4198034160613751e+01, -3.6767210785469850e+01
22, 18, 1.7239969352693887e+01, -1.9257683698233894e+00
22, 19, -6.1277218283557708e+01, 5.3103887069441654e+01
22, 20, 6.5971175534997258e+01, -1.2180735409830959e+01
22, 21, -3.9323889644691512e+01, -8.6724046500608623e+01
22, 22, 1.1012936854346840e+01, 4.3172692799025221e+01
23, 0, -9.6145396782303560e+00, 0.0000000000000000e+00
23, 1, -2.9498120047621480e+01, -6.4037917845207861e+00
23, 2, -2.2881016961563674e+01, -5.6261067963529690e+01
23, 3, -1.7010001097870372e+01, 2.0064825949851379e+01
23, 4, -5.0292490381958878e+01, -7.6999725085294513e+00
23, 5, 4.2775444294654967e+01, -2.4600779822200469e+01
23, 6, -4.7388033828964915e+01, 6.5338935951616961e+01
23, 7, 3.2676224301853338e+01, -4.4195421427847656e+01
23, 8, 2.1476848764024687e+01, 3.8436908231162846e+01
23, 9, -4.2960339755825787e+00, -1.7568034287604227e+01
23, 10, 1.3899981818089856e+01, 3.3192375417100529e+01
23, 11, -3.6557666041782802e+01, 3.3278016664726017e+01
23, 12, -7.4234369046249888e+00, 1.1091878891802750e+01
23, 13, 3.0625090593178928e+01, 5.4173592022152466e+00
23, 14, 7.3011878678744635e+00, 4.9923130929346264e+01
23, 15, 3.5737046006658325e+01, -9.4159127583390401e+01
23, 16, -5.5302789323667938e+01, -1.2547864813156426e+01
23, 17, -4.0668791229405869e+01, -9.8329044050126456e+01
23, 18, 1.7715173875171430e+01, 7.2721726097781641e+01
23, 19, -5.9928864138857321e+01, -9.4559593815253464e+00
23, 20, 6.7526089605059127e+01, -7.1838859417878984e+00
23, 21, -5.7420378485077123e+01, -8.3796234397715182e+01
23, 22, -2.5696630583100148e+01, 1.6742022879405468e+01
23, 23, 7.3232639889699016e+01, -2.4563181205073519e+01
24, 0, -2.5264535629012205e+01, 0.0000000000000000e+00
24, 1, -2.4948794635986619e+01, -2.5879023173427424e+01
24, 2, 2.4372446181273633e-01, 2.1360150163273385e+01
24, 3, -4.3343014372898658e+01, 2.8269462060232566e+01
24, 4, -1.7210910521405776e+00, -1.6942442387385764e+01
24, 5, 3.4649254901741585e+01, 1.9447710276999469e+01
24, 6, -4.1133467898601488e+01, 7.8265421497891552e-01
24, 7, 4.9065429463357731e+01, -5.9196572766624037e+01
24, 8, -2.0136680268346307e+01, -8.5435771230736819e+00
24, 9, -1.2567966694790597e+01, -3.8424729157956371e+01
24, 10, 1.5688148839226624e+01, 2.9792429596214532e+01
24, 11, -3.1378962416734002e-01, -3.8109247709076442e+01
24, 12, 3.7651116904823887e+01, 3.6915006831105657e+01
24, 13, -1.5959841072965027e+01, 2.8016352310510904e+00
24, 14, -6.9340194291825474e-01, -4.6938387175723150e+01
24, 15, -2.7774704648197513e+01, 6.1096106620294837e+00
24, 16, -6.9306540585295949e+01, -3.9965279339380984e+01
24, 17, 1.4424025074113700e+01, 8.8740833130644647e-01
24, 18, -4.4009122867513220e+01, 7.0739575891036893e+01
24, 19, 4.0507666244181074e+01, -4.5698811352693056e+01
24, 20, 1.3913083357563451e+01, 1.4257876577962438e+01
24, 21, 1.2921567025983363e+00, -5.0833943196617383e+01
24, 22, 1.3957524066705286e+01, 8.1835750522407182e+01
24, 23, 6.7044046565207395e+01, 4.1013935760232334e+00
24, 24, -3.2818492477052800e+01, -1.3662413356945720e+01
25, 0, 1.4327591019810907e+01, 0.0000000000000000e+00
25, 1, 1.1434583963797500e+01, 3.0538958595366652e+00
25, 2, 2.0826818412761224e+01, 4.0888038662208970e+01
25, 3, -8.6440864405994269e+00, 1.6471867213755665e+01
25, 4, 6.8809566643270855e+01, -1.8839280639735676e+01
25, 5, -2.8757122995583504e+01, 3.2492419737418459e+01
25, 6, 1.8406711048232829e+01, -3.4181909599911762e+01
25, 7, -7.8696045551473199e+00, -3.1917998962602908e+01
25, 8, -2.2360642820264843e+01, -1.8404405043295423e+01
25, 9, -8.0140467470123280e+00, -2.2579767983816890e+01
25, 10, -1.7869491595860730e+01, 2.4554503542696093e+01
25, 11, 4.8963339902671791e+01, -4.3811919671985692e+01
25, 12, 3.4446059185556877e+01, 2.8053596715791517e+01
25, 13, -3.7791524932851939e-01, -2.9677172172309245e+01
25, 14, 8.4524914225673289e+00, -2.7403849463128140e+01
25, 15, -4.7824116337852438e+01, 1.1792540431200056e+01
25, 16, 1.1193891078641643e+01, -2.9583278040027622e+01
25, 17, 3.4756122437828878e+01, 8.4861019019724935e+01
25, 18, -1.7047712921484159e+01, -7.5727380086917622e+00
25, 19, 7.0154048529318217e+01, 5.5960514834450654e+00
25, 20, -5.5746212360943744e+01, -1.1375402349021837e+01
25, 21, 7.4106281641982847e+01, -2.0455253767041093e+01
25, 22, -3.2712391077072333e+01, 4.9269754570103160e+01
25, 23, 5.4588638342098790e+01, -4.8099658233317641e+01
25, 24, -2.9603567136441107e+01, -1.0730610075744073e+01
25, 25, -1.5843974553841903e+01, 3.0221753898483755e+01
26, 0, 2.3561141988362650e+01, 0.0000000000000000e+00
26, 1, 1.4661597983932863e+01, 3.9617511008390153e+01
26, 2, 1.7846583030365203e+01, 7.2978007284569135e-01
26, 3, 8.8972059036889704e+00, -1.1558714827616935e+01
26, 4, 3.4824203116145981e+01, -1.5889051753098681e+01
26, 5, -2.0407482701982044e+01, -1.6683273464011378e+01
26, 6, 3.3139533597881346e+01, -1.9583654445517187e+00
26, 7, -1.0427703675136810e+01, 1.9867938787259106e+01
26, 8, -3.2188782191098211e+00, -8.3398336592704556e+00
26, 9, 4.1718498643411301e+00, 4.8606815353603025e+01
26, 10, -1.0774811310914227e+01, -5.4227565624475087e+00
26, 11, 4.5849568180334828e+01, 2.0569133076519599e+01
26, 12, -2.2958360111594647e+01, 9.2076100795115554e+00
26, 13, -3.2481087422554378e+00, -2.4197074340535396e-01
26, 14, -1.1639308173445354e+01, 6.0016613430288057e+00
26, 15, -9.5336588197003476e+00, 5.7660917145659107e+00
26, 16, 4.6601650362861498e+01, 1.1155236985157671e+01
26, 17, 2.6899259055814852e+01, 7.4413869097187133e+00
26, 18, 2.6309851442617596e+01, -4.4858179994713367e+01
26, 19, 3.8894946556022214e-01, 1.0759986859631750e+01
26, 20, -1.2386215189253170e+01, -3.5155856825553421e+01
26, 21, 2.6450615513376274e+01, 5.2726563981107944e+01
26, 22, -4.1878862085646020e+01, -2.4143950845124191e+00
26, 23, 2.4737980079510397e+01, -2.2721502564871528e+01
26, 24, -7.3644045325624532e+01, -5.1662524323677488e+00
26, 25, -2.6854059273775263e+01, 4.0168382951823098e+01
26, 26, 1.5569643694943183e+01, -4.2627742833445851e+01
27, 0, 2.3161673460440294e+01, 0.0000000000000000e+00
27, 1, -4.1934272076497319e+00, 2.5040900327311895e+00
27, 2, -6.4713724568007591e-01, -2.6914548651544735e+01
27, 3, -1.1003730261968435e+01, -2.6153838776555972e+01
27, 4, -3.1616619541606276e+01, -9.4002126056167139e+00
27, 5, -8.5463886296403029e+00, -2.7212320789223895e+01
27, 6, -2.7690295720255126e+01, 2.8680595323837100e+01
27, 7, 1.9908141153798522e+00, 1.1025544427115785e+01
27, 8, 3.2117322931466006e+01, -7.8891690147056845e+00
27, 9, -7.2224122138560176e-01, 3.7640305072458744e+01
27, 10, 2.3984439016017539e+01, -1.4504837731992177e+00
27, 11, 1.7769665676886870e+01, 1.8116990213147179e+01
27, 12, -7.3069437531706862e+00, 6.0588732780013399e-01
27, 13, 7.8618134051134847e+00, 9.2810753555868750e+00
27, 14, -2.0622424997895177e+01, 1.8465707701648755e+00
27, 15, 2.9209346685227757e+00, -8.8347390407302449e+00
27, 16, 7.1620223556836269e+00, 2.3225572446887846e+01
27, 17, -1.8535742390642636e+01, -3.6374411487274131e+01
27, 18, 1.6505686987951622e+00, -1.4575520472050393e+01
27, 19, -6.6409465782748583e+01, -1.6172396669693683e+01
27, 20, 2.5237897829908203e+01, 5.9330892682876080e+00
27, 21, -2.6764770005985028e+01, 2.5979966026047190e+01
27, 22, 1.9968604088626140e+01, -3.3489182797016547e+01
27, 23, -1.3107406565786441e+01, 2.4514088239975564e+01
27, 24, -1.6038144890050006e+01, -5.0845984552894956e+00
27, 25, 7.8602642695021565e+00, 5.2649024419798316e+01
27, 26, 2.3740204277195403e+01, -3.2143820644008763e+01
27, 27, -4.3200480097480629e+01, 2.3243501027252300e+00
28, 0, -2.7326162831229732e+00, 0.0000000000000000e+00
28, 1, -1.3144263372274677e+01, -8.0532014106766745e+00
28, 2, -2.6336742731677884e+01, -2.1185320409686515e+01
28, 3, -1.5319741277143311e+01, 2.5084408763420370e+01
28, 4, -3.0350102406793191e+01, -5.5250100271819118e+00
28, 5, 5.5426172619140104e+00, -1.4357999257769252e+00
28, 6, -3.8235593267405349e+01, 2.1795922666395434e+01
28, 7, 1.5788392049810204e+01, -2.0529733097867023e+01
28, 8, 2.1369136939789605e+01, 2.1385818695883110e+00
28, 9, -6.6460961606724016e+00, -3.6244352841433297e+01
28, 10, 7.4348034209500833e+00, 2.3534476642171298e+00
28, 11, -1.5797859737659978e+01, -2.3546804735324930e+01
28, 12, -6.0925261212006978e+00, 2.6243658784700212e+00
28, 13, 1.0116879970424009e+01, -5.0714512498642241e+00
28, 14, -9.7937707924489850e+00, -1.2786762503219347e+01
28, 15, 7.7611477532105759e+00, -1.2103505303683940e+01
28, 16, -1.4254527456705050e+01, -7.1516022420957341e+00
28, 17, -9.1437547165866899e+00, -3.3692966588575921e+01
28, 18, -2.3118578920469794e+01, 2.6324585314774442e+01
28, 19, -2.8197165194845173e+01, -5.6532357618376183e+00
28, 20, 2.2100409094786770e+01, 3.4609760876717417e+01
28, 21, -1.5293260321126327e+01, -1.1548181661255503e+01
28, 22, 3.0020183508588868e+01, -5.5707818909035014e+00
28, 23, -3.0506422084858603e+01, -1.1948500259394686e+01
28, 24, 2.2248948823860278e+01, -1.3520339184258404e+01
28, 25, 4.8630679162184576e+00, 8.2690135222560830e+00
28, 26, 3.2662603417663576e+01, -4.4136264289208938e+01
28, 27, -2.2391324309550824e+00, -4.9701475739275001e+00
28, 28, 1.1650793617340526e+01, 4.7943131123166573e+01
29, 0, -8.4675106540022842e+00, 0.0000000000000000e+00
29, 1, -3.3061830949244930e+00, -1.4197902923899985e+01
29, 2, -9.5267307403455206e+00, -7.5017745347031495e-01
29, 3, -8.0039463909867692e+00, 2.4400754859775869e+01
29, 4, 1.2610927252990511e+01, -6.5940364391538218e+00
29, 5, 9.4265753929792417e+00, 1.2014977194327610e+01
29, 6, 5.7465633176917432e+00, -3.5374525168128708e+00
29, 7, 2.0235992429493784e+01, -1.2870583470245307e+01
29, 8, 3.5058977829781686e+00, 1.0511997416140011e+00
29, 9, -8.1383922814816323e+00, -2.7016323558386958e+01
29, 10, -1.1726698013442041e+01, 4.6691052973709395e+00
29, 11, -2.5296039631512077e+01, -6.1180931142982917e+00
29, 12, 1.2668047259392218e+01, -7.8450335106747211e+00
29, 13, -1.5230202604875096e+01, -1.9202013273435607e+00
29, 14, -2.1552578247592162e+00, -1.0789151033116175e+01
29, 15, -5.1727064301706855e+00, -9.8737825930053091e+00
29, 16, -9.4740992371786383e+00, -2.8433524518216715e+00
29, 17, 3.4790269046881095e-01, 6.3045232191298508e+00
29, 18, -2.6233319890785989e-01, 6.3932386907098717e+00
29, 19, 1.5118487503317148e+01, 2.9533843188325264e+00
29, 20, 8.9826973334377609e+00, 5.7048967994026025e+00
29, 21, 1.2857552399195461e+01, -2.1426813826659309e+01
29, 22, -8.5359987162007389e+00, -2.6524377104017094e-01
29, 23, -3.9781874798511430e+00, -2.4268054059848463e+01
29, 24, 6.5383151064229281e+00, 2.3482338118919461e+01
29, 25, -5.6197901295474457e+00, -2.2682843832077062e+01
29, 26, 1.2143030754060722e+00, -1.9023890793804380e+01
29, 27, -3.5160823798820559e+01, -5.2349017430242224e+00
29, 28, 2.1842978435653939e+00, 1.9100287147730295e+01
29, 29, 1.1421228318452419e+01, -1.2645147944086634e+01
30, 0, 2.2784204657637908e-01, 0.0000000000000000e+00
30, 1, 1.0738528599380901e+01, -2.8923600164489471e-01
30, 2, 1.4778247386502274e+01, 2.2925508972795319e+00
30, 3, 3.2515158958751273e+00, 1.1738456545061389e+00
30, 4, 1.9196547509470705e+01, -1.6619182626115322e+01
30, 5, 7.0431239002954618e+00, -9.7934823563557778e+00
30, 6, 8.2119858951237070e+00, -2.5978383033597368e+01
30, 7, 4.5385396471674877e+00, -9.0464480003933523e-01
30, 8, -2.9054746091335457e+00, -8.4979353942992386e+00
30, 9, 6.8040361183920339e+00, -1.7466619434390089e+00
30, 10, -4.9901965604726604e+00, 1.7802535426120517e+01
30, 11, -9.6897744623733644e+00, 6.8004103570335896e+00
30, 12, 2.1525207988661919e+01, -8.1761512345463618e+00
30, 13, -6.9464514710008265e+00, -3.2674408591291311e+00
30, 14, 8.8913277294099498e+00, 1.3336712629247223e+00
30, 15, -8.0128840913048691e+00, 7.0005162936000731e-01
30, 16, -2.3595723543052496e+00, -2.9350988492819532e+00
30, 17, 8.6709729536377296e+00, 1.1600212666358473e+01
30, 18, 4.2336625006401576e+00, 1.4807022947710338e+00
30, 19, 1.4992739691233478e+01, -4.6835463037413732e+00
30, 20, -1.0051481648795791e+01, -1.0795795187650596e+01
30, 21, 3.8577596193517754e+00, -6.1162278443174403e+00
30, 22, -1.5438992830710580e+01, -2.5378838840314404e+00
30, 23, 1.0697978066498608e+01, -4.6459124996616374e+00
30, 24, -6.3901764684455244e+00, 1.5042671265498825e+01
30, 25, 1.4462530541345306e+01, -1.7451553424773927e+01
30, 26, -9.3880469434446905e+00, 2.2973404918779757e+01
30, 27, -2.1243461935292263e+01, 1.5896879469613593e+01
30, 28, 1.4724843423073020e+01, 2.4851372737062533e+01
30, 29, -1.1764039703598517e+00, -3.4488984875403998e+00
30, 30, -6.6116456480215415e+00, -1.0156216660712247e+00
31, 0, -8.6664087424844762e+00, 0.0000000000000000e+00
31, 1, 3.7434903390194423e+00, 5.7703577866948095e+00
31, 2, -5.4512996419444697e+00, -2.9195509346628739e+00
31, 3, 1.3427523976727667e+00, -3.5082729970971296e+00
31, 4, 2.7945752525683067e+00, -9.7085915280314927e-01
31, 5, -5.1209785616017758e+00, -1.1883010572091496e+01
31, 6, -2.6791591204540666e+00, -6.5763921395726790e+00
31, 7, -1.4572229960493100e+01, 9.0893626954798989e+00
31, 8, 9.6873661350333995e-01, -2.1729955891263786e+00
31, 9, 8.3794378820910556e+00, 2.9959912895735421e+00
31, 10, 5.0545462641271115e+00, 1.6160819753778636e+01
31, 11, 1.1577439972753268e+01, -1.2183478244471134e+01
31, 12, 7.2336566919947130e+00, 1.0163316280077859e+00
31, 13, -2.4647887939241890e+00, -9.5724999159603321e+00
31, 14, 2.5159975577015881e-01, 6.1584749536117460e+00
31, 15, -4.7228465871558676e+00, -2.0689135011758211e+00
31, 16, 8.4810540943731265e+00, 1.1309944989469092e+00
31, 17, 4.1541258461706283e+00, -2.3449343337884470e+00
31, 18, -1.9630190939761443e+00, -1.2450619916355244e+01
31, 19, -4.6413878425280259e+00, -7.4185275499001229e+00
31, 20, -2.6009197277340547e+01, -1.0766380152717872e+01
31, 21, -7.9370523757124056e-01, -9.6394975768804758e-01
31, 22, -7.6371817406499218e+00, 1.0951350608863901e+01
31, 23, 6.2111551312233573e+00, 1.0427188096345283e+01
31, 24, -3.0700894765426350e+00, -7.5154378463741240e+00
31, 25, -8.9773441874647641e-01, 1.2570489664421582e+00
31, 26, -1.1343186495542556e+01, 2.9433562476549651e+00
31, 27, 6.2182834143971757e+00, 9.3487203342441347e+00
31, 28, 2.4505427095727121e+01, 7.6644931125453644e+00
31, 29, 5.1935862802655741e+00, -1.2101976626048337e+01
31, 30, -1.4309756014902959e+00, -1.4665977865602228e+01
31, 31, 1.0129635703327342e+01, -2.3415357022883732e+00
32, 0, -9.2133948934825938e+00, 0.0000000000000000e+00
32, 1, 3.0249173952577255e+00, 1.1741315191028383e+01
32, 2, -9.8399189709665187e+00, -1.0825820388495483e+01
32, 3, 1.0298437796866637e+01, -1.7018546817287650e-01
32, 4, -1.2087490061299231e+01, -4.0965126499700757e+00
32, 5, -5.7094900626573715e+00, 3.1444518730658304e+00
32, 6, 4.6389758512942969e-01, 1.2518128236490782e+01
32, 7, -1.0454161405365310e+01, 9.1786725816136112e+00
32, 8, 1.4660373723605064e+01, 1.8786344977781948e+00
32, 9, 1.5232569091989063e+00, 5.5042781478931744e+00
32, 10, 2.4028357283198423e+00, -5.2623287595722426e+00
32, 11, 2.5739321432973181e+00, -3.2831150665374746e+00
32, 12, -3.8590249086488595e+00, -2.4445699084639050e-01
32, 13, -2.2981656439910298e+00, -1.8924156270684418e+00
32, 14, -5.9002693832385789e-01, 1.1797643375650807e+01
32, 15, -1.6673987611105301e+00, -5.8281037624628826e+00
32, 16, 9.3919550306843984e+00, 3.0151845669000830e+00
32, 17, -7.8730181954736533e-01, 1.7831571247356239e+00
32, 18, -5.3007535926187570e+00, -1.0758645345163318e+00
32, 19, -1.3123800524506624e+01, 7.4462231028537937e+00
32, 20, -1.1927037657900135e+01, -3.4540338337695826e+00
32, 21, 5.6559195766126455e+00, 1.4132446287863473e+01
32, 22, 6.8797096231935519e+00, 3.9486321736356169e+00
32, 23, 1.4791430083797767e+00, -6.6220712554798542e+00
32, 24, 1.6561490761638353e+00, -9.9013303045538077e+00
32, 25, -7.5073519584609079e+00, 8.7514801838945822e+00
32, 26, -2.1927649480867153e+00, 3.9544095028867328e+00
32, 27, 3.1812539767034034e+00, 7.4782248229222068e+00
32, 28, 2.5978565648875018e+00, -1.7575600258076832e+01
32, 29, -4.8525564460429198e+00, -1.1870061362743101e+01
32, 30, -9.5065518628894345e+00, 3.4938742125903772e+00
32, 31, -6.5132564902019414e+00, -4.1115497959854919e+00
32, 32, -4.2229479863823478e+00, -3.8270849504796667e+00
33, 0, 5.0471153529507022e+00, 0.0000000000000000e+00
33, 1, 3.4369731216574513e+00, 6.1572361934775088e+00
33, 2, -3.4142461530229102e+00, -1.2257935856769528e+01
33, 3, 7.7935298649160973e+00, 5.8226899402069137e+00
33, 4, -4.1126439083721849e+00, -2.5510072141315634e+00
33, 5, 8.3996619754283106e+00, -2.2889443219307077e+00
33, 6, 8.1745700366022707e+00, 1.6312060664946401e+01
33, 7, 4.8442315137234822e+00, -1.6441808656823969e+01
33, 8, 7.6510525892243431e+00, 8.2162297341251076e+00
33, 9, -3.7640127674639290e+00, -5.6435925298037635e+00
33, 10, 3.8706196241911772e-01, 1.3395025377554093e-01
33, 11, -9.1876309104527323e+00, 8.7810969806765620e+00
33, 12, -1.0581008986716304e+01, 9.8583736215076878e-01
33, 13, -1.1940333020901059e+00, 1.3183638992639077e+00
33, 14, -3.1181544710222111e+00, 1.5005250613455219e+00
33, 15, 6.1681392067806406e+00, -5.4851459522864587e+00
33, 16, -1.0883442668609815e+00, 3.0023527999199309e+00
33, 17, -2.0365103920698906e+00, -8.2915809790771444e-01
33, 18, 7.9074173199143747e+00, -2.4212303232905725e+00
33, 19, -1.2973964420782258e+01, 1.0683447168358409e+01
33, 20, 8.4478591102297447e+00, 2.3469049899784444e+00
33, 21, 1.6227117173902266e+00, 1.3953863937897117e+01
33, 22, 3.9387242654214334e+00, -6.7980502025123037e+00
33, 23, 1.1589614328383775e+00, -7.0841356568982459e+00
33, 24, -5.9060999123426328e+00, -6.5321907495764995e+00
33, 25, -3.9427550363591113e-01, 2.1252009462877002e+00
33, 26, 2.0219158149752801e+00, 5.7560625455065271e+00
33, 27, 3.1271492510088512e+00, -2.2824961875106569e+00
33, 28, 3.2655154329974572e+00, -1.0309268842847892e+01
33, 29, -9.0675152913210315e+00, -6.5134806995432415e-01
33, 30, -8.6880917282266221e+00, 9.6466891322182384e+00
33, 31, 8.8942291274558904e+00, 1.1432010792519074e+00
33, 32, -2.8559107689581209e+00, 2.2159828912814078e+01
33, 33, -2.0447991924432585e+00, 3.5496559304912978e+00
34, 0, 8.1136618136754510e+00, 0.0000000000000000e+00
34, 1, -4.1175588693591454e+00, 2.8883701447697021e+00
34, 2, 5.0390050355883513e+00, -3.3285204924840612e+00
34, 3, -4.0204247806286819e+00, 9.6030531725124959e+00
34, 4, 1.8259235640013831e+00, -5.7668562343292695e+00
34, 5, 7.1435314685667066e+00, 3.5644946274378349e+00
34, 6, 5.0447521735553968e-01, -5.3845221393873466e-01
34, 7, 8.7248756956576248e+00, -1.2120881966846083e+01
34, 8, -1.1152371992889207e+00, -3.0308717852450284e-01
34, 9, -3.6559929573046430e+00, -5.6301200434102920e+00
34, 10, 6.7161683698505747e-01, 5.8171531034253237e+00
34, 11, -5.5773411319058539e+00, 1.2244314331732543e+01
34, 12, 4.1702823509584785e+00, 2.0152612919378186e+00
34, 13, 3.4964201062310849e+00, 5.1691234928964942e+00
34, 14, -1.5320950037752117e+00, -5.7616016871039228e+00
34, 15, 5.2133368164698162e+00, -4.2477714235443340e+00
34, 16, -1.2491342956910135e+01, 4.0936689939733673e-01
34, 17, 4.7706707032166920e+00, -3.8066016295043994e+00
34, 18, 1.4991267906313801e+00, 5.3343757622225656e+00
34, 19, -9.0181828642651940e-01, -1.0833261386683995e+01
34, 20, 8.0855438929759735e+00, 4.9308795928526292e+00
34, 21, -2.5690052809305115e+00, -5.8768646645734774e+00
34, 22, 4.8052647701480158e+00, -5.7023515924658863e+00
34, 23, -7.2878690239060555e+00, 2.2641909925606640e+00
34, 24, -4.9167528983693209e+00, 9.0643991978987426e-02
34, 25, 5.5620782720726636e+00, 4.3411387208328289e+00
34, 26, -4.6581537071665400e+00, 5.9906653562212879e+00
34, 27, 6.6238579144119365e+00, -6.4021414883422292e+00
34, 28, -3.8092990243418376e+00, 1.5075083614068763e-01
34, 29, -5.7913906093805796e+00, -5.0315102080514897e+00
34, 30, -1.4747539133757201e+00, 1.1472632838127002e+01
34, 31, 1.4000456859644871e+01, -4.3017068104313791e+00
34, 32, -5.3693369821253620e+00, -5.3211351993748615e+00
34, 33, 1.9814790494199471e+01, -4.4630265016925585e-01
34, 34, 2.7097007587499816e-01, -2.0911154928207831e+00
35, 0, -1.5117410745521798e+00, 0.0000000000000000e+00
35, 1, -3.5207431780601590e+00, -6.8468806064753611e+00
35, 2, 1.1390201919406169e+00, 3.4476436092649205e+00
35, 3, -2.7650058814480620e+00, 3.8348786999249671e+00
35, 4, 9.0352013249587753e+00, -4.1928701681535712e+00
35, 5, -2.5473040236763800e+00, 1.0351328135073192e+01
35, 6, -7.3148179322374780e+00, -8.7651547126611113e+00
35, 7, -1.6523237946147764e+00, 4.1991505015038513e+00
35, 8, -8.3911599808566297e+00, -4.5030685413241631e+00
35, 9, 1.5499005760221813e+00, 1.9490710975520134e+00
35, 10, 2.7052858157809250e+00, 3.7371789177333263e+00
35, 11, 1.7225375087376609e+00, -1.0402256172165398e+00
35, 12, 7.2385849785793521e+00, -1.8599960177347845e+00
35, 13, 2.1255400536592455e+00, -3.1339244595206400e-01
35, 14, 3.4752764996252883e+00, -3.8230942174674731e+00
35, 15, -3.8820546696773972e+00, 8.1617543520547198e+00
35, 16, -6.0219040480776718e+00, -4.7178962709149195e+00
35, 17, 7.2632993003832009e+00, 3.0413221114476188e+00
35, 18, -6.3955076640783384e+00, 2.5615693366871115e+00
35, 19, 4.1774348641568420e+00, -3.7074021325776076e+00
35, 20, -7.4474988348103253e+00, 5.7463803699866292e+00
35, 21, -2.7229606312043884e+00, -1.1328667508892309e+01
35, 22, -2.9670315479029465e+00, 5.5338621898124698e+00
35, 23, -4.1241176400729773e-01, -4.0463848641247360e+00
35, 24, 6.9950237429356052e+00, 5.0958918238481421e-02
35, 25, 2.3062244660234370e+00, 2.1628980344555924e+00
35, 26, -5.2594562878162177e-01, -2.6795365306659247e+00
35, 27, 3.8352642734748725e+00, 1.5438003753101901e+00
35, 28, -6.8499020371196755e+00, -4.9243658093034492e-02
35, 29, 5.4539943122327994e+00, 2.2590190094859333e+00
35, 30, -5.2415453980387223e+00, 5.2094506486929903e+00
35, 31, 3.4138759429681582e+00, -1.0697698401648061e+00
35, 32, -9.7761440031632034e+00, -1.1216135271931382e+01
35, 33, 3.2925230833138075e+00, 1.0135221920438305e+01
35, 34, -6.7812962371374272e+00, -1.5124209364990822e+01
35, 35, -5.3606363508002755e+00, -1.7813703131518324e+00
36, 0, -8.2392560250969442e+00, 0.0000000000000000e+00
36, 1, 3.7695938099761790e+00, 1.0062374701590997e+00
36, 2, -5.4500257903502876e+00, 5.5893532723634500e+00
36, 3, 4.6632317988761196e+00, -2.4646729383779293e+00
36, 4, 7.7192342772678000e+00, 1.0497909802009180e+00
36, 5, -4.0542828627495382e+00, -5.6195511440155244e-01
36, 6, 5.3774937740741446e+00, -4.5183362722244191e-01
36, 7, -3.0570559032820328e+00, 5.4704168612503938e+00
36, 8, -3.0670520723889747e+00, 1.5997716148817553e+00
36, 9, 3.7972418647968800e+00, 2.3723068070028415e+00
36, 10, -2.7696445653927677e+00, -2.5399912874353059e+00
36, 11, 3.2237379190962971e+00, -1.8749823484466037e+00
36, 12, 2.9880226309123241e+00, 3.7301366476597780e-01
36, 13, -7.5978414933921563e+00, -7.9704453040702301e+00
36, 14, 4.8053232955630447e+00, 2.5862188381330311e+00
36, 15, -1.2381989528711852e+01, 4.3613120280435274e+00
36, 16, 7.1050112708507100e+00, 4.7196317348505140e-01
36, 17, -1.8765054165901529e-01, 5.2524587969529799e+00
36, 18, 1.6808073577620521e+00, -6.9779813917900704e+00
36, 19, 3.9566630800620897e+00, 4.1297694804063871e+00
36, 20, -8.6587647445329807e+00, -4.5222319901951797e+00
36, 21, -4.0751856360195138e+00, 1.9508803327401611e+00
36, 22, -2.7056671622376438e+00, 4.6874956831572261e+00
36, 23, -1.5931781303458906e-01, -4.7311381843749896e+00
36, 24, 5.3720046792796463e+00, 3.0478758323657784e+00
36, 25, -1.5860507087267044e+00, -4.5006657105344994e+00
36, 26, 6.3245184092669260e-01, -2.0250581757713095e+00
36, 27, -2.5000940435326964e+00, 2.4663193110633315e+00
36, 28, 5.9397832173023868e-01, -8.8669020075346623e+00
36, 29, 6.0993877434327679e+00, 9.4188014102594053e+00
36, 30, 3.4295593567620863e+00, -8.5315599123196293e+00
36, 31, 4.8180988771388522e+00, 7.5485345689261436e+00
36, 32, -8.5080834195905659e+00, -1.8659605453670516e+00
36, 33, -2.9921905363724530e+00, 1.2717233605029303e+01
36, 34, 3.5222035435314507e+00, -6.6315859611062145e+00
36, 35, -7.9364407638837413e+00, 7.9676181708724236e+00
36, 36, 3.1001946209088707e+00, 9.7565966904622083e+00
37, 0, 2.9980977722550288e+00, 0.0000000000000000e+00
37, 1, 4.4973659573920068e+00, 8.1677234601219020e+00
37, 2, -3.2923742952282540e+00, 1.3737301080061579e+00
37, 3, 5.8694931887755057e+00, -2.2319861779769554e+00
37, 4, -3.7130978792485840e+00, -8.6315166672629995e-01
37, 5, -3.6117269103511118e+00, -5.0243161995709889e+00
37, 6, 6.9020156980683094e+00, 4.4067884540536024e+00
37, 7, -2.1645245293660040e+00, 7.2514038921188917e-01
37, 8, 9.7669809264129253e+00, 3.4173333657353488e+00
37, 9, 3.7696510390664986e+00, 2.0550655060795884e+00
37, 10, -2.0463763166117055e-01, -1.3330615134018700e+00
37, 11, -3.9028987696455579e+00, 2.2833960768563699e+00
37, 12, -2.6029289923023256e+00, 4.8186046163615943e+00
37, 13, -2.2774721182489346e+00, -2.9171174632638968e+00
37, 14, 4.4281457802472224e-01, 9.5369450009374788e+00
37, 15, -2.2678973665824778e+00, -1.3304399099855031e+00
37, 16, 6.2908295477136598e+00, 5.2832503845362522e-01
37, 17, -2.5514749570444950e+00, -4.8963683547915551e+00
37, 18, 5.4905368614944523e+00, -4.9136121771976509e+00
37, 19, -4.1959595684287292e+00, 3.1783712618810749e+00
37, 20, -2.8270902276467487e+00, -4.3172829356231945e+00
37, 21, 2.7261148723253803e-01, 4.4679008886070868e+00
37, 22, -2.2974594996960023e+00, -2.2775855959444979e+00
37, 23, 5.8630144906050505e+00, -1.1639327245286035e+00
37, 24, -1.1096781577360217e+00, -1.0669842284050324e-02
37, 25, -2.7397989182133560e+00, -2.5325376480559365e+00
37, 26, 1.1450147226436784e+00, 3.2448353501230169e+00
37, 27, -6.1682483120610740e+00, 2.5683834835646304e+00
37, 28, 7.6081558553671966e+00, 3.5501612877220001e-01
37, 29, -3.4105356054482794e+00, 4.0343531093513150e+00
37, 30, 4.5231314502026665e+00, -1.1773098033658435e+01
37, 31, -6.4310762916578659e+00, 4.7489603394208464e+00
37, 32, 6.6818044894175443e-01, -4.4187217196370518e+00
37, 33, 9.4978906618800067e+00, 8.0018399307554091e+00
37, 34, 4.8639643420720544e+00, -1.2164452602765912e+00
37, 35, -9.0943101569260012e+00, -4.3086859638609267e+00
37, 36, 1.2375850710788328e+01, 7.7442071421823817e+00
37, 37, 3.6054633167924162e+00, -3.1484062279162663e+00
38, 0, 5.7314732178471717e+00, 0.0000000000000000e+00
38, 1, -7.8003790393930128e-02, 1.2002154916081429e+00
38, 2, -2.3354587568808916e-01, -4.0241542935950871e+00
38, 3, 4.5422608120984140e+00, 4.3928847006226401e-01
38, 4, -6.6864128010280952e+00, -2.9587092025596280e+00
38, 5, 2.9854818853828324e+00, 1.7238953982442313e+00
38, 6, -3.0475625691705330e+00, 5.4742229900539456e+00
38, 7, 2.4562822732781147e+00, -5.9464240952575551e+00
38, 8, 3.8744451472198098e+00, -2.2012275877762493e+00
38, 9, 5.0808775047338739e-01, -5.2860755160850701e+00
38, 10, 1.3855749488997864e+00, 2.1860995043260470e-01
38, 11, -2.2119559279761773e+00, 3.6670120916760900e+00
38, 12, 1.9618796939417765e-01, 3.6803115556268935e+00
38, 13, 4.3520151552940867e-01, 3.9578884434489212e+00
38, 14, -2.2709186843798861e+00, 2.0783680152616042e+00
38, 15, 2.8038936676721642e+00, 3.5476014133339779e+00
38, 16, 2.3003938131427044e+00, -1.3695127398658330e-01
38, 17, -2.6798410747742731e+00, -3.1992072655332513e+00
38, 18, 8.7831214081992215e-01, 3.1128353051487001e+00
38, 19, -5.0335856942371073e+00, 1.4329176531759671e+00
38, 20, -1.6673846145647757e+00, 1.6592592045550518e+00
38, 21, 5.1544949786154104e-01, 3.2777590557966225e+00
38, 22, 4.2664154836265267e+00, -1.0137960538127613e+00
38, 23, 1.2510567265194870e+00, 4.0591174046293999e+00
38, 24, -2.5474073400300159e+00, -1.6707774378772344e+00
38, 25, 9.2792200782889001e-01, 1.8847101657458740e+00
38, 26, -6.1439206577481875e-01, 4.4971696714558993e+00
38, 27, 6.7188622903050144e-01, -4.9039488292812567e+00
38, 28, 3.6949282448953120e+00, 5.1856233719969653e+00
38, 29, -5.0302448538526976e+00, -7.8745910745999339e+00
38, 30, 5.2696938485477638e+00, 4.4039451128860145e+00
38, 31, -1.1458903883569480e+01, -2.5318212159110325e+00
38, 32, 4.8329757018874258e+00, -2.3721152335566154e-02
38, 33, -3.1332954839351848e+00, -1.1003345975697676e+00
38, 34, 1.2041107666917341e+00, -6.4625793333333519e+00
38, 35, -5.7726583985062581e+00, -2.8993661709751657e+00
38, 36, 3.2791195880309827e+00, 6.9925117106391914e+00
38, 37, -1.2856919352920451e+00, -1.2358950023236055e+01
38, 38, -5.5867215070144880e+00, -1.6513234439720779e+00
39, 0, -1.5856583052867728e+00, 0.0000000000000000e+00
39, 1, -4.7581932433586358e+00, -4.4477801792535292e+00
39, 2, 1.1161919102638479e-02, -3.0212588431085505e+00
39, 3, -5.5575815846279331e-01, 6.6391565766855987e-01
39, 4, 1.9660864439425663e-01, -1.6923439577250061e+00
39, 5, 3.5940200042414316e+00, 7.6071053974817779e+00
39, 6, -2.6022368144762433e+00, 6.0786088829048657e-01
39, 7, 3.1165503854149934e+00, -3.9454658737000914e-01
39, 8, -4.4776710167358580e+00, -9.6380201958050016e-01
39, 9, -2.9968302997740439e+00, -4.6078175266983395e-01
39, 10, -3.0419135981937915e+00, -6.1953279042375509e-01
39, 11, -2.0648096725566409e+00, 1.9503331805577939e+00
39, 12, 2.5588903268568721e+00, 1.3629484043846554e+00
39, 13, 1.0485940247733980e+00, 3.1557463764845819e+00
39, 14, 5.2622097672480683e-01, -2.2263230752835002e+00
39, 15, 2.0351899302422800e+00, -2.6190870285676415e-01
39, 16, -2.9572469910756660e+00, 6.1832711519839734e-01
39, 17, -1.4056678835783809e+00, -3.7426849295280318e-01
39, 18, -2.4472709690826626e+00, 6.3386896022406383e+00
39, 19, 2.9722396164112581e+00, -1.8188373251615835e+00
39, 20, -6.2684491633175110e-01, 3.8732450463933876e+00
39, 21, 1.8098395367119142e+00, -2.8730539366669241e+00
39, 22, 2.5718785534589625e+00, 2.0964507590637382e-01
39, 23, -2.7687937729615966e+00, -3.1590765831902246e-01
39, 24, -6.4029214507965904e-01, -1.9451041059347485e-01
39, 25, 7.8993764935480648e-01, 3.6477185174479145e+00
39, 26, 1.3428015604818966e-01, 2.7007658529698103e-01
39, 27, 3.6572091542200638e+00, -4.6239623591630590e+00
39, 28, -7.2922887456440941e+00, 2.2761250924381016e-01
39, 29, 2.7005915770487459e+00, -8.0081284393964420e+00
39, 30, -5.2319626716824876e+00, 8.3198505727286420e+00
39, 31, -1.8300250453116902e+00, -6.5485946176734249e+00
39, 32, 2.2469851391215396e+00, 9.2976394444471140e+00
39, 33, -5.4815631621131136e+00, -5.2739460696844898e+00
39, 34, 1.9098518437807115e+00, 2.8349682406855274e+00
39, 35, -4.7630671161278304e+00, -3.7159960336147009e+00
39, 36, 1.2772704534804873e+00, 2.5298069418989280e+00
39, 37, 1.9674360979644683e+00, -2.6842009376607079e+00
39, 38, -8.6170778893211182e+00, 4.5957156598258120e+00
39, 39, 5.7366930642486980e-01, 7.6032470935992986e+00
40, 0, -4.6237991938707701e+00, 0.0000000000000000e+00
40, 1, -1.9251235084598761e+00, 4.4435710444910620e-01
40, 2, 1.2196758645170480e+00, 2.2025828864646195e+00
40, 3, -1.8244424842118689e-01, 4.7708946507493943e-01
40, 4, 3.2801678169828468e+00, -1.9108937877963608e+00
40, 5, -1.5596385221030715e+00, 4.9877011303865721e+00
40, 6, 3.1376388609801422e+00, -2.7891569138380139e+00
40, 7, -1.1925649933458105e+00, 9.4028503937075292e-01
40, 8, -3.1591471851959660e+00, 3.0083311159268007e+00
40, 9, -2.3081743856738846e+00, 4.0524566228723140e+00
40, 10, -4.1652471792650025e-02, 4.6097487579950043e+00
40, 11, -2.8084083683864329e+00, 2.2607704855388406e+00
40, 12, 3.3603729802175764e-01, -2.3615791194930408e-01
40, 13, 1.8883794863862946e-01, -6.2931355423484880e-01
40, 14, 2.5275520493349873e-01, -1.2755578778809451e+00
40, 15, 3.4034297291744644e+00, 1.4573103034385866e+00
40, 16, -4.5300238685029992e+00, 8.9471437690888445e-02
40, 17, 2.2309096131148412e+00, 1.5188799584230630e+00
40, 18, -1.2742809102581965e+00, -1.5121124062856939e+00
40, 19, 4.0487889196383460e+00, 7.2579793361465861e-02
40, 20, -2.0720546511279969e+00, 1.9952284451742458e-01
40, 21, -6.3048736982183640e-01, -3.1905282183237529e+00
40, 22, -1.0160218866925814e+00, 6.9861121683414706e-01
40, 23, -2.6203093016788719e+00, -2.7301817760589819e+00
40, 24, -1.3542334475418369e+00, 3.8053662642785646e-01
40, 25, 2.2687766951313830e+00, 2.2007600640056300e+00
40, 26, -1.5039089375704828e-01, -3.7955482776903979e+00
40, 27, -2.6645179616090653e-01, 7.1332840261712782e-01
40, 28, -5.7711912987128002e+00, -4.6720199132253004e+00
40, 29, 3.2864090842531692e+00, 5.9969048981617572e+00
40, 30, -5.8519095747343197e+00, 2.1603413144515931e+00
40, 31, 7.1147475744644302e+00, 1.2399432526009608e+00
40, 32, -3.8993641633553517e+00, 1.5117481036097136e+00
40, 33, 3.4083714243613734e+00, -4.0144810509600015e+00
40, 34, -1.1885216116345314e+00, 7.2943437721873465e+00
40, 35, 2.6634304351397189e+00, -2.4936032407574693e+00
40, 36, 3.3758823629424078e-01, 2.4306725495439214e+00
40, 37, 1.6365315987643432e+00, -3.7699479124324800e+00
40, 38, -3.5303101911350940e+00, 1.0809573339486476e+00
40, 39, 4.7236655792881681e+00, 8.6561408037587761e-01
40, 40, 9.0820172049195058e+00, -8.9577949819897085e-01
41, 0, -2.4726539351050003e+00, 0.0000000000000000e+00
41, 1, 8.6446656641218322e-01, 2.2920658442863870e+00
41, 2, -2.6657380171822527e+00, 3.2771540352166006e+00
41, 3, 2.8566521895516317e+00, -2.0751772775154036e+00
41, 4, -1.5405840019564401e+00, -3.3444128688131403e-02
41, 5, -3.8957545195019376e+00, -2.1945006161040581e+00
41, 6, 1.9503304829767751e+00, -1.0630367337522268e+00
41, 7, -2.5966741520719290e+00, -3.2720842129767354e+00
41, 8, -9.7663798038062088e-01, 2.1101251861109982e+00
41, 9, 2.2243003152703631e+00, 4.6771779390191981e-01
41, 10, 2.1170556094265902e+00, 2.2449984916355179e+00
41, 11, 8.7701650427887534e-01, 3.3366425627054608e-02
41, 12, 2.4229379358239305e+00, -5.3942969188824108e-01
41, 13, -1.3319475019212761e+00, 3.3925821374925336e-01
41, 14, 2.5825389051534846e+00, -2.1575597121422154e+00
41, 15, -3.3255992555356144e+00, 1.2704334592032251e+00
41, 16, 1.9424676441170934e+00, 1.4096544481351481e-01
41, 17, -4.8570434244982946e-01, 2.4931942307944013e+00
41, 18, 3.4521186053399964e+00, -3.0672403454895827e+00
41, 19, -2.1107367215525047e-01, -1.3113873385809310e-01
41, 20, -7.8614419228656618e-01, -2.2550868377812696e+00
41, 21, -2.8309912303158913e+00, 2.3530167451857975e-01
41, 22, -2.0438524295584202e+00, 9.2139199372235958e-01
41, 23, 1.1556658123130024e+00, 1.5091033932597595e+00
41, 24, 6.6838358102874484e-01, 2.8517475616715351e+00
41, 25, -2.7366699684151119e-01, 1.8848926188579438e+00
41, 26, 1.2407525495215406e+00, -2.7031077548575237e+00
41, 27, -3.9576059193889259e+00, 1.8891649564858279e+00
41, 28, 3.5840790183808324e+00, -2.2551176309827028e+00
41, 29, 1.0350839370597806e+00, 3.3157024166337874e+00
41, 30, 9.5741893176007076e-01, -2.9138846587327722e+00
41, 31, 2.0788871379151850e+00, 3.8115947035808060e+00
41, 32, -3.6010172193368191e+00, -5.6079037769402147e+00
41, 33, 4.6855615883556627e+00, 2.0313494959423464e+00
41, 34, -4.5634630829826897e+00, 1.9080412175172730e+00
41, 35, 5.8566162625059093e+00, -8.7576200791781900e-01
41, 36, -1.3226610211412848e+00, 1.3900300174714211e+00
41, 37, -2.0963180221542546e+00, -3.6760775907546512e+00
41, 38, -1.4455823319499022e+00, 2.8856541423434470e+00
41, 39, 1.5141731415739330e+00, 1.3217071941128353e+00
41, 40, -1.8390933981548028e+00, -5.2278374998383379e+00
41, 41, -2.4846572816149965e+00, -5.3448842139747130e+00
42, 0, 3.8174307809411934e-01, 0.0000000000000000e+00
42, 1, 1.1326180015177700e-01, 3.9906795477517532e-01
42, 2, -1.2874293960597841e-01, -2.4385442469112810e+00
42, 3, 3.4758574607033599e+00, -6.6223898838110007e-01
42, 4, -4.2673857822967136e+00, -1.5504572767209825e+00
42, 5, -1.5198183336202091e+00, 1.6819901682596821e+00
42, 6, -6.2630957846671809e-01, 3.2682407527093216e-01
42, 7, -2.0706649630583858e+00, 4.4624583292886111e-01
42, 8, -8.4934314777517217e-01, 8.3153803467906284e-01
42, 9, 7.0532396600811520e-01, -9.1288514211984140e-01
42, 10, 4.1719689507042429e-01, -7.4588596664195794e-01
42, 11, 3.0356022496723778e+00, -2.4415030190138416e+00
42, 12, 7.6734261193450892e-01, -4.6468218302190306e-01
42, 13, 3.5528042903098633e-02, 2.8992752516602077e-01
42, 14, 1.9578142393332210e+00, 2.4131926948185862e+00
42, 15, -3.3499747557779447e+00, -5.8317902063199900e-01
42, 16, 4.4568991379848253e+00, 1.0461622683411910e-01
42, 17, -6.5161629456781689e-01, -9.5989623078990072e-01
42, 18, 2.4982070799032421e+00, -1.4118319196626241e+00
42, 19, -2.1674597208449287e+00, 1.3640574240744283e+00
42, 20, -7.7113482260001065e-01, -4.4170779189409182e-01
42, 21, -1.8118675321064832e+00, 1.9646849317907520e+00
42, 22, 1.0030325971712954e+00, 2.2324334058604367e+00
42, 23, 2.2208844911856582e+00, 7.5002459916560638e-01
42, 24, 1.6296915702051338e+00, 1.0492486513771326e+00
42, 25, -4.4825269712834409e-01, -1.8062719946623120e+00
42, 26, -7.1761660297124619e-01, 2.5971418446432528e+00
42, 27, -1.1691476015292008e+00, 7.6505126963601866e-01
42, 28, 4.0223356200017699e+00, 1.5777487074241889e+00
42, 29, 9.3968623819870589e-04, 4.2145021576116648e-01
42, 30, 3.2906464937198514e+00, -2.3730243405373703e+00
42, 31, -2.8599984060161772e+00, -9.9329705847976479e-01
42, 32, 1.6950892979430948e-01, -3.5570330288940974e+00
42, 33, -3.9228730603396094e+00, 5.2010465810667803e+00
42, 34, 1.9464288549485381e-01, -9.2711495558778334e-01
42, 35, 4.0623749413446264e+00, 1.2895810241058905e+00
42, 36, -1.8275165475199113e+00, -2.3364761564609968e+00
42, 37, -3.7001326657748290e-01, 1.8659276906923150e-02
42, 38, -6.8476940627118577e-01, 3.6502119269319828e+00
42, 39, 1.0463588360975429e-01, 2.0497100644222538e-01
42, 40, 1.9392298713179599e+00, -4.1936315245240898e+00
42, 41, -3.0736142649384197e+00, 4.4601630823961669e+00
42, 42, -2.4470758906512429e+00, 2.8361009113258726e+00
43, 0, -1.2366741957199341e+00, 0.0000000000000000e+00
43, 1, -2.8463440608038932e+00, 1.3547160636342552e+00
43, 2, 6.1253839077952710e-01, -4.3387314731475382e+00
43, 3, 1.7898611060829495e+00, -5.8816818650182934e-01
43, 4, -1.9652891011816656e+00, -1.9079413932255542e+00
43, 5, 1.5836274089126710e+00, 2.4424951348788326e+00
43, 6, 5.8491202285503330e-01, 1.7357566908784845e+00
43, 7, 4.4377165119874562e-01, 1.7743543671083262e+00
43, 8, -7.6695754396779919e-02, 1.1611474651124913e+00
43, 9, -2.0512753067781415e+00, -1.6166928614029361e+00
43, 10, -1.4280478949617148e+00, -4.5068614173056559e-01
43, 11, -2.4988596650678618e-01, -3.2313316594879182e-02
43, 12, -1.8532553955300473e+00, -6.6277149364137999e-01
43, 13, 1.2796706891372058e+00, -6.3729556892560588e-02
43, 14, -4.8662249313167638e-01, 8.7669013486265768e-01
43, 15, -1.5297704605160251e-01, -1.9099796847658850e+00
43, 16, 1.9072567911119589e+00, 3.0646406317080599e+00
43, 17, -3.3758590295846191e-01, -2.6673983292261441e+00
43, 18, -2.4709703900353175e-01, 4.8498548357932886e-01
43, 19, -6.5754356578882595e-02, 2.4547608793433131e+00
43, 20, -1.3688027558707055e-02, 1.5387037983136271e+00
43, 21, 7.2474946700274900e-01, 2.6230623897117908e+00
43, 22, 1.6659270957898773e+00, -9.4599338206542383e-01
43, 23, 3.1313391708533000e+00, -6.2091542529205057e-01
43, 24, 6.0121948256367852e-01, 2.5308604827372844e-01
43, 25, -1.1023695487534324e+00, -2.1192480780634151e+00
43, 26, -9.1421696860098522e-01, 2.7901608433044203e+00
43, 27, 1.4932949948294088e+00, -3.0991732473455245e+00
43, 28, 2.6654332875910782e+00, 1.4505952460534337e+00
43, 29, 1.1725328581335911e-01, -4.1510761165484347e+00
43, 30, -1.6355345623731070e+00, 1.1421467926423163e+00
43, 31, -3.7900617463478961e+00, -5.6851943693648055e-01
43, 32, 7.1326620905384508e-01, 2.1552316570971448e+00
43, 33, -3.0434229616479742e+00, 1.7175940111173940e+00
43, 34, 5.4453905787859753e+00, 4.9615447659069406e-01
43, 35, -3.0960460259060225e+00, -9.4096845025976528e-01
43, 36, -2.0672216399723489e-01, -3.0894838286492607e+00
43, 37, -1.2803181836249997e+00, 1.6969498714397333e+00
43, 38, 2.0392505566904631e+00, -2.0403086606133547e-01
43, 39, 2.5189923625615758e+00, -1.0095276016848309e+00
43, 40, -1.8677734413174174e-01, -2.1512689908477527e+00
43, 41, -2.2406487773776700e+00, 4.3995281195089975e-01
43, 42, 3.3924488206157006e+00, 1.8358619305936985e+00
43, 43, 3.3362825657932329e+00, 8.0660423071294018e-01
44, 0, -2.0539692631681961e+00, 0.0000000000000000e+00
44, 1, -2.5803766964417134e+00, 8.9596790051753639e-02
44, 2, 1.1591359469380238e+00, 1.0812349195218537e-01
44, 3, -2.2831914496056207e+00, 7.9040662722275379e-01
44, 4, -1.3988985199597010e+00, -7.4041678416392009e-01
44, 5, -1.0205633941758261e+00, 1.5819217433888724e+00
44, 6, 2.4878671138981026e+00, -1.7260567893635421e+00
44, 7, 2.4329275637276488e+00, -6.7958604934330502e-01
44, 8, 6.8125729926870460e-01, -1.5450864922735490e+00
44, 9, 1.6868657806799062e-01, -6.0179250428648046e-01
44, 10, -2.2850690857927713e-01, 1.1106093964310397e+00
44, 11, -1.5038548875446365e+00, 3.7395091158613778e+00
44, 12, -1.7804039096110924e-01, -4.6458950406026245e-01
44, 13, 1.1662656622652918e+00, 1.5695021797985567e+00
44, 14, -1.0407263782736240e+00, -1.8955869942130348e+00
44, 15, 1.5454734283430120e+00, -1.1039627618309553e+00
44, 16, -2.5093236522143818e+00, 1.0178646087471627e-02
44, 17, -6.7357822764839337e-01, -1.3771900925407612e-01
44, 18, -1.7300892403099080e+00, 7.1883339083124065e-01
44, 19, -3.4823390915776697e-01, 8.2922674759845577e-02
44, 20, 1.8444314069263754e+00, 1.7028272056596814e+00
44, 21, 8.7230001131905566e-01, -1.2841308137090555e+00
44, 22, -1.1390526005943463e-01, -6.2725285825562571e-01
44, 23, 1.5034653917184235e-01, -1.3267657604969513e-01
44, 24, -2.1851138555235368e+00, -1.1239043213927411e+00
44, 25, 6.2782450728573291e-01, 1.1113973982458532e+00
44, 26, -3.2151488704700537e-01, 1.6156152243788127e+00
44, 27, 2.0411971482314764e+00, -9.1327801027527222e-01
44, 28, 3.1948670637410448e-01, -1.9433167983991673e-01
44, 29, 4.0403586464917046e-01, -2.1524420934735118e+00
44, 30, -3.0908096363845523e+00, 1.3593613412428691e+00
44, 31, -3.7609373095920484e-01, 1.1438864108538130e-01
44, 32, 3.1973046220152135e-01, 2.8458369462531277e+00
44, 33, 2.7612356612091582e+00, -1.1521797894841230e+00
44, 34, 1.6366392327936845e+00, 1.1692142366549605e+00
44, 35, -2.1782614908865616e+00, -2.8157205374690699e+00
44, 36, -1.1423818054026563e-01, 1.2430946197494253e+00
44, 37, -2.4315449786409160e+00, 6.3653607242005661e-01
44, 38, 3.0052206911973793e+00, -9.6628591580719758e-01
44, 39, -1.3205364799464243e+00, -1.1135099592478510e+00
44, 40, -2.6803306307462944e+00, -6.5961090537411438e-01
44, 41, 5.9409249804274344e-01, 1.6522471112242185e+00
44, 42, -1.3964235730329688e+00, 4.3734359675300705e-01
44, 43, 3.9834179162372324e-01, -2.4460562607400922e+00
44, 44, -1.8167314493699627e-01, -5.8016841131071626e+00
45, 0, -3.8422745911346007e-01, 0.0000000000000000e+00
45, 1, -5.7967825561486275e-03, -1.6479337286646196e+00
45, 2, 1.7496682631461316e+00, 1.4650755834790989e+00
45, 3, 5.8284605455509220e-01, -3.3909573073995658e-01
45, 4, -3.8692183458585128e-01, 1.7231239308543264e-01
45, 5, -1.2891121779770638e+00, -2.1426353846223900e-01
45, 6, -2.9950031815069200e-01, -1.0743540535624909e+00
45, 7, -7.7727745229958967e-01, -2.2104042541411566e+00
45, 8, 2.3172663163584437e-01, -6.6445709067821301e-01
45, 9, 7.5952242547328197e-01, -1.5832671419420596e+00
45, 10, 1.7115585392700214e+00, 2.5425483001882405e+00
45, 11, 7.7795824894659993e-01, 1.0197497575845353e+00
45, 12, 2.9051707218709657e+00, -2.7995465971959427e-01
45, 13, 1.7162499864996825e+00, 2.3334569985201359e-01
45, 14, 1.3019925171744381e-01, -1.9361628762675320e+00
45, 15, 4.9702888307320531e-01, 3.0833427699628864e+00
45, 16, -1.6828567431374810e+00, -1.2556329636627808e+00
45, 17, -8.2770011020246725e-02, 1.6645911191717204e+00
45, 18, -2.0553403772057197e+00, -1.7448527327011965e-03
45, 19, -7.0688623013205887e-02, 5.3789295079089930e-02
45, 20, -1.9958124455252239e-03, 6.0611154591633576e-01
45, 21, -2.6487421855620497e-01, -1.9003633217090974e+00
45, 22, -1.7593824781307152e+00, 8.1218997958565231e-01
45, 23, -1.1463391631866902e+00, 5.7366949405718060e-01
45, 24, 2.5816670353116000e-01, 7.1455536384558149e-02
45, 25, -1.3259879316443350e+00, 1.3703821651187198e+00
45, 26, 1.8139814451298797e-01, -1.7954684133917265e-01
45, 27, 1.0966755291784636e+00, -2.1979797756211950e-01
45, 28, -1.7837087522663322e+00, -1.5619463231647888e+00
45, 29, 4.5876811425561836e-01, 9.1153141937261406e-01
45, 30, -1.1381720220084475e+00, 1.0525241272715338e+00
45, 31, 2.2141771590696608e+00, 1.0987861145738771e+00
45, 32, 1.0042703005957303e+00, -1.0147811027075155e+00
45, 33, 2.8771258314100692e+00, -1.4335231505104837e+00
45, 34, -1.2029930973717606e+00, -6.7599187584910481e-01
45, 35, 4.7999498658978046e-01, -2.4341493719253660e-01
45, 36, -9.1302419678878988e-01, 2.4565820766437185e+00
45, 37, 3.1600688192558670e+00, -8.0051383361780160e-01
45, 38, 4.4105787661273038e-01, 1.0469277057309956e+00
45, 39, -2.3037814462032782e+00, 3.6128671726546463e-02
45, 40, -2.2272610168382190e-01, 1.0326542018629965e+00
45, 41, 1.4930648286332155e+00, 3.1986939929503260e+00
45, 42, 1.3220995193734151e+00, -1.7705373329437573e+00
45, 43, 1.4051853608130158e-01, 2.2113556848240501e+00
45, 44, -7.7845012588656515e-01, -7.0241101007952028e-02
45, 45, -3.7839624602299944e+00, 2.8363025794292684e+00
