0, 0, 0.0000000000000000e+00, 0.0000000000000000e+00
1, 0, 9.0298150377405377e+05, 0.0000000000000000e+00
1, 1, 5.2632987953766991e+04, 4.0861714514477435e+05
2, 0, 0.0000000000000000e+00, 0.0000000000000000e+00
2, 1, -1.3975487824644259e+05, -7.5465607931341088e+04
2, 2, -3.6692692381512448e+06, 2.0299730542798084e+06
3, 0, -1.1166392597662234e+06, 0.0000000000000000e+00
3, 1, 5.0926714060103393e+05, 2.3680301572267688e+06
3, 2, -1.1681750362439661e+06, 4.5807638897366909e+05
3, 3, 2.7696560412110919e+06, 1.6499211110318433e+06
4, 0, 4.4800002388135274e+05, 0.0000000000000000e+00
4, 1, 6.3371856194488204e+05, 4.9337116246075853e+05
4, 2, -4.8318682099000528e+05, -9.8953872912618984e+05
4, 3, 1.1133196016559231e+06, -5.5128307520925839e+04
4, 4, 1.3208687559930410e+05, -1.4647421295529779e+06
5, 0, 9.7646296725784545e+04, 0.0000000000000000e+00
5, 1, -2.5915045053865862e+04, -1.1542857007490820e+04
5, 2, -4.4007575177735230e+05, -2.5497289551623681e+05
5, 3, 3.6789873727540311e+05, -3.1356956333435088e+05
5, 4, -7.1827429279878561e+05, -6.8041471860300284e+04
5, 5, -5.7914416081671789e+05, 5.4438304533913638e+05
6, 0, 5.3413556441179477e+04, 0.0000000000000000e+00
6, 1, 4.3896904712418973e+05, -1.8464537516503825e+05
6, 2, 3.9340976993143826e+05, 1.7975569982725178e+05
6, 3, 3.8268044612742495e+05, 1.5840706273729581e+05
6, 4, 1.0274449003548069e+05, 3.5045809910943930e+05
6, 5, 8.3495166004870262e+04, 3.4670028425086255e+05
6, 6, 2.9604747794702306e+05, 9.1022185202356923e+04
7, 0, -4.8004024678287678e+04, 0.0000000000000000e+00
7, 1, 3.8830159493066132e+05, -3.1299316144265817e+05
7, 2, 3.4928939591204195e+05, 7.2054344467397314e+04
7, 3, 9.9474379866133706e+04, -3.0983870007136095e+04
7, 4, 6.4046613445642160e+05, 1.2370597130401091e+05
7, 5, -5.8197417731497786e+04, -3.6934870111081173e+05
7, 6, -2.6918280185095529e+05, -4.4823626356332062e+05
7, 7, 5.4685337966467050e+03, -2.4545068153464296e+05
8, 0, 1.7276987325723955e+05, 0.0000000000000000e+00
8, 1, 7.7006568618203164e+02, 3.5112371173826337e+04
8, 2, 4.8522457376343594e+05, 1.2067801662351914e+05
8, 3, -3.8028092362224410e+05, -4.1477681809144479e+05
8, 4, 3.7332420424380747e+05, -1.4098798903770250e+05
8, 5, -8.3307613059424364e+05, -6.0072856790013483e+05
8, 6, -7.4455031134535326e+04, -3.7377292331715388e+05
8, 7, -1.8676593933068280e+05, 3.2006839229568420e+05
8, 8, 4.7192596763714726e+04, -7.9898681422012742e+04
9, 0, -7.8311259444760653e+04, 0.0000000000000000e+00
9, 1, -3.7290185375485715e+04, 1.8324292011929848e+05
9, 2, 4.6586522069245926e+05, 3.1190527006568504e+04
9, 3, -2.4463334053208196e+05, -1.8164729550995870e+05
9, 4, 1.4012627948771598e+05, 4.7967109896646941e+05
9, 5, -5.5870054203203018e+05, -5.4295579856520961e+05
9, 6, 1.6546560317181924e+05, -6.2775343358107231e+04
9, 7, -2.4570200209333294e+05, 5.3833697923170077e+05
9, 8, 5.4376666172419745e+05, -1.4555284129030482e+05
9, 9, -2.6724024321569316e+05, -7.9432632063221245e+04
10, 0, 1.4070888423298512e+05, 0.0000000000000000e+00
10, 1, 1.8965251805285079e+05, 1.0021185890977753e+05
10, 2, 1.0877175205218219e+05, -3.8581461575664172e+05
10, 3, -3.3211292326504621e+05, 9.1491598973380373e+04
10, 4, -4.2898990686596523e+05, 1.5045224430575292e+05
10, 5, 2.3627054771151277e+05, -3.5023387198286864e+05
10, 6, 1.6958746376448681e+05, 5.3205152572460182e+05
10, 7, 1.5758733206997084e+05, -1.0459673356036033e+05
10, 8, 1.8783330968118619e+05, 2.6733755971332418e+05
10, 9, -4.0209632981877204e+05, -3.3809167178324435e+05
10, 10, -1.1921220261133921e+05, 1.8410184743567364e+05
11, 0, -1.1279034013896431e+05, 0.0000000000000000e+00
11, 1, -1.4031383238970392e+05, -4.7745375793438339e+04
11, 2, -8.3738884608394568e+04, -4.9944794984418352e+05
11, 3, -5.0293093965440057e+05, 3.9569014254125871e+05
11, 4, -6.7381067436888628e+05, -3.2428341710646887e+05
11, 5, 4.3667010362757317e+05, 3.9799269648778444e+05
11, 6, -2.1947156127318332e+05, -9.5065231495109358e+04
11, 7, 3.1441905242060276e+05, -2.6369200025521585e+05
11, 8, -5.3593310827824590e+05, 2.0406531521452300e+05
11, 9, -1.1745380654903701e+05, -1.5559310676885804e+05
11, 10, -2.5099399866947788e+04, 7.7372518247073772e+05
11, 11, -5.6304657955216753e+04, -1.5218055913983821e+05
12, 0, -8.5010422785712872e+03, 0.0000000000000000e+00
12, 1, -5.4933319089039881e+05, 3.8439505721726709e+04
12, 2, -9.7999663388800793e+04, 2.0272125690490825e+05
12, 3, -6.3629251102419617e+05, 1.0910014103660494e+05
12, 4, -1.3312346122194204e+05, 1.0400174592784251e+05
12, 5, 1.7725483226912771e+05, 4.6910763123577333e+05
12, 6, -1.3266641152321699e+05, -6.3326905769218120e+05
12, 7, 6.3941514023719385e+04, -1.6111928810155799e+05
12, 8, -5.3253213824399060e+05, -5.7850712934913987e+04
12, 9, 1.6198184745392425e+05, 1.0717930999497368e+05
12, 10, 3.9626109962341900e+04, 5.0249361187289364e+05
12, 11, 3.4594996003443107e+05, -8.1432538527390920e+05
12, 12, -4.6676554572007466e+04, -3.8705282728700025e+04
13, 0, -1.5820962203785003e+05, 0.0000000000000000e+00
13, 1, -3.5883824349066179e+05, -1.1955609388833304e+05
13, 2, 2.1232314043753169e+05, 4.7803715720214718e+05
13, 3, -4.5157927916357527e+04, -4.0553121281025786e+04
13, 4, -3.1127804644081451e+04, 2.7349477929903206e+05
13, 5, 4.5404993786619591e+04, -2.3264512627096396e+05
13, 6, 2.3424246369600433e+05, -5.8735244669082051e+05
13, 7, -3.6767333179898420e+05, 1.7920174083392756e+05
13, 8, -9.3678497467171022e+04, -2.2905661499152589e+04
13, 9, 3.6471510546527157e+05, 2.7926464765599166e+05
13, 10, 6.6740095000207948e+03, -2.4839988338423864e+05
13, 11, 3.4563193003614066e+05, -4.4378127636369364e+05
13, 12, -5.5011007399445702e+05, -2.0664433293618710e+05
13, 13, 3.3502615279076132e+05, 4.3628571722301422e+05
14, 0, -2.6737203742163372e+04, 0.0000000000000000e+00
14, 1, 3.4789920763891691e+05, 8.1434707308441910e+04
14, 2, 1.8649767558747012e+05, -2.1380777919099043e+05
14, 3, 1.6318100838823669e+05, -1.0164961243784821e+05
14, 4, 1.9696324382320713e+05, -5.6300850603801187e+05
14, 5, -2.2754200359736820e+05, -4.9919593635370291e+05
14, 6, 5.7660543467228345e+03, -1.0286564692302387e+05
14, 7, -1.4371056534511372e+05, 1.3576454515076868e+05
14, 8, 4.9391464682038251e+05, 2.5002627792643209e+05
14, 9, 1.1759650745891719e+04, 4.6849044123859226e+05
14, 10, -5.2078312985677388e+04, -7.8950661362646963e+05
14, 11, -3.2945741418669908e+05, 1.7156627295615547e+05
14, 12, -1.5996992362248746e+05, -7.9136788862011774e+04
14, 13, 3.6348426619060797e+05, 9.9500222920898057e+05
14, 14, -2.2605340227783028e+04, -3.3766029969446373e+05
15, 0, 2.1509039210416170e+05, 0.0000000000000000e+00
15, 1, 8.9354954046795829e+04, 2.3699335613510577e+05
15, 2, -2.7711754593813972e+05, -3.8122467376931501e+05
15, 3, -2.7079541917319084e+05, -1.4464843468450845e+05
15, 4, -3.8622051026632969e+05, -5.4432669781207223e+05
15, 5, -4.5985136501862912e+05, -3.2468388494188187e+05
15, 6, -2.3199432777515285e+04, 3.4481089564416319e+05
15, 7, 5.2172034433802299e+05, 2.3740987745051790e+05
15, 8, 5.6288607158640528e+05, 3.3351128631962702e+05
15, 9, 6.6765632554800104e+04, -1.7442828131083719e+05
15, 10, -1.5756350229752742e+05, -1.0161991812933076e+05
15, 11, -4.2078817662002146e+05, 3.1460459591666091e+05
15, 12, 3.1166771869021602e+05, 3.9698203025142616e+05
15, 13, 4.9772989326632320e+04, 4.2539166479317792e+05
15, 14, 9.5929520936464512e+04, -6.7315768144740723e+05
15, 15, -3.2477202942684409e+05, 2.3403900066498019e+04
16, 0, 2.2130785460309143e+05, 0.0000000000000000e+00
16, 1, -1.2082357703569453e+05, -3.0564846181079152e+05
16, 2, -4.6159631553415529e+05, -1.7191532991405591e+05
16, 3, -2.5548354793743839e+05, 2.6789874384491111e+05
16, 4, -5.6684012479464407e+05, -5.7659593293081300e+04
16, 5, -2.2258065687409232e+05, 3.4363206356816192e+05
16, 6, 9.2304769337841688e+04, 1.2543265778730810e+05
16, 7, 2.8677543024128361e+05, 1.3397563389598689e+05
16, 8, 1.7143770320723436e+05, 3.0294762462273537e+05
16, 9, -2.9548867874075461e+05, -5.5831910995925288e+05
16, 10, -3.6878289735334675e+05, 1.5641683321070723e+05
16, 11, 1.4673112669318398e+04, -3.9130968329756637e+04
16, 12, 3.8666086887094809e+05, 3.5432004450399394e+05
16, 13, -6.1677131822258052e+04, -3.7818997739379556e+05
16, 14, -1.2737602425002260e+04, -5.2307985508049547e+05
16, 15, -6.3699432669914386e+05, 1.7529942379674956e+05
16, 16, 1.1047005456585418e+05, 1.8030026091741674e+04
17, 0, -8.7021696834865143e+04, 0.0000000000000000e+00
17, 1, -3.1768176669729064e+05, -3.9775106097547058e+05
17, 2, -1.7686325007913736e+05, -3.8324525082138280e+04
17, 3, -1.7301571389746913e+05, 6.3516012098878156e+04
17, 4, 2.6910412177769031e+05, 1.3570592234397533e+04
17, 5, 4.1131717366923922e+05, 1.1310002023179177e+05
17, 6, 3.5378777180943562e+05, -1.2491890285178108e+05
17, 7, 1.8283444295724347e+05, -2.3328290897485567e+05
17, 8, -2.0945891964681583e+05, -1.1622139558828590e+05
17, 9, -5.0825545867610068e+04, -3.1961790503673750e+05
17, 10, -2.9979376574724377e+05, 1.3435480161138906e+05
17, 11, 1.2466613580077179e+05, -1.7783482888681925e+05
17, 12, 2.4103000182133913e+05, -4.2973114397200334e+04
17, 13, -3.8297075885298406e+05, -5.7055568331027799e+05
17, 14, -1.6334705672551109e+05, -2.6959850989784877e+05
17, 15, -1.9199774462637870e+05, 2.8899988751634263e+05
17, 16, 7.1603136733412766e+05, 3.5277127067083970e+05
17, 17, 1.1841117788686445e+05, 1.9279461332596478e+05
18, 0, -1.9705563916814057e+05, 0.0000000000000000e+00
18, 1, -1.1359262632804517e+05, -4.6584602147186961e+05
18, 2, -8.0353341240761947e+03, 1.7193546590889695e+04
18, 3, -2.5604786618449536e+05, -2.5883482460196447e+05
18, 4, 6.7529042872787209e+05, 1.2890497401706602e+05
18, 5, 1.4617899836420410e+05, -4.6007986908888147e+05
18, 6, 1.7179444583434850e+05, -4.8269376053251233e+05
18, 7, -1.0540038208650445e+05, -1.1104905884537438e+05
18, 8, 8.8382426580322877e+04, -2.2513798726613162e+05
18, 9, 1.5174233283539950e+04, 3.8044243643297628e+05
18, 10, 4.8774217560717923e+05, -1.3545104843853766e+05
18, 11, 2.3794430387249775e+05, -1.4610799744387931e+05
18, 12, 7.8160902418328114e+04, -2.0833908434891590e+05
18, 13, -2.8291388558918086e+05, -1.4979719620743435e+05
18, 14, -2.9774121410259197e+05, 1.7830257670226516e+05
18, 15, 3.4652756741880503e+05, 5.3376584790668264e+05
18, 16, 3.6930411487358046e+05, 1.0456274614445481e+05
18, 17, 1.7760150590299370e+05, -6.8139405894818180e+05
18, 18, 2.6329030351551640e+05, 2.3868718992948876e+05
19, 0, -2.0550247492228606e+04, 0.0000000000000000e+00
19, 1, 5.5601656290747553e+04, 3.4051674416402506e+05
19, 2, -2.4945745033323863e+04, 3.0459341487253500e+04
19, 3, 1.8579813463735663e+04, -1.3716759674597174e+05
19, 4, 1.7550515522791559e+05, 2.0458315718753860e+05
19, 5, -1.7444797814543970e+05, -2.6264383604080620e+05
19, 6, -1.0878164139442646e+05, -1.8948055667105876e+05
19, 7, -3.1613356757646555e+05, 1.4755292815163537e+05
19, 8, 3.1860666708683025e+05, -3.5329230744958812e+04
19, 9, 1.7501150574260781e+05, 4.0131321579591994e+05
19, 10, 4.3580410193054692e+05, 1.4765522387267250e+04
19, 11, -1.1621173157881647e+04, -3.1358981760983082e+05
19, 12, 5.1552604363930717e+04, 3.9994845952230120e+04
19, 13, -1.9384815236002475e+05, 3.3893636181137241e+04
19, 14, 1.3661476203247160e+05, 3.8150785396220087e+05
19, 15, 6.4902351995308406e+05, 4.3861139478053711e+05
19, 16, 4.1384069675318300e+04, -1.3664060033055409e+05
19, 17, -1.5078171046260273e+05, -3.5869581139300240e+05
19, 18, -4.3630028220880573e+05, 4.5525780932109733e+05
19, 19, -2.4497111811994412e+05, -5.3469246862721164e+05
20, 0, 2.2188449280115982e+05, 0.0000000000000000e+00
20, 1, 3.0654328496310802e+04, 4.7091572601424571e+05
20, 2, 3.3123744572759810e+04, -1.9208818924000667e+05
20, 3, 2.0387496786344450e+05, 1.4876756185685680e+05
20, 4, -3.1034677929181908e+05, 1.0453632225256973e+05
20, 5, 1.5368608657108562e+05, -2.3404454947983031e+04
20, 6, 1.4025641369362856e+05, 2.4603982203720970e+05
20, 7, 2.3573685025108425e+03, 1.9795856916787275e+05
20, 8, 2.1152824829300959e+05, 2.4417641787757678e+05
20, 9, 1.6873841176481720e+05, 1.3005799109993818e+05
20, 10, -2.8622612249754881e+05, -3.7490279074410748e+04
20, 11, 1.0562011025342363e+04, -8.7732228786245003e+04
20, 12, -4.5120219331985468e+05, -1.3911274161955874e+05
20, 13, -1.8352501453205486e+05, 2.5995576497084321e+05
20, 14, 2.8013455152146530e+05, 2.7034764155961387e+05
20, 15, 6.2444997083135255e+04, -2.9908197892690706e+05
20, 16, 4.0121866335887265e+04, -1.0954410813233687e+05
20, 17, -4.4479081699908723e+05, -3.4218524493464828e+05
20, 18, 4.0527371529654920e+04, 5.2704373611123220e+05
20, 19, 5.9245679706968876e+04, -1.6798102313658744e+05
20, 20, -3.7872718709102517e+05, -6.3764006341639615e+03
21, 0, 3.9656040609115502e+04, 0.0000000000000000e+00
21, 1, -1.5142813384499756e+05, -2.8966603858525091e+05
21, 2, 2.0068685246765934e+04, -4.6824431664926372e+05
21, 3, -9.4797568385342573e+04, 1.6247133229997760e+05
21, 4, -3.1569162308101263e+05, -1.4176883087546899e+05
21, 5, 3.1686707486882369e+05, 9.5029436078938554e+04
21, 6, 4.8276769925560817e+04, 1.3813393525585366e+05
21, 7, 1.8595111155903712e+05, -2.8807565190187382e+05
21, 8, 7.0607041455424536e+04, 2.1950499917208185e+05
21, 9, -2.6131151196444049e+05, -2.0196536292280798e+04
21, 10, -2.6944659538936248e+05, 2.0373999500116124e+05
21, 11, -3.4462043448425992e+05, -2.8569258368151495e+05
21, 12, 1.6765094285746873e+05, 1.2248236856659835e+05
21, 13, -2.8652447405201954e+04, 1.8112111386072575e+04
21, 14, 9.9988443189002253e+04, -3.6325997763667005e+05
21, 15, -2.6960429191812110e+05, -3.8819459580012131e+05
21, 16, -2.5537799181676083e+05, -1.3803749044884808e+05
21, 17, -2.7833251997400529e+05, -2.4848264703632009e+05
21, 18, 2.1426398622923065e+05, 3.8568052715123218e+05
21, 19, 3.6355011247418151e+04, -6.7392277032681264e+05
21, 20, -2.2953322723084126e+05, -3.4349891395338107e+05
21, 21, 6.1223194697437412e+05, 4.4952057008919428e+05
22, 0, -2.8391985229898960e+05, 0.0000000000000000e+00
22, 1, -3.9086877973673976e+05, -2.0709345311025495e+05
22, 2, 1.1993836845959740e+03, 9.9096702141032423e+04
22, 3, -3.6262382679008855e+05, -4.1437909822688132e+04
22, 4, 2.4250123838835058e+05, -2.6622267640183296e+05
22, 5, 4.6330158426433693e+04, 6.0251254413004528e+04
22, 6, -1.5527365627315428e+05, -3.4660091487430263e+05
22, 7, 2.1225650717496505e+05, -6.9493877715158189e+04
22, 8, -2.6919184018547961e+05, -1.4866184482522248e+05
22, 9, -6.6143301595609533e+04, -1.5860892063106265e+05
22, 10, -2.4093074929105278e+05, 1.5568411660575378e+05
22, 11, -2.2116864906805669e+05, -2.4722187607401749e+05
22, 12, 3.0453751482115296e+05, 3.1288913305042021e+04
22, 13, -1.4195420981949125e+05, -1.3396447236873102e+05
22, 14, -6.6474583217549967e+04, -4.0377699482758471e+05
22, 15, -3.5154515545937547e+05, 1.8990745178418519e+05
22, 16, -1.9439087008596974e+05, -3.8756039305905651e+03
22, 17, 3.9867435194129404e+05, 2.6016390065827823e+05
22, 18, -1.1646130895836142e+05, -2.3006292696634475e+04
22, 19, 4.1748296956194076e+05, -3.0394752411740058e+05
22, 20, -4.5420787184241746e+05, 1.0560254525011369e+05
22, 21, 3.0085415510443848e+05, 5.8715747257330385e+05
22, 22, -3.7742719049705338e+04, -2.6137728474508339e+05
23, 0, 9.7358215329798375e+04, 0.0000000000000000e+00
23, 1, 2.0432504409527592e+05, 2.3134034430978631e+04
23, 2, 1.5238314871780324e+05, 3.8449754058705806e+05
23, 3, 1.5675667013178326e+05, -1.7241170229260100e+05
23, 4, 3.2137418800563359e+05, 4.3620282608507201e+04
23, 5, -3.3314663258676545e+05, 1.8582070605217194e+05
23, 6, 3.3800356994498428e+05, -4.9651009195830068e+05
23, 7, -2.0493928236265635e+05, 3.8704905222587602e+05
23, 8, -1.1176888256905493e+05, -2.9938197293162864e+05
23, 9, 4.0421019501485993e+04, 1.6240739858025472e+05
23, 10, -1.2068214864851836e+05, -3.5453299889328593e+05
23, 11, 2.2167102480602902e+05, -1.9387521950619970e+05
23, 12, 3.7978512719948376e+04, -1.5739417343939547e+05
23, 13, -2.3826538676613837e+05, 1.4075945323283115e+04
23, 14, -2.7547565867688041e+04, -4.3416696295925078e+05
23, 15, -2.6590237987337948e+05, 7.2840809437114140e+05
23, 16, 4.0336512477626954e+05, 5.2786772792955468e+04
23, 17, 3.0531007924057398e+05, 7.0931161418454070e+05
23, 18, -1.3627487130160976e+05, -5.0176883235217893e+05
23, 19, 4.9560628565736639e+05, 5.4971354288913273e+04
23, 20, -5.3452404681099101e+05, 1.0335680918180116e+05
23, 21, 4.3081181449812825e+05, 6.1872346488823602e+05
23, 22, 2.1831562590945122e+05, -6.7035329869359819e+04
23, 23, -5.6080965043530113e+05, 1.4677711304486156e+05
24, 0, 1.6345862613243249e+05, 0.0000000000000000e+00
24, 1, 2.3619248215748792e+05, 2.7416918834056437e+05
24, 2, -2.4247003886736176e+04, -2.2712980947620014e+05
24, 3, 4.0733972638766229e+05, -1.9297264681311173e+05
24, 4, -3.0542236917182265e+04, 1.7213722238526223e+05
24, 5, -2.4154765966139379e+05, -1.6545719033375863e+05
24, 6, 3.8639702870627213e+05, -5.1862198844679049e+04
24, 7, -4.3012135506436625e+05, 5.0186869478542823e+05
24, 8, 1.5662178487148834e+05, 2.6865703275251086e+04
24, 9, 1.0159140233496774e+05, 3.2205472395826987e+05
24, 10, -1.4582317987177111e+05, -1.9989344277481930e+05
24, 11, 9.0271285744158595e+03, 3.4064639284859865e+05
24, 12, -3.4597056608945981e+05, -3.0910333001086314e+05
24, 13, 1.9723790521137457e+05, -2.4989796899071698e+04
24, 14, 8.9701782720324445e+03, 4.0077517337326671e+05
24, 15, 2.5929494940241083e+05, -7.5238255853849114e+04
24, 16, 5.7941898024530557e+05, 3.5595207920810807e+05
24, 17, -1.4167078950220160e+05, 8.1432013263384724e+03
24, 18, 3.9046588624164107e+05, -6.6091579146337113e+05
24, 19, -4.1066122347603063e+05, 3.7814442800185410e+05
24, 20, -1.5715799240349012e+05, -9.3237158110742588e+04
24, 21, 1.7267528719389098e+04, 3.6909644942447176e+05
24, 22, -1.3288902982828923e+05, -6.8992353375799814e+05
24, 23, -5.5322628372092475e+05, -5.5229152005095741e+04
24, 24, 2.8584157084169163e+05, 9.8681542494033609e+04
25, 0, -1.3114758596477943e+05, 0.0000000000000000e+00
25, 1, -1.4392579298351155e+05, -4.3121969855405696e+04
25, 2, -2.2794421467345732e+05, -4.2119551448050578e+05
25, 3, 5.2786615229029456e+04, -1.6936817669498851e+05
25, 4, -6.9909978395099053e+05, 2.0727956505985642e+05
25, 5, 2.6187758470607156e+05, -3.0107727816327533e+05
25, 6, -1.9417242729262199e+05, 2.9944180740227690e+05
25, 7, 2.5655960437009024e+04, 3.5287477196003462e+05
25, 8, 1.7746004324953232e+05, 1.9552900760350542e+05
25, 9, 7.3405067203997052e+04, 2.1826998423999173e+05
25, 10, 1.2106323858328775e+05, -2.1738880662336492e+05
25, 11, -5.1915616439605068e+05, 4.3398037799577176e+05
25, 12, -3.2786993081590399e+05, -3.0167321221081191e+05
25, 13, 2.7045245449324684e+04, 2.8821534142048744e+05
25, 14, -8.5726017506655568e+04, 2.5696489064289141e+05
25, 15, 4.7337600860412919e+05, -7.6083483505514392e+04
25, 16, -1.2739888346064274e+05, 3.2637045649773313e+05
25, 17, -3.0895097428346006e+05, -8.0091009270807798e+05
25, 18, 2.0075796998334359e+05, 1.0018437705314666e+05
25, 19, -6.6725011825999105e+05, -4.9927222955865218e+04
25, 20, 4.9588774801784649e+05, 1.0051720284363498e+05
25, 21, -7.2883257075828535e+05, 2.6724293534352613e+05
25, 22, 2.8695736395739851e+05, -5.3783018562650087e+05
25, 23, -5.2977197251806664e+05, 4.9681772953939490e+05
25, 24, 2.3220066330880692e+05, 9.9999586002247292e+04
25, 25, 1.6512815643138048e+05, -2.9365094665298820e+05
26, 0, -3.3686125333534338e+05, 0.0000000000000000e+00
26, 1, -1.1684406497722320e+05, -4.6686879399848194e+05
26, 2, -1.7621899401957690e+05, -3.4189816362644284e+04
26, 3, -2.8375358485464414e+04, 1.1971923569911309e+05
26, 4, -3.7132730364375055e+05, 1.2156506566228400e+05
26, 5, 2.3423207365435781e+05, 1.1810542229988030e+05
26, 6, -3.8375753463778226e+05, -2.2051719295787698e+04
26, 7, 9.8271470500861455e+04, -1.8979138279463333e+05
26, 8, -2.5963925209029549e+04, 1.6633570075011134e+05
26, 9, -3.5152182791324944e+04, -5.2585415513152385e+05
26, 10, 7.8068018013330089e+04, 7.5017492442348841e+04
26, 11, -5.2126413651438418e+05, -2.1892686999344535e+05
26, 12, 2.6536336249369051e+05, -1.4563050459944669e+05
26, 13, 1.3870728190421287e+04, 1.5464456674676283e+04
26, 14, 1.1770625424055984e+05, -4.2933082409306138e+04
26, 15, 1.1102102912204518e+05, -7.6599887145460772e+04
26, 16, -4.9198272481382254e+05, -1.2295211694922057e+05
26, 17, -3.3840664119872870e+05, -1.0869204244779164e+05
26, 18, -2.9042123694269656e+05, 4.2878671553985117e+05
26, 19, 6.7876223863817759e+03, -5.1521114893276768e+04
26, 20, 1.4271379683920267e+05, 3.8793028106900246e+05
26, 21, -3.0486265831147187e+05, -5.4540934442471550e+05
26, 22, 4.9907123710232880e+05, -4.1828852823497364e+04
26, 23, -2.6471922294608841e+05, 2.8865471404064208e+05
26, 24, 8.5313171855239943e+05, 3.7832889213078975e+04
26, 25, 2.9854720597098663e+05, -4.4591891104643355e+05
26, 26, -1.7584843413592648e+05, 4.7965043534034817e+05
27, 0, -3.4104595364712208e+05, 0.0000000000000000e+00
27, 1, 4.0814785651665901e+04, -1.4597726334164123e+04
27, 2, 1.9359826527736939e+04, 3.8460464562624908e+05
27, 3, 1.4216288465431222e+05, 3.1011482294138602e+05
27, 4, 4.1795000758908328e+05, 1.3823550977272817e+05
27, 5, 1.0853137407227114e+05, 3.7381119791051059e+05
27, 6, 4.0234405696835549e+05, -3.6617122644619591e+05
27, 7, -5.5701678163534547e+04, -1.5548555868694806e+05
27, 8, -4.2501788207607740e+05, 1.4321341442967416e+05
27, 9, 6.8886220537633242e+04, -5.2218072065014055e+05
27, 10, -2.5266741826464236e+05, 7.0061957483945953e+03
27, 11, -2.3464122070782233e+05, -2.0689292654539747e+05
27, 12, 1.2042331463398850e+05, -8.1214202820996361e+03
27, 13, -1.2371645026092354e+05, -1.1106553736920394e+05
27, 14, 3.3479459104310116e+05, -7.9180893807189350e+03
27, 15, -1.4243453541863433e+04, 1.2785472994423434e+05
27, 16, -6.1968515362301550e+04, -3.3349689638259524e+05
27, 17, 2.1886659962205080e+05, 5.1682912710130948e+05
27, 18, -2.7953762249029096e+03, 2.0292541505859321e+05
27, 19, 8.5397749521795404e+05, 1.9780612794926370e+05
27, 20, -3.6527254580572789e+05, -6.3765341012586585e+04
27, 21, 3.5923415528609476e+05, -3.3707337080936763e+05
27, 22, -2.4280401316180555e+05, 4.2371043877790414e+05
27, 23, 1.6819654666907090e+05, -3.3422361260935629e+05
27, 24, 2.2749476076858398e+05, 1.1055389436585072e+05
27, 25, -9.0305301109473556e+04, -6.7493642222529603e+05
27, 26, -2.7667700989279232e+05, 4.5752256063857110e+05
27, 27, 5.3113967798952945e+05, -1.9282088119914319e+04
28, 0, 3.5975672761991998e+04, 0.0000000000000000e+00
28, 1, 1.9719440618311270e+05, 1.1289043682411101e+05
28, 2, 4.0068083187566994e+05, 3.1817836309098208e+05
28, 3, 2.0815446896930289e+05, -4.0443472147021361e+05
28, 4, 3.9955656189483678e+05, 1.4228109516910222e+05
28, 5, -1.0583208441065930e+05, 9.4610123612030569e+04
28, 6, 5.6701902723018569e+05, -3.2328815533194935e+05
28, 7, -2.5584354077445145e+05, 3.7073164785978122e+05
28, 8, -3.2965310629860498e+05, -6.2071574768110309e+04
28, 9, 8.0904808850611618e+04, 5.5000684652957774e+05
28, 10, -1.1808709587770212e+05, -8.8939027855375796e+04
28, 11, 2.0621554813773610e+05, 3.4985403750320745e+05
28, 12, 6.7584806210761759e+04, -5.9161971422468589e+04
28, 13, -1.3802761097265076e+05, 1.0812360156445968e+05
28, 14, 1.9376908797691471e+05, 2.2347729887594681e+05
28, 15, -1.2323110079509864e+05, 1.9997079852661153e+05
28, 16, 2.0914906597210673e+05, 1.3345719292333536e+05
28, 17, 6.9348040297019412e+04, 5.3255749810790340e+05
28, 18, 3.4337982621792494e+05, -3.6180562774370343e+05
28, 19, 4.4645184915818641e+05, 1.0984810008680137e+05
28, 20, -3.2807931457684777e+05, -5.0540663457074045e+05
28, 21, 1.8143345130543283e+05, 1.5213339985425290e+05
28, 22, -4.2994954581122345e+05, 7.8705028092799374e+04
28, 23, 4.2722421217197017e+05, 1.8762271766574495e+05
28, 24, -2.9090350249326648e+05, 1.8584644276897662e+05
28, 25, -8.3168795331719448e+04, -1.0691651189905789e+05
28, 26, -5.0314218764609331e+05, 6.7447203570036229e+05
28, 27, 6.1002187052465160e+01, 9.6205832795706257e+04
28, 28, -1.7663750218011858e+05, -6.9265859898447385e+05
29, 0, 1.6193947884300438e+05, 0.0000000000000000e+00
29, 1, 1.5861074025866023e+04, 2.1783655111260433e+05
29, 2, 2.2315689745447846e+05, 2.2072607322273874e+04
29, 3, 1.3564330998462817e+05, -4.2992658596307773e+05
29, 4, -1.8217629048442849e+05, 1.6534838570144546e+05
29, 5, -1.5700935399665131e+05, -1.8014820627764534e+05
29, 6, -7.6882665501547177e+04, 1.1371515159932272e+05
29, 7, -3.5063186678262695e+05, 2.1890837455063482e+05
29, 8, -6.5957244058233438e+04, -2.1259807392859049e+04
29, 9, 1.6134936279339812e+05, 4.8406936488434835e+05
29, 10, 2.1793421688612437e+05, -1.2913575078713727e+05
29, 11, 4.7885378653769509e+05, 1.3416947587160356e+05
29, 12, -2.4990499071094883e+05, 1.3266544167138496e+05
29, 13, 2.9190384778065147e+05, 2.7351824582978665e+04
29, 14, -2.1652999980690991e+04, 1.8434743106846465e+05
29, 15, 1.2201605358391117e+05, 1.5529554207076828e+05
29, 16, 1.2888065750400402e+05, 6.6013936103266809e+04
29, 17, 2.7654943504204981e+04, -1.1998278372526441e+05
29, 18, -3.0754939179316418e+04, -9.4790298167136280e+04
29, 19, -2.5890014869555290e+05, -6.4065194521040074e+04
29, 20, -1.3846337309631059e+05, -6.4376345106262190e+04
29, 21, -2.1022745694380935e+05, 4.0172817591367196e+05
29, 22, 1.8989526404992369e+05, 2.8040755488743234e+04
29, 23, 4.6582193482397197e+04, 4.0420289819496201e+05
29, 24, -7.5397163836216103e+04, -3.8264439627851488e+05
29, 25, 4.7379287471034273e+04, 3.9963144080548314e+05
29, 26, -2.4898969138332246e+04, 2.9712986526783637e+05
29, 27, 5.7358703600047086e+05, 8.4097603880873998e+04
29, 28, -2.3940943828049210e+04, -3.5733615557721816e+05
29, 29, -1.8601136702369741e+05, 2.2185470837004035e+05
30, 0, -2.9831587168175065e+04, 0.0000000000000000e+00
30, 1, -2.1667159119825621e+05, 1.4528495927610562e+04
30, 2, -3.1118745511638129e+05, -2.7448096027893953e+04
30, 3, -7.7633163049446492e+04, -5.9360300012362401e+04
30, 4, -3.8587418826711352e+05, 3.5259232951409317e+05
30, 5, -1.4504628803951526e+05, 1.7616712460279040e+05
30, 6, -1.1826571806352091e+05, 5.1015815509623685e+05
30, 7, -5.7286508038417858e+04, -6.7251742761843707e+03
30, 8, 3.7378960813110141e+04, 2.0249020333928580e+05
30, 9, -1.6198766483316597e+05, 9.3066156649918616e+04
30, 10, 1.0144802474354043e+05, -3.6382710930861474e+05
30, 11, 1.9106396262119565e+05, -1.0322503925478675e+05
30, 12, -4.1594967350078956e+05, 1.7226317290851584e+05
30, 13, 1.3451235718109546e+05, 3.8443520173091529e+04
30, 14, -1.5666799172351469e+05, -1.0557779953071958e+05
30, 15, 1.4258430606605439e+05, -1.9170288632954544e+03
30, 16, -4.3464422229167249e+03, 2.3968951092673800e+04
30, 17, -1.5523754515021760e+05, -1.8755299952602468e+05
30, 18, -6.5077521842708287e+04, -6.6447802931470855e+04
30, 19, -2.2067753158243193e+05, 1.2466724474920929e+05
30, 20, 2.2229111137960045e+05, 1.6128085232272922e+05
30, 21, -1.0484168752168774e+05, 1.3158363439655886e+05
30, 22, 3.2282388477001188e+05, 1.0583669079992948e+05
30, 23, -1.8944983065972518e+05, 6.7361994917602176e+04
30, 24, 8.9996096930788161e+04, -2.7054825897046737e+05
30, 25, -3.0939109367824189e+05, 3.1645704453227087e+05
30, 26, 2.0605571353220704e+05, -4.3973452867999650e+05
30, 27, 3.9200123890814604e+05, -3.3124346297397936e+05
30, 28, -2.6370092250117194e+05, -4.9909162391692412e+05
30, 29, 2.1157230828784690e+04, 2.0480981932479481e+04
30, 30, 1.4278905439460467e+05, 5.2139190022005176e+04
31, 0, 2.1191255916133500e+05, 0.0000000000000000e+00
31, 1, -7.1094498403985650e+04, -1.3490916592242004e+05
31, 2, 1.1926815349225013e+05, 1.1215849415939066e+05
31, 3, -3.3659432690512622e+03, 7.8863660054449283e+04
31, 4, -8.1625118742370600e+04, 3.4905659436501293e+04
31, 5, 9.3939058970298691e+04, 2.6753556437000050e+05
31, 6, 3.1996328794693472e+04, 1.2088677941315326e+05
31, 7, 2.9129938448805740e+05, -2.0659566853497963e+05
31, 8, -3.8659287815238051e+04, 9.6668829876009404e+03
31, 9, -1.7791073320108710e+05, -6.9361665088240814e+04
31, 10, -1.0349068721919363e+05, -3.8936156443976890e+05
31, 11, -2.2903904450207838e+05, 2.6381697083406936e+05
31, 12, -1.9961775523920974e+05, 2.5291069587371705e+04
31, 13, 6.6327308230413284e+04, 2.1720924973960686e+05
31, 14, 2.1382379672981260e+04, -9.5943580952602642e+04
31, 15, 8.1157602583219239e+04, 6.9941884177454122e+04
31, 16, -1.8424716011731833e+05, -3.9913509437766588e+04
31, 17, -1.1479523996134978e+05, 3.0805290244575837e+04
31, 18, 4.2015564411378858e+04, 3.2895509303515696e+05
31, 19, 1.0941470241296018e+05, 1.8163323686525633e+05
31, 20, 5.6641088639505627e+05, 2.3222853265922633e+05
31, 21, 5.7425825164807684e+04, 3.5736223825639972e+03
31, 22, 1.3546481094524576e+05, -2.7356776396936015e+05
31, 23, -9.3822245407928742e+04, -1.9874434704301687e+05
31, 24, 1.1085012686372855e+05, 1.6186914488402632e+05
31, 25, 3.5036862548724261e+04, -4.5146400770506865e+04
31, 26, 2.4521429853349799e+05, -8.6239107896778485e+04
31, 27, -1.3964445644222674e+05, -2.2048369794661316e+05
31, 28, -5.2837752789421985e+05, -7.7370626942658913e+04
31, 29, -1.1769195680574639e+05, 2.3383930902690627e+05
31, 30, 2.7833341186543777e+04, 3.5088039923283999e+05
31, 31, -1.5360606036802905e+05, -1.4608113852042501e+04
32, 0, 2.4081164323044263e+05, 0.0000000000000000e+00
32, 1, -4.4417797156014014e+04, -3.0919370274368895e+05
32, 2, 2.9018538811539963e+05, 2.6309623528361414e+05
32, 3, -2.8152929470521881e+05, -5.3940266287070219e+04
32, 4, 3.0267431990057527e+05, 1.0127976850859493e+05
32, 5, 1.4430444453720449e+05, -5.7277825449929558e+04
32, 6, -3.8687600350585126e+04, -3.0513051849156071e+05
32, 7, 2.7418857882918359e+05, -2.0246290882368450e+05
32, 8, -3.7276473663100821e+05, -3.1785566802122165e+04
32, 9, -6.9084804621917152e+04, -1.2327622064271879e+05
32, 10, -8.6974913858236920e+04, 9.7019811143444269e+04
32, 11, -3.8672033052876650e+04, 3.4076340493751544e+04
32, 12, 8.9706066908589492e+04, -3.2019452637171555e+04
32, 13, 3.9388610988294575e+04, 6.8604198377859182e+04
32, 14, -3.6044438221319433e+02, -3.1236711819458538e+05
32, 15, 1.1828225367843421e+04, 1.7607735993370871e+05
32, 16, -1.9100973987894811e+05, -5.3927682435837211e+04
32, 17, 2.1598055725279948e+04, -6.1125566080774704e+04
32, 18, 1.4939926292947182e+05, 3.8193074886826515e+04
32, 19, 3.2372640718260326e+05, -2.2480809977082766e+05
32, 20, 3.5912850432239787e+05, 9.8989593102375627e+04
32, 21, -1.8203070546321443e+05, -3.6057859224773548e+05
32, 22, -1.5495943400032556e+05, -8.0694870241882745e+04
32, 23, -8.9474275262645679e+03, 1.2930686579507025e+05
32, 24, -3.7773953966040463e+04, 2.6342864190734742e+05
32, 25, 2.2099070483771045e+05, -2.5857627784804959e+05
32, 26, 5.8641478314262276e+04, -9.8464659064470237e+04
32, 27, -8.2832738344337093e+04, -2.0820421852299164e+05
32, 28, -4.0635833898082128e+04, 4.6824856368126045e+05
32, 29, 1.8302935762719234e+05, 3.0068661996318382e+05
32, 30, 2.2771586720978882e+05, -8.4000084324416297e+04
32, 31, 1.5973994738838298e+05, 1.2375026194077550e+05
32, 32, 7.7089529271363892e+04, 5.2590635287538142e+04
33, 0, -1.2565247690521758e+05, 0.0000000000000000e+00
33, 1, -1.3036274467222067e+05, -1.9731357724403514e+05
33, 2, 1.0022868999765388e+05, 3.6331357711449935e+05
33, 3, -2.4478071429330384e+05, -1.4032555178209773e+05
33, 4, 8.7307881499314433e+04, 9.2290334499762437e+04
33, 5, -2.3412448334375527e+05, 4.0680857613659449e+04
33, 6, -2.3986891520476405e+05, -5.0257026857162104e+05
33, 7, -1.3253221864489073e+05, 4.7413977860843053e+05
33, 8, -2.5909893730831714e+05, -2.1848579957241451e+05
33, 9, 7.4948251524234016e+04, 1.4329877107510134e+05
33, 10, -3.2581276669537718e+04, 8.8461087858837927e+03
33, 11, 2.3950101270489380e+05, -2.4407363873093357e+05
33, 12, 3.1792611297625792e+05, 3.1047674486939213e+03
33, 13, 7.2573064478222659e+04, -4.2675561660889209e+04
33, 14, 7.9700457292029256e+04, -6.2015631421189464e+04
33, 15, -1.4473195766514129e+05, 1.5212223986937496e+05
33, 16, 1.2529841110733432e+04, -7.9882251760754647e+04
33, 17, 4.4635612339501327e+04, 1.1663101057895765e+03
33, 18, -2.4947563961251109e+05, 7.2745664835502685e+04
33, 19, 3.9106845281424373e+05, -2.8819714782470657e+05
33, 20, -2.1504218799286577e+05, -4.5597753374521795e+04
33, 21, -1.6148613974130902e+04, -4.0878919744851952e+05
33, 22, -1.2042036692785806e+05, 2.0095499973290437e+05
33, 23, -3.8766988436946165e+04, 2.1423519569615394e+05
33, 24, 1.1092767934678841e+05, 1.2634762217423689e+05
33, 25, -6.0961944522614300e+04, -2.8580375616678080e+04
33, 26, -7.7385402780752454e+04, -1.2992293412286314e+05
33, 27, -9.1683831710635524e+04, 6.5493361946717450e+04
33, 28, -6.5030946951427308e+04, 2.8645866556482005e+05
33, 29, 2.6130382513314325e+05, -1.4877185262526385e+04
33, 30, 2.8832609929387050e+05, -3.0638327002232126e+05
33, 31, -2.4127173300051290e+05, -2.5032626909619925e+04
33, 32, 9.6492308074552930e+04, -6.1950594646247872e+05
33, 33, 1.9837964237816617e+04, -4.6584321060007351e+04
34, 0, -3.1712502841120923e+05, 0.0000000000000000e+00
34, 1, 1.4751315421187703e+05, -9.6107531646070027e+04
34, 2, -1.4389970451608073e+05, 1.3345682816497638e+05
34, 3, 1.0605108822382567e+05, -3.4638457529039605e+05
34, 4, -7.1646518953191582e+04, 2.0524975929284858e+05
34, 5, -2.2492181266779330e+05, -1.2971621322877461e+05
34, 6, -1.8753717147629777e+04, -1.6121757956770700e+04
34, 7, -2.6042370627838519e+05, 3.9405758315681916e+05
34, 8, 3.5774348784313668e+04, -4.7010995526699990e+04
34, 9, 1.7442739884452996e+05, 1.5468062258249923e+05
34, 10, -4.8312758163728868e+03, -1.8658540011078701e+05
34, 11, 1.5188970779865739e+05, -4.2731279654508980e+05
34, 12, -1.5232477210507213e+05, -4.4791167702448613e+04
34, 13, -1.5900188466505101e+05, -1.2233265357684210e+05
34, 14, 2.9842461606405603e+04, 2.4242246386932096e+05
34, 15, -1.4163668356976038e+05, 1.5659999035905389e+05
34, 16, 4.1881637649127247e+05, -2.2432127395852825e+04
34, 17, -1.6528008284693345e+05, 1.2752826373125083e+05
34, 18, -4.7126567461386243e+04, -1.7788983184356321e+05
34, 19, 4.0272273137954617e+04, 3.6070858536356717e+05
34, 20, -2.2786172139748145e+05, -1.6501361274167983e+05
34, 21, 1.1047473895387733e+05, 1.3736372263979600e+05
34, 22, -1.9391494627552468e+05, 1.5789126487029594e+05
34, 23, 2.4999736259778219e+05, -6.3989663632875396e+04
34, 24, 1.2504906184660038e+05, 2.4939082938865060e+04
34, 25, -1.6813168013154462e+05, -1.0417250084062220e+05
34, 26, 1.7780722113110041e+05, -2.1142159470303272e+05
34, 27, -2.4021315350124988e+05, 2.1554265130139847e+05
34, 28, 1.0773475459721981e+05, 1.6188341877138359e+04
34, 29, 1.9765721769538044e+05, 2.0919585760750281e+05
34, 30, 3.2384548581453033e+04, -3.4398223187038593e+05
34, 31, -4.2680661497905815e+05, 1.3521723969551091e+05
34, 32, 1.4103733298883645e+05, 1.4931701265406393e+05
34, 33, -6.2717441204871703e+05, 2.5336475137154328e+04
34, 34, -2.7373734072145649e+04, 3.5027646839093461e+04
35, 0, 6.2043605762505191e+04, 0.0000000000000000e+00
35, 1, 1.2839048939917065e+05, 2.2102833242554465e+05
35, 2, -6.9514675290459563e+03, -1.4284285683840074e+05
35, 3, 7.3519623478221620e+04, -1.7782769373348021e+05
35, 4, -3.3896319682028948e+05, 1.6305460289057542e+05
35, 5, 3.8943910716181708e+04, -3.7195402828169038e+05
35, 6, 2.3975872629300703e+05, 2.9850008411766950e+05
35, 7, 5.3333172540180087e+04, -1.1457265385524710e+05
35, 8, 2.8393008332043292e+05, 1.5584655775370059e+05
35, 9, -4.4721254973492330e+04, -5.2850624935758678e+04
35, 10, -1.0077415947120264e+05, -1.4788931903314547e+05
35, 11, -2.3565930570969227e+04, 1.1454493715481061e+04
35, 12, -2.4145598347219900e+05, 5.3636642504070587e+04
35, 13, -4.0385879869238110e+04, -1.5536037429453427e+03
35, 14, -1.4028504909432860e+05, 9.8248863879953249e+04
35, 15, 1.4190470098896258e+05, -2.8994577931071736e+05
35, 16, 2.3805627450833403e+05, 2.0016129536321299e+05
35, 17, -2.7023770929666201e+05, -6.3461764410409320e+04
35, 18, 2.6141381510621388e+05, -8.3196892200622795e+04
35, 19, -1.0467291218073337e+05, 1.3931803453703661e+05
35, 20, 2.8548161543843546e+05, -2.5930676232071428e+05
35, 21, 1.0929340204138165e+05, 4.1613101028367702e+05
35, 22, 8.8117018702252331e+04, -2.2621181948627904e+05
35, 23, -2.5983823648145219e+04, 1.9558803788622789e+05
35, 24, -2.5664762717308060e+05, 2.3813004184657599e+04
35, 25, -7.2868678149332496e+04, -7.0854583345977124e+04
35, 26, 3.7003957634080158e+04, 1.2870173176011827e+05
35, 27, -1.0825630304169480e+05, -9.7414208075595045e+04
35, 28, 2.2568627099479153e+05, -9.7122636492653946e+03
35, 29, -1.6635949503923213e+05, -3.8998937659177725e+04
35, 30, 1.9779616153652201e+05, -1.7144701016745460e+05
35, 31, -1.3877070719886682e+05, 4.1893451259773472e+04
35, 32, 3.1143023201595334e+05, 3.6095392557775945e+05
35, 33, -8.9786817583185009e+04, -3.3928800589033449e+05
35, 34, 2.4143552979061083e+05, 4.6550791646160453e+05
35, 35, 1.9502780713743734e+05, 9.9959685319881261e+04
36, 0, 3.4416737106841773e+05, 0.0000000000000000e+00
36, 1, -1.4145307769849448e+05, -3.2959308216449390e+04
36, 2, 2.3861724381436716e+05, -2.2412772214522801e+05
36, 3, -1.6295262222356212e+05, 1.0637274107036760e+05
36, 4, -3.4497303585883323e+05, -4.7959575083832133e+04
36, 5, 1.8569575609759329e+05, 2.6048042164671682e+04
36, 6, -2.2426024025465373e+05, 2.9742917830880717e+04
36, 7, 5.0288435927639453e+04, -2.2491080588810155e+05
36, 8, 1.2234644855734255e+05, -4.4131193366168343e+04
36, 9, -2.3433385326228986e+05, -6.5566005597267780e+04
36, 10, 8.4446496819218810e+04, 1.4599957144906334e+05
36, 11, -1.2079740320908155e+05, 8.7591178131325243e+04
36, 12, -1.7103899436642139e+05, -4.1280053026547626e+04
36, 13, 3.4872430534555903e+05, 3.0289496107268601e+05
36, 14, -2.0298212590961892e+05, -1.1829294429286839e+05
36, 15, 5.3804329082473600e+05, -2.0413591966890747e+05
36, 16, -3.1437867375075590e+05, -1.2042605266928094e+04
36, 17, 2.6037741456743439e+04, -2.0888447270464947e+05
36, 18, -7.3203206019271689e+04, 2.8826602506151277e+05
36, 19, -1.4002790763255022e+05, -1.9482586858759419e+05
36, 20, 3.6489995205448446e+05, 1.9547520193846658e+05
36, 21, 1.7825516209576715e+05, -9.4077060626467268e+04
36, 22, 1.2021600948838645e+05, -1.9420207412148971e+05
36, 23, 1.4268341799472233e+04, 2.1874044923723096e+05
36, 24, -1.9475670419589232e+05, -1.0992203233456559e+05
36, 25, 8.6703632519046208e+04, 1.5015511072554611e+05
36, 26, -5.5841994383130361e+04, 2.2070125917895697e+04
36, 27, 8.1188452985823969e+04, -8.3199080585124044e+04
36, 28, -4.0853435775573824e+04, 3.6507943449735153e+05
36, 29, -2.2824161026990961e+05, -4.2304577464354987e+05
36, 30, -9.3141051467015059e+04, 3.3263600524945406e+05
36, 31, -1.8502216494387394e+05, -3.0623693290641287e+05
36, 32, 3.1553513874479674e+05, 7.1916610410265814e+04
36, 33, 6.8588874665022013e+04, -4.9433403993559122e+05
36, 34, -1.2179184929814750e+05, 2.7867045807320147e+05
36, 35, 2.8949621182142850e+05, -2.9813612319468113e+05
36, 36, -1.1996063511318168e+05, -4.2034369102541811e+05
37, 0, -1.5251288249333994e+05, 0.0000000000000000e+00
37, 1, -2.1620147235950851e+05, -3.8072283170267881e+05
37, 2, 1.9399895371935860e+05, -7.8406418755593768e+04
37, 3, -2.9839406975602405e+05, 8.3482751927383491e+04
37, 4, 1.4240449121341802e+05, 7.1420815664850452e+04
37, 5, 1.9505139679962510e+05, 2.1143244829904468e+05
37, 6, -2.8423716384263680e+05, -1.6228139655613879e+05
37, 7, 1.6490764302450127e+05, -2.6948846222859582e+04
37, 8, -3.9412772227754828e+05, -1.0468049059766269e+05
37, 9, -1.4136808452138989e+05, -8.2353575484550151e+04
37, 10, 2.7902461477838289e+04, 1.2681017177121306e+04
37, 11, 2.1124296100839312e+05, -1.1998134937769586e+05
37, 12, 8.9423001326981699e+04, -2.7881055476043804e+05
37, 13, 5.5711200117032451e+04, 1.8812562963015481e+05
37, 14, -4.6381856114544171e+04, -4.5157737026529835e+05
37, 15, 1.2010734454867715e+05, 4.3012530192002683e+04
37, 16, -3.0807367860234261e+05, -3.3560672824143170e+04
37, 17, 1.1399485824443326e+05, 2.2061507314537815e+05
37, 18, -2.7342050435790105e+05, 1.6682548610371357e+05
37, 19, 1.4772007142824246e+05, -1.5910745630400529e+05
37, 20, 1.3447322278222267e+05, 2.1440533604167763e+05
37, 21, -1.9021005424343697e+04, -1.9170665170666369e+05
37, 22, 1.2954115562650470e+05, 1.1167704114230037e+05
37, 23, -2.8770391420290637e+05, 6.8200759696825611e+04
37, 24, 9.7160645220539882e+03, 3.1260600724785094e+04
37, 25, 1.0979774172602809e+05, 1.1288801027646544e+05
37, 26, -2.0966301172251871e+04, -1.2400996955456299e+05
37, 27, 2.8722858140554698e+05, -1.0939834246874783e+05
37, 28, -3.5454284352754161e+05, -1.8848826280334615e+04
37, 29, 1.5121447792604426e+05, -1.8055234194761491e+05
37, 30, -2.3469036235301979e+05, 4.8009993623312155e+05
37, 31, 2.9292088008468144e+05, -2.0968508063700391e+05
37, 32, -2.8344550476884579e+04, 2.1097383123375179e+05
37, 33, -4.1837753349393432e+05, -3.3457349216829962e+05
37, 34, -1.8845251382894363e+05, 5.3898683985813841e+04
37, 35, 4.1809614749381767e+05, 1.9614431218352643e+05
37, 36, -5.5470746084258286e+05, -3.4379597970890498e+05
37, 37, -1.6230120151157811e+05, 1.2580027073895061e+05
38, 0, -2.7031354961331014e+05, 0.0000000000000000e+00
38, 1, 5.6392718861034722e+04, -9.2048738296239462e+04
38, 2, 6.3569730019739494e+04, 1.6916447789703158e+05
38, 3, -2.7361140817540593e+05, -1.8673076254316016e+04
38, 4, 3.3219865336611896e+05, 1.7135730147786485e+05
38, 5, -1.9860994139026979e+05, -1.0029828465521638e+05
38, 6, 1.0287490235032258e+05, -3.2442674858660344e+05
38, 7, -1.4153892156633170e+05, 2.8446588759399083e+05
38, 8, -2.3403568539721332e+05, 8.5870312071962166e+04
38, 9, 1.6926689795706392e+04, 2.5842304891995763e+05
38, 10, -3.9321895625788806e+04, -2.2795511888233254e+04
38, 11, 1.4054495057274029e+05, -1.8280234672862364e+05
38, 12, -7.0350107729193096e+03, -1.9395415074840764e+05
38, 13, 5.9426108686581167e+04, -2.2226855233508663e+05
38, 14, 1.5707477948113982e+05, -1.4704696090073016e+05
38, 15, -1.4349719171514153e+05, -2.0810446167915457e+05
38, 16, -1.1812929987904491e+05, -1.2995452075967405e+04
38, 17, 1.4556925827696477e+05, 1.4784004919712801e+05
38, 18, -3.5001988540409227e+04, -1.1534017028224876e+05
38, 19, 2.6146542614547879e+05, -2.9831540919254039e+04
38, 20, 1.3944480120505299e+05, -9.6835780669913147e+04
38, 21, -2.8396300269635860e+04, -1.7702243636862998e+05
38, 22, -2.2970282400430404e+05, -2.3364149137898232e+04
38, 23, -5.5735613581272490e+04, -2.0664199742611812e+05
38, 24, 1.5408574001599237e+05, 8.0152853855921392e+04
38, 25, -5.2171765239281922e+04, -1.0588933384691428e+05
38, 26, -3.0278757346771425e+04, -2.2773864506584354e+05
38, 27, -3.6405936316163723e+04, 2.9685739151935291e+05
38, 28, -1.4080060428357249e+05, -2.5006728626514669e+05
38, 29, 2.5173475951278809e+05, 3.5186044924766873e+05
38, 30, -2.8072100523626973e+05, -2.3252031686798955e+05
38, 31, 5.5069551664927544e+05, 1.4330746148958654e+05
38, 32, -2.4459243455330527e+05, -2.0014695007176044e+04
38, 33, 1.5921880205468056e+05, 7.8916609556022420e+04
38, 34, 1.4244479793150793e+04, 2.8692554402087367e+05
38, 35, 3.2412046123868308e+05, 1.6142347261939911e+05
38, 36, -1.2189446485690802e+05, -3.3272515231518977e+05
38, 37, 8.1801754107754459e+04, 5.9971510917503852e+05
38, 38, 2.9812092638265644e+05, 1.1035945998886452e+05
39, 0, 4.6714157861535350e+04, 0.0000000000000000e+00
39, 1, 2.5803932775955001e+05, 2.7184356990782230e+05
39, 2, -1.8812572587937593e+03, 1.3550394596513727e+05
39, 3, 2.4589569366734409e+04, -2.9614806801435283e+04
39, 4, 1.1786231890067473e+04, 1.0742950250136477e+05
39, 5, -1.7206436541378353e+05, -4.6164174864315405e+05
39, 6, 1.5204231271107012e+05, -6.1096219155561819e+04
39, 7, -1.8033864160612150e+05, 5.0975358258064232e+04
39, 8, 2.2046163192389367e+05, 3.8785206747019060e+04
39, 9, 1.2406466047218256e+05, 1.1328362523761258e+04
39, 10, 1.7067718462961883e+05, 4.4028195785457232e+04
39, 11, 1.3520883849361190e+05, -1.5639192618527677e+05
39, 12, -1.2846283692129805e+05, -8.0115234558450102e+04
39, 13, -7.6133474533930013e+04, -1.7141723851697290e+05
39, 14, -3.1356682773557986e+03, 1.4726102542424740e+05
39, 15, -1.1934731298572384e+05, -2.8252578528708516e+04
39, 16, 1.9099119635615230e+05, -3.0528559390442693e+04
39, 17, 6.6454273832451043e+04, -7.5886441834017751e+03
39, 18, 1.3792624084766855e+05, -3.3845557814316510e+05
39, 19, -1.6809425051124342e+05, 6.5519167288154713e+04
39, 20, 6.2097515075465264e+04, -2.1326496685032966e+05
39, 21, -1.3084315146437883e+05, 1.8176468287973013e+05
39, 22, -1.6292193170557241e+05, 5.5436623979470169e+03
39, 23, 1.2639706388125793e+05, 3.0897848067083054e+04
39, 24, 1.1609434143994091e+05, 5.1036078614203601e+04
39, 25, -4.4288332720800390e+03, -2.1478229599638726e+05
39, 26, 2.1358492102859534e+04, -1.4755471119995749e+04
39, 27, -2.2383323245156449e+05, 2.7178899963421456e+05
39, 28, 4.1591681880020991e+05, 4.9812590492840900e+04
39, 29, -1.5369650918673439e+05, 4.6615988489223697e+05
39, 30, 3.3703868708808278e+05, -4.4502533652008133e+05
39, 31, 1.1569926946531687e+05, 3.9112044247711281e+05
39, 32, -8.9829166835685261e+04, -5.1134504337581014e+05
39, 33, 2.9541413105272158e+05, 3.0333680590946949e+05
39, 34, -1.3754472793165344e+05, -1.6997387824171866e+05
39, 35, 2.7394602325570106e+05, 1.8666064838024290e+05
39, 36, -6.8992660633137129e+04, -1.3935105292307551e+05
39, 37, -9.5243822909670358e+04, 1.2703169834261778e+05
39, 38, 4.7585238123990700e+05, -2.8287609364952485e+05
39, 39, -3.7769220088083348e+04, -3.7205198106546246e+05
40, 0, 3.3147781653542997e+05, 0.0000000000000000e+00
40, 1, 1.6560418544088973e+05, -3.2242027610045472e+04
40, 2, -7.5975018048350787e+04, -8.7427942855308123e+04
40, 3, -2.9542115210824122e+04, -4.4202064487539232e+04
40, 4, -2.1799420601549989e+05, 1.1727907016148827e+05
40, 5, 8.1860419386835652e+04, -3.5430483465885342e+05
40, 6, -1.4639489258733272e+05, 1.9655327038949390e+05
40, 7, 1.0547963180370076e+05, -2.3964678487986341e+04
40, 8, 2.7139392860387161e+05, -2.2352377540460316e+05
40, 9, 1.5322911877557257e+05, -2.5771980341763643e+05
40, 10, -2.1483732818730583e+04, -3.4052355515521759e+05
40, 11, 1.3860936223292965e+05, -1.5903768279358416e+05
40, 12, -3.0620854356597592e+04, 2.4153082499396623e+03
40, 13, -4.3654176297718608e+04, 1.0538325372398656e+04
40, 14, -3.6791986500856823e+04, 5.5945935218979503e+04
40, 15, -2.1187282007245178e+05, -1.0411539745699638e+05
40, 16, 2.7999550546339876e+05, -1.2747056582122999e+04
40, 17, -1.0687852689603812e+05, -9.9615196066366669e+04
40, 18, 2.8713728932351340e+04, 4.3908253266878717e+04
40, 19, -2.8025992782036902e+05, -4.1729585943205075e+03
40, 20, 1.5304810570655548e+05, -2.0279836131983149e+04
40, 21, 7.0527103783430095e+04, 2.2602497512926225e+05
40, 22, 3.4655640253840960e+04, -1.4402281083855269e+04
40, 23, 1.6278326399708190e+05, 1.7572801917798826e+05
40, 24, 5.7905778987539539e+04, -5.7496917382007843e+04
40, 25, -1.2983356812622887e+05, -1.6820769409493817e+05
40, 26, -1.5911481669271277e+04, 2.0456335758628009e+05
40, 27, 1.9207461667575149e+04, -5.2365738553696385e+04
40, 28, 3.7004743320400442e+05, 2.8791797180338606e+05
40, 29, -2.5812681779899634e+05, -4.2102261224632082e+05
40, 30, 3.8232797803284670e+05, -1.8048683779039895e+05
40, 31, -4.3815590760323498e+05, -6.8566869053560542e+04
40, 32, 2.6237472794438462e+05, -9.1777014096913597e+04
40, 33, -2.3704438694138266e+05, 2.4455938019135679e+05
40, 34, 6.8838408730468422e+04, -4.5445013487954752e+05
40, 35, -1.4184863684076857e+05, 1.6467283761402892e+05
40, 36, -2.7989866210948505e+04, -1.6377173020344315e+05
40, 37, -1.2672449035011798e+05, 2.2900094383525939e+05
40, 38, 2.1046133217355935e+05, -7.2348722108500500e+04
40, 39, -3.0293062084657833e+05, -4.8833703429344903e+04
40, 40, -5.2636608101487043e+05, 3.2628717067830323e+04
41, 0, 1.6730130238583812e+05, 0.0000000000000000e+00
41, 1, -2.8238607856249466e+04, -1.8036094880863867e+05
41, 2, 2.5041341634671265e+05, -1.9355640816270278e+05
41, 3, -2.0430067544328840e+05, 1.3888609618871770e+05
41, 4, 1.2892926731803434e+05, 2.3282840017661427e+04
41, 5, 2.9417126785314165e+05, 1.0366402441075462e+05
41, 6, -1.6865525990493246e+05, 3.1610537988245953e+04
41, 7, 1.9795813895265348e+05, 1.8588282418929919e+05
41, 8, 1.0166456986857296e+05, -1.5331001506212924e+05
41, 9, -1.4563197948572220e+05, -2.2098153950506377e+04
41, 10, -1.1752555372376138e+05, -1.4295031014405037e+05
41, 11, -6.1978656422875167e+04, 2.0520302870986612e+04
41, 12, -1.5887781746873935e+05, 5.4787083385111138e+04
41, 13, 8.2711867391325010e+04, -4.8441107642855968e+04
41, 14, -2.4202914433941734e+05, 1.7693992223896272e+05
41, 15, 2.2641411240355554e+05, -4.8485502274956583e+04
41, 16, -1.8718941813553366e+05, -2.2129259851688275e+04
41, 17, 3.9808317008474653e+04, -1.1868701196132970e+05
41, 18, -2.2732268737559288e+05, 1.8694983612751964e+05
41, 19, 1.1266339082682587e+04, -1.7872115642830031e+04
41, 20, 2.8247617851062867e+04, 1.7690509478333712e+05
41, 21, 1.6088068839227469e+05, -7.3793702924251789e+04
41, 22, 1.4026676512249192e+05, -6.9510985838581400e+04
41, 23, -5.3355583049323861e+04, -1.1989302790791757e+05
41, 24, -4.1602916294721093e+04, -2.0587444069723599e+05
41, 25, -3.3180665623516907e+03, -1.3505832911583903e+05
41, 26, -1.2041489437086122e+05, 1.5808531846735263e+05
41, 27, 2.5716860457026114e+05, -1.3761878523392818e+05
41, 28, -2.8607677527899109e+05, 2.1095253775870602e+05
41, 29, -7.5580455188464111e+04, -2.3059135649829122e+05
41, 30, -6.0383826858910950e+04, 1.7318355958582755e+05
41, 31, -1.5159434873998648e+05, -2.7315637850997568e+05
41, 32, 2.9561096028827823e+05, 4.0076841468971735e+05
41, 33, -3.2798564884332410e+05, -1.7659313213216947e+05
41, 34, 3.0727484767061402e+05, -1.3800953075978215e+05
41, 35, -3.8483244756406144e+05, 7.2173833393523950e+04
41, 36, 1.1893653097851350e+05, -8.5957239894656290e+04
41, 37, 1.3369062192504696e+05, 2.6623072849158040e+05
41, 38, 1.1087853713561389e+05, -1.4744753727682901e+05
41, 39, -1.0144054789881640e+05, -1.1734358277704052e+05
41, 40, 8.6003115786426468e+04, 3.6851625720648497e+05
41, 41, 1.9346112666051247e+05, 3.7630446095977980e+05
42, 0, -2.0749945853210294e+04, 0.0000000000000000e+00
42, 1, 4.7498082362671223e+04, -2.5499886647620482e+04
42, 2, 2.3540684849383906e+04, 1.8742430798704241e+05
42, 3, -2.6130489077152638e+05, 5.9152087301258973e+04
42, 4, 3.5642527781603544e+05, 1.4285791006527143e+05
42, 5, 1.3766414538524841e+05, -1.7433552887429961e+05
42, 6, -3.0144475563013490e+04, -4.2724379971632661e+03
42, 7, 1.4333708401769132e+05, -2.0503682343115841e+04
42, 8, 1.7634786727138708e+04, -1.1764005437875031e+05
42, 9, -5.5355183471321485e+04, 1.3834286201734591e+04
42, 10, -2.4067300446458241e+04, 3.4813027580581052e+04
42, 11, -2.1686395303776138e+05, 1.4735101649814393e+05
42, 12, -5.7040510425733046e+04, 4.5692246094329777e+04
42, 13, -4.9011853698583627e+03, -6.3569528024764339e+04
42, 14, -1.8141912611762513e+05, -1.6792649592838794e+05
42, 15, 2.6996531970276713e+05, 4.6464109065986049e+04
42, 16, -3.4082685688598163e+05, -2.0756646415158262e+04
42, 17, 1.1759311011611018e+04, 7.8718332963352237e+04
42, 18, -2.2052108456841481e+05, 1.7273877827080130e+05
42, 19, 1.5553507818144164e+05, -1.1202667739410544e+05
42, 20, 6.0802822313390265e+04, 1.6774421793751622e+04
42, 21, 1.9096289036227996e+05, -1.3112360186817194e+05
42, 22, -9.8319849645056340e+04, -1.6755894231118896e+05
42, 23, -2.2249212626018428e+05, -8.0609331482804962e+04
42, 24, -1.0763037561374868e+05, -1.1929614811551385e+05
42, 25, 4.1931538931033137e+04, 1.1011190165053419e+05
42, 26, 7.5393160090058314e+04, -1.8881431322753750e+05
42, 27, 6.7728180563120011e+04, -9.5372010194647301e+03
42, 28, -3.1178888865686662e+05, -1.2273022058001166e+05
42, 29, -1.2420249807855012e+04, -1.3540592815592325e+04
42, 30, -2.5831015695608963e+05, 1.5105894811600778e+05
42, 31, 2.2382818619671842e+05, 4.7049583409693034e+04
42, 32, -4.3295059957442172e+03, 2.9898464378539316e+05
42, 33, 3.2161034684743267e+05, -4.0369517570869764e+05
42, 34, -1.4447283799148450e+04, 4.8511340655759457e+04
42, 35, -3.4584967403101420e+05, -9.7459313229072955e+04
42, 36, 1.1709980389397463e+05, 1.7001823628848878e+05
42, 37, 3.2786782697179886e+04, -4.5624536188742153e+04
42, 38, 4.3549248520483845e+04, -2.5775850390773901e+05
42, 39, 1.8864144974891155e+04, -3.4890077477499690e+04
42, 40, -2.0194774076879461e+05, 3.1797377264100325e+05
42, 41, 2.4331603327821952e+05, -3.6105539237665164e+05
42, 42, 1.5776526830155350e+05, -2.1904324685028807e+05
43, 0, 1.3228763764457800e+05, 0.0000000000000000e+00
43, 1, 2.3837540108043351e+05, -1.1723940869828904e+05
43, 2, -1.4282235851850797e+04, 3.6294373872806982e+05
43, 3, -1.8062605533467137e+05, 4.9615543073286841e+04
43, 4, 1.9523041630251752e+05, 1.6536483017768903e+05
43, 5, -1.2369692213299015e+05, -1.8817797514755587e+05
43, 6, -4.4027147137410975e+04, -1.2708821915994016e+05
43, 7, -5.6190742825571200e+04, -1.5625056093493704e+05
43, 8, 2.2613579117584897e+04, -8.3958642273402889e+04
43, 9, 1.9591032279246076e+05, 1.7986018708475406e+05
43, 10, 9.9649052530551475e+04, 2.2353697015931699e+04
43, 11, 4.5085190685364068e+01, -2.8586826185471560e+04
43, 12, 1.0115729894389070e+05, 5.7632080555589113e+04
43, 13, -1.0215180040510857e+05, 1.5327288668043615e+04
43, 14, 6.4417750896882266e+04, -9.2887053424571786e+04
43, 15, 5.5907475075960218e+04, 1.3277281872205078e+05
43, 16, -1.3712146310532547e+05, -2.7455642731849867e+05
43, 17, 4.5599836374651626e+04, 1.9807547726726797e+05
43, 18, 8.6496225657847972e+03, -2.1524927670884688e+04
43, 19, 8.2768313049529115e+03, -2.3444696133967524e+05
43, 20, 1.7832545607934653e+03, -1.1997664041958818e+05
43, 21, -4.3160755551226903e+04, -1.8779654641995588e+05
43, 22, -1.2202773065463990e+05, 8.1645650200004427e+04
43, 23, -2.8053025494249363e+05, 3.6722357939654365e+04
43, 24, -5.8189354792320766e+04, -3.4260058760515392e+04
43, 25, 1.0511262335529918e+05, 2.0687695214560482e+05
43, 26, 5.3717472821537420e+04, -2.6212155981472851e+05
43, 27, -1.3362076309075707e+05, 2.7600098117387830e+05
43, 28, -2.6071409325467885e+05, -1.2192270739527760e+05
43, 29, -1.1804801853602030e+04, 3.5354547590599663e+05
43, 30, 1.8975360365237441e+05, -1.0662943535257451e+05
43, 31, 3.0551652578282566e+05, 4.5337328292479047e+04
43, 32, -5.3104092286516156e+04, -1.9596094258260948e+05
43, 33, 1.9695020889260306e+05, -1.6587089829798925e+05
43, 34, -4.7378725381697196e+05, -6.6270261141659590e+04
43, 35, 2.5089968216415626e+05, 9.5262871254030921e+04
43, 36, 2.4462891429802665e+04, 2.3244032823292390e+05
43, 37, 9.7311955621465459e+04, -1.5009373252256055e+05
43, 38, -1.8724179081956221e+05, -8.4769093466478662e+03
43, 39, -2.3124229785087827e+05, 7.7648817711863157e+04
43, 40, 3.6484551142327517e+04, 2.0416022076954719e+05
43, 41, 1.5666151563721208e+05, -1.9857514249392392e+04
43, 42, -2.4566302905989342e+05, -1.2856184883901884e+05
43, 43, -2.9223685088830057e+05, -9.7784451017090993e+04
44, 0, 1.9796036721871066e+05, 0.0000000000000000e+00
44, 1, 2.9637491445539473e+05, -2.2651446585066602e+04
44, 2, -1.2722269141865846e+05, 5.7848658623362862e+03
44, 3, 1.9470489709168838e+05, -9.3905077102103533e+04
44, 4, 1.5969519244108486e+05, 7.9279020128312724e+04
44, 5, 1.0838411202846622e+05, -1.7911886073354955e+05
44, 6, -2.1370923491280709e+05, 1.7142216087350732e+05
44, 7, -1.9586956015782862e+05, 1.1164493323345161e+05
44, 8, -2.6644863830844231e+04, 1.7346163828379597e+05
44, 9, -5.1654151799233674e+04, 1.1141267870413714e+05
44, 10, -2.6394130922474360e+04, -1.0774627703515712e+05
44, 11, 1.3415286089079949e+05, -3.2967588064925256e+05
44, 12, -4.7770449041964341e+04, 5.4872352668598527e+04
44, 13, -1.3320170726337278e+05, -1.5502805886283674e+05
44, 14, 6.2908750473217689e+04, 2.1459825627213038e+05
44, 15, -1.6158298570257056e+05, 1.5372264205980900e+05
44, 16, 1.8360830385824118e+05, 1.1485837722638924e+04
44, 17, 9.1404490844219574e+04, 3.9050308692274164e+04
44, 18, 1.8427927022524248e+05, -9.1148787644855183e+04
44, 19, 8.0148315130345349e+04, -1.9901135211875800e+04
44, 20, -1.7098589173598570e+05, -1.9702620032458595e+05
44, 21, -5.4420120226252169e+04, 8.8227709984653222e+04
44, 22, 8.6956057953253658e+03, 6.1035382862151047e+04
44, 23, -1.3602192819918007e+04, 3.3061700628360944e+04
44, 24, 1.6011720559087463e+05, 1.1217144505004355e+05
44, 25, -4.1208253003358419e+04, -1.2283143399592601e+05
44, 26, 6.9641809480078897e+04, -1.6510427235585041e+05
44, 27, -2.1092203374845031e+05, 7.0742611992187056e+04
44, 28, -2.6564226347879216e+04, 3.3801496491477272e+04
44, 29, -2.4078681867851010e+04, 2.1361859724086107e+05
44, 30, 3.0047319868630613e+05, -1.2951165231148369e+05
44, 31, 6.9039192349449571e+04, -3.8011104997420844e+04
44, 32, 9.7673391230844281e+03, -2.3074446017161646e+05
44, 33, -2.5412522526311883e+05, 8.4286660184881519e+04
44, 34, -1.8005243550521589e+05, -1.2178165796451474e+05
44, 35, 1.9842970392059963e+05, 2.9057385340764938e+05
44, 36, -9.9471639701950189e+03, -1.0343644553223427e+05
44, 37, 2.6860242331240763e+05, -4.8860115081442775e+04
44, 38, -2.7920511766922090e+05, 1.1408962490728144e+05
44, 39, 1.2688957738329386e+05, 1.0970611675530532e+05
44, 40, 2.5825691238476743e+05, 4.4964668760176093e+04
44, 41, -6.3644026620821576e+04, -1.4857470438790906e+05
44, 42, 9.8624678519398003e+04, -3.3492916648029059e+04
44, 43, -2.4959634747636053e+04, 1.9750384124065400e+05
44, 44, -8.8186812884524770e+03, 5.9419898340650869e+05
45, 0, 8.5968548016186731e+04, 0.0000000000000000e+00
45, 1, 2.4536102095951865e+04, 1.8370828985855283e+05
45, 2, -1.8603427254222799e+05, -1.5234038394365693e+05
45, 3, -4.9663037189289033e+04, 9.2506853285839403e+04
45, 4, -1.3604036454320827e+04, -3.4128493019912130e+03
45, 5, 1.2653100919024559e+05, 9.6879054330929503e+03
45, 6, -1.5799041947576770e+04, 9.4612547113765599e+04
45, 7, 5.2284720663255037e+04, 2.0871278436433128e+05
45, 8, -3.1466096319813576e+04, 4.9604041020750272e+04
45, 9, -4.3764193057479089e+04, 1.5520472053401134e+05
45, 10, -1.2884958637472961e+05, -2.8658217952668271e+05
45, 11, -8.9028629618529405e+04, -1.2090830685693085e+05
45, 12, -3.1086901155501558e+05, 8.3606914973696228e+04
45, 13, -1.5920809733185661e+05, 2.1816604646533262e+04
45, 14, -1.2621867593201716e+04, 2.2695521013017112e+05
45, 15, -6.7062998832138634e+04, -3.3250346436690283e+05
45, 16, 1.8359432779772201e+05, 1.1428562314137719e+05
45, 17, -1.2278015663581173e+04, -1.8800448142158031e+05
45, 18, 2.4643091391050711e+05, 6.9015797357067029e+04
45, 19, -4.1928855598315160e+04, 2.2891244679014744e+03
45, 20, 1.9691271129538645e+03, -4.0331699176029637e+04
45, 21, 3.1675099087001585e+04, 2.2743904300508864e+05
45, 22, 2.2054772171784879e+05, -1.5595471106006115e+05
45, 23, 1.2666060217818370e+05, -5.4686936470852306e+04
45, 24, -1.5483557268096301e+04, -7.4473282907618763e+04
45, 25, 1.4371581887615297e+05, -1.3059471418979985e+05
45, 26, 2.7151756759254276e+03, -1.1463096176900377e+04
45, 27, -1.1220506699014321e+05, 6.1957667572253231e+04
45, 28, 1.6963225035395878e+05, 1.9200965551188207e+05
45, 29, -6.0482571737687744e+04, -1.2848215633277984e+05
45, 30, 1.0653527801404198e+05, -1.1472415910666346e+05
45, 31, -2.2516067692727590e+05, -1.2012494831800074e+05
45, 32, -1.2255687368402796e+05, 9.2688839667989116e+04
45, 33, -3.2264050984581665e+05, 1.5368785972721124e+05
45, 34, 1.3661069417869067e+05, 7.5668048756767079e+04
45, 35, -1.2479950909049032e+04, 4.0015582581909839e+03
45, 36, 8.1219368239573043e+04, -3.0414062406781886e+05
45, 37, -3.5074036782757542e+05, 6.7518468395010714e+04
45, 38, -1.7954132206418071e+04, -1.0256211295727434e+05
45, 39, 2.3772239198200693e+05, -9.3889498265314887e+03
45, 40, 1.5062286735552014e+04, -7.6261744551544078e+04
45, 41, -1.2090577238102458e+05, -3.1004142192073341e+05
45, 42, -1.2266074245633035e+05, 1.8549158056420856e+05
45, 43, -4.6035474873787251e+04, -2.0867802440399109e+05
45, 44, 9.4534096494866943e+04, 2.9724146651522755e+04
45, 45, 4.0980506245304318e+05, -3.0562065133544407e+05
