0, 0, 5.0000000000000000e+04, 0.0000000000000000e+00
1, 0, -1.0506542089025412e+04, 0.0000000000000000e+00
1, 1, -6.1240534927478529e+02, -4.7544199031957360e+03
2, 0, -0.0000000000000000e+00, 0.0000000000000000e+00
2, 1, 1.3621790765073993e+03, 7.3538765640407678e+02
2, 2, -3.1582871009612145e+03, 2.7178934643526331e+03
3, 0, 9.0672820686259922e+02, 0.0000000000000000e+00
3, 1, -1.4227639810388373e+03, -1.9541999810132154e+03
3, 2, -1.2321568252178586e+03, 1.7953785561177197e+03
3, 3, 1.2047781884573856e+03, 3.6388772697360287e+03
4, 0, 1.0350483055137195e+03, 0.0000000000000000e+00
4, 1, -7.4836385061117949e+02, -2.3257700425489409e+02
4, 2, 2.2172324598327532e+03, -5.7639340826231228e+02
4, 3, -2.0063814811055893e+03, 1.9145073865624627e+02
4, 4, -5.7021145595105395e+02, -5.4704272241452963e+02
5, 0, -1.8799299750307041e+03, 0.0000000000000000e+00
5, 1, 5.1941838169528091e+02, 1.7617664193179089e+03
5, 2, -1.2182445246033622e+03, 3.5661375586940153e+02
5, 3, 7.9337738186453589e+02, 1.8068443382897947e+03
5, 4, -8.3194891967059945e+01, -2.3684361845137105e+03
5, 5, -6.3528107690185016e+02, 2.7393341553066659e+02
6, 0, 9.2110751098263825e+02, 0.0000000000000000e+00
6, 1, -3.7835822158511121e+02, -4.9322476402632412e+02
6, 2, -9.8577733004285028e+02, 4.7233768325479298e+02
6, 3, -8.5804307011342462e+02, -4.0884907473614794e+02
6, 4, 4.1479098783799111e+02, 7.2743382067695677e+02
6, 5, 1.0562120180225181e+03, -1.2775562127980479e+02
6, 6, 1.0717973708283494e+03, 3.0603475382237662e+02
7, 0, 1.1428599994835338e+03, 0.0000000000000000e+00
7, 1, -2.6420792675985098e+02, 1.0079852398168720e+03
7, 2, 1.1856235409823714e+03, -8.4737773271312903e+02
7, 3, 4.0903765539461045e+02, -2.3805942821120658e+02
7, 4, -2.5426794568966397e+02, -8.6045597269728694e+02
7, 5, 5.2763491888359624e+01, 2.0557500089618298e+02
7, 6, 5.3861897411855284e+02, 2.1419965540419305e+01
7, 7, 3.7653517378778736e+02, -6.5096771288037814e+02
8, 0, -4.6550660985771520e+02, 0.0000000000000000e+00
8, 1, -1.2722870795443737e+02, 5.8297904581845512e+02
8, 2, 1.2472291832120689e+01, 5.6553005556938999e+01
8, 3, 1.8935986723837033e+02, 1.8305200626553545e+02
8, 4, 1.9308012297730278e+02, 6.2993273004989362e+02
8, 5, 2.7622890764134286e+02, 5.5877408797712599e+02
8, 6, -5.9974514148828007e+02, -3.8122072459270220e+02
8, 7, 2.0458349007108154e+02, 4.3139841906729856e+02
8, 8, -4.5601881826421396e+02, 4.2808394732570662e+01
9, 0, -3.1712694196610059e+01, 0.0000000000000000e+00
9, 1, 5.2704779583673815e+02, -1.0557059637552879e+03
9, 2, -3.6589685660181817e+02, 2.7293494818774212e+02
9, 3, -1.9240704900390870e+02, -4.0515703870712974e+02
9, 4, -1.5643775894923238e+02, 6.1772648248207503e+01
9, 5, -4.4176838920538722e+02, 2.1020212450560544e+02
9, 6, 2.6275369678302559e+02, 7.6005817484711042e+02
9, 7, 1.7591398214649359e+02, -8.5728707760650025e+02
9, 8, -5.4472791093730211e+02, 3.1802548590607455e+02
9, 9, -2.9406229734791964e+02, -3.8851260653019847e+02
10, 0, 3.1975132728494771e+02, 0.0000000000000000e+00
10, 1, 3.7525083477763320e+02, -6.6917565658115663e+01
10, 2, -3.0808090654737680e+02, 1.1160131382216285e+00
10, 3, 6.6300102316291441e+02, 1.7882247435613772e+02
10, 4, 2.8068828449522059e+01, -5.0589182839353623e+02
10, 5, -2.6269006144793019e+02, -4.8962126123077894e+01
10, 6, 1.7865876946426340e+02, -4.2344673048802019e+02
10, 7, -1.3838515717657373e+02, -3.1765822272960656e+02
10, 8, -3.3839491575285958e+00, 4.6803433606940573e+01
10, 9, -2.9336421348914030e+02, -4.8563949855763406e+02
10, 10, 7.0197620537370312e+01, 2.2042122852630973e+02
11, 0, 2.8350683802934704e+01, 0.0000000000000000e+00
11, 1, -4.6388269638663195e+02, -9.9696439141424548e+01
11, 2, -9.8117697771339593e+01, 3.1512906505740204e+02
11, 3, 6.9305963163577076e+00, -2.7261706786004925e+02
11, 4, 1.8575962273296778e+02, 2.0538381876953562e+02
11, 5, 2.2517671411201374e+02, -1.4102500977902386e+02
11, 6, 3.3579863710079610e+02, 2.7556445762303071e+02
11, 7, -1.6257105526606290e+02, -1.8300717385448448e+02
11, 8, 2.1940087219534661e+02, 2.4179581379918130e+02
11, 9, -1.1219566688087934e+02, -1.4739141086367377e+01
11, 10, 4.0907159126589659e+02, -4.9625478585746514e+01
11, 11, 1.0459511557321564e+02, 7.4872801344513974e+01
12, 0, 2.9501525214134239e+02, 0.0000000000000000e+00
12, 1, 1.8024739615219011e+02, -1.4949971321538439e+02
12, 2, 1.4106088158794148e+02, 5.6680556851277231e+01
12, 3, 6.4768397473562800e+01, 5.9819217781153242e+01
12, 4, 2.2428070003078759e+02, -1.2854173338126336e+02
12, 5, 3.1705012439382699e+02, -1.1231889996441816e+02
12, 6, -9.4347631237477103e+01, -1.4041867791266296e+02
12, 7, 2.6664049374598949e+02, 2.8196880507333987e+02
12, 8, -3.6352593058070164e+02, -2.6477725673155834e+02
12, 9, 3.4256965153887882e+02, 2.3537427819776923e+02
12, 10, 4.1507652869678901e+02, 2.0100602167435005e+02
12, 11, 5.0284543604191143e+01, 2.8365530899643585e+02
12, 12, 1.0905388054018408e+02, 2.3838786534541039e+00
13, 0, -1.6029438362716434e+02, 0.0000000000000000e+00
13, 1, 2.2078495958609588e+02, 5.2053266385471204e+02
13, 2, -2.8659032897712655e+02, -1.9200564319551546e+02
13, 3, 3.3725072594897961e+02, 2.8951330860995017e+02
13, 4, 2.5663351062632779e+02, 1.0669187603356409e+02
13, 5, -9.8932663375973505e+01, 1.0467554834823883e+02
13, 6, -4.9672138478047032e+02, 3.6111606683085461e+02
13, 7, 2.4714220511900027e+01, 1.1380779293738049e+01
13, 8, -3.2648860033193849e+01, 4.6322734914226160e+01
13, 9, 3.4455204980926408e+02, 2.1791311902688813e+02
13, 10, -1.8531437966961590e+02, -1.1984256005931762e+02
13, 11, 1.7567234936209186e+01, 1.4501374798798770e+02
13, 12, -2.8945257647917214e+02, 1.7005498122723260e+01
13, 13, -3.1810394121532477e+02, -7.3091188041972146e+01
14, 0, 3.8924296919975092e+02, 0.0000000000000000e+00
14, 1, 6.9787092663694523e+01, 1.6323185998501685e+02
14, 2, 8.8334161104915324e+01, -1.0867018329203725e+02
14, 3, 1.1258928128915454e+02, -1.2149395141253565e+02
14, 4, -1.7939280540775059e+02, 1.7164302237552874e+02
14, 5, -2.4544221048356754e+00, 2.8229254804241783e+01
14, 6, -8.5305693215495495e+01, 1.3285381997960349e+02
14, 7, -1.7792395840434585e+02, -3.0724945348591540e+01
14, 8, -1.7793717575266052e+02, -1.3394662744082618e+02
14, 9, 2.0496868984510701e+02, 2.4596569131342483e+02
14, 10, 1.4164375927128947e+02, -2.1253054581893416e+01
14, 11, -3.0239248200024127e+02, -1.9786811277972356e+02
14, 12, -1.4370608716919938e+02, -1.6242989789549924e+02
14, 13, 3.5533865724754136e+01, 1.0164827438645844e+02
14, 14, 1.0117272602468923e+02, -8.2403147275430683e+01
15, 0, 1.1201750048763708e+02, 0.0000000000000000e+00
15, 1, 7.9615692986120933e+01, -1.9529948142357631e+02
15, 2, 1.7360411486771943e+02, -9.4561656368528404e+01
15, 3, -7.1663247787950084e+01, -3.8587418909743128e+01
15, 4, -1.2743782077542239e+01, 1.7940249666645687e+02
15, 5, -1.0576712903468223e+02, 1.3544680787912728e+02
15, 6, -2.2034464899778690e+01, 5.2530223211155302e-01
15, 7, -3.5161102218822585e+01, -8.2160683999529127e+01
15, 8, 1.4357077450516707e+02, -1.5405434457763673e+02
15, 9, -4.7469101764543484e+02, -6.0562438365130660e+01
15, 10, 1.4363324129271052e+02, 3.2413264469214539e+01
15, 11, -2.6858117308999141e+00, -5.2379222993026957e+00
15, 12, 4.5656471564487242e+02, 3.5241812292435668e+01
15, 13, 9.8405398871951391e+01, -7.8170564425745056e+01
15, 14, 5.2636959584928256e+01, -1.4267594715189961e+02
15, 15, 2.8679253456516398e+02, 9.3559546183851054e+01
16, 0, 2.8321073887735145e+02, 0.0000000000000000e+00
16, 1, -3.2901696465651057e+01, -3.9582064730919235e+01
16, 2, 3.4658397264983932e+02, 2.3408415162143496e+02
16, 3, -1.1570212673627120e+02, -3.3373775527261223e+01
16, 4, 2.1432192836828256e+02, 4.9524447902062938e+01
16, 5, 3.8433635830813472e+01, 4.9907263546388627e+00
16, 6, -1.5575395710922812e+01, 1.2466755922408570e+01
16, 7, -1.1419819353054731e+02, 9.5363054231506581e+01
16, 8, -6.4642104171726274e+01, -1.4264615619306841e+02
16, 9, 1.6599430209738759e+02, 1.4112174604235200e+01
16, 10, 1.2864996555263869e+02, 8.6364938792419466e+01
16, 11, -1.0452962766794391e+02, -2.8060494657229458e+02
16, 12, -2.8341481536596257e+02, 7.7018927878251304e+01
16, 13, 4.5731370004699123e+01, 5.2838152735231375e+01
16, 14, -1.6899768213281769e+02, -5.8085175590667241e+01
16, 15, 2.5824654718149043e+02, 2.9033525593138677e+01
16, 16, 2.4943734195288283e+01, 1.0235862637062024e+02
17, 0, 9.8012485871641530e+01, 0.0000000000000000e+00
17, 1, 1.5199213365206268e+02, -8.7053607989258133e+00
17, 2, 9.0597641209089389e+01, 2.4007274318679842e+02
17, 3, 2.6526053298583145e+02, 1.0562335476836486e+02
17, 4, 3.6403997831724318e+01, -3.5758703049039291e+01
17, 5, 5.4986792627975021e+01, 1.5512346081918889e+02
17, 6, 8.7695097374160298e+01, -1.2902467631165945e+02
17, 7, 5.6935528911632474e+01, 1.4979559986477605e+02
17, 8, -4.5163854833375183e+01, -2.3065885134734224e+01
17, 9, -1.3260984208825937e+02, 2.0666459124904998e+02
17, 10, -1.0931963083975660e+02, 6.3034216832780601e+01
17, 11, 1.7862074547782865e+02, 3.8747510270586338e+02
17, 12, -2.1009604359370411e+02, 7.5795182870757984e+01
17, 13, 1.8863058484843924e+02, 1.1892111949379637e+02
17, 14, -1.1021739414906226e+02, -5.0034063907994195e+01
17, 15, -7.0453914431621570e+01, -5.9830357678940139e+01
17, 16, -7.2914197676981587e+01, 8.3870386223048854e+00
17, 17, -1.5442918411378730e+02, -1.4595728840739039e+01
18, 0, -2.5401206280026095e+01, 0.0000000000000000e+00
18, 1, -1.4555393254376540e+01, 1.3006619284136227e+02
18, 2, -1.1050669818164374e+02, 2.1755280680992627e+01
18, 3, 1.0135348141735054e+02, -9.2708088076505291e+01
18, 4, -1.4891357537078147e+02, -6.9463599420097538e+01
18, 5, -1.2120951661099767e+01, 7.3754916238968647e+01
18, 6, -3.6693912118210669e+01, 4.1780794226708082e+01
18, 7, -4.8962235734398519e+01, -6.2799761422408125e+00
18, 8, -8.2538337689664530e+01, 8.4849131233679969e+01
18, 9, 5.5763468280579900e+01, -3.9593738268838285e+02
18, 10, -6.4971374406088387e+01, 1.5817067711460260e+02
18, 11, -9.1504794912606130e+01, -1.0078761431948426e+02
18, 12, -4.9505497613328565e+01, 2.4575340511054708e+02
18, 13, 1.4152915039508372e+02, -5.4518075831234910e+01
18, 14, 8.8253692400719331e+01, -8.5432809112492777e+01
18, 15, -1.8285737935055576e+02, -4.6201061290511234e+01
18, 16, -1.5916163896761077e+02, 8.0571298745457611e+01
18, 17, -2.2711153675057372e+02, -1.1296709777321425e+02
18, 18, 9.1203099123152299e+01, -1.0677310720870867e+01
19, 0, 4.3161366845620449e+01, 0.0000000000000000e+00
19, 1, -3.7115618173329075e+01, 3.9915520039893373e+01
19, 2, -2.0965149999778355e+01, 5.5005963712503316e+01
19, 3, -9.4121605213538118e+01, -1.1097990390235436e+01
19, 4, -1.2734939057893629e+02, -3.8737761602543038e+01
19, 5, -4.9603819611365182e+01, -9.6955517636566555e+01
19, 6, -1.4778395922927092e+02, 1.3314582924676114e+02
19, 7, -5.9309296671786250e+01, -2.0770017076892252e+01
19, 8, -1.8509249670632123e+01, -1.0012706367557369e+02
19, 9, -3.9409285249985800e+01, -1.9644189621861383e+02
19, 10, -4.2501650731625205e+00, -1.1939849620628522e+02
19, 11, 7.2874443125273601e+01, 5.3073051992504418e+01
19, 12, -2.2206228988208238e+02, -9.2944503212389407e+01
19, 13, 8.2295606896255649e+01, -1.0435388043605222e+02
19, 14, -4.3349476258934146e+01, -1.6849911451110248e+01
19, 15, -9.1171247766801812e+01, -1.2683619234831917e+02
19, 16, -7.6593365837623708e+01, 6.4665880508683955e+01
19, 17, 1.1138284137993604e+02, 7.5348573544979374e+01
19, 18, -1.3986049615582081e+02, -4.9183468362649776e+01
19, 19, -2.9903673003819119e+01, -1.0828978993299569e+02
20, 0, 1.0551830536042269e+01, 0.0000000000000000e+00
20, 1, 1.7574278561233655e+02, -7.8469236744120508e+01
20, 2, 3.2359662174525504e+01, 1.6109713943532732e+01
20, 3, 1.9273479699091396e+02, 1.9320930774894201e+01
20, 4, 5.6945330563211172e+01, 8.5513140666039732e+01
20, 5, -3.9400932315602653e+01, 5.4723859361752048e+01
20, 6, 2.2257765959417341e+01, 6.9232628620488157e+01
20, 7, 8.0483223775231082e+01, -2.6696043999331800e+02
20, 8, 4.2205763140800130e+01, -2.5307273667631414e+00
20, 9, -1.9848609486423095e+02, 1.4225822464304452e+01
20, 10, -5.6269054621482042e+01, 2.5723221574378819e+01
20, 11, -2.1458428402399250e+02, 1.6444337145424510e+02
20, 12, 1.4385221594939068e+02, 1.2770285524060267e+01
20, 13, 2.9274370029648492e+02, 3.9749913355254805e+00
20, 14, -1.0497355461828431e+02, -1.4616651199735256e+02
20, 15, -3.5923918378992354e+00, 1.2765688692875983e+02
20, 16, -6.7890736613060865e+00, -1.6147210174090958e+02
20, 17, 1.1680209556916688e+02, 8.4505051344885146e+01
20, 18, -2.1434481960611045e+01, 4.3000277667855094e+01
20, 19, 1.1958557365074931e+02, 2.4481644045201995e+02
20, 20, 2.5464192878649172e+01, 9.4010567033306458e+01
21, 0, 9.5171305343411248e+01, 0.0000000000000000e+00
21, 1, 4.7643882326607624e+01, -8.3942391963054476e+01
21, 2, -1.4663048358101111e+02, 2.6398311910901366e+01
21, 3, -5.1989707849590793e+01, 5.7964558772122956e+01
21, 4, -1.1667264311849634e+01, 4.2904494388859057e+01
21, 5, -8.1290845887368107e+01, 6.0924539243414756e+01
21, 6, 3.7033397090028406e+00, 1.3243557029459191e+02
21, 7, 1.4864485799391419e+01, 6.5342383171923558e+01
21, 8, -5.7588441440551080e+01, 4.9848498386076045e+01
21, 9, 1.7924504462861924e+02, -9.5237335487981653e+01
21, 10, 5.9599831057353882e+01, -1.7996097241994153e+02
21, 11, 1.8002910566472147e+02, 2.2525330255099701e+02
21, 12, 5.8211982431453087e+01, -9.1505257375391977e+01
21, 13, 4.7499153110199586e+01, 9.8260811229033848e+01
21, 14, 1.3814886982110789e+01, 7.0621749525117679e+01
21, 15, 3.9772830991516450e+00, -1.2463773054262404e+02
21, 16, 3.7050189833482492e+01, 1.9439827441312343e+02
21, 17, 9.9680868880889960e+01, -2.6886445429244130e+01
21, 18, -2.5572212781445366e+01, 8.1648487594629415e+01
21, 19, 1.7088041825328946e+02, 7.3131896879439580e+01
21, 20, 1.9818695555379475e+02, 1.3736823096401423e+02
21, 21, -1.0770153729947120e+02, -1.9739779266695248e+02
22, 0, 2.7676037290793948e+02, 0.0000000000000000e+00
22, 1, 6.8415621229696058e+01, 1.5547452281859134e+02
22, 2, 1.2691568371490673e+02, -5.1093228571946163e+01
22, 3, 5.7419470685590042e+01, 7.9296242340323388e+01
22, 4, -1.1012189946884465e+02, -8.7114412998710009e+01
22, 5, 2.3819238563476112e+01, -4.8676710114011605e+01
22, 6, -1.1042460405730247e+02, -1.5819383114103368e+02
22, 7, 1.8743095703643174e+01, 1.1781740090586149e+02
22, 8, -7.3516217392290116e+01, -4.8886642993225117e+01
22, 9, 9.6230938096511636e+01, 1.9440840807039515e+02
22, 10, 3.4481920728982061e+01, 1.2153202573443667e+02
22, 11, 2.1583526257606613e+02, 1.6053294870195009e+02
22, 12, 3.0934308243888175e+01, -1.3423952638988590e+02
22, 13, -5.3444416212473556e+00, -2.0765232560580692e+01
22, 14, -8.5755191390237869e+01, -6.0772897409126742e+01
22, 15, -1.2057974166227060e+01, 4.8106779150625385e+01
22, 16, 3.2564188731212212e+01, -4.8456157714010800e+01
22, 17, -1.6928278348497534e+02, -8.5529979082372961e+01
22, 18, 2.4360350921020952e+01, 9.9848574587329907e+01
22, 19, -9.6657311775796558e+01, -8.0989288790808246e+01
22, 20, 1.1757455235334767e+02, -8.3619530353843743e+01
22, 21, -1.5583871521426607e+02, -1.2627267548106272e+02
22, 22, -8.8824143419694380e+01, -2.5196405283648957e+01
23, 0, -7.5980854250539636e+01, 0.0000000000000000e+00
23, 1, 2.3438192431518953e+01, 6.2780970269088549e+01
23, 2, 3.4781930592765079e+01, 5.8857154338662724e+01
23, 3, -9.2319846603063567e+01, 7.4928265943808114e+01
23, 4, 1.1332302119698468e+02, 3.2527814679288092e+01
23, 5, 6.6193561161011388e+01, -2.2365432616138058e+01
23, 6, 1.1120943092279923e+01, 6.7491414737403716e+01
23, 7, -8.4135612566233519e+01, -1.8485520857337360e+02
23, 8, -1.1763155339446240e+02, 5.9547844058270805e+01
23, 9, -2.5574298368162665e+01, -9.6729827905139658e+01
23, 10, 5.5286618646829481e+01, 3.1238809674656403e+02
23, 11, 1.1482182391325910e+02, -1.2602152704491894e+02
23, 12, 4.2437554989281296e+01, 2.1019011985664250e+02
23, 13, 4.6708895752554547e+01, -1.4457409520611324e+02
23, 14, -6.8393822619196555e+01, 2.0053898990128434e+02
23, 15, 2.1519692668089753e+01, -1.3231069354059332e+02
23, 16, -1.1237392244809413e+01, 1.0274489811920368e+02
23, 17, -3.1864196539898213e+01, 1.4312962554134714e+00
23, 18, 2.2804202460106730e+01, -6.3093283817869427e+01
23, 19, -1.7120183515261397e+02, 3.6130787155217575e+01
23, 20, 1.2790708624933163e+02, -1.3998649191921766e+02
23, 21, -4.4292349059049400e+01, -3.7507651184417291e+01
23, 22, -8.9194006394050888e+01, -1.4631810121932619e+02
23, 23, 8.7375955716533738e+01, 8.3032079492559916e+01
24, 0, 1.2111086886561483e+02, 0.0000000000000000e+00
24, 1, -7.4897443556143955e+01, -1.5356183973531296e+02
24, 2, 5.7796869810492069e+01, 1.2891879272970067e+02
24, 3, -1.2233426114312199e+02, -1.0931697343654162e+02
24, 4, 1.1665393846029023e+02, -8.1401995015552544e+01
24, 5, -1.2091641733379822e+02, 9.8584345743425210e+00
24, 6, -1.1563679619493556e+02, 1.1797152370042713e+02
24, 7, 5.7859783716699560e+01, -2.5420303430740645e+01
24, 8, 2.8019395055771437e+01, 1.1485074716954631e+02
24, 9, 7.5036558526828188e+00, -6.8500851981726676e+00
24, 10, 4.0079199378513415e+01, -1.2424542937820621e+02
24, 11, -1.6694899648441549e+01, -6.2028494319072195e+01
24, 12, 8.5782388986568833e+01, 5.8065171859429867e+00
24, 13, -1.6793482751963177e+02, 4.4218998658474868e+00
24, 14, -8.3388184653972761e+00, -2.7520884862024051e+01
24, 15, -7.3885515116415064e+01, 6.3593740611772454e+01
24, 16, -8.5321895611792229e+00, -6.1707719694853061e+01
24, 17, 5.6611598682545164e+01, -4.0368021685954353e+01
24, 18, -6.4042704002576912e+01, 1.8952109550747187e+02
24, 19, 1.9227921698511602e+02, 4.5398491289495908e+00
24, 20, 1.0794149447729485e+02, -6.5772238477670015e+01
24, 21, -7.2851918273978640e+01, 1.3910520674466386e+02
24, 22, 4.3856821275132596e+01, 2.5049712199824818e+01
24, 23, -1.0675738841349414e+01, 5.4971430212170020e+01
24, 24, -3.3877050722440387e+01, 3.8736280984247891e+01
25, 0, -1.4311905541796579e+01, 0.0000000000000000e+00
25, 1, 8.6495330015713705e+01, 3.4780558377793376e+01
25, 2, 7.2241409070904155e+01, 7.6197916456491939e+01
25, 3, 7.4322229608136212e+01, 2.9919186716932771e+01
25, 4, 1.0398711815598224e+02, -6.8061999187194630e+01
25, 5, 3.2094453327798796e+01, -2.3333477870983408e+01
25, 6, 4.5678879209186199e+01, 6.7671052650916579e+01
25, 7, 1.2353428143770084e+02, -1.1954329078538970e+02
25, 8, 9.0221219097742463e+01, -4.9117298557659218e+01
25, 9, 7.8843069621354536e+00, -6.3420583152748762e+00
25, 10, 1.2386269517078456e+02, -4.2911284321616137e+01
25, 11, 1.2809848455462375e+02, -3.8412280326990434e+01
25, 12, -3.0623549688262379e+00, 8.3924686103978445e+01
25, 13, -5.8448738773932966e+01, -1.1671323771929096e+01
25, 14, 1.2397973281898373e+01, 1.2100400091845220e+01
25, 15, -4.1063752509496368e+01, -9.1241001058735520e+01
25, 16, 5.1010707133163180e+01, -1.0907202955760491e+02
25, 17, -5.7636881889060732e+01, -2.4572940046758291e+01
25, 18, -9.4487290411989434e+01, -6.9422283476926438e+01
25, 19, -7.4870670543988993e+00, -8.8228671083460206e+00
25, 20, 9.1563392824553077e+01, 2.0360545563809037e+01
25, 21, 5.1929794385497367e+01, -1.7911095668151049e+02
25, 22, 6.3791849402632181e+01, 1.6737218391060065e+02
25, 23, 2.0531429543647846e+01, -9.2964313913272434e+01
25, 24, 1.2628191726045429e+02, 6.2869151386914055e+00
25, 25, -3.4306009950507367e+01, 1.2251629074206217e+01
26, 0, 1.8863687286956832e+02, 0.0000000000000000e+00
26, 1, -1.0493937522108013e+02, 7.8622157711974126e+01
26, 2, -4.6278926118168627e+01, 6.2769445215713944e+01
26, 3, -1.6559634006268581e+02, 1.6584599650058493e+01
26, 4, -2.4478846588160408e+01, 1.2585268671084978e+02
26, 5, -2.5503217855805559e+01, 1.5499505344493016e+02
26, 6, 4.9538216961547263e+01, 1.0425894714125917e+02
26, 7, 3.8285928454064063e+01, -6.6825114773672155e+01
26, 8, 1.4672808235100598e+02, -1.7963352770504824e+02
26, 9, -2.5294597178891692e+01, -1.6041016575223601e+01
26, 10, 9.5812914801112484e+01, -3.7393138857663324e+01
26, 11, 4.5350286906481728e+01, -1.5416920224760725e+01
26, 12, -3.3131284333460989e+01, 1.0723425405202319e+02
26, 13, 5.2039185866262066e+01, -3.0704846243059258e+01
26, 14, 2.3524281294311699e+01, -5.4690092701322754e+01
26, 15, -1.5738808007589654e+01, 3.2170925255928161e+01
26, 16, -4.4562784747536540e+01, 1.7555489153991992e+00
26, 17, 1.0469917027894128e+02, 6.5089592423726884e+01
26, 18, 5.1857433764078955e+00, 1.5022613637349002e+02
26, 19, -2.6476987275648309e+01, -1.5903841674663823e+02
26, 20, -1.6791892906687227e+01, -6.5996620850916266e+00
26, 21, 3.6096216899710662e+01, -7.7343008260937893e+01
26, 22, -9.6418444796368007e+01, 1.6362404338542686e+02
26, 23, -1.5135491187606066e+01, -9.5163273738686996e+01
26, 24, -1.1087622389675255e+02, 4.4978427435204068e+01
26, 25, -1.0370155301138279e+01, 1.3956738777005807e+01
26, 26, 1.2613233433572768e+01, -3.0218541853044510e+01
27, 0, 1.1700337929635157e+02, 0.0000000000000000e+00
27, 1, 2.7094350478062246e+01, -3.8724087899290588e+01
27, 2, -2.5943778236010278e+01, -1.0897402493055442e+02
27, 3, -9.7746744547914890e+00, 4.0840905927091995e+01
27, 4, -4.9946989945331296e+01, -4.7073924190628667e+01
27, 5, -3.2468173719647169e+00, -7.5470924303162462e+01
27, 6, -1.2746230063429734e+02, 1.5402045293976297e+01
27, 7, 7.0918838963319430e+01, 3.9872097693489479e+01
27, 8, 5.1773395839678216e+01, -1.0223933105152065e+02
27, 9, -1.3800263314593943e+02, 1.1620565350201154e+02
27, 10, -1.1062328045844949e+02, 2.5773911624625583e+01
27, 11, 2.7468707360483993e+01, -4.6572437483583855e+01
27, 12, -6.6507203196722344e+01, 1.2154981425563338e+00
27, 13, 5.8061424921906998e+01, -1.2147986047135181e+01
27, 14, -1.7599435653891291e+02, -3.5121512057923610e+01
27, 15, -5.1592137980575842e+01, -3.9478970446523562e+01
27, 16, -6.4126148508372125e+01, 9.7744549978054323e+01
27, 17, 3.1061855586360277e+01, -1.4045933635873266e+02
27, 18, -4.1270388010546299e+01, -4.6660245799183627e+01
27, 19, -4.9764360791410894e+01, 1.1312664807921530e+01
27, 20, 1.1285733443947868e+02, -2.4453525506862842e+01
27, 21, -5.4788368126383233e+01, 2.6364255057433738e+01
27, 22, -1.7275323831366030e+01, -9.0975090135376107e+00
27, 23, -9.0029113632761142e+00, 6.2169817462045877e+01
27, 24, -6.1043859551418798e+01, -1.0799167512292254e+02
27, 25, -1.8954902357874957e+01, 3.4628274751357502e+01
27, 26, -4.8185578491096052e+01, -1.2597773397003677e+02
27, 27, 2.3875088050374558e+01, -2.2723582267532315e+01
28, 0, 6.9188737074864584e+00, 0.0000000000000000e+00
28, 1, -2.0410371365182186e+01, 5.1195181391445406e+00
28, 2, -5.3277897736204380e+01, -3.3673568435884654e+01
28, 3, 2.4412059018162910e+01, 1.0145639685184142e+02
28, 4, 7.6870117282271025e+01, -1.4064362768275961e+02
28, 5, 5.9036935343392891e+01, -1.6470482158452526e+02
28, 6, -4.4688889376383777e+01, 2.5614819116916227e+01
28, 7, 6.6721793081337367e+01, -1.7138060134587508e+02
28, 8, 5.3341953049056812e+01, 7.0000756337239935e+01
28, 9, 3.1487471151732159e+01, -7.0194231831366181e+01
28, 10, 2.6104226862691586e+01, 1.2290825783798041e+02
28, 11, 4.3930313940751212e+01, -2.8997526660956513e+01
28, 12, 4.3498599286309158e+01, 4.8080318542594412e+01
28, 13, -1.4862376976437687e+01, -7.9118082272583564e+01
28, 14, -1.1935906872976634e+02, -9.0222647563190279e+01
28, 15, 2.7162603311599874e+01, -5.9686002023397805e+01
28, 16, -1.1679471877550396e+01, -6.9288050569405399e+01
28, 17, 1.3662471426946618e+02, -1.1254339237734094e+02
28, 18, -2.8221774670746441e+01, -3.2776900312871156e+01
28, 19, -9.5880417273185316e+01, -6.4448489847838331e+01
28, 20, 2.6583829100331478e+01, 2.3012351479430073e+01
28, 21, 8.2985683275196322e+01, 2.9020963970400427e+01
28, 22, 1.2039398840800608e+00, 2.1775882792517294e+00
28, 23, 2.0321220448121391e+01, -3.7159323457764678e+01
28, 24, -6.0803365141789989e+01, 1.6783936234040848e+01
28, 25, 3.0257292108474111e+01, -2.5266995577572921e+01
28, 26, 7.9908118295097069e+01, -9.5941864289427954e+01
28, 27, 7.1081764127620119e+01, -5.5840214677147188e+01
28, 28, 2.2201801220677712e+01, 1.5300378809986256e+01
29, 0, -5.1687039101249667e+01, 0.0000000000000000e+00
29, 1, 8.1512701426766839e+01, 2.8610001177160363e+01
29, 2, -1.4608773140055399e+02, -2.1164926256277305e+01
29, 3, -1.1436509421554920e+01, 7.0085760582894054e+01
29, 4, -4.9696200316684610e+01, -1.2449070514038380e+02
29, 5, 7.5797371446589956e+00, -3.3219404719219433e+01
29, 6, -3.5809372925986757e+01, -1.2048149729930124e+02
29, 7, 4.5426685505352935e+01, -2.0086052191888491e+01
29, 8, 1.9055422402172859e+01, 8.8980600677857051e+00
29, 9, -6.1924124039710939e+01, -9.4897791413808164e+01
29, 10, -5.7977956083818597e+01, 1.1403150799705998e+02
29, 11, -1.4383138622038692e+02, -7.4190362474655217e+01
29, 12, 9.3710553039636551e+01, -1.0598101673884692e+01
29, 13, -9.4318417969704740e+01, 8.3983028953404322e+00
29, 14, 1.2182042689460634e+02, -1.8643120645265583e+01
29, 15, -8.1143759538180646e+01, 1.1731200946821907e+01
29, 16, 5.4469483103490077e+01, -4.2335684114870439e+01
29, 17, -7.1531560232826337e+01, 3.7217208773474994e+01
29, 18, 7.5195795529137200e+01, -1.9968217313028966e+01
29, 19, 2.7369325600848310e+01, 3.4305984969042377e+01
29, 20, -1.6720415833762125e+01, -6.1202151785043903e+01
29, 21, 1.9049161538220076e+00, -1.1349889885461691e+02
29, 22, -1.0930997467299359e+02, -5.0927971875642697e+01
29, 23, 3.9048267164259222e+01, -1.9499288617047092e+01
29, 24, -6.6673345137709674e+01, 6.8027848474170582e-01
29, 25, 9.4717463990068069e+01, -6.5094359688025648e+01
29, 26, 1.1009692490272595e+01, 2.7066359530635872e+01
29, 27, -2.3965924062200443e+00, 2.4354120122996443e+00
29, 28, -2.4952157159587113e+01, 9.9517128629491467e+01
29, 29, 1.2176561447511958e-01, -3.4291241218598209e+01
30, 0, 5.3177673757303580e+01, 0.0000000000000000e+00
30, 1, 3.7730624439747636e+01, -1.9058759685402048e+01
30, 2, 7.8920752384837300e+01, -3.0984866957290304e+01
30, 3, 3.6388456299263375e+01, 7.8173467639290280e+01
30, 4, 6.4428295842307620e+01, -9.4231737577050623e+01
30, 5, 3.0842608644846095e+01, 1.0083430460554631e+01
30, 6, -6.9588717475470645e+01, -6.2200823720334910e+01
30, 7, -5.5221919386535419e+01, 4.8666833781501779e+01
30, 8, 3.3887768729261353e+01, -9.4258754034699180e+01
30, 9, 7.5179447257715736e+01, -1.2615726819204627e+02
30, 10, -1.9112334186970614e+01, 7.2149998859494318e+01
30, 11, -2.4815685694635285e+01, -4.6650521537387618e+01
30, 12, 3.7511506882891112e+01, -4.3864503580991887e+01
30, 13, -1.2687102891626321e+01, 4.5565462811195218e+01
30, 14, -1.5943918964731372e+01, 1.6797166461759213e+02
30, 15, 1.1473682664512665e+01, -2.2879385339515647e+01
30, 16, 9.9549719640838845e+01, 6.2858471134703301e+01
30, 17, -1.0458782139201825e+01, -5.5768262828006414e+01
30, 18, -2.7353690790851683e+01, 8.1111489395800817e+01
30, 19, -1.1717303911792425e+02, -7.9071735092854610e+01
30, 20, -7.5754104866170849e+01, 7.9436793953383841e+01
30, 21, 6.9603754551308867e+01, -3.8460815159993864e+01
30, 22, -7.7723216235068435e+01, -1.2230780084485014e+02
30, 23, -1.7215721214778569e+01, 3.8428506665739690e+01
30, 24, 5.8369652023931785e+01, -1.5575885880591242e+01
30, 25, 8.7305080860140180e+01, 1.2706519285431277e+01
30, 26, -6.7509092480275271e+01, 3.1317898744263598e+01
30, 27, 1.3868590272528358e+00, 7.7631657031603396e+01
30, 28, -1.7594487738607722e+01, 8.2470127838455937e+01
30, 29, 1.2198668393655927e+00, 8.9810790175993674e+01
30, 30, -4.2711680916708573e+01, -6.9255637855544620e+01
31, 0, -6.1324558941262296e+01, 0.0000000000000000e+00
31, 1, -1.4584708326322096e+01, 2.8396907449009426e+01
31, 2, -1.0387610861989359e+01, -1.0257650703960212e+02
31, 3, -4.9707133762240808e+01, -1.0918090474326890e+01
31, 4, 4.6481713625365401e+01, -2.9305846492274920e+01
31, 5, 2.6614283996231840e+01, -3.7811610257551756e+01
31, 6, 4.8383539161744629e+01, 3.3676579904205539e+01
31, 7, 2.7536603952273090e+01, 3.2853724307474728e+01
31, 8, 3.6937278703486818e+01, 7.1963069676315456e+01
31, 9, 5.0734186317542793e+00, 1.3370067440059636e+01
31, 10, -4.6283389481309820e+00, 1.0269060802733350e+02
31, 11, -2.6688496725489948e+01, -1.7703474980652750e+01
31, 12, 9.6875922308790564e+01, -9.3559846751228946e+01
31, 13, -2.9613199047627031e+01, -3.3860948500904101e+01
31, 14, -5.3544817874514990e+01, -6.6219182419041445e+01
31, 15, 3.5552371816892673e+01, -5.3524761250147321e+01
31, 16, 1.3531668616851119e+01, 3.2633525964654034e+01
31, 17, 5.5953670961373398e+01, 3.6720652777337918e+01
31, 18, -1.8658506774601085e+00, -1.3735072083088170e+02
31, 19, -2.4650433949444448e+01, -5.2964756093109614e+01
31, 20, -4.4255980685353904e+01, -1.3829791661769027e+01
31, 21, -8.2005950237620084e+01, 3.3359052642192076e+01
31, 22, 4.8997130148350010e+01, 8.9113677665687305e+01
31, 23, -7.2697082153665065e+01, -3.9185057279301702e+01
31, 24, -9.3616607678527245e+01, -9.1771303230424639e+00
31, 25, -3.2644781219157530e+01, 3.7846674615891558e+01
31, 26, -1.5664131881739769e+01, 4.9495522912417968e+01
31, 27, 1.9073725565871499e+01, 4.9851494813784718e+01
31, 28, 3.1077566730075294e+01, -1.6687440158403979e+02
31, 29, 1.8058861068744548e+01, 3.9103052810257495e+01
31, 30, 4.2550626965879133e+00, -8.8236930639354327e+01
31, 31, -1.1736768062033683e+02, 1.2782689743242564e+02
32, 0, -4.4813518813385372e+01, 0.0000000000000000e+00
32, 1, -5.2753572737894032e+01, 6.1606662736655160e+01
32, 2, -1.1212090730559203e+02, -1.3982172369380608e+01
32, 3, 7.4156336409102451e+01, 1.1287659828031751e+02
32, 4, -3.2974821862104079e+01, -8.6474102595529896e+00
32, 5, -1.8179453145850673e+01, -3.3212988763379094e+01
32, 6, 5.3983916967727502e+01, 1.7933574847107533e+01
32, 7, -5.2692458503992768e+01, -2.8267548990696753e+01
32, 8, 5.1024899078498024e+01, -2.4584262268876067e+01
32, 9, 6.4411257603483705e+01, -1.3323546274229809e+01
32, 10, 5.8758730247842209e+01, 5.3316595933066992e+01
32, 11, -4.3181679247342153e+01, 8.4778414901841415e+01
32, 12, 2.9582390325823438e+00, 7.3607557608524473e+01
32, 13, 2.9091340799400328e+01, -4.6481141694609960e+01
32, 14, 2.7863767034883253e+01, 6.5193440541070458e+01
32, 15, 5.3724541860586520e+01, -7.4592977697347393e+01
32, 16, -6.0389647076502079e+01, -3.3786175125779465e+01
32, 17, -5.8162131616936650e+00, 3.6947119662386456e+01
32, 18, -4.6917146116003963e+01, -2.4849036552075148e+01
32, 19, -2.6264733713583581e+01, 9.5000179191717251e+01
32, 20, -1.5029890975787137e+02, -3.3764035116635760e+01
32, 21, 9.4112881633732101e+01, 5.1596961079630404e+01
32, 22, -1.4942216495601279e+01, -2.4631514714411448e+01
32, 23, -5.0668206790593345e+01, 5.3037117532000067e+01
32, 24, -2.6805054297062818e+00, -5.7188324803875169e+01
32, 25, -8.4752203554713745e+01, 1.0067219767537065e+02
32, 26, -1.3253395100875627e+01, 9.7070338133040153e+00
32, 27, 1.4857921066573081e+01, 6.1192938518721526e+01
32, 28, -4.0458774333132659e+01, -1.0276583336142150e+02
32, 29, -1.3304039630342496e+02, -3.9113331074406240e+01
32, 30, -5.8156252874243215e+00, 2.7397368703602405e+00
32, 31, -1.1236895405648985e+01, -5.1713735641166366e+01
32, 32, 4.4280586388037719e+01, 7.3765684759169631e+01
33, 0, -1.6548522135914666e+01, 0.0000000000000000e+00
33, 1, 7.3369821466772251e+01, 6.2990901438768610e+01
33, 2, -1.7577405864619514e+01, -6.9661989010820051e+01
33, 3, 7.0341880814577991e+01, -2.7850002432280370e+01
33, 4, 4.1977239353315056e+01, -4.6014690295440396e+01
33, 5, 1.9708576187996538e+01, 3.8311054718624419e+01
33, 6, 4.1888348160990120e+01, 1.2878258705143128e+02
33, 7, 6.6588702537546229e+00, -6.8536736925199591e+01
33, 8, 1.0456419353445686e+02, -6.0962846377451108e-01
33, 9, 4.7787494729486099e+01, 1.3220562887471214e+01
33, 10, 4.2083754828153182e+01, -2.3454112577305839e+01
33, 11, 9.7816686958826757e+00, 1.9313809753674299e+01
33, 12, -6.8284961151050794e+01, -5.5471288703523044e+01
33, 13, -7.7040227767511837e+01, 1.4295160246357085e+01
33, 14, 6.3104624090124020e+00, 4.1670807533771629e+01
33, 15, -3.6906649200740965e+01, -1.1423371836069505e+01
33, 16, 3.1088807028781439e+01, -1.4010194153139910e-01
33, 17, 1.8136954279818823e+01, 3.9517675103459496e+01
33, 18, 7.3482027192053479e+01, -1.5616611132424698e+01
33, 19, -8.6073786665882636e+01, 6.9599086198547830e+00
33, 20, -1.8771125844848708e+01, -3.1937404923899280e+01
33, 21, -5.1139554497781134e+01, 7.0249483997293609e+01
33, 22, 2.9337497892717224e+01, -3.7626802683881841e+01
33, 23, 1.4930976521689402e+01, -4.8323551969700617e+01
33, 24, 8.7592024937063741e+01, 8.9960677026590218e+01
33, 25, 1.3502195369840655e+02, -5.2934797010840093e+01
33, 26, 4.4475627719938437e+01, -4.4152413131251883e+01
33, 27, 1.5878607537163292e+01, -8.8947238754496247e+00
33, 28, -4.1442241441671321e+01, -2.2502972562652264e+01
33, 29, -3.7457014365667398e+01, 6.0883637055859403e+01
33, 30, -1.0760524930617724e+02, 9.3488471272842943e+01
33, 31, 8.3272743990067308e+00, -1.0226021125198624e+01
33, 32, -3.8611951331832351e+01, 5.5477329628073306e+01
33, 33, 6.5407281242057351e+01, -9.0593022182161292e+01
34, 0, 1.3635622804994404e+02, 0.0000000000000000e+00
34, 1, -4.4566854633793163e+01, 1.7739224567293100e+01
34, 2, -1.2668017418198067e+01, -6.2105116588556541e+01
34, 3, 2.6183971508977073e+01, 1.0825474613544331e+02
34, 4, 3.1199331676434110e+01, -5.9940666335302424e+01
34, 5, 2.0435736412037500e+01, 4.2281647255528675e+01
34, 6, 6.7093581823138999e+00, 5.9155060622566282e+01
34, 7, -1.2605544023961421e+00, -5.7463272093124246e+01
34, 8, -4.4013490745840347e+00, 1.0291278031193215e+02
34, 9, -1.1930429637734861e+02, 2.5347281260475384e+01
34, 10, -2.8018194019450757e+01, 2.2928307491060185e+01
34, 11, 2.7570255125443332e+01, 1.1170981049667620e+02
34, 12, 5.0500977123117188e+01, -2.8479807932438405e+01
34, 13, 9.9761028205000528e+01, -5.9390622430162352e+01
34, 14, 2.9376999503798153e+01, -1.2844325149612578e+02
34, 15, -2.6394742925776612e+01, -5.4090699017720560e+01
34, 16, -8.2552079142486406e+01, 1.8682608404691720e+01
34, 17, 4.1302573254864008e+01, -2.4970602000709494e+01
34, 18, 4.1508611422359163e+00, 3.3484617406990090e+01
34, 19, -2.4375836177300116e+01, -6.6979531095641505e+01
34, 20, -2.5902810101355286e+01, 3.2015232539831374e+01
34, 21, -6.1642744759668666e+01, 7.0675495283803826e+01
34, 22, 9.1949330401993237e+01, 2.3422383774402974e+01
34, 23, -5.8524058210105714e+01, -6.9202049258041196e+00
34, 24, 4.0546169384048959e+01, -5.0742615518222877e+01
34, 25, 3.0728888248985200e+00, -4.7244256197534099e+01
34, 26, -7.0469789942294256e+01, 5.8975182450484972e+01
34, 27, 7.7035648055349910e+01, -4.3940105157407764e+01
34, 28, 1.1499742603069063e+01, -3.7985458723980528e+01
34, 29, -4.4660543973235463e+01, -1.0756571854734344e+02
34, 30, 2.1563067658694688e+01, 1.1727200210970423e+00
34, 31, 1.4337090232284563e+01, -1.1890117868162225e+01
34, 32, 3.6061803410995623e+01, 1.8220976947957571e+01
34, 33, 6.2711715477225617e+01, -2.1983812983273218e+01
34, 34, 3.5351214007972374e+01, 5.0562182645871346e+01
35, 0, -2.0204325143848688e+01, 0.0000000000000000e+00
35, 1, -1.8324220221957326e+01, 1.5485205918169962e+01
35, 2, -5.5769718305688464e+01, 4.8481532279199008e+01
35, 3, 3.4331411810501280e+01, 8.7716509434557508e+01
35, 4, 6.3932693665793522e+01, -3.9936158594345777e+01
35, 5, 8.2983158929197245e+01, 4.4015957678012988e+01
35, 6, 1.0077372834859343e+01, -7.9109823412728275e+00
35, 7, 3.7485646400797443e+00, -4.6929011192118054e+01
35, 8, -4.3025765616881912e+00, -8.5118923127115682e+00
35, 9, -1.2981712907530245e+01, -2.2369839681499709e+01
35, 10, 1.7863538625231829e+01, 4.0155365269673482e+01
35, 11, -6.1054101291232570e+01, 4.1823660908033567e+01
35, 12, -2.4869835355130157e+00, 1.5636448750042426e+01
35, 13, -5.5168032025447332e+01, 2.1528201719145112e+01
35, 14, 4.2264696919606642e+01, 5.3542701498803225e+01
35, 15, -2.0808249245904236e+01, 2.8764278210835791e+01
35, 16, -6.4266912075723198e+01, -7.4709573671369043e+01
35, 17, 4.7378965469263399e+01, -6.8811740035435747e+01
35, 18, -8.3575242781030425e+01, -4.8919130066611096e+00
35, 19, -6.3289949440611664e+01, -2.6646788575029419e+01
35, 20, -6.3548895801155098e+01, 1.1866687656064067e+02
35, 21, -3.2003582549102752e+01, -6.4331288187726770e+01
35, 22, 2.0381724066689010e+01, 7.2346501397294773e+01
35, 23, 7.1036793021278399e+01, -1.0674132320319099e+02
35, 24, 3.9191352505932748e+01, -4.5531077798756094e+01
35, 25, -8.0344283904693476e+00, -3.0493297763085283e+00
35, 26, -3.4535107468571944e+01, -6.9225987309412673e+01
35, 27, -3.6418329954178297e+01, 8.1384889330818140e+01
35, 28, 7.3565181591569448e+00, 2.0273427042791923e+01
35, 29, -2.9646827967338432e+01, -6.5631029725438282e+01
35, 30, -3.9149704662908150e+01, -5.9349360302590251e+00
35, 31, 4.3238035169604579e+01, -1.0709632413242534e+01
35, 32, 2.9530382935347276e+01, 2.7366681382027977e+01
35, 33, -3.6883677171450699e+01, -1.3245004188860037e+00
35, 34, -2.4845427287336229e+01, 7.4747439181807266e+01
35, 35, -2.7083466334175121e+01, -7.1707241042287578e+01
36, 0, -6.0787466761882307e+01, 0.0000000000000000e+00
36, 1, 2.2527914986209652e-02, -8.3250065430646902e+00
36, 2, -5.9234692670126279e+01, 2.5009288868611563e+01
36, 3, -2.0860849828634986e+01, -2.4119026764212180e+01
36, 4, 9.6054860382991691e+01, 1.4875950048644190e+01
36, 5, -5.8277595528038759e+01, -8.6143825901155573e+00
36, 6, 3.9037682284666097e+01, -2.2200169296050401e+01
36, 7, 1.1181436283381859e+02, 3.4114877169691120e+01
36, 8, -1.2613486911112293e+01, -2.7589517179064018e+01
36, 9, 1.5944503909042081e+02, -4.0697856485627888e+01
36, 10, 3.3803472537555955e+01, -8.7998139630659225e+01
36, 11, -2.8027722393909826e-01, -2.9924265370001084e+01
36, 12, 1.0228158528620017e+02, 4.7359953249477570e+01
36, 13, -1.1047263328503550e+02, -6.6540631555384948e+00
36, 14, 3.9368304769335793e+01, 3.6893954262629293e+01
36, 15, -1.2750348566474062e+02, 7.0289435947780035e+01
36, 16, 8.2953135290992861e+01, -9.8352140049048806e+00
36, 17, -3.2974885604566069e+01, 2.0491800377302319e+01
36, 18, 1.7596082468004496e+01, -4.5900013278363787e+01
36, 19, -1.4635078851488482e+01, 6.9209292270464800e+01
36, 20, -6.9452733218463678e+01, -4.4775404576199477e+01
36, 21, -4.4000757005804751e+01, 3.6239293443809814e+01
36, 22, -3.2452381027616930e+01, 3.1801906952833107e+01
36, 23, -1.4390768721407342e+01, -7.1553395277459245e+01
36, 24, -1.1817297586729403e+01, -7.7039734784285807e+00
36, 25, -4.7201717069922388e+01, 3.2486979536113537e+01
36, 26, 5.5739535004095465e+01, 9.3582131645098158e+01
36, 27, 2.1903039773655799e+01, -1.6213233975849050e+01
36, 28, 3.2228042904486990e+01, -5.6208341409605779e+01
36, 29, -1.0682344753960606e+00, 1.2088169790417544e+02
36, 30, -6.1691512521083943e+01, -2.1733531385827401e+01
36, 31, 7.3611838817594499e+00, 3.9934048735225957e+01
36, 32, 6.4212757271749652e+00, -3.3038084720713670e+00
36, 33, 7.5823640340537665e+01, 2.9798223419842245e+01
36, 34, -1.7993116732122793e+01, -5.1804614354510889e+01
36, 35, 1.4388888349182771e+01, -1.4222366265191440e+00
36, 36, 6.3136044161049600e+00, 9.4190858622808221e+01
37, 0, 4.5623920207234335e+01, 0.0000000000000000e+00
37, 1, 4.7175905262148028e+01, 6.5521658534734200e+01
37, 2, -9.4924684689803399e+01, 3.5315282790912065e+01
37, 3, 8.9004710333852827e+01, 1.6844152137280254e+01
37, 4, 2.2064991868312092e+01, -5.9641534972507230e+01
37, 5, -7.4102538428687723e+01, -1.8211942018305862e+00
37, 6, -7.9993815069859515e+00, -3.7559218771497299e+01
37, 7, -1.2556930736467433e+02, -5.7657153136305617e+00
37, 8, -2.5001383526189727e+01, -6.4901116523366454e+01
37, 9, -2.7819285684674028e+01, -6.2318868142713697e+00
37, 10, -3.2683201478187094e+01, 7.2907483317898524e+01
37, 11, -8.0865676336524501e+01, 4.1214003016166068e+01
37, 12, 3.3055178288311211e+01, 1.3027444229230485e+02
37, 13, 6.7007774713557325e+01, -1.1155415111721882e+02
37, 14, 4.7064192155973473e+01, 8.8390467582500051e+01
37, 15, -4.2523855257778280e+01, 2.1450139918294227e+01
37, 16, 7.5548181194007839e+01, 1.9339776297228376e+01
37, 17, -1.2122114561140565e+01, -2.6398432937789600e+01
37, 18, 7.3609315435510425e+01, 6.5746830250235220e+01
37, 19, 4.7252652815417697e+01, 4.4012972619469693e+01
37, 20, -2.7232546085002827e+01, -5.6884559763968866e+01
37, 21, 1.2859522949376105e+01, 7.8556278508796726e+00
37, 22, -5.6378421615762214e+01, -2.7587778190441309e+01
37, 23, 7.1392785948764995e+01, -3.2911581787371460e+01
37, 24, 6.2110128727818342e+01, -5.2087195218042893e+01
37, 25, 8.3006460902801020e+00, -1.1591348411101844e+01
37, 26, -4.5593778660928834e+01, -2.0018932198141563e+01
37, 27, -4.8987329824102076e+01, 3.1556047529617350e+00
37, 28, 6.0869144227893173e+01, 6.7365455741019726e+00
37, 29, -1.4240132955389321e+01, 1.9683575686144124e+01
37, 30, 7.6605698555737234e+01, 2.1652224481572269e+01
37, 31, -4.0008659560177698e+01, 1.8354921473241227e+01
37, 32, 6.2471681394584100e-01, -4.3904999314011327e+01
37, 33, 3.5034048347165040e+01, -7.4841510529106614e-01
37, 34, -2.5675248296516365e+01, -5.0192180178266970e+00
37, 35, -6.3120538414296973e+01, -2.6624898991805107e+01
37, 36, 6.1804980773317290e+01, 3.3074250347665028e+01
37, 37, 1.9185522759235141e+01, 1.0168173907385590e+01
38, 0, 5.1904980549837880e+00, 0.0000000000000000e+00
38, 1, -8.6913455069871603e+01, 5.9477045207769180e+01
38, 2, -8.6792665928500980e+01, 3.0337012324548681e+01
38, 3, 1.0194620443165128e+02, -2.9713387268091540e+00
38, 4, -3.3810162958139536e+01, -5.5093805210637008e+01
38, 5, 9.7934925094178624e+01, 3.2852940394591222e+01
38, 6, 6.4550052326872134e+01, 1.1409360309999725e+02
38, 7, 4.4552500473650809e+01, -1.1998980452111255e+01
38, 8, 8.8030899272551764e+01, 2.7571834029560765e+01
38, 9, -6.6903057519679351e+01, -1.9804860263862412e+01
38, 10, -4.1621444788145482e+01, 2.0766594956981393e+01
38, 11, -6.1677443563097491e+01, 1.9556415430976198e+01
38, 12, -3.4760283120450497e+00, 3.6907032734521181e+01
38, 13, -1.3132113796354724e+02, 6.2237439002706090e+01
38, 14, -8.4381427169428306e+01, 8.2647669369670865e+01
38, 15, 2.1084656368354100e+01, 7.0409961363792462e+01
38, 16, 1.7957652171167787e+01, 3.1926056487951413e+01
38, 17, -3.4024578044774579e+01, 2.1179005866408431e+00
38, 18, -9.7842100923406470e+00, -4.9026744785581315e+01
38, 19, -4.4206335429341678e+01, -6.0891793995603912e+01
38, 20, -1.0168404912661529e+02, 3.2112256009823433e+01
38, 21, 7.1984786011718862e+00, 3.9926109185033482e+01
38, 22, 5.0792361923450812e+01, 1.1634302331315419e+02
38, 23, -4.2508439117646937e+00, 2.8720009426046513e+01
38, 24, -5.8224890417233574e+01, -3.7436360951473988e+00
38, 25, 1.4692280973981624e+01, 2.9714472722565738e+01
38, 26, 9.7063157328105206e+01, 2.9836288071220437e+01
38, 27, 8.3806860512584063e+00, -1.1246759017783310e+02
38, 28, -5.1782648570705177e+01, 1.3753229601276919e+01
38, 29, -2.8432206983630504e+01, 2.5041498449425138e+01
38, 30, 5.7797374692033344e+01, 4.4872755025215824e+01
38, 31, -2.7278538134882155e+01, -4.1665232124826879e+01
38, 32, 3.1814468510153127e+01, 3.4794598539745138e+01
38, 33, -2.1689436778479191e+01, -4.5512774777734677e+01
38, 34, -1.1593368118504208e+02, 2.3585776436816420e+01
38, 35, -9.0671389238441762e+01, -4.3285531968408861e+01
38, 36, -5.0998342581212512e+01, 1.1171413758278188e+01
38, 37, -3.6031806920702671e+01, -3.8918466445892136e+01
38, 38, -6.2117313329691470e+01, -5.5001100919876116e+01
39, 0, 5.6880944629304707e+01, 0.0000000000000000e+00
39, 1, -1.8690266881896324e+01, -6.6699699092520362e+01
39, 2, 2.0940017209009798e+00, 3.3669453176961838e+01
39, 3, 6.7337872723782786e+00, -7.6589616897079287e+00
39, 4, -3.5297425912793919e+01, -3.1798181397911922e+01
39, 5, -2.2583496638972655e+01, 1.0878090304966904e+02
39, 6, -2.7770318073312687e+01, 4.7589025226502677e+01
39, 7, 3.0441028721421695e+01, -4.9076595301843220e+01
39, 8, 1.8347019088684995e+01, 1.7877253588068534e+01
39, 9, 5.0017220134600798e+01, 2.0138795717461047e+01
39, 10, -2.1127600609837049e+01, -1.9193239732285530e+01
39, 11, -4.5441157036409578e+01, 8.9003176065799465e+01
39, 12, -6.5099458227984570e+00, 1.5318661212773765e+01
39, 13, 3.5077826689569008e+01, 1.2844840889648880e+01
39, 14, -3.8747770030562108e+01, -5.1367085280120250e+01
39, 15, 2.2419769267402469e+01, 6.7188771485265008e+01
39, 16, -6.0812766135346699e+01, -2.3974028233037572e+00
39, 17, 1.0186144287640609e+01, 4.3335644783837616e+01
39, 18, -1.7983364853718772e+01, 1.6390736971064474e+01
39, 19, 2.2774863561631665e+01, 4.6067901285626959e+01
39, 20, -4.7618254780714324e+01, 2.0382943663990453e+01
39, 21, 5.9642156754501805e+01, -5.2993360646961932e+01
39, 22, 4.7777555835585517e+01, -2.6351724207689529e+01
39, 23, 2.7294960609592746e+01, -2.3359858863537369e+01
39, 24, -1.3326042782916136e+02, -6.5818887135522871e+01
39, 25, -5.8613428062044264e+01, 4.1586703623868473e+01
39, 26, -4.5491690470780810e+01, 1.2361261285184590e+00
39, 27, 5.5339877784932902e+01, -5.1952146455890713e+01
39, 28, -6.1506383403577203e+01, -9.8977260575999551e+01
39, 29, 2.2244289497210733e+01, -8.2672000057543457e+01
39, 30, -1.0620328612596437e+02, 2.2775442121928343e+01
39, 31, -3.3629640727163263e+01, -8.3545763449943081e+01
39, 32, -4.2632619779616888e+01, 4.7976285830186619e+01
39, 33, -1.8552818442076010e+01, -4.8558350054658455e+01
39, 34, 6.2088242690464725e+01, 3.7217171619975623e+01
39, 35, -4.3843301772702020e+01, 9.2799131802156829e+00
39, 36, 4.5762571410772228e+00, 1.3405024816429890e+01
39, 37, -1.0671570407424168e+01, 1.9236391498883307e+01
39, 38, -4.7575900309851789e+01, 7.2117051166590230e+01
39, 39, 1.2952669473425432e+01, -3.4849227902886227e+01
40, 0, -1.0351958814866258e+02, 0.0000000000000000e+00
40, 1, -8.6372693818212184e+01, 1.0554250929210639e+01
40, 2, 9.3301425126036648e+00, -6.1207103028148623e+01
40, 3, 6.2755513887320248e+01, 2.6363190932130941e+01
40, 4, 4.6528007719526940e+01, -1.1869095720890847e+01
40, 5, 1.2049439070792342e+01, 1.0655290287463365e+02
40, 6, -5.2923156221688060e+01, -5.7112902084707805e+01
40, 7, -5.8041087379978556e+01, -4.7078405438951421e+01
40, 8, -1.4116728920488779e+02, 7.9675006527717898e+01
40, 9, -3.2476998618693088e+01, 3.9292201355666798e+01
40, 10, 3.7441657339018697e+01, 1.1897042867731413e+02
40, 11, 3.5489702628096943e+01, 4.5854258558163671e+01
40, 12, 1.7764676822161451e+01, 1.7475206320617236e+01
40, 13, 5.1457291906230715e+01, 4.0135035248505190e+01
40, 14, 3.4940892710594490e+01, 2.7111477813097622e+01
40, 15, 2.5830140469677005e+01, 3.2064771601584049e+01
40, 16, -3.1226838272904700e+01, 1.1934547558145550e+01
40, 17, -3.3254606779911093e+01, 1.9463879902591209e+01
40, 18, 6.9702812501659054e+01, 6.7287978585881163e+01
40, 19, 7.4970485288219095e+01, 9.2805359736657933e-03
40, 20, -5.3452651877412571e+01, 1.3838960149479647e+01
40, 21, -5.3835361350324632e+01, -6.7192969431160691e+01
40, 22, 3.7131661470500298e+01, -4.0314828340012937e+01
40, 23, -1.9356371613599208e+01, -2.9764106608356801e+01
40, 24, 3.1121711650661943e+01, 5.5905884050047575e+01
40, 25, -6.6530795487126859e-01, 6.5638088258705224e+01
40, 26, 3.8493583052499453e+01, 2.0937958616694782e+01
40, 27, -6.1311474694503847e+00, 1.7895437677100013e+01
40, 28, -6.0697748014374113e+01, -3.0866167828434293e+01
40, 29, 1.0890314897327031e+02, 1.2031586698538824e+02
40, 30, -7.2688807573061283e+01, 8.8533770272733946e+01
40, 31, 4.6537530228756708e+01, -4.1123400748940551e+00
40, 32, -6.0376177029448115e+01, 7.8139544022492400e+00
40, 33, 6.4859961435687211e+01, -2.2072865087322555e+01
40, 34, -9.4334862786767015e-01, 5.5920283256866881e+01
40, 35, -1.7356396792823048e+01, -3.3727893149603780e+01
40, 36, 1.3499045580795400e+01, 3.7980844694683313e+01
40, 37, 5.1384428967370020e+01, -1.9690730224137063e+01
40, 38, -1.2192663800925397e+01, 1.6133090090962430e+01
40, 39, 4.9759401657160808e+01, -1.3549511219587269e+00
40, 40, 7.7440531636233558e+00, 2.9484069941869734e+01
41, 0, -1.5663055591137573e+01, 0.0000000000000000e+00
41, 1, -4.0858122411260339e+01, 5.3235884478937599e+01
41, 2, -1.2417278974600914e+02, -2.2398554791229330e+01
41, 3, 3.4970573488602042e+01, -1.0814590057497877e+01
41, 4, -4.7578158073238036e+01, -3.2406439891926702e+01
41, 5, -7.1517781054764711e+01, 5.4741804961449546e+01
41, 6, 6.8556623119119038e+01, 5.5013636622859728e+01
41, 7, -5.0550975741713827e+01, 3.3658279857634184e+01
41, 8, -6.0688584218491840e+01, 2.9506238330934174e+01
41, 9, 6.6376749275803899e+00, -1.1661003450118985e+01
41, 10, -2.5976175905884112e+01, 5.1653932052519380e-01
41, 11, 9.5976778241828136e+00, -3.4675668319469928e+01
41, 12, 7.5986497110329054e+00, -3.1428680222778144e+01
41, 13, 2.9097962353823750e+00, 4.1184894220321240e+01
41, 14, 1.1942620571066999e+02, -6.1083047017516549e+01
41, 15, -2.3213374887430810e+01, -4.9346450986180052e+01
41, 16, 9.7708888030382951e+01, 2.0178235141995248e+01
41, 17, -1.3714181819494767e+01, -6.0793933756551482e+01
41, 18, 1.2295176567327644e+01, 1.2093599457239577e+01
41, 19, 3.2808350020116199e+00, 4.0132482408413161e+01
41, 20, 3.3223892875945083e+01, -5.1540735395214675e+01
41, 21, 2.9035545826390575e+01, 9.0129901085203443e+01
41, 22, -1.5977019806118818e+01, 1.6816782782305420e+01
41, 23, -3.0720951398056169e+01, 3.6801021609955541e+01
41, 24, -1.3110812871344404e+00, 3.7858179354877251e+01
41, 25, 3.1708629541521795e+01, 2.3465792039033271e+01
41, 26, 6.3709702823187719e+01, 2.0874472476600296e+01
41, 27, -8.8259726979559865e+00, 2.6971751865477163e+01
41, 28, 8.9444796935206995e+01, -1.0368540519986931e+02
41, 29, 1.5051152972472714e+01, 3.0574235624358671e+01
41, 30, -6.6780124398368157e-01, 1.8257424271141396e+01
41, 31, 2.9917820994493340e+01, 4.7519392463897688e+01
41, 32, -1.0239950932423939e+02, -6.8199107988712584e+01
41, 33, 4.6463658946807996e+01, 7.2831607605109468e+01
41, 34, -2.6622288257851707e+01, 2.5733645725613297e+01
41, 35, 1.9592645242508812e+01, -2.5334848285040547e+01
41, 36, -5.3476073795232359e+01, -3.5903049107011369e+00
41, 37, -8.0020638391909493e-01, -5.0097175808995026e+01
41, 38, -2.9174593786020747e+01, -5.4928463571004471e+01
41, 39, 8.0456121876003373e+00, 5.1129089417474837e+01
41, 40, 4.7211973407661148e+01, -5.5779944967036869e+01
41, 41, -5.4562031216145925e+01, -5.6320354418600402e+01
42, 0, -9.0254826375730222e+00, 0.0000000000000000e+00
42, 1, -8.2988211500132707e+01, -3.7349062390568677e+00
42, 2, -2.1717451733992931e+01, -2.4483617789212882e+01
42, 3, 2.6147626715171825e+01, -1.9002183760368670e+01
42, 4, -8.5411613356439958e+01, -5.1028062274814502e+01
42, 5, -4.6471182959750166e+01, 8.4332608551685482e+01
42, 6, 1.1088472387522455e+02, -2.7922456418558035e+01
42, 7, 2.8780072158581662e+00, -1.6167065591696030e+01
42, 8, 6.2787619443227243e+01, 8.8770417000129697e+01
42, 9, 8.7949104196303054e+00, 7.5148321793326730e+01
42, 10, -7.7828000929714660e+00, 2.6211830796205586e+01
42, 11, 5.8562409844642076e+00, 3.5808990416213632e+01
42, 12, 4.8053815269612441e+00, -1.9599448989512357e+01
42, 13, 3.6055754458002496e+00, 6.4708005900875577e+01
42, 14, 6.5973057924470965e+01, -2.0388315199269815e+00
42, 15, -5.2328650797933875e+01, -8.3122698701564097e+00
42, 16, 4.2164362817865808e+01, 2.0083661379410817e+01
42, 17, 5.0820177671846892e+01, -1.7034186027989684e+01
42, 18, 6.7758290922406047e+01, -1.1030997454801829e+02
42, 19, -5.2162919107864383e+00, 2.4452218766761618e+01
42, 20, -1.0038638171985271e+01, 2.1272536478330409e+01
42, 21, -9.5583041098701045e+01, -1.0031008774924148e+01
42, 22, 4.1844404469052471e+01, 1.6391256170005867e+01
42, 23, 9.9828224812695808e+01, 4.1901766806133395e+01
42, 24, -1.0020538087623443e+01, 6.8389027984402517e+01
42, 25, -1.5695544465667183e+01, 2.4847627177212942e+01
42, 26, -3.7497104648127767e+01, 9.9109826240340109e+00
42, 27, 2.1387930409683943e+01, -6.6057242312700964e+01
42, 28, 4.4330584585898329e+01, 1.8035144633249097e+01
42, 29, 1.8492030189761469e+01, -2.3985846304413851e+01
42, 30, 4.1112775238063833e+01, 2.3068479729545871e+01
42, 31, -3.4719251909661971e+01, 3.3874959609662511e+01
42, 32, -1.1318495036855754e+01, -7.4023225887452526e+01
42, 33, -6.9475252746847673e+01, 5.8128400098600537e+01
42, 34, 1.1867143574010619e+00, 2.4737682413473330e+01
42, 35, 9.1108716546886725e+01, 1.0467941651216798e+01
42, 36, 1.6618834709323369e+01, -9.1475539050663013e+00
42, 37, -1.0222986484538422e+01, 6.6331785394126854e+01
42, 38, 6.7179918276232220e+00, 2.5316556102237548e+00
42, 39, -3.9223026583830624e+01, 3.0701120861891447e+01
42, 40, 9.8651816048363841e+01, -3.5601592309154704e+01
42, 41, -4.1458493156678784e+01, 7.2099825265424215e+01
42, 42, 2.0806047111379158e+01, 3.0066433231781595e+01
43, 0, -5.3660583555057279e+01, 0.0000000000000000e+00
43, 1, -2.6758694861847559e+01, 1.8275384857020377e+01
43, 2, -4.8421222653611785e+01, -4.0179847453095107e+01
43, 3, 6.1803333863163175e+01, -6.0529351315672582e+00
43, 4, -6.3324666839134274e+01, -2.6102032637400544e+01
43, 5, 1.8193781705494247e+00, -1.0067178136952784e+00
43, 6, -1.7580598061094481e+00, -1.0434527123346996e+01
43, 7, 3.2019244030935681e+01, 2.7880877678803692e+01
43, 8, -2.4418387341115061e+01, -8.5287734703019407e+00
43, 9, -5.4588113642751267e+01, -8.0281115714570618e+01
43, 10, 1.5770455994728117e+01, 1.8289299153068519e+01
43, 11, 2.8215486220696953e+01, 4.5498575633546203e+01
43, 12, 6.1686827216519006e+01, -9.3430139078421490e+00
43, 13, 4.6856846838020676e+00, -1.5221207339455523e+01
43, 14, -3.9211045969002271e+01, 3.6733574523366734e+01
43, 15, -6.4516050177739146e+01, 2.1832325663976462e+01
43, 16, -1.5159212316295109e+01, 5.5009200805046426e+01
43, 17, -2.8535583309640408e+01, 1.1974113194845383e+01
43, 18, 1.5305712979679253e+01, -2.3384251544594971e+01
43, 19, -4.6725631396096574e+00, 6.5327205223409663e+01
43, 20, -1.0609037822980141e+00, 1.4584885281235431e+00
43, 21, -1.8852619822969501e+01, -2.2001155649133928e+01
43, 22, -9.9382280037512523e+00, -1.2436396288705605e+01
43, 23, 5.6204086077505650e+01, 1.6524573922080407e+01
43, 24, 1.7124979088178620e+01, 2.1501472964861417e+01
43, 25, -2.9085831553442876e+01, -6.2946555701560122e+01
43, 26, 2.4844623359755012e+01, 6.7873708688611813e+01
43, 27, 2.6568120455910250e+01, -5.3215222508432262e+01
43, 28, 7.9930010477123616e+01, 1.4278779701435081e+01
43, 29, 4.0077960499301213e+00, -4.7662341974055437e+01
43, 30, -9.2629270660328359e+01, 2.6804040656271578e+01
43, 31, -1.8222934584916562e+01, -2.0148741255806271e+00
43, 32, -2.9992948029444175e+00, 4.2896681250646452e+01
43, 33, 5.6178663011276569e+01, 4.8385790959270402e+01
43, 34, 7.7168282653789049e+01, 4.0843687416035941e+01
43, 35, -1.6829350946042776e+01, -3.2936106637842101e+01
43, 36, -1.2409086952204394e+01, 9.4461998369143068e+00
43, 37, 2.4714911906670602e+00, 2.7629814895513711e+01
43, 38, 4.3261249371110146e+01, 3.5499033917777581e+01
43, 39, 5.3367102522342535e+01, 6.0425903880092147e-01
43, 40, -3.2262031766304119e+01, -5.5346133104520483e+01
43, 41, 2.4291671902496251e+01, -2.0728093826729936e+01
43, 42, -2.4381471376260169e+01, -1.9607295678560547e+01
43, 43, 5.0143592252847391e+01, 5.1833855694713513e+01
44, 0, -3.3238443581687250e+01, 0.0000000000000000e+00
44, 1, -1.1003758928311927e+02, 2.1521985272613566e+01
44, 2, 4.0963170227555658e+01, -2.1458001849734011e+01
44, 3, -6.4813137680669719e-01, 3.8175816636897792e+01
44, 4, -5.8253477270881895e+01, -2.3321046873436522e+01
44, 5, -3.0868637093897064e+01, 6.3770060353620380e+01
44, 6, 2.9260878126181904e+00, -3.5186563000692438e+01
44, 7, -1.5927729624167053e+01, -7.7082777696200949e+01
44, 8, -4.4846649204276119e+01, -6.0156517766233442e+01
44, 9, 5.3419564389172166e+01, -8.6228481236231104e+01
44, 10, 6.5639278191233444e+01, 1.8984076709946610e+01
44, 11, -8.8873388666967728e+00, 1.6498976449268138e+01
44, 12, 9.0102797197520360e+01, -2.1975651784880640e+01
44, 13, 4.8656842913485796e+01, 3.0783605916495585e+01
44, 14, 3.6711775108767220e+01, -7.6362194871222727e+01
44, 15, 4.3098346186698684e+01, -8.5635137539514488e+01
44, 16, 4.2794713941899907e+01, -1.7688649001854046e+01
44, 17, -4.8829094544281787e+01, -3.9143080845977025e+01
44, 18, -5.3107495508262993e+01, 4.2949055015867089e+01
44, 19, -7.2349205149795566e+01, 1.8396524073125537e+01
44, 20, 2.0139121049878909e+01, 7.4683540758831072e+01
44, 21, -2.8347120073303749e+01, 3.0109541330718770e+01
44, 22, 1.4254410897986394e+00, -1.0982742604554396e+01
44, 23, 1.1611424551812508e+00, -3.1181358558671981e+01
44, 24, 3.6934062711400429e+01, -2.3701370485637078e+01
44, 25, -1.7480687084281367e+01, 4.0491024166589526e+01
44, 26, -6.0558609812814353e+01, 3.9595040752441818e+01
44, 27, 5.3356564779979664e+01, 9.9649454774824431e+00
44, 28, -8.8426779860974802e-01, -2.4728783934155167e+01
44, 29, -1.4745140774406487e+01, -4.3664223341737504e+01
44, 30, -5.3715837930384815e+01, 1.9845802849849704e+01
44, 31, -5.3045775937850273e+01, 4.0497426110073320e+01
44, 32, -5.2943206499983333e+01, -1.6293104377962877e+01
44, 33, 2.7497477709958719e+01, 1.9676574544909364e+01
44, 34, 5.8440263900600854e+01, 3.1943313901731344e+01
44, 35, -1.8766892745255113e+01, -7.3055962228149028e+01
44, 36, 2.8163701143506799e+01, -3.3297921712634677e+00
44, 37, -8.8399064066804868e+01, -7.5841177437126319e+00
44, 38, 3.3686612143257108e+01, -4.5652441940997605e+01
44, 39, -2.0821207800780051e+01, -2.1437296284172383e+01
44, 40, -4.3271739588409616e+01, 1.5974078735168172e+01
44, 41, 1.8758729111748313e+01, 1.1460388436311142e+01
44, 42, 2.8902050923859150e+01, -5.3215141370014960e+00
44, 43, -1.2789795518850235e+01, 1.5186920119530143e+01
44, 44, 3.4763864075177537e+01, -1.4405994327998297e+02
45, 0, -7.0183683219373378e+01, 0.0000000000000000e+00
45, 1, -3.3638124195397751e+01, -4.1650561147300550e+01
45, 2, 3.1583324203857565e+01, 2.1631331865418403e+01
45, 3, -6.7342741210292791e+00, -8.5262468383022963e+01
45, 4, 6.9761688485448673e+01, -1.7789827048263469e+01
45, 5, -8.5014274560234568e+00, 1.4488674758891179e+01
45, 6, 6.1385956781601202e+01, 8.1104730198297954e+00
45, 7, 2.8531022417616001e+01, -3.0164483068501173e+00
45, 8, 1.3754706365396601e+01, 1.7508705340039253e+01
45, 9, -3.8150029288869540e+01, -1.0162814980383727e+01
45, 10, -4.3592104364997155e+01, 6.8669160318433839e+01
45, 11, 2.2891656566575158e+01, 3.5907586102935937e+01
45, 12, 5.5210706502714217e+01, -8.0533475144238253e+01
45, 13, -1.6466446917411961e+00, -6.1155268967474505e+01
45, 14, 6.3761310925876746e-01, -6.4518692668803283e+01
45, 15, 2.8901770420771932e+01, 6.2198371073405276e+01
45, 16, -3.6915590976189847e+01, 4.2795184124119476e+00
45, 17, 2.8056303872128591e+01, 4.5491203764720574e+01
45, 18, -7.6208748375680472e+01, -9.6525751224919077e+01
45, 19, 6.8041524690966796e+01, -1.0256004317713158e+01
45, 20, -2.4990825382013759e+00, -2.2863997547387648e+01
45, 21, -9.7051014665646829e+00, -6.9887024634447982e+01
45, 22, -7.8695633401616647e+01, 1.1223175106474174e+02
45, 23, -2.7387556663786416e+01, 1.5110156399774346e+00
45, 24, -1.2115337751384589e+01, 9.5044008273167279e+01
45, 25, -2.7762054832388831e+01, 3.5513566707909305e+00
45, 26, -2.7571111400297664e+01, 3.9592423866662870e+01
45, 27, 1.3628461047473586e+01, -5.8064076687314447e+01
45, 28, -4.1294822399083220e+00, -6.4553441669419996e+01
45, 29, 2.4689043752645219e+01, 6.0702986976701723e+01
45, 30, -2.4350870568062000e-01, 2.2944216607536632e+01
45, 31, 2.5580727996629527e+01, 2.4454964133609629e+01
45, 32, 4.0246675526991218e+01, 3.0027976662114821e+00
45, 33, 7.5387470318913017e+01, -2.7654010325737886e+01
45, 34, -3.3914612604016646e+01, -1.7519688016621387e+01
45, 35, -4.5387488645829585e+01, 2.6279530442837132e+01
45, 36, 5.7510318344821272e+00, 1.0454691160823452e+02
45, 37, 7.7713225702348282e+01, 1.0218748693496590e+01
45, 38, -3.2612062223400628e+01, 6.6272288321288180e+00
45, 39, -3.1452289830501186e+01, 8.4293616776382976e+00
45, 40, 8.0629104008547401e+00, -2.8373727402058467e+01
45, 41, -2.6104172454164924e+01, 1.5596509087853125e+01
45, 42, -1.2459765897512289e+00, -2.8088494236729964e+01
45, 43, 4.6128767388497714e+01, 2.8430724453091489e+00
45, 44, -3.0545417974220872e+01, -3.2468585218528332e+01
45, 45, -7.8781709579700234e+01, 5.6875245677995018e+01
