0, 0, 6.5000000000000000e+04, 0.0000000000000000e+00
1, 0, -1.7355575770910345e+03, 0.0000000000000000e+00
1, 1, -1.0116218401629482e+02, -7.8537442840332255e+02
2, 0, -0.0000000000000000e+00, 0.0000000000000000e+00
2, 1, 1.7477117203238757e+02, 9.4343728450763166e+01
2, 2, -2.3478299887926200e+03, 1.4718805644078188e+03
3, 0, -2.8221950487056597e+02, 0.0000000000000000e+00
3, 1, -5.9271351039841221e+01, 5.9266176765798434e+02
3, 2, -7.0143695567773807e+02, 5.1947262174511889e+02
3, 3, 1.3433186679346577e+03, 1.3443429400249943e+03
4, 0, 3.5625786947473779e+02, 0.0000000000000000e+00
4, 1, 7.8623400574769249e+01, 1.2850315686853929e+02
4, 2, 2.5659522884586931e+02, -4.5821132009746850e+02
4, 3, 5.1652046471777737e+00, 1.7449321980494290e+01
4, 4, -6.3242250383699329e+01, -6.1940361314090546e+02
5, 0, -3.3737781323216302e+02, 0.0000000000000000e+00
5, 1, 9.3535465285305975e+01, 3.4014734739679375e+02
5, 2, -3.6954609117494635e+02, -6.8938906220292111e+00
5, 3, 2.6504138506558559e+02, 2.5838494034732804e+02
5, 4, -2.3158039912389842e+02, -4.8233101334349726e+02
5, 5, -2.9754290089405862e+02, 2.1664489741140071e+02
6, 0, 1.9282385237056343e+02, 0.0000000000000000e+00
6, 1, 3.5892801370532318e+01, -1.4221846080278851e+02
6, 2, -9.3844892773918559e+01, 1.3692739313405517e+02
6, 3, -7.1634129624816410e+01, -4.0110339194931797e+01
6, 4, 1.0648275517263870e+02, 2.2926268110393619e+02
6, 5, 2.2666204744464949e+02, 6.1683509870043615e+01
6, 6, 2.8277739907173549e+02, 8.2363412998049327e+01
7, 0, 2.1045117557982761e+02, 0.0000000000000000e+00
7, 1, 2.8931951054079107e+01, 1.2994583222719447e+02
7, 2, 3.0041168399609091e+02, -1.4854027677837448e+02
7, 3, 9.9315952773661891e+01, -5.2266823295083626e+01
7, 4, 8.2714107913175624e+01, -1.4043770066573458e+02
7, 5, -1.7982627186994877e+00, -3.6337140273809979e+01
7, 6, 4.8470703196923338e+01, -8.8065037677306748e+01
7, 7, 7.3714625316035267e+01, -1.7598092740992672e+02
8, 0, -5.8953534336367881e+01, 0.0000000000000000e+00
8, 1, -2.4043917244693763e+01, 1.1677026275856437e+02
8, 2, 8.5220325619096116e+01, 3.1351286601507290e+01
8, 3, -2.8950362669396579e+01, -3.6039006219479731e+01
8, 4, 1.0043198312019074e+02, 9.5623661269114521e+01
8, 5, -8.9757112583434065e+01, 3.6033332196214545e+00
8, 6, -1.2667369934785424e+02, -1.3625819638075706e+02
8, 7, 6.9843656917265449e+00, 1.3662286603392278e+02
8, 8, -7.8592589425431498e+01, -5.5081697526566753e+00
9, 0, -1.7283440768286908e+01, 0.0000000000000000e+00
9, 1, 9.3331678136365412e+01, -1.7122628811788823e+02
9, 2, -1.0679453089762951e+00, 5.5647045927351705e+01
9, 3, -7.1476781994016065e+01, -1.0220868643090380e+02
9, 4, -9.0098002639981445e+00, 8.1047800702431516e+01
9, 5, -1.6367975121635291e+02, -3.9264468752117779e+01
9, 6, 7.3188248035609050e+01, 1.3329064626169034e+02
9, 7, -2.6333283196080046e+00, -8.2624108052492204e+01
9, 8, -2.3285400791161347e+01, 3.8494332764584989e+01
9, 9, -9.3794437874209024e+01, -8.4285828324104799e+01
10, 0, 7.6940015562412810e+01, 0.0000000000000000e+00
10, 1, 9.3390767612237909e+01, 2.6999721229212081e-01
10, 2, -4.3278552841814310e+01, -4.8510018328409231e+01
10, 3, 8.0758512529760864e+01, 4.4645256374268598e+01
10, 4, -4.8973876627120447e+01, -7.4622240348753323e+01
10, 5, -1.8779391565354835e+01, -5.3284663329483742e+01
10, 6, 5.4476072520104928e+01, -1.1180769272471487e+01
10, 7, -5.7109489564845308e+00, -7.1992811666693470e+01
10, 8, 2.3091353314511970e+01, 4.2417917869169457e+01
10, 9, -1.0506206070113409e+02, -1.3256247275857308e+02
10, 10, -2.0621544880163070e+00, 6.4037304921401486e+01
11, 0, -7.5594145495247496e+00, 0.0000000000000000e+00
11, 1, -1.0087580121132473e+02, -2.3669053482033924e+01
11, 2, -2.7450038021257392e+01, 1.2691238233906628e+00
11, 3, -5.5603461896150961e+01, -5.2119794691138157e+00
11, 4, -4.2156053813068723e+01, 9.6616280564736456e-01
11, 5, 9.0645088595034451e+01, 1.9163221979593356e+01
11, 6, 3.6717808446626641e+01, 3.9748017692648382e+01
11, 7, 5.7639595757709525e+00, -6.3356252377513812e+01
11, 8, -2.0399378960301878e+01, 6.7386693550789630e+01
11, 9, -3.3842511012513604e+01, -2.0296128056396995e+01
11, 10, 7.2125810161863185e+01, 7.8401978410734955e+01
11, 11, 1.2800346434759645e+01, -3.4884433453031747e+00
12, 0, 5.2771814990947490e+01, 0.0000000000000000e+00
12, 1, -2.4169830377777849e+01, -2.3203748841393324e+01
12, 2, 1.5494276459570383e+01, 3.1324825844427224e+01
12, 3, -5.4186765591631008e+01, 2.2189723488777172e+01
12, 4, 2.6987736899730486e+01, -1.2595223823366464e+01
12, 5, 7.6036940927896069e+01, 2.8206521074963227e+01
12, 6, -3.0912425096225572e+01, -9.1189796001107325e+01
12, 7, 5.5121708230249254e+01, 3.4576829124714358e+01
12, 8, -1.2132171060112435e+02, -5.4151402046329189e+01
12, 9, 7.9094680515820087e+01, 5.3918019926010707e+01
12, 10, 7.9596288726873553e+01, 8.8650760067644185e+01
12, 11, 4.5010460682538856e+01, -3.2835835882487032e+01
12, 12, 1.4994087750500796e+01, -3.5791202821690815e+00
13, 0, -4.4307027422415580e+01, 0.0000000000000000e+00
13, 1, 5.1638169249904209e+00, 8.2538170581265959e+01
13, 2, -3.1253440715503412e+01, 1.1585264623974899e+01
13, 3, 5.6604824546737319e+01, 4.8419372699689895e+01
13, 4, 4.3387255691531337e+01, 4.5781457610728246e+01
13, 5, -1.3490280218299231e+01, -3.6071803332862356e+00
13, 6, -6.7124445856299189e+01, 8.4036827304872350e+00
13, 7, -3.1143756090410900e+01, 1.9415025316308046e+01
13, 8, -1.4976864180482609e+01, 6.1570638266292965e+00
13, 9, 9.7624763914458015e+01, 6.6450384267435766e+01
13, 10, -3.2860509655420536e+01, -4.5728591244026923e+01
13, 11, 3.6653821757524980e+01, -1.6763952527884527e+01
13, 12, -1.0561927220909233e+02, -1.6940518113808437e+01
13, 13, -2.5066603296009465e+01, 2.9042358401396033e+01
14, 0, 6.7614095220492146e+01, 0.0000000000000000e+00
14, 1, 4.4511244582634198e+01, 3.6862503922754684e+01
14, 2, 3.3028041203327739e+01, -3.9196785757984671e+01
14, 3, 3.5253084906235941e+01, -3.1205458393289810e+01
14, 4, -1.4205659520686028e+01, -2.0804361206443417e+01
14, 5, -2.1337641794267341e+01, -4.0760859606735309e+01
14, 6, -1.4826763919259411e+01, 1.4469201072981706e+01
14, 7, -4.5226261050019176e+01, 6.9366916130147107e+00
14, 8, 1.3326241568194781e+01, -1.1517558079785619e+00
14, 9, 3.7977293140765703e+01, 8.7300203262544329e+01
14, 10, 2.0715460090507026e+01, -7.6328431653096175e+01
14, 11, -8.4690067263018662e+01, -1.9863759847624383e+01
14, 12, -4.0559683816136243e+01, -3.6507114789211634e+01
14, 13, 3.9776379999575433e+01, 1.0967198015265122e+02
14, 14, 1.6136664596395789e+01, -4.5842052388995292e+01
15, 0, 3.9035298585317491e+01, 0.0000000000000000e+00
15, 1, 2.2151446086055124e+01, -1.4172763942995013e+01
15, 2, 6.7475489482789826e+00, -5.0531034845523756e+01
15, 3, -3.6699867134109319e+01, -1.9658851497642392e+01
15, 4, -3.6291742421339286e+01, -1.5738967154321038e+01
15, 5, -5.9464239439310418e+01, -4.2864005592719199e+00
15, 6, -5.9958886338030153e+00, 3.0453623277260391e+01
15, 7, 3.9627282453988251e+01, 6.1624358786421904e+00
15, 8, 7.5318530809331989e+01, 1.7251952999259910e+00
15, 9, -7.9287075638331800e+01, -2.6223456989273867e+01
15, 10, 1.1896706258564823e+01, -3.1319253956758417e+00
15, 11, -3.7530776263493827e+01, 2.6760070492372520e+01
15, 12, 1.0935470404167768e+02, 4.1275686372437811e+01
15, 13, 2.2037504478705781e+01, 2.3429443846665773e+01
15, 14, 1.7889988509610131e+01, -8.4867011973211106e+01
15, 15, 2.2859170010460538e+01, 1.8846392551290435e+01
16, 0, 6.9522455751286799e+01, 0.0000000000000000e+00
16, 1, -1.6173745214181412e+01, -3.3103476795233128e+01
16, 2, 2.2727530228132981e+01, 2.7255643940805179e+01
16, 3, -4.2455092985167489e+01, 1.6833901493514396e+01
16, 4, -9.9010826789410693e+00, 3.9541320089541054e+00
16, 5, -1.2070454816608915e+01, 3.0146694833930283e+01
16, 6, 5.0706333476164769e+00, 1.2909152924125339e+01
16, 7, 3.9768274914360360e+00, 2.8471253173779584e+01
16, 8, 3.0264531664037300e+00, 2.6262644435323734e-01
16, 9, 4.5506601423789146e+00, -4.5004523463804574e+01
16, 10, -8.3719260535396280e+00, 2.8771412504277922e+01
16, 11, -1.7457127991122977e+01, -5.3547321525341275e+01
16, 12, -1.7802290787348845e+01, 4.3946483745183137e+01
16, 13, 2.9333209280252959e+00, -2.2739773099882630e+01
16, 14, -3.1327594198796341e+01, -5.4924773752809983e+01
16, 15, -8.0127489167945427e+00, 2.0119067312959114e+01
16, 16, 1.3868215428740720e+01, 1.9852647961705092e+01
17, 0, 1.0297585353140219e+01, 0.0000000000000000e+00
17, 1, 8.3226882837125427e-01, -3.4502362540926406e+01
17, 2, 1.5312441276521649e+00, 3.9704731828828116e+01
17, 3, 3.3046441745963421e+01, 2.4126672637031216e+01
17, 4, 2.8793206409272873e+01, -5.2627387987185408e+00
17, 5, 4.3892417628950277e+01, 3.7075137684285203e+01
17, 6, 4.4969020719790379e+01, -3.3392652216838577e+01
17, 7, 2.5314233679977111e+01, 7.4310816778680788e+00
17, 8, -2.5417122915173866e+01, -1.3746929479193559e+01
17, 9, -2.7895513277682792e+01, 1.0436921786166753e+01
17, 10, -4.4358807259824175e+01, 2.2387732912268699e+01
17, 11, 4.2230054071682424e+01, 5.4475962108285024e+01
17, 12, -1.7559600254397374e+01, 9.9781004661710266e+00
17, 13, 1.9680726559608255e+00, -2.6021213790111062e+01
17, 14, -3.3216664920584265e+01, -3.1268620980338557e+01
17, 15, -2.8487785926603134e+01, 1.3252871109529483e+01
17, 16, 4.6288898888589721e+01, 3.0719629766778276e+01
17, 17, -1.7774024434375313e+01, 1.3363101749648832e+01
18, 0, -2.0489053871399921e+01, 0.0000000000000000e+00
18, 1, -1.1795367701514360e+01, -1.4530691907800477e+01
18, 2, -2.0359049302464893e+01, 5.2723892159988051e+00
18, 3, -2.6605995264029225e+00, -3.7496176634759586e+01
18, 4, 2.8131565460766588e+01, -1.9488861066256591e+00
18, 5, 9.6768423818426861e+00, -2.4106533419038456e+01
18, 6, 7.3688927287718720e+00, -3.1640375492109374e+01
18, 7, -1.7268186311476313e+01, -1.0113495069672970e+01
18, 8, -7.5624839810365527e+00, -3.1007761451732851e+00
18, 9, 1.1174034953795717e+01, -3.9802603017507749e+01
18, 10, 2.7913310599904204e+01, 1.7239186793994278e+01
18, 11, 2.9509141769355591e+00, -2.9807747181550351e+01
18, 12, -2.4990561796215984e+00, 2.6956150703387124e+01
18, 13, 2.3287322992796597e+00, -2.1854591817155466e+01
18, 14, -8.3734843090106388e+00, -7.9636393171496733e-01
18, 15, -4.5475462090440137e+00, 3.4988202406771315e+01
18, 16, 1.5230625680926528e+00, 2.2837660789555422e+01
18, 17, -2.6120804803694412e+01, -7.5330932852187615e+01
18, 18, 3.7588604112054462e+01, 1.7426239057242832e+01
19, 0, 6.0557362451300127e+00, 0.0000000000000000e+00
19, 1, -2.1932792137132675e+00, 3.4170731267710281e+01
19, 2, -5.7171426226079252e+00, 1.2219369493154250e+01
19, 3, -1.5290443184170107e+01, -1.2877422686462069e+01
19, 4, -8.7391644675309426e+00, 9.3569883299691536e+00
19, 5, -2.2699490833565658e+01, -3.8143516133296913e+01
19, 6, -3.4971062087807589e+01, 8.6611543461244729e+00
19, 7, -3.5687884572165338e+01, 8.0257157161940995e+00
19, 8, 2.2021722968492558e+01, -2.0644298437394170e+01
19, 9, 6.8873669728736306e+00, -3.1029110807108689e+00
19, 10, 3.3875281294486975e+01, -2.0096413736177304e+01
19, 11, 1.2058435192242218e+01, -1.5465805660661591e+01
19, 12, -3.5461680773346608e+01, -1.3378946362274341e+01
19, 13, -7.4445146297166498e-01, -1.5896277103257580e+01
19, 14, 3.1341500828924200e+00, 2.7315941071497846e+01
19, 15, 3.5335137353048708e+01, 1.2260742092157038e+01
19, 16, -1.0355735625250325e+01, 6.6112760146187122e-01
19, 17, 7.8595821354237412e+00, -1.5082092240190253e+01
19, 18, -5.9586765672629490e+01, 2.7416750393715958e+01
19, 19, -2.4794403666543918e+01, -6.1781735070772221e+01
20, 0, 1.9228077722748864e+01, 0.0000000000000000e+00
20, 1, 3.3676333444447771e+01, 2.2856513794462181e+01
20, 2, 8.3495685556347805e+00, -1.2152866956446855e+01
20, 3, 5.0245439657370973e+01, 1.5071533286571574e+01
20, 4, -1.4131898713631490e+01, 2.3394052323112131e+01
20, 5, 5.0045979021322724e+00, 7.9098680835819728e+00
20, 6, 1.4928721812632579e+01, 3.1561103554982072e+01
20, 7, 1.4509033589500197e+01, -3.2035444279620151e+01
20, 8, 2.4052166027398147e+01, 1.8642689285184503e+01
20, 9, -2.2132966635767428e+01, 1.2701711922311029e+01
20, 10, -3.2396124124749534e+01, 1.6468012163880663e+00
20, 11, -3.7366618692134409e+01, 2.2408109947972171e+01
20, 12, -9.6779305904980877e+00, -8.6048715089757550e+00
20, 13, 3.7753060830747799e+01, 2.1034450551518873e+01
20, 14, 3.2212445871469138e+00, -4.8757073259865340e+00
20, 15, 4.2434335172420745e+00, -6.6555536623001332e-01
20, 16, 1.9289426033287476e+00, -3.7305087506631480e+01
20, 17, -1.3991080186841840e+01, -1.1716292989281625e+01
20, 18, -6.4599324638772926e-01, 4.8864977497704885e+01
20, 19, 2.5916935850600389e+01, 3.0438235992378530e+01
20, 20, -2.5081961833910377e+01, 1.6233752274330215e+01
