0, 0, 0.0000000000000000e+00, 0.0000000000000000e+00
1, 0, -3.0829695722385859e-12, 0.0000000000000000e+00
1, 1, -1.7970013746601194e-13, -1.3951052373843039e-12
2, 0, 0.0000000000000000e+00, 0.0000000000000000e+00
2, 1, 5.3947611853090919e+01, 2.9128513789661682e+01
2, 2, 8.6129972499124301e+02, -4.6265974334971850e+02
3, 0, 2.6372613745957045e+02, 0.0000000000000000e+00
3, 1, -1.2257115711510561e+02, -5.5934888299110230e+02
3, 2, 2.7094259891623494e+02, -1.0326301985064670e+02
3, 3, -6.4628522228069960e+02, -3.7836309161274505e+02
4, 0, -1.0072374795505428e+02, 0.0000000000000000e+00
4, 1, -1.3004256210346600e+02, -1.0321009798590615e+02
4, 2, 8.9897018694580211e+01, 2.1286705281994463e+02
4, 3, -2.2457162906440379e+02, 1.0602435083627213e+01
4, 4, -2.4776610632493401e+01, 3.1337075077457189e+02
5, 0, 1.6034357720638681e+00, 0.0000000000000000e+00
5, 1, -6.3460276516893899e-01, -1.5896852175798720e+01
5, 2, 9.1644821164249095e+01, 4.2257837412812734e+01
5, 3, -7.4317891081262729e+01, 3.8009354362015159e+01
5, 4, 1.3014129759611473e+02, 3.6411992363529876e+01
5, 5, 1.1072998983859023e+02, -1.0078614862313361e+02
6, 0, -1.8627531838494640e+01, 0.0000000000000000e+00
6, 1, -5.8538788452856600e+01, 3.2383657265089589e+01
6, 2, -4.4770633882064040e+01, -3.1433000872900493e+01
6, 3, -4.4749262539708297e+01, -1.7885122424081814e+01
6, 4, -1.9689030209962397e+01, -5.8981706306405187e+01
6, 5, -2.4554611824968418e+01, -4.8269259621403478e+01
6, 6, -5.5264233385447213e+01, -1.6711917041493027e+01
7, 0, -7.9779844183950139e+00, 0.0000000000000000e+00
7, 1, -3.9256322997190686e+01, 2.2454423064357613e+01
7, 2, -5.1761883603217541e+01, 1.9423992362558682e+00
7, 3, -1.5566312075135958e+01, 6.1274119403311484e+00
7, 4, -6.6847413843197671e+01, -3.5344847009660558e+00
7, 5, 5.7314615343597382e+00, 3.7868836875355335e+01
7, 6, 2.3105470665198922e+01, 4.8592905352647449e+01
7, 7, -4.9476537926788557e+00, 3.4268198941153550e+01
8, 0, -9.1061580399365027e+00, 0.0000000000000000e+00
8, 1, 1.2349914958433410e+00, -8.7566681311438703e+00
8, 2, -3.9026679223610593e+01, -1.0250927594600231e+01
8, 3, 2.8556448833207956e+01, 3.1386211444434529e+01
8, 4, -3.1896603655606985e+01, 4.8824173502667749e+00
8, 5, 6.3970829796792010e+01, 4.2464228104225633e+01
8, 6, 1.2081578259328975e+01, 3.3850122288539396e+01
8, 7, 1.2887548396214076e+01, -3.0056144435033232e+01
8, 8, 8.6444055097727812e-01, 5.9690232084843400e+00
9, 0, 4.8314001502294639e+00, 0.0000000000000000e+00
9, 1, -2.3280210134765920e+00, -1.6584428914928875e+00
9, 2, -2.4006948632370506e+01, -4.1466591621378805e+00
9, 3, 1.5889519199658189e+01, 1.4037738350002797e+01
9, 4, -6.8250037236735892e+00, -2.8462226735236015e+01
9, 5, 3.6308943098941754e+01, 2.9825764725863941e+01
9, 6, -1.1879578739433731e+01, -2.8331720069317203e+00
9, 7, 1.2807188654623788e+01, -2.4032243009341634e+01
9, 8, -2.7016949928786193e+01, 5.7614664519864744e+00
9, 9, 1.8073977186354885e+01, 7.9429104156899033e+00
10, 0, -8.1851635325189598e+00, 0.0000000000000000e+00
10, 1, -1.0643458956206938e+01, -3.7735330809349863e+00
10, 2, -2.4530137406426569e+00, 1.6317916908144429e+01
10, 3, 9.4271969949598748e+00, -5.1192006840901145e+00
10, 4, 1.7956809974181464e+01, -2.8364828441625241e+00
10, 5, -8.1648286442984102e+00, 1.5161744498136759e+01
10, 6, -8.4226765394974628e+00, -1.9559080520055709e+01
10, 7, -5.7027010559188032e+00, 6.6424770120196666e+00
10, 8, -7.9245345985877123e+00, -1.1638933570291920e+01
10, 9, 1.9061627647651864e+01, 1.7694888665246214e+01
10, 10, 4.5546438192364391e+00, -9.3282509470330535e+00
11, 0, 3.3354866196633877e+00, 0.0000000000000000e+00
11, 1, 6.9701438140924319e+00, 2.0431540072044574e+00
11, 2, 3.1497748890715913e+00, 1.3698525516433538e+01
11, 3, 1.5548111798372974e+01, -1.0723009065864364e+01
11, 4, 1.9833598444326814e+01, 8.8898462244850620e+00
11, 5, -1.4806142935299404e+01, -1.1538002340503864e+01
11, 6, 4.9044473715709733e+00, 1.3891223633805569e+00
11, 7, -8.8260573395321735e+00, 9.2067525539716186e+00
11, 8, 1.5370268317211197e+01, -7.6909663275942002e+00
11, 9, 4.2742523290189940e+00, 4.9055693441114112e+00
11, 10, -1.5337727069967020e+00, -2.3699534475537611e+01
11, 11, 1.1539733386214848e+00, 4.2934050120696883e+00
12, 0, -1.1544081850459109e+00, 0.0000000000000000e+00
12, 1, 1.1796581152923457e+01, -1.9919256120593454e-01
12, 2, 1.6062283132812860e+00, -4.9169511583279188e+00
12, 3, 1.4322847145122758e+01, -2.7803144173600871e+00
12, 4, 2.0324778177277216e+00, -1.8014058032697553e+00
12, 5, -5.5230629163666460e+00, -1.0264134632110302e+01
12, 6, 3.4797333383196198e+00, 1.5192133043055280e+01
12, 7, -2.6889982467599132e+00, 2.4117684270944473e+00
12, 8, 1.3898385126924602e+01, 2.5405342590961588e+00
12, 9, -5.2889121121210918e+00, -3.5393642339358902e+00
12, 10, -2.8094482248226695e+00, -1.2464688686481608e+01
12, 11, -8.1784466821334441e+00, 1.7411820453361003e+01
12, 12, 5.7348700159086730e-01, 8.7836859261155931e-01
13, 0, 3.3282708801600172e+00, 0.0000000000000000e+00
13, 1, 5.3750214477845688e+00, 1.2800739504516478e-01
13, 2, -2.6002063290574320e+00, -7.5403999435918037e+00
13, 3, -4.7485069821306203e-01, -3.7677428050780848e-01
13, 4, -4.1721092423604333e-01, -5.1195919165945840e+00
13, 5, -4.1600144230351460e-01, 3.6278797728712986e+00
13, 6, -2.1969817702128633e+00, 8.7989238174264752e+00
13, 7, 6.2570030530035847e+00, -3.1367753249085544e+00
13, 8, 1.7390900302550643e+00, 2.2320368862757961e-01
13, 9, -7.5796573076012344e+00, -5.6329883196282671e+00
13, 10, 5.7415655593569626e-01, 4.7351787941069814e+00
13, 11, -6.0336890278034199e+00, 7.1236912586801671e+00
13, 12, 1.0576058201634037e+01, 3.5050490845399649e+00
13, 13, -4.6017927489840202e+00, -7.2618235242863252e+00
14, 0, -8.3348966761757470e-01, 0.0000000000000000e+00
14, 1, -4.7916755512431868e+00, -1.5689768563478237e+00
14, 2, -2.7237485278822899e+00, 3.1451434518566099e+00
14, 3, -2.4907154775258205e+00, 1.7079410728393742e+00
14, 4, -2.0461555881547473e+00, 6.8877441887937838e+00
14, 5, 3.0024444360029041e+00, 6.4845823241757099e+00
14, 6, 1.8389809777020272e-01, 9.4934865212713049e-01
14, 7, 2.4334123674206074e+00, -1.6933991719591528e+00
14, 8, -5.9591436432270264e+00, -2.8829887877867058e+00
14, 9, -7.7900140494519199e-01, -6.9154696234897370e+00
14, 10, 2.5410282558799779e-01, 1.0456425208693359e+01
14, 11, 5.2573229618730215e+00, -1.6556085127106865e+00
14, 12, 2.5432143449343534e+00, 1.5362887105152816e+00
14, 13, -4.8924945392816444e+00, -1.3406052298126241e+01
14, 14, -1.0576771569138166e-02, 4.6953295677496492e+00
15, 0, -2.4691995285476587e+00, 0.0000000000000000e+00
15, 1, -1.1088946708892560e+00, -1.9198340891351999e+00
15, 2, 2.3824601451458092e+00, 4.1151439704832580e+00
15, 3, 2.9344007263376479e+00, 1.5682163950937398e+00
15, 4, 3.9603872077011579e+00, 5.0857581383392594e+00
15, 5, 4.9430345279463870e+00, 2.9621439345236791e+00
15, 6, 2.9133113276997413e-01, -3.5084977882088069e+00
15, 7, -5.2182347033642866e+00, -2.2083367894088357e+00
15, 8, -6.0860155978401025e+00, -3.0051779132406957e+00
15, 9, 5.1358792535498421e-01, 1.9263295869637742e+00
15, 10, 1.2417422214658269e+00, 9.5216779002811225e-01
15, 11, 4.2867145147305017e+00, -3.1867798479393716e+00
15, 12, -4.3172071128596770e+00, -4.1263732221250704e+00
15, 13, -7.5350425309040836e-01, -4.1303828619113263e+00
15, 14, -1.1079813807167800e+00, 7.2053738519604762e+00
15, 15, 2.5827777795306743e+00, -4.7312070023355363e-01
16, 0, -2.3540596894954890e+00, 0.0000000000000000e+00
16, 1, 1.0308426204490306e+00, 2.5165139967930061e+00
16, 2, 2.9512876255553473e+00, 8.7973415735000959e-01
16, 3, 2.2761374904455156e+00, -2.0634623701631094e+00
16, 4, 4.0657127737802119e+00, 3.5563328055821536e-01
16, 5, 1.6920326726554293e+00, -2.7466793656437356e+00
16, 6, -7.0244915028087385e-01, -1.0248392165251867e+00
16, 7, -2.0448681065765002e+00, -1.2660986428530039e+00
16, 8, -1.2300254484638795e+00, -2.1141933193124829e+00
16, 9, 2.0060075355662654e+00, 4.4162540801283621e+00
16, 10, 2.6676707149544967e+00, -1.4259879205249537e+00
16, 11, 1.0160457273889645e-01, 8.9798853153241642e-01
16, 12, -2.4866056325127115e+00, -2.9823070930255566e+00
16, 13, 3.9555051311933287e-01, 2.9010058406131796e+00
16, 14, 4.5459199408550255e-01, 4.2865290348727108e+00
16, 15, 4.5325396112517158e+00, -1.4565355911772238e+00
16, 16, -9.3177000754414419e-01, -3.5747400247273931e-01
17, 0, 3.7735094640655958e-01, 0.0000000000000000e+00
17, 1, 1.7381692749108026e+00, 2.5249458894816521e+00
17, 2, 9.5721666139314943e-01, -1.7882189548534594e-01
17, 3, 6.2690788895793970e-01, -5.8583323552192901e-01
17, 4, -1.7617528826325692e+00, -2.2972605885832539e-02
17, 5, -2.6916351422181948e+00, -9.8542441707437733e-01
17, 6, -2.3859506004542670e+00, 1.0142696719599185e+00
17, 7, -1.2533903110265727e+00, 1.2094857546409106e+00
17, 8, 1.4007574860993508e+00, 7.7373745624038603e-01
17, 9, 5.5304391269363795e-01, 1.6545925356721587e+00
17, 10, 2.0831531744355196e+00, -9.5818362859604589e-01
17, 11, -1.0995735040277088e+00, 4.4317938676519464e-01
17, 12, -1.1527134818645941e+00, 1.3834484621545837e-01
17, 13, 2.0859284399704991e+00, 3.3916744875341718e+00
17, 14, 1.2237873070832332e+00, 1.7887539632431242e+00
17, 15, 1.3348940243432446e+00, -1.7186743318459889e+00
17, 16, -4.3901936147935521e+00, -2.2405788140543543e+00
17, 17, -4.7656005863507062e-01, -1.1909040741797876e+00
18, 0, 1.0339645089065921e+00, 0.0000000000000000e+00
18, 1, 5.9589935769067814e-01, 2.1628719974401673e+00
18, 2, 2.0422683755920595e-01, -1.1914195178822688e-01
18, 3, 1.1445906267039896e+00, 1.4459782393775829e+00
18, 4, -3.1939697415099122e+00, -5.4893728616897275e-01
18, 5, -7.2117103824931983e-01, 2.2170823227755045e+00
18, 6, -8.1431001669211989e-01, 2.3787591710879061e+00
18, 7, 6.0541463892883318e-01, 5.7078724213048948e-01
18, 8, -3.2468942967882802e-01, 1.0127366829715074e+00
18, 9, -1.5927883810825580e-01, -1.3374456321363750e+00
18, 10, -2.3699529305265057e+00, 4.5071045916132835e-01
18, 11, -1.0676351314685830e+00, 8.8796615763937947e-01
18, 12, -3.2191006975925485e-01, 6.8958870345260004e-01
18, 13, 1.2209539500745581e+00, 8.3812043628156419e-01
18, 14, 1.3747954115307661e+00, -7.7506174639618253e-01
18, 15, -1.4814157934840932e+00, -2.6304477112544751e+00
18, 16, -1.6316594391463051e+00, -6.4797460869980994e-01
18, 17, -5.6177041423540097e-01, 3.6125291951565690e+00
18, 18, -1.4662781447464961e+00, -1.1910514062700504e+00
19, 0, 2.9743753002392157e-02, 0.0000000000000000e+00
19, 1, -1.8085853804843263e-01, -1.4443353095430149e+00
19, 2, 1.2854291788055661e-01, -1.9400909676554173e-01
19, 3, 4.2536914451716423e-02, 5.7553360176843205e-01
19, 4, -5.5802877400942175e-01, -7.8872860848851389e-01
19, 5, 7.7667582344066377e-01, 1.1974069744354199e+00
19, 6, 6.3155969456104222e-01, 6.0793858067065132e-01
19, 7, 1.3689509202779870e+00, -5.7789381584995547e-01
19, 8, -1.2810180081052140e+00, 2.7080204384979334e-01
19, 9, -6.6681930335956785e-01, -1.3954004594977281e+00
19, 10, -1.7787791622450970e+00, 9.0003086848809144e-02
19, 11, -4.4251730825149188e-02, 1.2169264504990691e+00
19, 12, 6.8765251594707977e-02, -4.6617146361455711e-02
19, 13, 6.8989433898657604e-01, -7.2627393508970239e-03
19, 14, -5.0466224909318835e-01, -1.5406195391864743e+00
19, 15, -2.5421488962023022e+00, -1.6358038403674231e+00
19, 16, -7.2908201780706811e-02, 4.7790767570790338e-01
19, 17, 4.7693278655433657e-01, 1.3735165786554622e+00
19, 18, 1.9624012831061382e+00, -1.8018010192149503e+00
19, 19, 1.0405661659771805e+00, 2.3254266353619570e+00
20, 0, -7.5391342794898852e-01, 0.0000000000000000e+00
20, 1, -2.9237336835602884e-01, -1.4911386905182853e+00
20, 2, -1.4579227964861069e-01, 6.2540976450164087e-01
20, 3, -8.9039222534629958e-01, -5.1870374155189314e-01
20, 4, 9.7705245370005178e-01, -4.4217099220700540e-01
20, 5, -4.7174724669483381e-01, 1.9222735890167757e-02
20, 6, -4.9339348572991143e-01, -8.9811882393965836e-01
20, 7, -9.4805575470426229e-02, -3.7415144586497512e-01
20, 8, -7.5344137484660823e-01, -8.1438316992123783e-01
20, 9, -3.5031660517302959e-01, -4.5059131210448217e-01
20, 10, 1.0185991089989221e+00, 9.7678652812160802e-02
20, 11, 1.9639267895968854e-01, 1.1600011780183664e-01
20, 12, 1.3545594639696030e+00, 4.5173818178019537e-01
20, 13, 2.9800644354391959e-01, -8.7421321891422998e-01
20, 14, -8.2408225968058924e-01, -7.4684536273353552e-01
20, 15, -2.0508746253410631e-01, 8.6299168213597066e-01
20, 16, -1.2693273490991913e-01, 5.4096005020871751e-01
20, 17, 1.3623167575252693e+00, 1.0538344760632661e+00
20, 18, -1.1247360159007509e-01, -1.8101458976683735e+00
20, 19, -3.2740569283932819e-01, 2.9774819768341848e-01
20, 20, 1.2398794908570288e+00, -8.0187421827021377e-02
21, 0, -1.9808628564634717e-01, 0.0000000000000000e+00
21, 1, 3.7348387296179097e-01, 8.7752859793357452e-01
21, 2, 8.1211998419214060e-02, 1.2675289534090215e+00
21, 3, 3.1002410202463299e-01, -5.0233560126514942e-01
21, 4, 8.8201932487247658e-01, 3.5124394083277088e-01
21, 5, -7.9866918918094720e-01, -3.1898705482092982e-01
21, 6, -1.3666951180454198e-01, -5.0454897075106064e-01
21, 7, -5.2697878383603269e-01, 7.3407583576649482e-01
21, 8, -1.4119440363679772e-01, -6.5215957252390910e-01
21, 9, 5.5411581648536623e-01, 1.4444930412081619e-01
21, 10, 6.8801835709959580e-01, -3.9458033630351219e-01
21, 11, 7.8327635940636720e-01, 5.7853703709861104e-01
21, 12, -5.1685921757764131e-01, -2.5274961553325276e-01
21, 13, 3.4819257337882110e-02, -1.4151381025186166e-01
21, 14, -2.8878711123355166e-01, 9.3662902134619630e-01
21, 15, 7.4026790731546810e-01, 1.1873272537912420e+00
21, 16, 6.7020184848439124e-01, 1.9982545122370621e-01
21, 17, 6.7520214498808984e-01, 7.1073340404439223e-01
21, 18, -5.6743991862456178e-01, -1.1403436701444771e+00
21, 19, -2.5950283523032308e-01, 1.7915645271644001e+00
21, 20, 4.4877859262605990e-01, 8.1992165007369178e-01
21, 21, -1.5891258829502468e+00, -1.0565686719665570e+00
22, 0, 4.2757753160767442e-01, 0.0000000000000000e+00
22, 1, 8.4133593195503120e-01, 3.4938451337740395e-01
22, 2, -1.0534683787293278e-01, -1.8602240681303214e-01
22, 3, 7.8543186024927414e-01, 3.0956226420562186e-02
22, 4, -4.6727086019443981e-01, 6.8112807473312853e-01
22, 5, -1.2553489425558453e-01, -9.8865552044021365e-02
22, 6, 4.4545768335044411e-01, 9.2297221330249579e-01
22, 7, -5.0206160338808670e-01, 6.4176239011889832e-02
22, 8, 6.7694680498300763e-01, 3.8054462379863918e-01
22, 9, 7.3940076987054085e-02, 2.0668924369862118e-01
22, 10, 5.2481368518718086e-01, -4.5537823108115111e-01
22, 11, 3.3287847349443606e-01, 4.3734882303544120e-01
22, 12, -7.2360657932408179e-01, 3.6740057932609260e-02
22, 13, 3.2995907310715183e-01, 3.2409663615073780e-01
22, 14, 2.2181309526511306e-01, 9.7537978611417997e-01
22, 15, 8.1618155702252004e-01, -4.7453040381175254e-01
22, 16, 4.1960282557409306e-01, 4.8061275443329131e-02
22, 17, -7.7770317449819237e-01, -5.2766798286998162e-01
22, 18, 2.4746649578368871e-01, -2.7939353212368206e-02
22, 19, -8.7955821498803233e-01, 7.6271636141693022e-01
22, 20, 9.4689507685743524e-01, -1.7465316382933765e-01
22, 21, -5.6417438681070542e-01, -1.2448461823741159e+00
22, 22, 1.5838391318504946e-01, 6.1995990966728676e-01
23, 0, -1.3344843182264415e-01, 0.0000000000000000e+00
23, 1, -4.0909170906357639e-01, -8.8734341142288925e-02
23, 2, -3.1730121118708721e-01, -7.8023231306804730e-01
23, 3, -2.3604090905432323e-01, 2.7838672702446843e-01
23, 4, -6.9737969836832003e-01, -1.0675150335429895e-01
23, 5, 5.9335891673341012e-01, -3.4122865170364491e-01
23, 6, -6.5723112932720340e-01, 9.0630375703020627e-01
23, 7, 4.5309029571554688e-01, -6.1320953024926483e-01
23, 8, 2.9771703531868876e-01, 5.3317707015520943e-01
23, 9, -5.9617301462631368e-02, -2.4378632970900402e-01
23, 10, 1.9285787918835234e-01, 4.6077138070293683e-01
23, 11, -5.0688331853520452e-01, 4.6138164461463094e-01
23, 12, -1.0290305325367818e-01, 1.5411510705474107e-01
23, 13, 4.2481457354294583e-01, 7.4945318621653156e-02
23, 14, 1.0117333370771622e-01, 6.9267034906846625e-01
23, 15, 4.9568138079741475e-01, -1.3061092392325522e+00
23, 16, -7.6703385722198980e-01, -1.7389658471759700e-01
23, 17, -5.6409558236026291e-01, -1.3637674876363108e+00
23, 18, 2.4572968939970025e-01, 1.0085269428595760e+00
23, 19, -8.3140567927618225e-01, -1.3110132225607229e-01
23, 20, 9.3671795439911731e-01, -9.9820927847701649e-02
23, 21, -7.9644719036779299e-01, -1.1622567636555716e+00
23, 22, -3.5651553040984069e-01, 2.3200983326159710e-01
23, 23, 1.0158112526776288e+00, -3.4056833578072465e-01
24, 0, -3.3978268124229649e-01, 0.0000000000000000e+00
24, 1, -3.3632802107454512e-01, -3.4917703819671936e-01
24, 2, 3.5178824446324003e-03, 2.8821422851799094e-01
24, 3, -5.8426388811855812e-01, 3.8030257802417755e-01
24, 4, -2.2705665786786955e-02, -2.2852085062973757e-01
24, 5, 4.6618167403990840e-01, 2.6197184444807631e-01
24, 6, -5.5447732188551280e-01, 1.1021420174436192e-02
24, 7, 6.6107384309920680e-01, -7.9739321205834923e-01
24, 8, -2.7109705360741682e-01, -1.1460173953247077e-01
24, 9, -1.6924126083391339e-01, -5.1755179884890379e-01
24, 10, 2.1145916849037777e-01, 4.0075391405523964e-01
24, 11, -4.2942400053995224e-03, -5.1352735084596246e-01
24, 12, 5.0745370695028225e-01, 4.9721383793497542e-01
24, 13, -2.1563892697800308e-01, 3.7751857315545909e-02
24, 14, -9.3730374300940618e-03, -6.3230224707147564e-01
24, 15, -3.7438470380041033e-01, 8.2546236924713717e-02
24, 16, -9.3349068450036876e-01, -5.3852402876234784e-01
24, 17, 1.9450060206768396e-01, 1.1787741308377345e-02
24, 18, -5.9299808773459561e-01, 9.5352829808798634e-01
24, 19, 5.4636069721944025e-01, -6.1547649433433271e-01
24, 20, 1.8782792882412691e-01, 1.9176463494369317e-01
24, 21, 1.7106865615219909e-02, -6.8409129550362158e-01
24, 22, 1.8816560626951881e-01, 1.1023077337333971e+00
24, 23, 9.0294006664279669e-01, 5.5463442344363595e-02
24, 24, -4.4215415462864377e-01, -1.8385468824882079e-01
25, 0, 1.8814354222238888e-01, 0.0000000000000000e+00
25, 1, 1.5072230041635210e-01, 4.0322020123315969e-02
25, 2, 2.7402865574057611e-01, 5.3760296479097724e-01
25, 3, -1.1312895711819664e-01, 2.1657043032767428e-01
25, 4, 9.0457926997334837e-01, -2.4789340693592199e-01
25, 5, -3.7760617075752567e-01, 4.2672894410048612e-01
25, 6, 2.4208064703327106e-01, -4.4866697743958373e-01
25, 7, -1.0266862508356332e-01, -4.2001201516197234e-01
25, 8, -2.9323590785406406e-01, -2.4207031322194930e-01
25, 9, -1.0523759380640511e-01, -2.9667520953039389e-01
25, 10, -2.3403876874343957e-01, 3.2233207898011912e-01
25, 11, 6.4399234852574661e-01, -5.7579566673296301e-01
25, 12, 4.5251227554671469e-01, 3.6903722108719961e-01
25, 13, -5.3041175453426917e-03, -3.8994725458849372e-01
25, 14, 1.1111534079961127e-01, -3.5994380918786800e-01
25, 15, -6.2852070485604794e-01, 1.5439309169051507e-01
25, 16, 1.4735423471173759e-01, -3.8927917265582795e-01
25, 17, 4.5626886560935742e-01, 1.1147065454512921e+00
25, 18, -2.2451035489013138e-01, -9.9888751425534786e-02
25, 19, 9.2159506470469865e-01, 7.3466086860496410e-02
25, 20, -7.3182614227537879e-01, -1.4932448224261655e-01
25, 21, 9.7386187947306257e-01, -2.6976768742668089e-01
25, 22, -4.2938391311567670e-01, 6.4824582116504581e-01
25, 23, 7.1726942522517256e-01, -6.3244189346141044e-01
25, 24, -3.8817942188945731e-01, -1.4093531964672673e-01
25, 25, -2.0834704928740430e-01, 3.9710498602557748e-01
26, 0, 3.0433270445680327e-01, 0.0000000000000000e+00
26, 1, 1.8786218613911526e-01, 5.1009988938514073e-01
26, 2, 2.2922810522439749e-01, 9.8149481277409849e-03
26, 3, 1.1330612411481875e-01, -1.4855579624008280e-01
26, 4, 4.4774425661159478e-01, -2.0350702815884358e-01
26, 5, -2.6265656328096937e-01, -2.1352343727774414e-01
26, 6, 4.2658116075745295e-01, -2.4476960397551574e-02
26, 7, -1.3386051754135697e-01, 2.5508667643441052e-01
26, 8, -4.0399869180422321e-02, -1.0849370917592789e-01
26, 9, 5.3485964934467681e-02, 6.2507478135849626e-01
26, 10, -1.3793235999134384e-01, -7.0003122619355401e-02
26, 11, 5.9002993257588698e-01, 2.6445640007604165e-01
26, 12, -2.9551819726641299e-01, 1.1916091161667167e-01
26, 13, -4.1422182550153917e-02, -3.3218366221596379e-03
26, 14, -1.4954502311491105e-01, 7.6820474618713275e-02
26, 15, -1.2273002367661362e-01, 7.4383476557323136e-02
26, 16, 5.9908951805433741e-01, 1.4349142607878207e-01
26, 17, 3.4669484049482302e-01, 9.6155944672018101e-02
26, 18, 3.3843455765247171e-01, -5.7594361938025884e-01
26, 19, 4.8219629299872079e-03, 1.3731010829949120e-01
26, 20, -1.5942699270488317e-01, -4.5222215247731679e-01
26, 21, 3.4045607054902433e-01, 6.7764482931623649e-01
26, 22, -5.3930702380083118e-01, -2.9937218350592612e-02
26, 23, 3.1807832446958695e-01, -2.9289515045800180e-01
26, 24, -9.4797173381562772e-01, -6.6141678478131821e-02
26, 25, -3.4546958595251231e-01, 5.1674383560579329e-01
26, 26, 2.0034395042579672e-01, -5.4848729877056324e-01
27, 0, 2.9343609527097514e-01, 0.0000000000000000e+00
27, 1, -5.2771923953188013e-02, 3.1346899449291352e-02
27, 2, -8.3652261144870482e-03, -3.4078309832105813e-01
27, 3, -1.3907002641717445e-01, -3.3007299009254193e-01
27, 4, -3.9974551578660011e-01, -1.1908861167477348e-01
27, 5, -1.0798112405980612e-01, -3.4429834025317119e-01
27, 6, -3.5071812769396055e-01, 3.6240405718084878e-01
27, 7, 2.5668929969353209e-02, 1.3956674596642868e-01
27, 8, 4.0608378005257550e-01, -1.0040660743380828e-01
27, 9, -1.0137375131292335e-02, 4.7632309539657380e-01
27, 10, 3.0215653228824713e-01, -1.8132995167419282e-02
27, 11, 2.2466677701574381e-01, 2.2851007505859838e-01
27, 12, -9.2789416355012352e-02, 7.6624498293689008e-03
27, 13, 9.9736421234890876e-02, 1.1714849965108934e-01
27, 14, -2.6179400462757751e-01, 2.3067643988242660e-02
27, 15, 3.6517887711563668e-02, -1.1188978697190094e-01
27, 16, 8.9998848571016671e-02, 2.9410174229537994e-01
27, 17, -2.3391369387903560e-01, -4.6051065693183058e-01
27, 18, 2.0546578462045158e-02, -1.8445962742045227e-01
27, 19, -8.3924449386674904e-01, -2.0420523158705492e-01
27, 20, 3.1963232126471841e-01, 7.4766594989746665e-02
27, 21, -3.3849293464719998e-01, 3.2837048763400450e-01
27, 22, 2.5211479040405527e-01, -4.2309940384826805e-01
27, 23, -1.6563781817546658e-01, 3.1011675214676560e-01
27, 24, -2.0304107166890684e-01, -6.5021776927518593e-02
27, 25, 9.9150913742238750e-02, 6.6531252642337124e-01
27, 26, 2.9953019037494116e-01, -4.0696377254489419e-01
27, 27, -5.4552940562712648e-01, 2.9194016192440858e-02
28, 0, -3.3937603774299219e-02, 0.0000000000000000e+00
28, 1, -1.6364860100186954e-01, -1.0013128044767280e-01
28, 2, -3.2799067552026306e-01, -2.6376715132123141e-01
28, 3, -1.9037101525521019e-01, 3.1277604784275981e-01
28, 4, -3.7693153063455564e-01, -6.9781203914100767e-02
28, 5, 6.9386130972271892e-02, -1.9098592003877077e-02
28, 6, -4.7592998302788614e-01, 2.7130149079364579e-01
28, 7, 1.9688610269696882e-01, -2.5664885283633820e-01
28, 8, 2.6620155682156854e-01, 2.7127513481127297e-02
28, 9, -8.2430575867951328e-02, -4.5135384920302229e-01
28, 10, 9.2674287532299934e-02, 3.0198245886970766e-02
28, 11, -1.9617122264943182e-01, -2.9310530459161066e-01
28, 12, -7.5454608601662157e-02, 3.3004992713786423e-02
28, 13, 1.2572704734086326e-01, -6.3676637354216387e-02
28, 14, -1.2271805190823157e-01, -1.5972715292613041e-01
28, 15, 9.6741488035351500e-02, -1.5099866866160105e-01
28, 16, -1.7739292989583350e-01, -8.9476640752998257e-02
28, 17, -1.1270657469244681e-01, -4.1993708517260564e-01
28, 18, -2.8777297724309897e-01, 3.2719190327627579e-01
28, 19, -3.5145213273021875e-01, -7.0802781291012348e-02
28, 20, 2.7509613912870262e-01, 4.3066692714182608e-01
28, 21, -1.8960087213193555e-01, -1.4342376212951657e-01
28, 22, 3.7341533002316135e-01, -6.9275824901038410e-02
28, 23, -3.7930143781149300e-01, -1.4890112671451822e-01
28, 24, 2.7628617337864947e-01, -1.6804653997632871e-01
28, 25, 6.0716988108129463e-02, 1.0266405359165666e-01
28, 26, 4.0687532883280081e-01, -5.4971119491509979e-01
28, 27, -2.7316583173347821e-02, -6.2241407659107593e-02
28, 28, 1.4508554690921066e-01, 5.9645611807521226e-01
29, 0, -1.0432659488628412e-01, 0.0000000000000000e+00
29, 1, -3.9975752241633265e-02, -1.7406918463589210e-01
29, 2, -1.1803344236604936e-01, -9.3665996264991613e-03
29, 3, -9.8335776724352716e-02, 3.0004842001201637e-01
29, 4, 1.5443126899901466e-01, -8.1872686867437594e-02
29, 5, 1.1577010803304039e-01, 1.4723882785722972e-01
29, 6, 7.0273174712245506e-02, -4.4322441366338484e-02
29, 7, 2.4874086869446355e-01, -1.5813950746995237e-01
29, 8, 4.3177997058260087e-02, 1.2970155257090615e-02
29, 9, -1.0036300147080617e-01, -3.3234037947038936e-01
29, 10, -1.4438087932761967e-01, 5.8165610825809455e-02
29, 11, -3.1158874001088299e-01, -7.5654895131880992e-02
29, 12, 1.5620290108835150e-01, -9.6378823727657825e-02
29, 13, -1.8765852478676040e-01, -2.3508253248142742e-02
29, 14, -2.5546981927911015e-02, -1.3257864214433132e-01
29, 15, -6.4101945484759199e-02, -1.2111553838748665e-01
29, 16, -1.1589030404683279e-01, -3.5218867547803123e-02
29, 17, 3.7366385325614190e-03, 7.7667381710983807e-02
29, 18, -2.6589000571531803e-03, 7.8329521209207359e-02
29, 19, 1.8578744817877468e-01, 3.6509597479902969e-02
29, 20, 1.1014000558363624e-01, 6.9572161748944455e-02
29, 21, 1.5784383347992401e-01, -2.6386662377535819e-01
29, 22, -1.0559743320237555e-01, -3.6360879383076968e-03
29, 23, -4.8541749951642843e-02, -2.9804187875320082e-01
29, 24, 7.9761736078311024e-02, 2.8825654672217915e-01
29, 25, -6.8277279022504175e-02, -2.7892338148091383e-01
29, 26, 1.4988051176376022e-02, -2.3332089384360621e-01
29, 27, -4.3162563875574889e-01, -6.4241525517045123e-02
29, 28, 2.6626535428278652e-02, 2.3520356936620895e-01
29, 29, 1.4019929210771659e-01, -1.5547826665988179e-01
30, 0, 3.1505704320444819e-03, 0.0000000000000000e+00
30, 1, 1.3060577633690168e-01, -3.6485092639080862e-03
30, 2, 1.7993385193546729e-01, 2.7599967263584897e-02
30, 3, 3.9726949899571040e-02, 1.4813214633065099e-02
30, 4, 2.3345330705387146e-01, -2.0238802227793065e-01
30, 5, 8.5705125935601728e-02, -1.1878943210533846e-01
30, 6, 9.9163853525351703e-02, -3.1574760843974087e-01
30, 7, 5.4683702799940864e-02, -1.0626987097323074e-02
30, 8, -3.5017927579046537e-02, -1.0382147648037271e-01
30, 9, 8.3124564808490856e-02, -2.2113072050525338e-02
30, 10, -6.0703971731118009e-02, 2.1659027005200421e-01
30, 11, -1.1778358595734478e-01, 8.2197894952141609e-02
30, 12, 2.6152100602893336e-01, -9.9550906336874329e-02
30, 13, -8.4400285045015497e-02, -3.9326469197416600e-02
30, 14, 1.0779761473963687e-01, 1.7403594124223355e-02
30, 15, -9.7168421834686991e-02, 8.3306922333772383e-03
30, 16, -2.7916643917769705e-02, -3.5167579708975584e-02
30, 17, 1.0516293160986548e-01, 1.4038654291625924e-01
30, 18, 5.1185347004610415e-02, 1.8558788201782941e-02
30, 19, 1.8111641339170309e-01, -5.7416598066883602e-02
30, 20, -1.2254264029550703e-01, -1.3045193107532183e-01
30, 21, 4.7325514092973774e-02, -7.4510678228770597e-02
30, 22, -1.8794457515432930e-01, -3.1688161695495369e-02
30, 23, 1.2971552960556190e-01, -5.6108545191456236e-02
30, 24, -7.7134022781167821e-02, 1.8245850434687177e-01
30, 25, 1.7616277397953106e-01, -2.1171564781655938e-01
30, 26, -1.1443086604324003e-01, 2.7905275006310687e-01
30, 27, -2.5781966253283817e-01, 1.9350123479806242e-01
30, 28, 1.7858643567131932e-01, 3.0221605264806434e-01
30, 29, -1.4269055874380630e-02, -4.1208242088559263e-02
30, 30, -8.0554310846945004e-02, -1.2828256241757534e-02
31, 0, -1.0458844393884584e-01, 0.0000000000000000e+00
31, 1, 4.4893093867161574e-02, 6.9552086209053288e-02
31, 2, -6.5592580776033638e-02, -3.5800907922646397e-02
31, 3, 1.5794848529483298e-02, -4.2242477520335102e-02
31, 4, 3.3910512055704160e-02, -1.1871874973314968e-02
31, 5, -6.1366239492007993e-02, -1.4308691919997121e-01
31, 6, -3.1866652591412636e-02, -7.8810374195014549e-02
31, 7, -1.7495706236374883e-01, 1.0947497435111038e-01
31, 8, 1.1899187051705878e-02, -2.5619719514987600e-02
31, 9, 1.0074990097137664e-01, 3.6102194023772793e-02
31, 10, 6.0719954261289830e-02, 1.9495217331047063e-01
31, 11, 1.3896772288750067e-01, -1.4655913826855352e-01
31, 12, 8.7613880850442430e-02, 1.1567965970286413e-02
31, 13, -2.9829956345560907e-02, -1.1528890618720875e-01
31, 14, 2.6534190641423344e-03, 7.3562057525117019e-02
31, 15, -5.6519113161759373e-02, -2.5237333344795575e-02
31, 16, 1.0202980091460288e-01, 1.3819619656871718e-02
31, 17, 5.0316890278418853e-02, -2.7930240855612992e-02
31, 18, -2.3606985023976620e-02, -1.5059816570712084e-01
31, 19, -5.5956751462827310e-02, -8.9531949303861061e-02
31, 20, -3.1291807467872584e-01, -1.2949983102759863e-01
31, 21, -1.0107394109481860e-02, -1.1355073348849647e-02
31, 22, -9.1454251852358351e-02, 1.3224414430272274e-01
31, 23, 7.4150396251884826e-02, 1.2505602810312627e-01
31, 24, -3.7548253444267390e-02, -9.0393650544553616e-02
31, 25, -1.1016080085036236e-02, 1.5370787719638429e-02
31, 26, -1.3644532313154048e-01, 3.5719613094980195e-02
31, 27, 7.4871294863350465e-02, 1.1270992126525065e-01
31, 28, 2.9475262584501682e-01, 9.0966588521803310e-02
31, 29, 6.2548151616782760e-02, -1.4518634270470698e-01
31, 30, -1.7169839085531553e-02, -1.7688520895234011e-01
31, 31, 1.2093849679893673e-01, -2.7258769951751000e-02
32, 0, -1.1010743123843171e-01, 0.0000000000000000e+00
32, 1, 3.5709317540017382e-02, 1.4034748757473428e-01
32, 2, -1.1801480333239169e-01, -1.2912448736896504e-01
32, 3, 1.2323181579751601e-01, -1.2908480690109747e-03
32, 4, -1.4428645567118034e-01, -4.8882904307559358e-02
32, 5, -6.8170294402434897e-02, 3.7261739297577007e-02
32, 6, 5.8819618370549217e-03, 1.4932095130380102e-01
32, 7, -1.2494763160816114e-01, 1.0921602527108390e-01
32, 8, 1.7507064451110466e-01, 2.2230827086826908e-02
32, 9, 1.8576619726425634e-02, 6.5518513225680933e-02
32, 10, 2.9023396671155922e-02, -6.2373379073181030e-02
32, 11, 3.0396565147841243e-02, -3.8577512384445858e-02
32, 12, -4.5976446822881850e-02, -2.4326960938084174e-03
32, 13, -2.7201773675634994e-02, -2.2859463366066649e-02
32, 14, -6.8504636626100703e-03, 1.4104230197328638e-01
32, 15, -1.9522687139750437e-02, -6.9952688610907060e-02
32, 16, 1.1154823936655517e-01, 3.5717254776330976e-02
32, 17, -9.4218687531638420e-03, 2.1494909266101481e-02
32, 18, -6.3486345325021842e-02, -1.2985622706094140e-02
32, 19, -1.5659440884422773e-01, 8.9372429436841413e-02
32, 20, -1.4314067839165717e-01, -4.1389314627895066e-02
32, 21, 6.8027975974478572e-02, 1.6878200740154065e-01
32, 22, 8.1901724988759306e-02, 4.6902852598208887e-02
32, 23, 1.7298835617465248e-02, -7.8581997151485172e-02
32, 24, 1.9722150594745622e-02, -1.1838780753414455e-01
32, 25, -9.0034059539995506e-02, 1.0496687271110401e-01
32, 26, -2.6222203963821467e-02, 4.7196098840225263e-02
32, 27, 3.8014504787761083e-02, 8.9532944112831386e-02
32, 28, 3.0699513593568123e-02, -2.1015537714238666e-01
32, 29, -5.8707051295415411e-02, -1.4173503190634262e-01
32, 30, -1.1334674090646431e-01, 4.1661443610528141e-02
32, 31, -7.7705032542415620e-02, -4.9343550340369302e-02
32, 32, -5.0044029623695224e-02, -4.5133060816657820e-02
33, 0, 5.9623306269548579e-02, 0.0000000000000000e+00
33, 1, 4.1119400584338231e-02, 7.3245881366957935e-02
33, 2, -4.0509497577907540e-02, -1.4547855519085667e-01
33, 3, 9.2653692397183018e-02, 6.8731908865098085e-02
33, 4, -4.8409946063807108e-02, -3.0468251927462803e-02
33, 5, 9.9516847636003949e-02, -2.6851818982458968e-02
33, 6, 9.6988796932852187e-02, 1.9381386515404786e-01
33, 7, 5.7364332606489127e-02, -1.9498104004684402e-01
33, 8, 9.1176848490610307e-02, 9.7222052655694169e-02
33, 9, -4.4248952467427639e-02, -6.6701986340625893e-02
33, 10, 4.8374396509785304e-03, 1.4417484807298271e-03
33, 11, -1.0866095964561830e-01, 1.0402810089837763e-01
33, 12, -1.2562642484988606e-01, 1.1326785677380175e-02
33, 13, -1.4600269818795718e-02, 1.5688065061162541e-02
33, 14, -3.6859745083360144e-02, 1.8010949270362148e-02
33, 15, 7.2764393515170417e-02, -6.4977634924900107e-02
33, 16, -1.2688798459795146e-02, 3.5527128905848353e-02
33, 17, -2.3987962747222008e-02, -9.5702380925567921e-03
33, 18, 9.4020556549110276e-02, -2.8746779674949815e-02
33, 19, -1.5405189211189882e-01, 1.2646383698116770e-01
33, 20, 9.9852020366906685e-02, 2.7576641167800404e-02
33, 21, 1.8889635363558019e-02, 1.6555070900571753e-01
33, 22, 4.6787716860112044e-02, -8.0673869304821719e-02
33, 23, 1.3805680601098953e-02, -8.4124598951093824e-02
33, 24, -6.9353827366410881e-02, -7.6748123270539093e-02
33, 25, -3.8404479779022421e-03, 2.4824810619709474e-02
33, 26, 2.4197905996174066e-02, 6.7843852019002573e-02
33, 27, 3.7101788575917997e-02, -2.7064006061098014e-02
33, 28, 3.8388821458280493e-02, -1.2213103109190974e-01
33, 29, -1.0752827714020342e-01, -7.3355697103736038e-03
33, 30, -1.0346711282966471e-01, 1.1472428895347035e-01
33, 31, 1.0529969432046662e-01, 1.3465439497797252e-02
33, 32, -3.4031051299352529e-02, 2.6256474291747511e-01
33, 33, -2.3797162493752074e-02, 4.1450787403387250e-02
34, 0, 9.6191278388295540e-02, 0.0000000000000000e+00
34, 1, -4.8675881518995004e-02, 3.4068272444309440e-02
34, 2, 5.9187575701916094e-02, -3.9496155815637035e-02
34, 3, -4.7132259048403048e-02, 1.1354734037149052e-01
34, 4, 2.1650094526740393e-02, -6.8159061083945982e-02
34, 5, 8.4124882653677624e-02, 4.2158803607942504e-02
34, 6, 5.9707585094847639e-03, -5.9967380283912249e-03
34, 7, 1.0259865512332571e-01, -1.4286927420796067e-01
34, 8, -1.3140316667406386e-02, -2.9806093322902460e-03
34, 9, -4.3671723650067946e-02, -6.6067254958631944e-02
34, 10, 7.7393872722075763e-03, 6.8540618775602039e-02
34, 11, -6.5433958184946517e-02, 1.4462855292034033e-01
34, 12, 4.9329576735107815e-02, 2.3538222830209010e-02
34, 13, 4.1684270796631909e-02, 6.0452768590347317e-02
34, 14, -1.7851028082688014e-02, -6.8485825897274880e-02
34, 15, 6.1159882292146639e-02, -5.0261221033545696e-02
34, 16, -1.4736825750073029e-01, 4.9201853192053033e-03
34, 17, 5.6338055936366802e-02, -4.4907825731860453e-02
34, 18, 1.7653493197560360e-02, 6.2922964432621242e-02
34, 19, -1.0743778162488079e-02, -1.2778064713782541e-01
34, 20, 9.4940244948510777e-02, 5.8169456268018900e-02
34, 21, -3.0561523973595843e-02, -6.8711897708427477e-02
34, 22, 5.7032164753300814e-02, -6.6927626831721515e-02
34, 23, -8.6038357114845032e-02, 2.6587962226668808e-02
34, 24, -5.7591742894913735e-02, 7.7816521702707767e-04
34, 25, 6.5428278191139777e-02, 5.0784443816074429e-02
34, 26, -5.5180281450950677e-02, 7.0785612459971420e-02
34, 27, 7.8334491124290390e-02, -7.5539349851167933e-02
34, 28, -4.4732681096588775e-02, 1.5573913336201176e-03
34, 29, -6.8360917279997449e-02, -5.9781422936422621e-02
34, 30, -1.7221010567041173e-02, 1.3492648012331970e-01
34, 31, 1.6472872839805566e-01, -5.0656139687603761e-02
34, 32, -6.2939633579385285e-02, -6.2473970008553092e-02
34, 33, 2.3338052592657516e-01, -5.3732801415234416e-03
34, 34, 3.3871659219712929e-03, -2.4305024025227037e-02
35, 0, -1.7789247181915838e-02, 0.0000000000000000e+00
35, 1, -4.1279670476647434e-02, -8.0010232788314525e-02
35, 2, 1.3031931772107749e-02, 4.0582343095216855e-02
35, 3, -3.2164007807280619e-02, 4.5317255683641380e-02
35, 4, 1.0602350239706174e-01, -4.9254913518423954e-02
35, 5, -2.9362947275420728e-02, 1.2131468229730694e-01
35, 6, -8.5512207850039323e-02, -1.0257158788223851e-01
35, 7, -1.9308412648494328e-02, 4.8873984939400116e-02
35, 8, -9.8177917081290672e-02, -5.2719071524504058e-02
35, 9, 1.8062020592010272e-02, 2.2682199640262437e-02
35, 10, 3.1738465995193393e-02, 4.3925621760764040e-02
35, 11, 1.9829970152098454e-02, -1.1949236372951626e-02
35, 12, 8.4660179951159598e-02, -2.1675468283939237e-02
35, 13, 2.4574873694507525e-02, -3.5532870231126676e-03
35, 14, 4.0873057892647918e-02, -4.4440478500524828e-02
35, 15, -4.5519097726097843e-02, 9.5622409183758014e-02
35, 16, -7.0777271739213624e-02, -5.5578294976297772e-02
35, 17, 8.5210124507252599e-02, 3.5215843892023181e-02
35, 18, -7.5248493948389616e-02, 2.9938311612706693e-02
35, 19, 4.8534382502112554e-02, -4.3506644957464473e-02
35, 20, -8.7449379610613470e-02, 6.7838906345408609e-02
35, 21, -3.2019183484264253e-02, -1.3285335794918907e-01
35, 22, -3.4600169587008352e-02, 6.5110677200682338e-02
35, 23, -4.4525833536754322e-03, -4.7890863417310782e-02
35, 24, 8.2029147552732939e-02, 3.5791727146396168e-04
35, 25, 2.6934982043792684e-02, 2.5284501351533154e-02
35, 26, -6.3328910037018715e-03, -3.1705941819600375e-02
35, 27, 4.4672415236787291e-02, 1.8484296342770899e-02
35, 28, -8.0088097160585708e-02, -4.6997609723572857e-04
35, 29, 6.3642896243361433e-02, 2.6081508805513846e-02
35, 30, -6.1517655123405415e-02, 6.0906389253040753e-02
35, 31, 4.0159917767640406e-02, -1.2569631498907897e-02
35, 32, -1.1420175679897036e-01, -1.3105734150101936e-01
35, 33, 3.8321277805073273e-02, 1.1854960815474522e-01
35, 34, -7.9454031040843642e-02, -1.7652410343072714e-01
35, 35, -6.2847600314364510e-02, -2.1212641609380446e-02
36, 0, -9.6228446616070482e-02, 0.0000000000000000e+00
36, 1, 4.3892766964373962e-02, 1.1676559287790378e-02
36, 2, -6.3743564065044500e-02, 6.5201681134054196e-02
36, 3, 5.4197984669161411e-02, -2.8814039714174296e-02
36, 4, 9.0342574019194141e-02, 1.2294995638262201e-02
36, 5, -4.7487123770296687e-02, -6.5846589856580554e-03
36, 6, 6.2802116986513667e-02, -5.3675956015220190e-03
36, 7, -3.5059538853163111e-02, 6.3860484488059754e-02
36, 8, -3.5772866801262619e-02, 1.8495173356063550e-02
36, 9, 4.4979515595535487e-02, 2.7427586083196055e-02
36, 10, -3.2087210463800961e-02, -2.9997492302872041e-02
36, 11, 3.7535439446848645e-02, -2.1975609585833316e-02
36, 12, 3.5282834683273159e-02, 4.5705285283349330e-03
36, 13, -8.8998260521004707e-02, -9.2838748428174037e-02
36, 14, 5.6141424665670819e-02, 3.0290591141424381e-02
36, 15, -1.4478596086012507e-01, 5.1119757303773813e-02
36, 16, 8.3127786802916853e-02, 5.4482939155983019e-03
36, 17, -2.3431731379984786e-03, 6.1257253449369303e-02
36, 18, 1.9655517718104955e-02, -8.1470907704861234e-02
36, 19, 4.6000658319774679e-02, 4.8418524151541062e-02
36, 20, -1.0115472246099777e-01, -5.2871086593109767e-02
36, 21, -4.7662020808468555e-02, 2.2889651723316799e-02
36, 22, -3.1660123719816864e-02, 5.4733156046405038e-02
36, 23, -1.9241145458468896e-03, -5.5432028610525708e-02
36, 24, 6.2494229493002984e-02, 3.5452109575102357e-02
36, 25, -1.8694214599841743e-02, -5.2249310790344783e-02
36, 26, 7.6315932832038275e-03, -2.3130559700555442e-02
36, 27, -2.9005690817305779e-02, 2.8639718678736516e-02
36, 28, 7.0708179116069428e-03, -1.0351470657868229e-01
36, 29, 7.1015350938697430e-02, 1.1025121715322639e-01
36, 30, 3.9637381352147810e-02, -9.9444636463444078e-02
36, 31, 5.6136629960597456e-02, 8.8085733222143289e-02
36, 32, -9.9036208535683817e-02, -2.1742851117167120e-02
36, 33, -3.4476917937199009e-02, 1.4822076505555015e-01
36, 34, 4.0925758165546902e-02, -7.7465851377314640e-02
36, 35, -9.2341851915449247e-02, 9.2767084177584835e-02
36, 36, 3.6128551072292535e-02, 1.1405641393385417e-01
37, 0, 3.4971873500069930e-02, 0.0000000000000000e+00
37, 1, 5.2367279787597948e-02, 9.5016645324523211e-02
37, 2, -3.8600745631042627e-02, 1.6087219463959822e-02
37, 3, 6.8464424489139072e-02, -2.5812981842112517e-02
37, 4, -4.2968157319664545e-02, -1.0271994575533475e-02
37, 5, -4.2213461305709001e-02, -5.8280325555017942e-02
37, 6, 8.0015015457339425e-02, 5.0945794545317807e-02
37, 7, -2.5654028127863184e-02, 8.3849846471364085e-03
37, 8, 1.1316863926305752e-01, 3.9350328880505082e-02
37, 9, 4.3598872932973792e-02, 2.3807503521335507e-02
37, 10, -2.5164844021492521e-03, -1.5141754659785355e-02
37, 11, -4.5620100141727030e-02, 2.6663409680622349e-02
37, 12, -3.0044231062105856e-02, 5.6456823609706448e-02
37, 13, -2.6120919796474643e-02, -3.4321294035284250e-02
37, 14, 5.3418348709468955e-03, 1.1099708479041365e-01
37, 15, -2.6489389004427894e-02, -1.5336623899602789e-02
37, 16, 7.3292200276919336e-02, 6.2122163226816423e-03
37, 17, -2.9645245125624713e-02, -5.6903974498258708e-02
37, 18, 6.4001864468475653e-02, -5.6700567343904343e-02
37, 19, -4.8458150322851196e-02, 3.7055644833836221e-02
37, 20, -3.2908001176692223e-02, -5.0321168411286518e-02
37, 21, 3.2180637342369258e-03, 5.1853401977705715e-02
37, 22, -2.6892906401482147e-02, -2.6536365176235890e-02
37, 23, 6.8312180988395768e-02, -1.3643452346848267e-02
37, 24, -1.2598209351753660e-02, -3.5178173290614789e-04
37, 25, -3.1740030247877395e-02, -2.9423285322118384e-02
37, 26, 1.3080351997438202e-02, 3.7546174876963406e-02
37, 27, -7.1754214395582744e-02, 2.9802096912627765e-02
37, 28, 8.8506374914537306e-02, 4.1469924899991701e-03
37, 29, -3.9617959968904812e-02, 4.6876867571523859e-02
37, 30, 5.2794950183624761e-02, -1.3645038080638430e-01
37, 31, -7.4763203074770190e-02, 5.5159112921264158e-02
37, 32, 7.7523361129487461e-03, -5.1440839023456239e-02
37, 33, 1.1031054125350119e-01, 9.2802593821526419e-02
37, 34, 5.6300177577730703e-02, -1.4130386421211418e-02
37, 35, -1.0575274744914548e-01, -5.0088986589763407e-02
37, 36, 1.4380651309608927e-01, 8.9962623677952713e-02
37, 37, 4.1900394885187084e-02, -3.6470909092045631e-02
38, 0, 6.6270869057173526e-02, 0.0000000000000000e+00
38, 1, -1.2472655832113308e-03, 1.4109833053140897e-02
38, 2, -3.0446997402189518e-03, -4.6394653106756639e-02
38, 3, 5.2909492413936846e-02, 5.0659296119752468e-03
38, 4, -7.7422845599566831e-02, -3.4418871368448588e-02
38, 5, 3.4898698406513051e-02, 2.0057188156264311e-02
38, 6, -3.4970156489598794e-02, 6.3730369382164961e-02
38, 7, 2.8569388816651151e-02, -6.8782565565333645e-02
38, 8, 4.5134860753306305e-02, -2.5334397999306174e-02
38, 9, 5.6069526796080887e-03, -6.1180622071497825e-02
38, 10, 1.5850381333773773e-02, 2.6094973186919839e-03
38, 11, -2.5813313708088294e-02, 4.2464843344897571e-02
38, 12, 2.2539184859494410e-03, 4.2687568207065943e-02
38, 13, 4.5082956141877725e-03, 4.5996814034526802e-02
38, 14, -2.6585149671945221e-02, 2.4352557709086835e-02
38, 15, 3.2494115114060501e-02, 4.1286795627997211e-02
38, 16, 2.6661714128468940e-02, -1.4560664690349955e-03
38, 17, -3.1111644973788103e-02, -3.6971287195633279e-02
38, 18, 1.0113522254307891e-02, 3.5786375142339857e-02
38, 19, -5.8359120839369144e-02, 1.6320986705832697e-02
38, 20, -1.9677690899464813e-02, 1.9307111542379518e-02
38, 21, 5.9867177128331492e-03, 3.8046460339151988e-02
38, 22, 4.9517572850006464e-02, -1.1255844596445335e-02
38, 23, 1.4444089210693446e-02, 4.7033637264482155e-02
38, 24, -2.9677074830459553e-02, -1.9327441074216051e-02
38, 25, 1.0784296469513637e-02, 2.1903569336657474e-02
38, 26, -6.7157927214394654e-03, 5.2101532298535862e-02
38, 27, 7.7996745674056792e-03, -5.7132091486076411e-02
38, 28, 4.2503841544994522e-02, 5.9995428692074769e-02
38, 29, -5.8257776960970703e-02, -9.0922997020758442e-02
38, 30, 6.1142346146437647e-02, 5.1083741177507684e-02
38, 31, -1.3256220453168380e-01, -2.9431063720684675e-02
38, 32, 5.5990988190414225e-02, -1.3582995318765258e-04
38, 33, -3.6304083119114143e-02, -1.2899777548470364e-02
38, 34, 1.3457324450266504e-02, -7.4607310135626229e-02
38, 35, -6.7086850797238431e-02, -3.3685967421160617e-02
38, 36, 3.7700618722159400e-02, 8.0871025105158340e-02
38, 37, -1.5004625416204932e-02, -1.4301214529627299e-01
38, 38, -6.4824054592433220e-02, -1.9306401149405031e-02
39, 0, -1.8071534860966260e-02, 0.0000000000000000e+00
39, 1, -5.4909489561957250e-02, -5.1504353523837254e-02
39, 2, 1.3618078045528575e-04, -3.4701537353535608e-02
39, 3, -6.3813771778787358e-03, 7.6246586697822239e-03
39, 4, 2.1391544209051934e-03, -1.9620069527955881e-02
39, 5, 4.1342968676855711e-02, 8.8069624593483969e-02
39, 6, -3.0092884926167365e-02, 7.1772511425769328e-03
39, 7, 3.6030396120444362e-02, -4.7239692302306797e-03
39, 8, -5.1543042804251225e-02, -1.1044362504816722e-02
39, 9, -3.4361190685766624e-02, -5.2384877475587736e-03
39, 10, -3.5136651671175398e-02, -7.2096685015677359e-03
39, 11, -2.3962118205896957e-02, 2.2799327164334530e-02
39, 12, 2.9470007299163024e-02, 1.5764241365681889e-02
39, 13, 1.2212090178883540e-02, 3.6418887736610311e-02
39, 14, 5.9258132639057309e-03, -2.5845009082007576e-02
39, 15, 2.3537940123193029e-02, -2.7771124654636676e-03
39, 16, -3.4303504069546124e-02, 7.1181320048674824e-03
39, 17, -1.6164904794516453e-02, -4.1579318679626116e-03
39, 18, -2.8271576029485386e-02, 7.3117803559642230e-02
39, 19, 3.4339522528790474e-02, -2.0798007847717785e-02
39, 20, -7.3961635419253421e-03, 4.4715785531550416e-02
39, 21, 2.1074434435287066e-02, -3.3304987914515312e-02
39, 22, 2.9814925914740713e-02, 2.3215793177086630e-03
39, 23, -3.1814582468926857e-02, -3.7251102735789054e-03
39, 24, -7.8591240959953994e-03, -2.4785851958710184e-03
39, 25, 8.8939382741116575e-03, 4.2192646672608289e-02
39, 26, 1.3841062355086399e-03, 3.1173105999588342e-03
39, 27, 4.2351490921265576e-02, -5.3481972770593106e-02
39, 28, -8.4271091879624477e-02, 2.2675077130486117e-03
39, 29, 3.1206636734419403e-02, -9.2597873146933504e-02
39, 30, -6.0684787891899489e-02, 9.5975351177498322e-02
39, 31, -2.1213548696581118e-02, -7.5778629611570225e-02
39, 32, 2.5745133807695691e-02, 1.0733583324830509e-01
39, 33, -6.3246457243985504e-02, -6.0961391292521691e-02
39, 34, 2.2235958633448696e-02, 3.2809286185226917e-02
39, 35, -5.5056115577067230e-02, -4.2796687321207373e-02
39, 36, 1.4738099381980774e-02, 2.9206410540419434e-02
39, 37, 2.2638022183862565e-02, -3.0868555764401832e-02
39, 38, -9.9490334809752640e-02, 5.3228918299028344e-02
39, 39, 6.6586111890751219e-03, 8.7508659701033331e-02
40, 0, -5.3498881723470601e-02, 0.0000000000000000e+00
40, 1, -2.2414408574409562e-02, 5.1433195310096316e-03
40, 2, 1.4053852822567050e-02, 2.5126801510797239e-02
40, 3, -1.8945438150631926e-03, 5.5708529554357933e-03
40, 4, 3.7865502558500734e-02, -2.2009590558553390e-02
40, 5, -1.7893474579090574e-02, 5.7692790875777479e-02
40, 6, 3.5904751347170916e-02, -3.2254203194330956e-02
40, 7, -1.3899838821573786e-02, 1.0658836116997781e-02
40, 8, -3.6780422406595369e-02, 3.4847279862109282e-02
40, 9, -2.6644180522907408e-02, 4.6721734910377115e-02
40, 10, -3.5769563838447017e-04, 5.3387354364192417e-02
40, 11, -3.2175750713023296e-02, 2.6142446881493215e-02
40, 12, 3.9212188813048388e-03, -2.6587311802693568e-03
40, 13, 2.3378238102423230e-03, -7.1058129025971199e-03
40, 14, 3.0192624666393530e-03, -1.4578395190283051e-02
40, 15, 3.9215739394812536e-02, 1.6859741018286828e-02
40, 16, -5.2186618191457514e-02, 1.0673672213030987e-03
40, 17, 2.5542994633099930e-02, 1.7526863847014455e-02
40, 18, -1.4425822526829859e-02, -1.7168190717713996e-02
40, 19, 4.6795073367534148e-02, 8.3454139471894921e-04
40, 20, -2.3997221066511965e-02, 2.3388870164057461e-03
40, 21, -7.4235402650657829e-03, -3.6901743401751272e-02
40, 22, -1.1561849568338230e-02, 7.9020047308617052e-03
40, 23, -3.0190581696610333e-02, -3.1487573827680179e-02
40, 24, -1.5470011630365809e-02, 4.5563482543938272e-03
40, 25, 2.6083893040049589e-02, 2.5516506783513762e-02
40, 26, -1.6045477311054336e-03, -4.3572845772127743e-02
40, 27, -3.0834716571052417e-03, 8.2596775623492488e-03
40, 28, -6.6552783875787225e-02, -5.3818099289947491e-02
40, 29, 3.8139204442623309e-02, 6.9341019110132462e-02
40, 30, -6.7519691543438592e-02, 2.5125903412756237e-02
40, 31, 8.1954944190673382e-02, 1.4243363844644079e-02
40, 32, -4.5029761042963287e-02, 1.7407146009220553e-02
40, 33, 3.9398918063707815e-02, -4.6229349659853008e-02
40, 34, -1.3668493583599600e-02, 8.4050290615550222e-02
40, 35, 3.0567523574218367e-02, -2.8780262896754286e-02
40, 36, 3.9252412668472183e-03, 2.8070464461162369e-02
40, 37, 1.8982947796409182e-02, -4.3410032873657120e-02
40, 38, -4.0630439915830492e-02, 1.2480913079043884e-02
40, 39, 5.4473080465835974e-02, 9.9483114502986920e-03
40, 40, 1.0444871447674198e-01, -1.0204080228285010e-02
