0, 0, 0.0000000000000000e+00, 0.0000000000000000e+00
1, 0, 7.9695877092335621e+01, 0.0000000000000000e+00
1, 1, 4.6453134659282966e+00, 3.6063974335212428e+01
2, 0, 0.0000000000000000e+00, 0.0000000000000000e+00
2, 1, -1.0758762005766572e+01, -5.8083042204348683e+00
2, 2, 9.8048733119053537e+00, -1.2712970508335520e+01
3, 0, -1.0326319206117828e+01, 0.0000000000000000e+00
3, 1, 1.2162563104577506e+01, 2.2130095063619105e+01
3, 2, 5.3014876719567514e+00, -1.1769372858218183e+01
3, 3, 1.0721451459848552e-01, -2.1508579269593831e+01
4, 0, -6.2600400793205395e+00, 0.0000000000000000e+00
4, 1, 7.2643803524128296e+00, 3.1052138069542141e+00
4, 2, -1.7535671122251109e+01, 1.3699647289394736e+00
4, 3, 1.7801259551431659e+01, -1.5524823414181370e+00
4, 4, 4.5320673144458716e+00, -2.0265741696444373e-01
5, 0, 1.3802188544020908e+01, 0.0000000000000000e+00
5, 1, -3.8108800607031945e+00, -1.2737900563882963e+01
5, 2, 7.7057385913722332e+00, -3.1999686745489049e+00
5, 3, -4.8183023827044345e+00, -1.3806199714780670e+01
5, 4, -1.1670626758763545e+00, 1.6918648137561842e+01
5, 5, 3.1580385711504180e+00, -6.3677837208944865e-01
6, 0, -6.4916982607716145e+00, 0.0000000000000000e+00
6, 1, 3.6171462101375540e+00, 3.1542770371849711e+00
6, 2, 7.8767425381125040e+00, -3.0146574887187159e+00
6, 3, 6.9391036898259291e+00, 3.2570477507758673e+00
6, 4, -2.7610319281083520e+00, -4.4909500486268872e+00
6, 5, -7.3979927727398467e+00, 1.6307040810264577e+00
6, 6, -7.0713263194225906e+00, -2.0057190109150280e+00
7, 0, -8.2386760273084185e+00, 0.0000000000000000e+00
7, 1, 2.5489361036509113e+00, -7.7286964591493650e+00
7, 2, -7.8652598048543361e+00, 6.1708771015870409e+00
7, 3, -2.7494194808158889e+00, 1.6461244128723804e+00
7, 4, 2.9087197609067617e+00, 6.3524444306267069e+00
7, 5, -4.7598498552216267e-01, -2.0980946820439663e+00
7, 6, -4.3039602195897277e+00, -9.1851508462289333e-01
7, 7, -2.6780195805337819e+00, 4.2267485595557357e+00
8, 0, 3.5576528409422679e+00, 0.0000000000000000e+00
8, 1, 9.0620257413068650e-01, -4.0973148778739201e+00
8, 2, 6.0226311505656849e-01, -2.3046521230344974e-01
8, 3, -1.8886520315999134e+00, -1.8929022415790375e+00
8, 4, -8.4193564896916584e-01, -4.6821219992140151e+00
8, 5, -3.1514485945263839e+00, -4.8305991406893254e+00
8, 6, 4.1605625186900737e+00, 2.1797302481688474e+00
8, 7, -1.7213751756451774e+00, -2.6131734465687400e+00
8, 8, 3.3113264814019989e+00, -4.1832010626970395e-01
9, 0, 1.3002446334644729e-01, 0.0000000000000000e+00
9, 1, -3.7828424089450747e+00, 7.7087476029446202e+00
9, 2, 3.1592179984306439e+00, -1.8977867151668111e+00
9, 3, 1.0681251226184496e+00, 2.6531910596554509e+00
9, 4, 1.2791702090033898e+00, 1.4303870905156746e-01
9, 5, 2.4560353922139675e+00, -2.1484709935862032e+00
9, 6, -1.6629127410060440e+00, -5.4661574218299149e+00
9, 7, -1.5451926635983770e+00, 6.7318092722965854e+00
9, 8, 4.5218106456253526e+00, -2.4316764439521048e+00
9, 9, 1.7616460762082844e+00, 2.6589847215014064e+00
10, 0, -2.1109183199279693e+00, 0.0000000000000000e+00
10, 1, -2.4513761019824996e+00, 5.7891683736677679e-01
10, 2, 2.2923225249774104e+00, -4.1597224272328304e-01
10, 3, -5.0368502830807920e+00, -1.1670029623493661e+00
10, 4, -6.5212093210705357e-01, 3.7343800471151369e+00
10, 5, 2.1063944032854081e+00, -2.4424990473600028e-02
10, 6, -1.0832422025297279e+00, 3.5553498116068658e+00
10, 7, 1.1446806102762996e+00, 2.1343225795399023e+00
10, 8, 2.2259076113653875e-01, -4.8000447513819600e-02
10, 9, 1.6479594606339596e+00, 3.0745082741439016e+00
10, 10, -6.2219477814769841e-01, -1.3630340181551910e+00
11, 0, -3.0644915392533389e-01, 0.0000000000000000e+00
11, 1, 3.1326673367851008e+00, 6.5659868218768203e-01
11, 2, 6.1138126198875031e-01, -2.6916484744504965e+00
11, 3, -5.2531166560165299e-01, 2.2940655997075772e+00
11, 4, -1.9461282634853112e+00, -1.7531038826723417e+00
11, 5, -1.1714447999160829e+00, 1.3698734491349174e+00
11, 6, -2.5718820260826236e+00, -2.0299753361713693e+00
11, 7, 1.4423667964662130e+00, 1.0384772614575839e+00
11, 8, -2.0523162678057583e+00, -1.5088296593172483e+00
11, 9, 6.7854194206367835e-01, -4.3663211944593106e-02
11, 10, -2.9035388356310827e+00, 1.0824473683504414e+00
11, 11, -7.8967046197676638e-01, -6.7127457985617645e-01
12, 0, -2.0752810881336132e+00, 0.0000000000000000e+00
12, 1, -1.7401870200482925e+00, 1.0812754334296362e+00
12, 2, -1.0738137450072465e+00, -2.2136667658140952e-01
12, 3, -1.0062082357917419e+00, -3.2461746996440055e-01
12, 4, -1.6876240360376740e+00, 9.9127002583993273e-01
12, 5, -2.0685231994635824e+00, 1.1944187335041727e+00
12, 6, 5.4619135110519024e-01, 4.3467029289193482e-01
12, 7, -1.8135185024831002e+00, -2.1162841967166988e+00
12, 8, 2.0859619538434098e+00, 1.8057441691524414e+00
12, 9, -2.2606566763937712e+00, -1.5568340731948109e+00
12, 10, -2.8750803029166967e+00, -9.7285135877493190e-01
12, 11, -5.2230890475541747e-02, -2.6949998938039137e+00
12, 12, -8.0491984149678164e-01, -5.0300677326754722e-02
13, 0, 9.9031487004591745e-01, 0.0000000000000000e+00
13, 1, -1.8308229772496565e+00, -3.7284768281384757e+00
13, 2, 2.1713604705458436e+00, 1.7265050616406443e+00
13, 3, -2.3895196381420587e+00, -2.0527326251373639e+00
13, 4, -1.8157045749964347e+00, -5.2302898217645266e-01
13, 5, 7.2699357709302193e-01, -9.1860312725108095e-01
13, 6, 3.6551683049871535e+00, -2.9948487385672506e+00
13, 7, -4.7000378106420038e-01, 6.5633283270045584e-02
13, 8, 1.5197023780036123e-01, -3.4172859609683798e-01
13, 9, -2.1087316184804363e+00, -1.2943408654956869e+00
13, 10, 1.2983251525113990e+00, 6.3509068415101710e-01
13, 11, 1.5717035238183508e-01, -1.3709215422965306e+00
13, 12, 1.5742584816077967e+00, -2.8589259591244076e-01
13, 13, 2.4905375112232448e+00, 8.6305711097888937e-01
14, 0, -2.7228104239369388e+00, 0.0000000000000000e+00
14, 1, -2.1823797231798658e-01, -1.0709229881752180e+00
14, 2, -4.7053063790414140e-01, 5.9081319775290675e-01
14, 3, -6.5676890631231744e-01, 7.6568313749658179e-01
14, 4, 1.3961927820938320e+00, -1.6225413143200877e+00
14, 5, -1.5710878276459117e-01, -5.7804215908978640e-01
14, 6, 5.9665391574667648e-01, -1.0010751523548787e+00
14, 7, 1.1252612383953295e+00, 3.1721723442282240e-01
14, 8, 1.6133580876819755e+00, 1.1212911192675472e+00
14, 9, -1.4140095705049829e+00, -1.3490762566484227e+00
14, 10, -1.0232299578041952e+00, -4.5669633935274367e-01
14, 11, 1.8472319168018263e+00, 1.5050214082432340e+00
14, 12, 8.7525715424924133e-01, 1.0671140159399648e+00
14, 13, 3.1495497484185675e-02, 5.5822402005415661e-02
14, 14, -7.1969983753664502e-01, 3.1366216029725025e-01
15, 0, -6.1637050194272347e-01, 0.0000000000000000e+00
15, 1, -4.8453990669207403e-01, 1.5222480422433970e+00
15, 2, -1.4017483017269152e+00, 3.7429255813057161e-01
15, 3, 2.9690556913908894e-01, 1.6072060608819705e-01
15, 4, -1.9446688040543747e-01, -1.6372370969002206e+00
15, 5, 3.9417875269885450e-01, -1.1729913600550304e+00
15, 6, 1.3522082830860760e-01, 2.4857082061078861e-01
15, 7, 6.2444596692528376e-01, 7.4111772588755409e-01
15, 8, -5.7992274033807778e-01, 1.3079676690810365e+00
15, 9, 3.3274623682233422e+00, 2.9071785519815652e-01
15, 10, -1.1073000469262504e+00, -2.9820028679723132e-01
15, 11, -2.8921919884318181e-01, 2.6628339663664513e-01
15, 12, -2.9254754561364273e+00, 4.6947021276899203e-02
15, 13, -6.4326870806653424e-01, 8.5105072627803802e-01
15, 14, -2.9339258173977933e-01, 4.9308824529578876e-01
15, 15, -2.2183810886537643e+00, -6.2908571622525289e-01
16, 0, -1.7897839995167630e+00, 0.0000000000000000e+00
16, 1, 1.4091562499201937e-01, 5.6595489512527131e-02
16, 2, -2.7062970730228058e+00, -1.7293154508918682e+00
16, 3, 6.1489528104033142e-01, 4.1802679009687838e-01
16, 4, -1.8717835930106319e+00, -3.8086394723963390e-01
16, 5, -4.2086072327417756e-01, 2.0781322547192427e-01
16, 6, 1.7203724928782901e-01, 2.7229172999279072e-03
16, 7, 9.8660265006411174e-01, -5.6076901829292936e-01
16, 8, 5.6488514211767882e-01, 1.1934385294702159e+00
16, 9, -1.3485889264075845e+00, -4.9030741365933661e-01
16, 10, -1.1436656313371532e+00, -4.8313995740585525e-01
16, 11, 7.2847286052480253e-01, 1.9002315159218222e+00
16, 12, 2.2195203851553345e+00, -2.7950192952718855e-01
16, 13, -3.5763538962270580e-01, -6.2945402758896107e-01
16, 14, 1.1520668764383972e+00, 3.0527096936388887e-02
16, 15, -2.2229786947662138e+00, -7.5960615781203500e-02
16, 16, -9.3537562676654695e-02, -6.9051727883192782e-01
17, 0, -7.2909753885007311e-01, 0.0000000000000000e+00
17, 1, -1.2553901568768679e+00, -2.1205350343989138e-01
17, 2, -7.3976668736298246e-01, -1.6665084798765122e+00
17, 3, -1.9305594007346194e+00, -6.7833202853653607e-01
17, 4, -6.5027029042514117e-02, 2.5359283050106046e-01
17, 5, -9.4912442379253115e-02, -9.8270170311907745e-01
17, 6, -3.5767238528528988e-01, 7.9630805651228975e-01
17, 7, -2.6420698058742098e-01, -1.1827649235949127e+00
17, 8, 1.6559879071751249e-01, 7.8260878670846190e-02
17, 9, 8.7138609128853795e-01, -1.6302724698707003e+00
17, 10, 5.4228670651444899e-01, -3.3897332227747878e-01
17, 11, -1.1353557296070331e+00, -2.7689049117795235e+00
17, 12, 1.6000685758025899e+00, -5.4722249079975926e-01
17, 13, -1.5503008925429893e+00, -1.2020564566898915e+00
17, 14, 6.4156958655391394e-01, 1.5781968993525819e-01
17, 15, 3.5031851267771841e-01, 6.0609589404097508e-01
17, 16, 9.8701749780384862e-01, 1.8352193373905679e-01
17, 17, 1.1360047820439498e+00, 2.3134427902243770e-01
18, 0, 4.1661126503198309e-02, 0.0000000000000000e+00
18, 1, 2.3423584717764845e-02, -1.1932882956518231e+00
18, 2, 7.4552020515275241e-01, -1.3639634376863671e-01
18, 3, -8.5879521563604044e-01, 4.5794204333185573e-01
18, 4, 1.4605144364056362e+00, 5.5763397087863664e-01
18, 5, 1.7948582073472485e-01, -8.0683910553587301e-01
18, 6, 3.6347158754811082e-01, -6.0461037105813031e-01
18, 7, 2.6265084228888858e-01, -3.1115288103774730e-02
18, 8, 6.1954788391654481e-01, -7.2611533919839100e-01
18, 9, -3.6881330054421846e-01, 2.9430559046005262e+00
18, 10, 7.6553765909961324e-01, -1.1647209391444524e+00
18, 11, 7.7984761068457864e-01, 5.8774054201687143e-01
18, 12, 3.8830821110892766e-01, -1.8082487685123236e+00
18, 13, -1.1496275508568365e+00, 2.7090191032941979e-01
18, 14, -7.9748902099669139e-01, 6.9896177595881304e-01
18, 15, 1.4727079178104983e+00, 6.6857924197470475e-01
18, 16, 1.3268363312819371e+00, -4.7798132332297139e-01
18, 17, 1.6611595934622998e+00, 3.1482915730300842e-01
18, 18, -4.4475569028002981e-01, 2.3114317241223503e-01
19, 0, -3.0494511932773866e-01, 0.0000000000000000e+00
19, 1, 2.8684224132691283e-01, -4.8728360846169716e-02
19, 2, 1.2545994252484183e-01, -3.5187183911276337e-01
19, 3, 6.4796857836820021e-01, -1.4023235761099762e-02
19, 4, 9.7428978079716366e-01, 3.9447209032395270e-01
19, 5, 2.2194295721673252e-01, 4.8463666814560535e-01
19, 6, 9.2788536869890936e-01, -1.0225204577702276e+00
19, 7, 1.9557989429199774e-01, 2.3607142521522295e-01
19, 8, 3.3178930757801117e-01, 6.5356301997040811e-01
19, 9, 3.7982082949426588e-01, 1.5876195312230506e+00
19, 10, 3.1149716866920230e-01, 8.1627152797057612e-01
19, 11, -4.9990136369819593e-01, -5.6205699163481160e-01
19, 12, 1.5337678057031894e+00, 6.5391139074744353e-01
19, 13, -6.8179575379266855e-01, 7.2703750884438789e-01
19, 14, 3.8152725462680676e-01, 3.6139326899823399e-01
19, 15, 1.0371134721422075e+00, 1.1415451920254382e+00
19, 16, 5.4433983632767979e-01, -5.2556377617629524e-01
19, 17, -8.5037279016427958e-01, -7.4182491389934058e-01
19, 18, 6.6183393327444895e-01, 6.2770248399671646e-01
19, 19, 4.3082490165661236e-02, 3.8468906056748775e-01
20, 0, 7.0077609999505741e-02, 0.0000000000000000e+00
20, 1, -1.1610942228222751e+00, 8.2629143627660251e-01
20, 2, -1.9633593567025881e-01, -2.3024979164075166e-01
20, 3, -1.1651946812062579e+00, -3.5279933767867977e-02
20, 4, -5.7969509439067890e-01, -5.0803184152509562e-01
20, 5, 3.6231433415377295e-01, -3.8248119147523407e-01
20, 6, -6.0415426620950896e-02, -3.0877053468726356e-01
20, 7, -5.3915595049059117e-01, 1.9190923078723860e+00
20, 8, -1.4913982887878929e-01, 1.7212270064145119e-01
20, 9, 1.4405463015775108e+00, -1.2939031125843603e-02
20, 10, 1.9615665082306877e-01, -1.9661525630399793e-01
20, 11, 1.4481998474156978e+00, -1.1603988925600666e+00
20, 12, -1.2529839266203933e+00, -1.7416221343531985e-01
20, 13, -2.0831243009280271e+00, 1.3844435580592762e-01
20, 14, 8.8313570619968229e-01, 1.1536357325376745e+00
20, 15, 6.3802772961747162e-02, -1.0475501752379444e+00
20, 16, 7.1095168073164697e-02, 1.0151118577236229e+00
20, 17, -1.0671991522083437e+00, -7.8505667708848115e-01
20, 18, 1.6973467601025335e-01, 4.5966091438244039e-02
20, 19, -7.6568917963971694e-01, -1.7512935569941421e+00
20, 20, -4.1165885751500175e-01, -6.3557559691809518e-01
21, 0, -6.1090655518924009e-01, 0.0000000000000000e+00
21, 1, -4.1256942074201630e-01, 3.8010521827938804e-01
21, 2, 9.9180739738065071e-01, -4.6811730011632680e-01
21, 3, 2.8814542521360154e-01, -2.8587519152560181e-01
21, 4, -1.1881765360238283e-01, -3.7489678486598255e-01
21, 5, 7.4038923315200744e-01, -3.4767395474895879e-01
21, 6, 5.3527153568582453e-03, -7.9841162358200934e-01
21, 7, 1.6609783474590412e-02, -6.1593140222929454e-01
21, 8, 4.2861821798103689e-01, -1.9612696718894340e-01
21, 9, -1.3599732693054358e+00, 6.2347476014623648e-01
21, 10, -5.6596896508842431e-01, 1.3288760268790882e+00
21, 11, -1.4171280950573586e+00, -1.6824428175030106e+00
21, 12, -2.8429971344307403e-01, 6.8746717673280400e-01
21, 13, -3.3508871669729545e-01, -6.4496665655775143e-01
21, 14, -2.9952404803590182e-02, -6.9804574116554596e-01
21, 15, -1.9458110765224190e-01, 5.9049381417709990e-01
21, 16, -4.0659916050455769e-01, -1.3843524318146574e+00
21, 17, -8.3919579448785608e-01, 2.4711437607518816e-02
21, 18, 3.0431888500905646e-01, -3.0494846750831206e-01
21, 19, -1.1186019763854627e+00, -9.0841604988026026e-01
21, 20, -1.4666762465430976e+00, -1.1315101124845317e+00
21, 21, 1.1008503288106335e+00, 1.5985023051903935e+00
22, 0, -2.0114309688649681e+00, 0.0000000000000000e+00
22, 1, -6.9357330859403166e-01, -1.1590953281773624e+00
22, 2, -8.4194312532669580e-01, 3.9991563480792336e-01
22, 3, -6.0326907503559180e-01, -5.5187151018313751e-01
22, 4, 8.7964822347786020e-01, 4.1541069333209757e-01
22, 5, -1.2978524592286389e-01, 3.6008692625615601e-01
22, 6, 6.3811309914151715e-01, 8.3814108047094571e-01
22, 7, 5.5100888919239477e-03, -8.2481683335198841e-01
22, 8, 3.2330532127546596e-01, 2.3356993006035254e-01
22, 9, -6.7943852607024435e-01, -1.3879176914093609e+00
22, 10, -3.7646263451017203e-01, -7.1161133281836153e-01
22, 11, -1.5684881435983127e+00, -1.2172509389468908e+00
22, 12, -1.8934722719245345e-02, 9.1046253457096449e-01
22, 13, -5.1428775222275180e-02, 5.5851955464837011e-02
22, 14, 5.2868535556938179e-01, 1.5629172952359793e-01
22, 15, -1.3517908009144275e-01, -2.0313851635289160e-01
22, 16, -3.3523464344364012e-01, 3.1935968630232758e-01
22, 17, 1.3680764586510410e+00, 7.2718042927262916e-01
22, 18, -2.3305011424809247e-01, -6.7704699055160922e-01
22, 19, 8.9738366504880762e-01, 3.5164419738545205e-01
22, 20, -1.0587526055378120e+00, 6.1986266495787112e-01
22, 21, 1.2189201541600803e+00, 1.1979060522852261e+00
22, 22, 5.6665377649846826e-01, 7.2626193199811784e-03
23, 0, 5.6014707815032949e-01, 0.0000000000000000e+00
23, 1, -3.1654147570593150e-02, -4.0045659364057667e-01
23, 2, -1.3780997192711886e-01, -1.5693329161400005e-01
23, 3, 7.0376486597500476e-01, -5.9839889061555906e-01
23, 4, -5.5445246738953191e-01, -1.8843185028788750e-01
23, 5, -6.3754449320303341e-01, 2.5953086123692071e-01
23, 6, 1.3015163978607736e-01, -7.4449342579358269e-01
23, 7, 4.3192027427582058e-01, 1.4532376697123994e+00
23, 8, 7.0912175045942472e-01, -5.7334504563665445e-01
23, 9, 1.9314705601724230e-01, 7.3627618376749582e-01
23, 10, -4.3760022403185406e-01, -2.2754420627554635e+00
23, 11, -6.2438962745224358e-01, 7.1505323998253711e-01
23, 12, -2.5723917856305684e-01, -1.4821568061971584e+00
23, 13, -4.5179474484877347e-01, 9.6274474698504053e-01
23, 14, 4.3484651544262426e-01, -1.5851349945876700e+00
23, 15, -3.0217611101406927e-01, 1.3119919344100888e+00
23, 16, 3.1709152881901659e-01, -6.4638251740602215e-01
23, 17, 3.9418797462384847e-01, 4.1772146702224955e-01
23, 18, -2.3258898838297482e-01, 1.1426975253738103e-01
23, 19, 1.4284944002789222e+00, -2.0537747445080967e-01
23, 20, -1.1661629185786202e+00, 9.8623168934925032e-01
23, 21, 5.5180147399596424e-01, 6.2018482327026492e-01
23, 22, 7.2020527360283737e-01, 9.2540848565955058e-01
23, 23, -9.1446535822934161e-01, -4.5966336366585225e-01
24, 0, -6.9774005901333180e-01, 0.0000000000000000e+00
24, 1, 6.3146859537186817e-01, 1.1701318545993993e+00
24, 2, -3.9360318914196923e-01, -9.8054992002091423e-01
24, 3, 1.0441924135081257e+00, 6.0285703254059753e-01
24, 4, -7.8351917564731199e-01, 6.3616918828909252e-01
24, 5, 6.5016535529712183e-01, -1.6278416984261668e-01
24, 6, 9.8783092123565064e-01, -8.0480491548091215e-01
24, 7, -6.3465809077762358e-01, 4.6434921019178832e-01
24, 8, -9.0985134024781478e-02, -7.3765069939830719e-01
24, 9, 1.0999008785794961e-02, 2.3589161614053822e-01
24, 10, -3.4943310625627844e-01, 6.9670496896984924e-01
24, 11, 1.1489373660179356e-01, 6.0896105443656223e-01
24, 12, -7.6797606035367116e-01, -2.2136551468468002e-01
24, 13, 1.2188260744289916e+00, -4.3830163631269292e-02
24, 14, 6.0032552293710059e-02, 4.1819377304266170e-01
24, 15, 6.3852635610800168e-01, -4.6187126994222821e-01
24, 16, 3.9951929924115293e-01, 6.1593104159289958e-01
24, 17, -4.5544650575163309e-01, 2.6969799215714424e-01
24, 18, 6.5171492732132996e-01, -1.6353754688048328e+00
24, 19, -1.5050971120025751e+00, 1.9441341069165774e-01
24, 20, -8.0142375640976538e-01, 3.7627648132622415e-01
24, 21, 4.8824695634585147e-01, -6.9388547763612696e-01
24, 22, -3.6655088462487129e-01, -5.7341496242497225e-01
24, 23, -2.5795919637807962e-01, -3.9343366239376881e-01
24, 24, 3.9175508301458739e-01, -1.9565534318363509e-01
25, 0, 1.6737883089339323e-02, 0.0000000000000000e+00
25, 1, -6.4821107858386395e-01, -2.5203454259978025e-01
25, 2, -6.0432183439094611e-01, -7.4301080057461810e-01
25, 3, -4.5391012280006249e-01, -2.9407187872785695e-01
25, 4, -1.0865896571483495e+00, 5.6499205512526918e-01
25, 5, -5.6355909979541652e-02, -2.3682621763889911e-02
25, 6, -4.1134862748608164e-01, -2.6645118229138687e-01
25, 7, -7.9072873134168609e-01, 9.8580976884596483e-01
25, 8, -4.8478103133430817e-01, 4.3456710097699919e-01
25, 9, -8.5449319173663274e-03, 1.6886216212150806e-01
25, 10, -7.3714047898137536e-01, 1.5289265205064528e-01
25, 11, -1.1387383558760924e+00, 5.0403338953342858e-01
25, 12, -1.7154530136080526e-01, -7.2358979261792422e-01
25, 13, 3.9701222687705706e-01, 2.4447785669521527e-01
25, 14, -1.3093716582886933e-01, 7.1179629097788633e-02
25, 15, 5.4433897909588569e-01, 5.5064931915121673e-01
25, 16, -4.0711945395375365e-01, 9.0203216160957089e-01
25, 17, 1.9545173830026474e-01, -3.0756583306419705e-01
25, 18, 7.3353359988725420e-01, 5.1130661149903833e-01
25, 19, -3.4092852240011062e-01, 2.8380515676074969e-02
25, 20, -3.0753185133281713e-01, -7.4080434595858891e-02
25, 21, -7.6442924878251528e-01, 1.3243018221424470e+00
25, 22, -2.4844278268590125e-01, -1.4057972824033027e+00
25, 23, -4.4336564872099649e-01, 8.9653776544028174e-01
25, 24, -6.8800044737064980e-01, 1.7408225420851964e-02
25, 25, 3.2020688985703333e-01, -2.5143782210658827e-01
26, 0, -1.4169086519254761e+00, 0.0000000000000000e+00
26, 1, 6.1304408684925527e-01, -7.7854075004272949e-01
26, 2, 1.9855764276651522e-01, -4.2662315927168670e-01
26, 3, 1.0572266968480393e+00, -3.8582025833828637e-02
26, 4, -5.5119610956055221e-02, -7.4590723826222383e-01
26, 5, 3.0021294084238315e-01, -9.3683014143689913e-01
26, 6, -5.4213185115088369e-01, -6.8861143848920037e-01
26, 7, -1.9162234191947836e-01, 3.2394394476317379e-01
26, 8, -9.6619274879118811e-01, 1.2603481611131979e+00
26, 9, 1.4374435038886935e-01, -1.9880152340586354e-01
26, 10, -5.7620490398179214e-01, 2.8561713281523937e-01
26, 11, -5.9416005394661320e-01, -2.6113537953149191e-02
26, 12, 3.6759184231852660e-01, -7.7905923066658422e-01
26, 13, -3.2938449724220176e-01, 2.0796508002129221e-01
26, 14, -8.4731285985753635e-02, 3.2983579625866971e-01
26, 15, 1.6596295537601474e-01, -2.5267254570147041e-01
26, 16, 5.6096528558331471e-03, -8.2179220445179280e-02
26, 17, -8.7362803273665757e-01, -4.8456440426015079e-01
26, 18, -2.0084887237961913e-01, -7.2701747615643741e-01
26, 19, 1.7555948105609073e-01, 1.0013837706802926e+00
26, 20, 1.9103937607859017e-01, 2.6616273485922970e-01
26, 21, -4.0955795846852983e-01, 1.8736079310901932e-01
26, 22, 9.1245729999008951e-01, -1.0848650367660153e+00
26, 23, -5.4306076195085096e-02, 7.8315853104924960e-01
26, 24, 1.2100616136134152e+00, -2.6981157707540543e-01
26, 25, 2.3913863328723983e-01, -3.4724972177313118e-01
26, 26, -1.8302850462748455e-01, 4.7209864015325143e-01
27, 0, -9.4762885559737708e-01, 0.0000000000000000e+00
27, 1, -1.5141514694888542e-01, 2.4124393771618680e-01
27, 2, 1.7817278852808410e-01, 9.2062459607602465e-01
27, 3, 1.4371798235275762e-01, -8.7067008367637255e-02
27, 4, 5.5919711436698161e-01, 3.8183987452719875e-01
27, 5, 8.2554634252012593e-02, 6.9860503895846982e-01
27, 6, 1.0498347698884132e+00, -3.0718938925716088e-01
27, 7, -4.8862472288954800e-01, -3.4522802874432856e-01
27, 8, -5.7497995384546252e-01, 7.4014637517541548e-01
27, 9, 9.2839233120498210e-01, -1.0453507322085478e+00
27, 10, 5.6935984115388827e-01, -1.6210552034930506e-01
27, 11, -3.1025268772291881e-01, 1.8261772852880997e-01
27, 12, 4.9695059094523875e-01, -1.2444503607540354e-02
27, 13, -4.4439704522840534e-01, 1.5208649115974526e-02
27, 14, 1.3242100538652144e+00, 2.2182255976179344e-01
27, 15, 3.2436538492822231e-01, 3.2700383925892695e-01
27, 16, 3.7803115374142171e-01, -8.1924019246110258e-01
27, 17, -7.5869710012980818e-02, 1.1985996809133126e+00
27, 18, 2.6435429582808595e-01, 4.1591010967599784e-01
27, 19, 8.0563040737445579e-01, 3.9432083569910126e-02
27, 20, -9.3466994303065176e-01, 1.2136486803032626e-01
27, 21, 5.5705100677641239e-01, -3.6130461968782646e-01
27, 22, -2.6562661034374990e-02, 2.9923888385150121e-01
27, 23, 1.5352875503976193e-01, -5.9041331323528612e-01
27, 24, 5.2254886975327164e-01, 7.5866722999276226e-01
27, 25, 7.0860918247106608e-02, -6.0642180541425716e-01
27, 26, 1.5338382688242991e-01, 1.0716030122062365e+00
27, 27, 1.4777381816958890e-01, 1.3547834068624823e-01
28, 0, -2.4158736073103010e-02, 0.0000000000000000e+00
28, 1, 2.4120151926727162e-01, 3.0456930063849197e-02
28, 2, 5.6571361195386571e-01, 3.9393029095079457e-01
28, 3, -3.9736531235156747e-02, -8.7639001594762567e-01
28, 4, -2.6848732285136689e-01, 9.8050566476123646e-01
28, 5, -4.3741130868402422e-01, 1.1079051685328765e+00
28, 6, 6.0389305349948597e-01, -3.4517841064938648e-01
28, 7, -5.7067450489874627e-01, 1.3053580538864125e+00
28, 8, -5.2633089443546444e-01, -4.8311567248328169e-01
28, 9, -1.5634415594980955e-01, 7.5771848554476362e-01
28, 10, -2.3334995266371342e-01, -8.3702963160866206e-01
28, 11, -1.6583318158639893e-01, 3.8172737302670412e-01
28, 12, -2.4073541707945151e-01, -3.4108971789455100e-01
28, 13, 1.7861067936952191e-02, 5.6731070627380598e-01
28, 14, 8.7302840225133527e-01, 7.0305955992668601e-01
28, 15, -2.4301054119148316e-01, 4.9430925697171235e-01
28, 16, 1.9197946409341582e-01, 5.1854442603007134e-01
28, 17, -8.3620104194319911e-01, 1.0191801608049926e+00
28, 18, 3.7313169318181783e-01, 7.2292039013608367e-03
28, 19, 8.6421693770239838e-01, 4.7432114947401910e-01
28, 20, -3.5406894520968191e-01, -4.3054124135522653e-01
28, 21, -4.2985879268253413e-01, -1.0064117603709843e-01
28, 22, -2.4858837390706245e-01, 3.0147152624069029e-02
28, 23, 1.0919732586968878e-01, 3.4311258933396954e-01
28, 24, 2.2645551506327810e-01, -3.3779614465501151e-03
28, 25, -2.4038664690843264e-01, 1.0193035384801075e-01
28, 26, -7.9367819139125073e-01, 9.9235782434256148e-01
28, 27, -4.5522979370658617e-01, 4.1154390906240129e-01
28, 28, -2.4115833900554684e-01, -4.8605476415037430e-01
29, 0, 4.1855897003607651e-01, 0.0000000000000000e+00
29, 1, -5.1012100627637191e-01, -6.1688655433085771e-02
29, 2, 1.0533363376725990e+00, 1.4693412579302267e-01
29, 3, 1.4779541954913089e-01, -6.8384330629283774e-01
29, 4, 2.1563385427756065e-01, 8.8389419261650892e-01
29, 5, -1.3505682380399886e-01, 1.1186782825512687e-01
29, 6, 1.8544754880380376e-01, 8.2982598395634610e-01
29, 7, -4.8302977990750784e-01, 2.4889122653829765e-01
29, 8, -1.5776811405596347e-01, -6.8396847591346108e-02
29, 9, 4.8339951886966787e-01, 8.7172471261027185e-01
29, 10, 4.8956334006557278e-01, -7.9729252667083694e-01
29, 11, 1.1803405985620476e+00, 5.4645643274900302e-01
29, 12, -7.3470415254495103e-01, 1.4081193903159434e-01
29, 13, 7.6179365895684681e-01, -3.8339512015499677e-02
29, 14, -7.8745071514441523e-01, 2.2059810091234644e-01
29, 15, 5.8400079221196211e-01, 1.1180542976188201e-02
29, 16, -2.7548507280914369e-01, 3.0599597435659809e-01
29, 17, 4.7064225542860899e-01, -3.0325085389940915e-01
29, 18, -4.9568179161090065e-01, 7.4705956819976049e-02
29, 19, -3.1736510958125352e-01, -2.5380344684800005e-01
29, 20, 2.9885624772872932e-02, 3.5400623134166143e-01
29, 21, -1.2835507588025430e-01, 9.4461074042000581e-01
29, 22, 8.0082861090046187e-01, 3.3969809850168803e-01
29, 23, -2.2281784397549931e-01, 3.4760015512837028e-01
29, 24, 3.8274142498934571e-01, -2.1588379853499640e-01
29, 25, -5.7675379926706893e-01, 6.3531992257536618e-01
29, 26, -8.3850979035897416e-02, -8.0231657267084699e-03
29, 27, 3.3237624588954295e-01, 3.0991952739540751e-02
29, 28, 1.4560312542619064e-01, -8.3106307415647951e-01
29, 29, -1.0361557660180110e-01, 3.4094697003962715e-01
30, 0, -3.5272379596444708e-01, 0.0000000000000000e+00
30, 1, -3.5695503422894004e-01, 1.2850929075706230e-01
30, 2, -6.6913532245493035e-01, 1.8105603260499231e-01
30, 3, -2.7258794014174659e-01, -5.2698133931771540e-01
30, 4, -6.1820225752482461e-01, 7.8860007855847658e-01
30, 5, -2.7428891010352424e-01, 3.2341394528042744e-02
30, 6, 3.7573405658258052e-01, 6.7193322722107518e-01
30, 7, 3.1811559448249382e-01, -3.1157510196306804e-01
30, 8, -1.9400266610287153e-01, 7.0685789918778430e-01
30, 9, -5.6404416489483900e-01, 8.4895881581691235e-01
30, 10, 1.7628160877998542e-01, -6.5502444746246058e-01
30, 11, 2.6127037935451169e-01, 2.3881673580477925e-01
30, 12, -4.6431792728116617e-01, 3.7152845148384378e-01
30, 13, 1.5367421897922862e-01, -2.6730409267142174e-01
30, 14, 1.5377698860378763e-02, -1.1203377207149026e+00
30, 15, 5.2188783779596459e-03, 1.4370702176579311e-01
30, 16, -6.3220256471675917e-01, -3.8461240826937837e-01
30, 17, -1.8545018599010588e-02, 2.5048371026413707e-01
30, 18, 1.3754735285609748e-01, -5.4943736247202801e-01
30, 19, 6.2090254413884960e-01, 5.6830352692135766e-01
30, 20, 6.0058845124603677e-01, -4.1456677515888463e-01
30, 21, -4.9758243695879700e-01, 3.1514095573613726e-01
30, 22, 6.6790894095605602e-01, 8.3157310875405699e-01
30, 23, 5.5345620722965228e-03, -2.0636876652657016e-01
30, 24, -3.2018051219052268e-01, -4.9097035922948784e-02
30, 25, -7.2120094485242747e-01, 9.2304080593388349e-02
30, 26, 5.3956403659505114e-01, -4.3811201197946326e-01
30, 27, 2.0514691057738021e-01, -6.7192436180987847e-01
30, 28, -3.2589056378701020e-02, -7.9413377256409734e-01
30, 29, 3.8279887642065913e-03, -5.5703763855054433e-01
30, 30, 3.4815028595509900e-01, 4.6661938670924591e-01
31, 0, 4.9977044212738553e-01, 0.0000000000000000e+00
31, 1, 5.3405491557032780e-02, -2.5123901002065113e-01
31, 2, 1.2957160921797273e-01, 7.0541696319323843e-01
31, 3, 3.1074068785431774e-01, 1.1113946342992428e-01
31, 4, -3.3624811578489044e-01, 2.0307786036492520e-01
31, 5, -1.1673898994860143e-01, 3.8188975873592390e-01
31, 6, -2.8699353909497166e-01, -1.4662811048272695e-01
31, 7, -1.6211392037960071e-02, -3.1788389036016740e-01
31, 8, -2.5308588534939092e-01, -4.4728944588124342e-01
31, 9, -1.2774988574207080e-01, -1.2143811772738816e-01
31, 10, -2.6652595170706894e-02, -8.5547643534975715e-01
31, 11, 4.4421070913070793e-02, 2.5344819943582497e-01
31, 12, -7.1669050642290932e-01, 6.0192152993275871e-01
31, 13, 2.2193875033258542e-01, 3.2993525057998507e-01
31, 14, 3.4820476460730443e-01, 3.6469117251394556e-01
31, 15, -1.7982685548593502e-01, 3.7423988386219925e-01
31, 16, -1.8434834011429513e-01, -2.2669997420202170e-01
31, 17, -4.1367721518973044e-01, -2.1430000459004356e-01
31, 18, 3.4368017308006565e-02, 1.0408724314673554e+00
31, 19, 2.1394647739604733e-01, 4.3089187816065821e-01
31, 20, 5.8342924377341565e-01, 2.1207267886609837e-01
31, 21, 5.4658411454286593e-01, -2.0783350840538634e-01
31, 22, -2.3510852548745154e-01, -7.0772245963714409e-01
31, 23, 4.0656649589884664e-01, 1.3931948602929523e-01
31, 24, 6.4837302822211829e-01, 1.4491132336229995e-01
31, 25, 2.2414347277493821e-01, -2.6229899214519548e-01
31, 26, 2.3060287650411060e-01, -3.5768445064781390e-01
31, 27, -1.9516678238737556e-01, -4.3224649192324571e-01
31, 28, -4.8007422272528211e-01, 1.0076084216402315e+00
31, 29, -1.7695858489301486e-01, -1.1989658257739300e-01
31, 30, -1.1760360990564517e-02, 7.4386141621415358e-01
31, 31, 6.5524299715349077e-01, -8.1163432584285855e-01
32, 0, 4.0814143891080046e-01, 0.0000000000000000e+00
32, 1, 3.0603583467058515e-01, -5.4945867990241737e-01
32, 2, 8.5501691934435442e-01, 2.2732671592900144e-01
32, 3, -6.1316735961427382e-01, -7.3407193050011865e-01
32, 4, 3.6706704183354499e-01, 1.0791308381168147e-01
32, 5, 1.9036633405472569e-01, 1.7708370969086545e-01
32, 6, -3.5793119028792064e-01, -2.7437906193862593e-01
32, 7, 4.7513226811799014e-01, 6.8949837629900923e-02
32, 8, -5.1714774425659082e-01, 1.3672204456865861e-01
32, 9, -4.3926224899905481e-01, 1.7685292765101113e-02
32, 10, -4.1345534195231198e-01, -2.8157330442809181e-01
32, 11, 2.4927632793431920e-01, -5.1166383717911512e-01
32, 12, 2.9231542860049586e-02, -4.7701459759021747e-01
32, 13, -1.6084297203057052e-01, 3.2695919412760449e-01
32, 14, -1.7431569048014267e-01, -5.7356093154510357e-01
32, 15, -3.2943911591493291e-01, 5.5980225491182989e-01
32, 16, 2.7577696411250296e-01, 1.8244768184641574e-01
32, 17, 4.7834993047696200e-02, -2.6340181215952629e-01
32, 18, 3.7266167656537819e-01, 1.7560084019452304e-01
32, 19, 3.3633328438871923e-01, -7.1325091351987790e-01
32, 20, 1.1302691026442562e+00, 2.6365159848784259e-01
32, 21, -6.8495123161432181e-01, -5.1424037263599209e-01
32, 22, 1.0947097405885953e-02, 1.1100068958388437e-01
32, 23, 3.1187212000495512e-01, -2.6265214991302621e-01
32, 24, -3.3425491866127255e-03, 4.9750386272819158e-01
32, 25, 6.4717949710795686e-01, -7.6665854870490346e-01
32, 26, 1.1401556417639792e-01, -1.1303733669637189e-01
32, 27, -1.3691064852546583e-01, -4.9315328123778968e-01
32, 28, 2.3121595766888348e-01, 8.9127425497940815e-01
32, 29, 9.2874506813922308e-01, 4.0436997774763583e-01
32, 30, 1.5747289555903032e-01, -6.1803644258985158e-02
32, 31, 1.5519218082933195e-01, 3.8899249014354287e-01
32, 32, -2.3570786146497336e-01, -4.3299556323941202e-01
33, 0, 3.6772178681872880e-02, 0.0000000000000000e+00
33, 1, -5.2413254357071937e-01, -4.9484215294725520e-01
33, 2, 1.6180985613610516e-01, 6.2346669022467349e-01
33, 3, -5.6542772509823014e-01, 9.9251825665840454e-02
33, 4, -2.1483630617487048e-01, 3.3424754843676485e-01
33, 5, -2.4537633186350405e-01, -2.1655939186163836e-01
33, 6, -3.8613936490166179e-01, -1.0637772832084065e+00
33, 7, -1.1096914814115100e-01, 6.7469172810424327e-01
33, 8, -7.8548350791905519e-01, -1.1097728950824537e-01
33, 9, -2.5741252894683508e-01, -6.8351453380607330e-03
33, 10, -2.7847160680053845e-01, 1.5030642985728296e-01
33, 11, 6.5053671903314569e-02, -2.4815062801344800e-01
33, 12, 5.9107424224674932e-01, 3.4613076758563710e-01
33, 13, 5.1657230339799487e-01, -1.1119498835215114e-01
33, 14, 2.6733898392353184e-03, -2.9136792058506733e-01
33, 15, 1.5318285662821363e-01, 1.5084868635358917e-01
33, 16, -1.8649300321914553e-01, -4.1089403320920204e-02
33, 17, -8.9192477089996003e-02, -2.4480868990010277e-01
33, 18, -5.8739543773000369e-01, 1.3519657881058908e-01
33, 19, 7.3996954238786983e-01, -1.9460434228526546e-01
33, 20, 3.6220307943006791e-03, 1.7439367499145103e-01
33, 21, 3.0911572175360474e-01, -6.5100211389654672e-01
33, 22, -2.4545097080281361e-01, 3.3923319459239881e-01
33, 23, -1.1309062996122354e-01, 4.1264013394499921e-01
33, 24, -4.8571653411796889e-01, -4.9232727159173395e-01
33, 25, -8.7056417049013635e-01, 3.1373493797198765e-01
33, 26, -3.1686025938160622e-01, 2.0596077389775680e-01
33, 27, -1.4677127660113148e-01, 8.9641449607367224e-02
33, 28, 2.2321507927336715e-01, 2.9022011236996703e-01
33, 29, 3.6987797264989930e-01, -3.8592737802610189e-01
33, 30, 8.1972179592850047e-01, -7.4153552405684819e-01
33, 31, -1.7844789381922943e-01, 5.0359066303860112e-02
33, 32, 2.9048059615620059e-01, -6.6994336137838495e-01
33, 33, -3.9578638747541922e-01, 5.3815141408966294e-01
34, 0, -1.0060654276542498e+00, 0.0000000000000000e+00
34, 1, 3.5157670979647188e-01, -1.5933623574624156e-01
34, 2, 3.5410746005024585e-03, 4.5252843373421880e-01
34, 3, -1.0659196875511867e-01, -8.4780561148574152e-01
34, 4, -2.2972119579917830e-01, 4.7641026892756355e-01
34, 5, -2.4279718133879058e-01, -3.2824118683580938e-01
34, 6, -5.1136891153064114e-02, -3.7345715636875626e-01
34, 7, -1.2730709216019931e-01, 5.5905864563348096e-01
34, 8, 4.5721214470531929e-02, -6.5954486089221886e-01
34, 9, 8.2680382109748052e-01, -7.6202949316909963e-02
34, 10, 1.7041721316524858e-01, -2.3829501772247297e-01
34, 11, -9.1370450845399631e-02, -9.1110874648696316e-01
34, 12, -3.9069693759880608e-01, 1.5253821304334875e-01
34, 13, -6.9818473374054535e-01, 3.0309191667418556e-01
34, 14, -1.6582971350335712e-01, 9.1847822744112095e-01
34, 15, 8.9433849020345013e-02, 4.1506970207189192e-01
34, 16, 7.2674516863622429e-01, -1.2694171992960387e-01
34, 17, -3.4064621057256045e-01, 2.2026557170841238e-01
34, 18, -5.0063871577310765e-02, -2.9893611253529728e-01
34, 19, 1.7133334770180508e-01, 6.0049250259033116e-01
34, 20, 4.1671067844312626e-02, -2.8318817781945010e-01
34, 21, 4.3775348589035057e-01, -3.6494322035239057e-01
34, 22, -6.6808243561689606e-01, -6.2657400910847372e-02
34, 23, 4.9087869732127859e-01, 9.5175455080264704e-03
34, 24, -1.8537826014738756e-01, 3.2611077020587270e-01
34, 25, -1.0617860203614315e-01, 2.3754674818580845e-01
34, 26, 5.2715914473965675e-01, -4.7365292973669265e-01
34, 27, -6.0005366018532302e-01, 3.8299679089516570e-01
34, 28, -1.5090177106636071e-02, 2.4283669006603975e-01
34, 29, 3.7816567691683434e-01, 7.7239051188605545e-01
34, 30, -1.1628488913931656e-01, -1.8566831373601622e-01
34, 31, -3.0987912884810398e-01, 1.4352358447475627e-01
34, 32, -1.4940811621646022e-01, -3.5002883188628542e-02
34, 33, -7.1237348449464166e-01, 1.4882270894182961e-01
34, 34, -2.3238068949163190e-01, -2.9389122311489035e-01
35, 0, 1.5570366261440000e-01, 0.0000000000000000e+00
35, 1, 1.7816070256981192e-01, 1.8253048951446749e-02
35, 2, 3.3849301946110216e-01, -3.7052916981620382e-01
35, 3, -1.7290309319194552e-01, -6.2909238474928664e-01
35, 4, -5.6576526718433817e-01, 3.2847168888323180e-01
35, 5, -4.8901288683545552e-01, -4.6050996035212810e-01
35, 6, 6.1016330949581254e-02, 2.0143703283909997e-01
35, 7, 4.3304622242541502e-03, 2.2913759041507586e-01
35, 8, 1.7184153029857696e-01, 1.3204371152232741e-01
35, 9, 5.6711225405313204e-02, 1.1012717934791322e-01
35, 10, -1.6118782817845814e-01, -3.2204724686143082e-01
35, 11, 3.6239259052832473e-01, -2.5065041384511400e-01
35, 12, -1.0844017499221326e-01, -6.8426401922933977e-02
35, 13, 3.1767481505781692e-01, -1.3283546796220114e-01
35, 14, -3.3108894157243085e-01, -2.7806393274724162e-01
35, 15, 2.0031916815087436e-01, -3.2495497555633668e-01
35, 16, 5.1612229176452340e-01, 5.6075765684901513e-01
35, 17, -4.2902891259016596e-01, 3.8953481930707667e-01
35, 18, 6.4651233097953553e-01, -1.2616588504367643e-02
35, 19, 3.3455610202626440e-01, 2.3480375772280621e-01
35, 20, 5.3601363123064039e-01, -8.6066152521468720e-01
35, 21, 2.5227765459574475e-01, 6.0774169743344197e-01
35, 22, -7.9867053147570477e-02, -5.5960937961224944e-01
35, 23, -4.4900321232881429e-01, 7.5487617516096517e-01
35, 24, -3.7184961246770332e-01, 2.9145614924962321e-01
35, 25, 1.1948461097762819e-02, -1.7595012617556027e-02
35, 26, 2.3077171929936741e-01, 4.9051752556055794e-01
35, 27, 1.6790786060527185e-01, -5.4906404462490532e-01
35, 28, 7.0495160727964246e-02, -1.2931905817269052e-01
35, 29, 9.6610751717988608e-02, 3.8255834793808352e-01
35, 30, 3.4144559822560205e-01, -5.1428371706855214e-02
35, 31, -3.3628297629165099e-01, 8.7146999728144880e-02
35, 32, -2.1579360194244446e-02, 1.7061457431239102e-02
35, 33, 1.8022358270399785e-01, -1.6568769875955391e-01
35, 34, 2.7606841575004637e-01, -2.1997922981780516e-01
35, 35, 2.6602118686884801e-01, 4.9101182908232432e-01
36, 0, 5.4462556211225621e-01, 0.0000000000000000e+00
36, 1, -7.1704432719717826e-02, 3.4064994990557901e-02
36, 2, 4.8175918241993088e-01, -2.6582614427518014e-01
36, 3, 4.4701206185330911e-02, 2.0082278849075028e-01
36, 4, -7.5998623258289411e-01, -1.1493298082427020e-01
36, 5, 4.4915049114596006e-01, 6.5683055311054978e-02
36, 6, -3.5139556702068275e-01, 1.5035715981447681e-01
36, 7, -6.5606005030998982e-01, -3.2172045786916226e-01
36, 8, 1.3877885993844025e-01, 1.4582891951844745e-01
36, 9, -1.0903692250081836e+00, 2.1487882777597822e-01
36, 10, -1.6330544937448510e-01, 6.1021177568574969e-01
36, 11, -5.9408266169803881e-02, 2.2670304447627890e-01
36, 12, -7.0993719154733692e-01, -3.0954194766035342e-01
36, 13, 8.4975978455501711e-01, 1.9380363059823758e-01
36, 14, -3.4264519226965401e-01, -2.8471628845305874e-01
36, 15, 1.0493465262769930e+00, -5.3169173759367760e-01
36, 16, -6.6465286621752984e-01, 5.3852285424367638e-02
36, 17, 2.1415392588640811e-01, -2.3058006344587789e-01
36, 18, -1.4428388191739774e-01, 4.2560438884090168e-01
36, 19, 1.8354022406229853e-02, -5.2039796368928470e-01
36, 20, 6.0792943430897495e-01, 3.7180313084022321e-01
36, 21, 3.5836934123914532e-01, -2.6847431743948647e-01
36, 22, 2.5861807585712582e-01, -2.9208616374500745e-01
36, 23, 9.4929996841045541e-02, 5.4678456073929738e-01
36, 24, -2.6509842567483344e-02, -8.6588857188887314e-03
36, 25, 3.3155922597600918e-01, -1.2203670699166325e-01
36, 26, -3.6798259653483439e-01, -5.5921232995254611e-01
36, 27, -9.2421272844969871e-02, 5.6724920999395523e-02
36, 28, -2.1709784559542350e-01, 5.2729631760767659e-01
36, 29, -1.0896629757154463e-01, -9.5080491885488427e-01
36, 30, 3.2888275306853765e-01, 3.0075951546649882e-01
36, 31, -1.3847663790107390e-01, -3.9833437119849158e-01
36, 32, 1.2050527877536754e-01, 5.6522222985099513e-02
36, 33, -4.2743937554602596e-01, -4.3172333220036818e-01
36, 34, 4.8047497368515546e-02, 4.5673784016776708e-01
36, 35, 5.8768866780050555e-02, -1.4217127745802527e-01
36, 36, -9.9174297797723687e-02, -7.8675845141587142e-01
37, 0, -3.5253909100938896e-01, 0.0000000000000000e+00
37, 1, -3.9376357838036552e-01, -5.8708786933639323e-01
37, 2, 6.7186860696509598e-01, -2.5307258402567534e-01
37, 3, -6.8817844796808614e-01, -6.0304201818794756e-02
37, 4, -6.2482546875498923e-02, 3.9691844330297876e-01
37, 5, 5.4628127602583665e-01, 1.1668124262203228e-01
37, 6, -9.3580930323679423e-02, 1.4639392707119459e-01
37, 7, 8.4293684237221123e-01, 2.1455044993764993e-02
37, 8, -4.5516417823237898e-02, 3.4077788955884181e-01
37, 9, 9.7852387493400306e-02, -3.4067308418024855e-03
37, 10, 2.1189453042754780e-01, -4.3524123496142642e-01
37, 11, 5.9533426180176607e-01, -3.0957389571582428e-01
37, 12, -1.5552102893534980e-01, -9.2835060449118112e-01
37, 13, -3.7800676084395668e-01, 7.6965323791180174e-01
37, 14, -3.0822967537385726e-01, -7.6100245030235503e-01
37, 15, 3.1757021966057331e-01, -1.0842382462988881e-01
37, 16, -6.1151327101037523e-01, -1.3390493363244171e-01
37, 17, 1.3038203264642001e-01, 2.7012636292253123e-01
37, 18, -5.8245429688173589e-01, -3.1484683356666388e-01
37, 19, -2.1238018459421470e-01, -3.4607733289671788e-01
37, 20, 2.3213403941015343e-01, 4.5166834925330862e-01
37, 21, -8.7390728711719726e-02, -1.4337312162004467e-01
37, 22, 4.0619698271387034e-01, 2.2289452802540682e-01
37, 23, -5.7616675888124358e-01, 2.3341444544809364e-01
37, 24, -3.7132659489876013e-01, 3.3109648232253519e-01
37, 25, 4.5904990415480684e-03, 1.2661426639929724e-01
37, 26, 2.6567058943184541e-01, 5.9281775785165247e-02
37, 27, 4.4022639986031065e-01, -7.3777850921036281e-02
37, 28, -5.4582714745840011e-01, -5.0219733609760800e-02
37, 29, 1.6180850730248370e-01, -2.0943759660714423e-01
37, 30, -5.8124935844712500e-01, 1.0876074678560199e-01
37, 31, 3.8868979148531402e-01, -2.1594771371459232e-01
37, 32, -1.7947224068328049e-02, 3.7134052022558711e-01
37, 33, -4.2124965678598980e-01, -1.6265036354278295e-01
37, 34, 6.1338969794007658e-02, 5.7332507496259261e-02
37, 35, 5.9122013605994383e-01, 2.5927018404076552e-01
37, 36, -6.5151562475125568e-01, -3.7211206064119473e-01
37, 37, -1.9730111973255848e-01, 1.2757829399551168e-03
38, 0, -1.6464417561105305e-01, 0.0000000000000000e+00
38, 1, 5.5092316364232674e-01, -4.0339291423328066e-01
38, 2, 5.5373818244173079e-01, -9.9098649899882263e-02
38, 3, -7.4860000435530694e-01, 8.6676036401105161e-03
38, 4, 3.6743431894735168e-01, 4.1615250488700900e-01
38, 5, -6.8744328250249187e-01, -2.4722593420772498e-01
38, 6, -3.3772644728482193e-01, -8.4678798180056081e-01
38, 7, -3.3799327566276682e-01, 2.1260576363720229e-01
38, 8, -6.4531877552410610e-01, -1.2356358439621384e-01
38, 9, 4.1101250188857485e-01, 2.4673313555118304e-01
38, 10, 2.3109429579192531e-01, -1.3623464605905086e-01
38, 11, 4.4056991918388017e-01, -2.0791758618655942e-01
38, 12, 1.7448708629411024e-02, -3.1784663343513914e-01
38, 13, 8.1968969973978778e-01, -4.8427244746634474e-01
38, 14, 5.8537258469838993e-01, -5.6998896904827268e-01
38, 15, -1.9771751688403094e-01, -5.2646886397094528e-01
38, 16, -1.6637796767442564e-01, -1.9856181439817472e-01
38, 17, 2.7661958233292011e-01, 6.0215239731999604e-02
38, 18, 4.1612522480944186e-02, 2.3814692063681597e-01
38, 19, 3.9509590781702375e-01, 3.5175737267121582e-01
38, 20, 6.8080840576096091e-01, -2.4105928177154443e-01
38, 21, -5.7338466385908338e-02, -3.2766094420597680e-01
38, 22, -4.1905872794826698e-01, -7.1174601732679998e-01
38, 23, -1.9227171649053298e-03, -2.7483438752098721e-01
38, 24, 4.2647322396465465e-01, 6.2088208572955828e-02
38, 25, -1.1417387999943746e-01, -2.3109622556568821e-01
38, 26, -5.9912182864270402e-01, -2.9196435944794730e-01
38, 27, -6.8406541181159131e-02, 8.2339574594382869e-01
38, 28, 2.4216822821621187e-01, -2.0618741301684651e-01
38, 29, 2.9535638348520044e-01, 2.2936604574401720e-02
38, 30, -4.8639714629128117e-01, -3.8482181287548534e-01
38, 31, 4.3595587376422573e-01, 3.2148893868721617e-01
38, 32, -3.1218779116898954e-01, -2.1929038654845090e-01
38, 33, 2.0911633077255937e-01, 3.1286740908937194e-01
38, 34, 7.0478164202490368e-01, -3.4869852621310926e-04
38, 35, 7.0566924779296492e-01, 3.4018138175657364e-01
38, 36, 2.4677839388867162e-01, -2.3144189591128983e-01
38, 37, 2.5722968130976664e-01, 5.3020338342031259e-01
38, 38, 5.2098407432685057e-01, 3.8549095003605971e-01
39, 0, -3.1740806964409984e-01, 0.0000000000000000e+00
39, 1, 2.3755139362994260e-01, 5.3140118377230117e-01
39, 2, -1.3440181560384018e-02, -1.3531326402756438e-01
39, 3, -2.8286057050188107e-02, 3.1369671423169293e-02
39, 4, 2.1684177746125663e-01, 2.4253306190310162e-01
39, 5, 5.1193161143167853e-02, -8.7558031384293156e-01
39, 6, 2.4018959067052148e-01, -3.1438666232665674e-01
39, 7, -2.6995406326616461e-01, 3.1834997826391986e-01
39, 8, -2.2669621722624100e-03, -8.8010507416626249e-02
39, 9, -2.3865714290698581e-01, -1.1491875720453590e-01
39, 10, 2.0954573104939267e-01, 1.3624581588752654e-01
39, 11, 3.3766537686608522e-01, -6.0851393697018241e-01
39, 12, -2.3682689613932273e-02, -1.3066342341955017e-01
39, 13, -2.4689268651927021e-01, -1.6037124991387541e-01
39, 14, 2.3020337071207819e-01, 3.7897999588668929e-01
39, 15, -1.9225428938356093e-01, -4.1559461611989534e-01
39, 16, 4.5678509006531964e-01, -5.4256230433216701e-04
39, 17, -2.8527187732744874e-02, -2.6286850133130124e-01
39, 18, 1.7477805784966671e-01, -2.6299561739938704e-01
39, 19, -2.1813824041924590e-01, -2.4357449691688438e-01
39, 20, 3.1504952333099240e-01, -2.2585049483464203e-01
39, 21, -4.2046679153121863e-01, 4.0552378885470686e-01
39, 22, -3.6514620962001759e-01, 1.6029907898478218e-01
39, 23, -1.0162938178830305e-01, 1.5476434633301708e-01
39, 24, 8.5355335092163998e-01, 4.1850716381799918e-01
39, 25, 3.4837999341297954e-01, -3.5339955625091019e-01
39, 26, 2.8247449208873243e-01, -1.4584808538684484e-02
39, 27, -4.4006229187785056e-01, 4.4317657094109886e-01
39, 28, 5.7056685414243780e-01, 6.1621508140657255e-01
39, 29, -2.0794736435915651e-01, 7.2163776816166592e-01
39, 30, 7.9943062272339560e-01, -3.5312385201474927e-01
39, 31, 2.5751700044859122e-01, 6.9028749262413647e-01
39, 32, 2.1118051645007019e-01, -5.3616361638544574e-01
39, 33, 2.5494666148358647e-01, 4.3825698562902859e-01
39, 34, -4.3836214629693870e-01, -3.0542690449839260e-01
39, 35, 3.9573285337653308e-01, 3.5483709725307455e-02
39, 36, -6.0996894030271503e-02, -1.4809169367575209e-01
39, 37, 1.7397643955211484e-02, -5.3125624193605891e-02
39, 38, 5.1646921845544180e-01, -5.6917724779724277e-01
39, 39, -9.5873209835796780e-02, 2.7070342546891890e-02
40, 0, 7.7474830682370865e-01, 0.0000000000000000e+00
40, 1, 5.9300062760823480e-01, -7.8240953455483625e-02
40, 2, -9.2019241227595694e-02, 3.2164349911583945e-01
40, 3, -3.8715353496683858e-01, -1.7794494763679530e-01
40, 4, -3.8143890017958720e-01, 1.2699070546735153e-01
40, 5, -3.2198315745015693e-02, -8.0376288275610563e-01
40, 6, 2.4402894526760577e-01, 4.3401942182601583e-01
40, 7, 3.9569317909943347e-01, 2.6823270087344125e-01
40, 8, 9.6955042177634287e-01, -5.8108082476378009e-01
40, 9, 2.6676170813813399e-01, -3.5756282247022708e-01
40, 10, -2.3284365275084534e-01, -8.7092133266009397e-01
40, 11, -1.4417643588376849e-01, -3.4905388233653822e-01
40, 12, -1.2030935901872009e-01, -1.0268581046372362e-01
40, 13, -3.2680591844929863e-01, -2.3343422187457658e-01
40, 14, -2.2535182412987720e-01, -1.3418131457284510e-01
40, 15, -2.5549254479507311e-01, -2.4066906051754960e-01
40, 16, 3.2035676879517716e-01, -7.7058814865405459e-02
40, 17, 1.4616907087511710e-01, -1.6362038310285765e-01
40, 18, -4.0039481321058101e-01, -3.7872985336788834e-01
40, 19, -5.8043595437612039e-01, -2.0639784276759374e-03
40, 20, 3.9132491764822247e-01, -9.2002233949731949e-02
40, 21, 3.5387428759233391e-01, 5.0810887168985919e-01
40, 22, -2.0397643545588562e-01, 2.3264258769733492e-01
40, 23, 1.9339008714171207e-01, 2.6147080479010848e-01
40, 24, -1.5706915994259973e-01, -3.5990599442593912e-01
40, 25, -5.8547132237511512e-02, -4.7103604242590907e-01
40, 26, -2.3641241251576611e-01, -2.5951235758097768e-02
40, 27, 4.5681395879318042e-02, -1.3155422841088227e-01
40, 28, 5.3884145466286248e-01, 3.2202725092185502e-01
40, 29, -7.7143020230800141e-01, -9.1766834169487976e-01
40, 30, 6.1601152400662362e-01, -6.1300747055986271e-01
40, 31, -4.8747950951095764e-01, -8.5694466152983484e-03
40, 32, 4.8509773131531009e-01, -9.0616060725158099e-02
40, 33, -4.9954934410634033e-01, 2.4889952243372993e-01
40, 34, 3.8744203050571857e-02, -5.5108155642081713e-01
40, 35, 3.4857720353123844e-02, 2.7970421117856176e-01
40, 36, -9.3693795312457917e-02, -3.0454410269883320e-01
40, 37, -3.6636228319174480e-01, 2.2725369641754778e-01
40, 38, 1.7377071736405658e-01, -1.3070090832959205e-01
40, 39, -4.4152953514296944e-01, -1.5456180235781658e-02
40, 40, -2.9940824352817375e-01, -1.5950544506946673e-01
41, 0, 1.7202728115402099e-01, 0.0000000000000000e+00
41, 1, 2.2783573688708647e-01, -4.0009809067193597e-01
41, 2, 8.5227460351496287e-01, 4.0238478660293842e-02
41, 3, -3.0362572112071923e-01, 1.2988850868878465e-01
41, 4, 3.4223813747015863e-01, 2.0242442272111116e-01
41, 5, 5.6215826396548008e-01, -2.7395764344724782e-01
41, 6, -4.8499957399591020e-01, -3.0981882510027448e-01
41, 7, 3.9261025794810400e-01, -1.1037368385759616e-01
41, 8, 4.0669090924510820e-01, -2.4711738687787477e-01
41, 9, -1.0843161515689381e-01, 5.8350453966968779e-02
41, 10, 9.7510793185534239e-02, -7.1012293329987486e-02
41, 11, -8.6139075302485851e-02, 2.1451049612617007e-01
41, 12, -1.2040343480296767e-01, 2.1162881544584322e-01
41, 13, 2.2141410738479694e-02, -2.6622075861065886e-01
41, 14, -8.2026064060095627e-01, 4.4480796623740176e-01
41, 15, 2.4471451513801956e-01, 2.6833215709982461e-01
41, 16, -6.6595093742247458e-01, -1.2967026548875293e-01
41, 17, 9.9906072169927779e-02, 3.0255224709482653e-01
41, 18, -1.8067615039108331e-01, 1.7469805742762801e-02
41, 19, -1.4016535279231163e-02, -2.4547314987019725e-01
41, 20, -1.8275247233508085e-01, 3.8844548872284018e-01
41, 21, -9.4963782398330698e-02, -5.6728695422962028e-01
41, 22, 1.6102828752123882e-01, -1.3234786848050317e-01
41, 23, 1.5603601412702089e-01, -2.7430470464616924e-01
41, 24, -1.2037343991311511e-02, -3.2142480883501778e-01
41, 25, -1.8881219712548314e-01, -2.0277214223970946e-01
41, 26, -4.3344454193947213e-01, -4.8102857499985441e-02
41, 27, 1.7438052824434025e-01, -2.2469161527527509e-01
41, 28, -6.6416627809187778e-01, 7.1253896564784069e-01
41, 29, -1.2480766893158951e-01, -2.9016526221284811e-01
41, 30, -2.4764737827678296e-02, -2.5471493084321062e-02
41, 31, -2.4873204948672722e-01, -4.1046036506059702e-01
41, 32, 7.4519470629837936e-01, 5.9324098646218804e-01
41, 33, -4.3029364380140556e-01, -5.1401658248089555e-01
41, 34, 3.0328688367104384e-01, -2.1756655446337775e-01
41, 35, -2.9865074716923923e-01, 1.8391175366656329e-01
41, 36, 3.7231364515187604e-01, -1.9666041492837960e-02
41, 37, 6.8285013989168419e-02, 4.2238915946370592e-01
41, 38, 2.2498607387467356e-01, 2.5424404114308663e-01
41, 39, -9.5735545289495572e-02, -3.5769772622344193e-01
41, 40, -2.3789156116864596e-01, 5.0457419620226884e-01
41, 41, 4.1415694543887127e-01, 5.1146794276103180e-01
42, 0, 4.3211917712979775e-02, 0.0000000000000000e+00
42, 1, 5.0921047406239062e-01, 9.9408111588994152e-03
42, 2, 1.3847363160875681e-01, 2.3164969342886654e-01
42, 3, -2.7610107985399679e-01, 1.3926279533378391e-01
42, 4, 6.6847610012523218e-01, 3.6646677207069051e-01
42, 5, 3.3729203673157893e-01, -5.7665085530518356e-01
42, 6, -6.6473732627044169e-01, 1.6182092149544058e-01
42, 7, 5.0413533819097744e-02, 8.5228708480433762e-02
42, 8, -3.6010827841135423e-01, -5.7606883704550527e-01
42, 9, -7.7591864731676286e-02, -4.3441551751845231e-01
42, 10, 3.4363279310300171e-02, -1.3744495169875709e-01
42, 11, -1.3618142227269647e-01, -1.4091483821084294e-01
42, 12, -5.4975753814745787e-02, 1.3644743191733036e-01
42, 13, -2.3455864568237044e-02, -4.0950251290772355e-01
42, 14, -4.7225739953825452e-01, -6.6882336330953862e-02
42, 15, 4.3377687215533833e-01, 7.0585587867847660e-02
42, 16, -4.0741166142026131e-01, -1.2758068340801290e-01
42, 17, -2.9265143102334190e-01, 1.3690285314628811e-01
42, 18, -5.0109082712748887e-01, 7.2831580781708871e-01
42, 19, 1.0363166834054593e-01, -1.9606488989092510e-01
42, 20, 8.7446843352764730e-02, -1.1693453395113487e-01
42, 21, 6.5046635645921758e-01, -2.7109177169537535e-03
42, 22, -2.9167288374715006e-01, -1.7484295425811047e-01
42, 23, -6.9017729802138583e-01, -2.8369402552182466e-01
42, 24, 8.2581518138997723e-03, -4.5726451821811853e-01
42, 25, 1.1177668362175268e-01, -9.4086671978696024e-02
42, 26, 2.5540185981343416e-01, -1.4680161866751473e-01
42, 27, -9.3687844357627115e-02, 3.8309380767319623e-01
42, 28, -4.0648747708444954e-01, -1.6344008067885457e-01
42, 29, -1.1432815725232937e-01, 1.3437243433617138e-01
42, 30, -3.6249866315665880e-01, -6.4422646719097476e-02
42, 31, 3.0879659884769017e-01, -1.7666084741706978e-01
42, 32, 6.4375202058115255e-02, 5.7468860390946430e-01
42, 33, 5.5862787642558731e-01, -5.3059385322642028e-01
42, 34, -1.3745968450377677e-02, -1.2236420309349105e-01
42, 35, -6.9693675867310378e-01, -1.0717655584574443e-01
42, 36, -4.2525671106376728e-02, 1.3349731723566860e-01
42, 37, 7.5374405995594695e-02, -4.1060406305737579e-01
42, 38, -1.8968691695682022e-02, -1.3587612864565757e-01
42, 39, 2.3898679017700872e-01, -1.9651145243819731e-01
42, 40, -6.7362909289255368e-01, 3.5817656520400454e-01
42, 41, 3.5748704496196304e-01, -5.9254697079128937e-01
42, 42, -4.7999738807326997e-02, -2.7925091817696390e-01
43, 0, 3.7416269000464902e-01, 0.0000000000000000e+00
43, 1, 2.6652215181301409e-01, -1.6090015484287823e-01
43, 2, 2.7565908395466232e-01, 4.0252176615757307e-01
43, 3, -4.4404545248742189e-01, 5.8291924592941163e-02
43, 4, 4.5968593845771910e-01, 2.2884137439141805e-01
43, 5, -6.7960680977693033e-02, -8.1383155639093929e-02
43, 6, -1.0164994796818122e-02, 1.9034995001386834e-03
43, 7, -2.1271647141745775e-01, -2.3498551981757915e-01
43, 8, 1.5283710162927550e-01, 1.0791309000635463e-02
43, 9, 4.0906968834897572e-01, 5.5141030402209890e-01
43, 10, -4.5733025246778025e-02, -9.6256477954826808e-02
43, 11, -1.6446696881782408e-01, -2.7849791598973461e-01
43, 12, -3.1271245643929191e-01, 8.1189111334627917e-02
43, 13, -7.4680619706914031e-02, 9.5841867558868532e-02
43, 14, 2.5845712943301913e-01, -2.5721450116794531e-01
43, 15, 4.0203182157850964e-01, -6.5713502856130201e-02
43, 16, 2.4794916079081131e-02, -4.4799014744390020e-01
43, 17, 1.8749710829685290e-01, 2.2035660595635331e-02
43, 18, -8.5217194601841156e-02, 1.2634280499322362e-01
43, 19, 3.1077348246570609e-02, -4.8954357955216332e-01
43, 20, 7.0115900553283953e-03, -6.4131828046002148e-02
43, 21, 8.9892911710631462e-02, 4.1185014419761634e-02
43, 22, 1.3566078829077011e-03, 1.1035692141083686e-01
43, 23, -4.5772584238387648e-01, -7.9306374156955683e-02
43, 24, -1.2681403843606984e-01, -1.4123245503842791e-01
43, 25, 2.1829903955569174e-01, 4.6288178396479102e-01
43, 26, -1.1992969884113686e-01, -5.1722074884211022e-01
43, 27, -2.1683983366879567e-01, 4.3820158152141031e-01
43, 28, -5.8685279759989295e-01, -1.3977263183720778e-01
43, 29, -2.8837759741995119e-02, 4.4178480912988749e-01
43, 30, 6.2798362245580575e-01, -2.0570017534910001e-01
43, 31, 2.4789237467193126e-01, 3.2767563354517582e-02
43, 32, -7.1376496927481048e-03, -3.4093559358593595e-01
43, 33, -2.3618543745929377e-01, -3.5898368976891026e-01
43, 34, -6.6954785765394020e-01, -2.6883389124643398e-01
43, 35, 2.1444413952151642e-01, 2.3617798508538917e-01
43, 36, 8.3683926556230498e-02, 5.2706508071904690e-02
43, 37, 3.0712339017044954e-02, -2.3066717709997225e-01
43, 38, -3.3901812932573733e-01, -2.1087925290962223e-01
43, 39, -4.1833384776411853e-01, 3.2480586876061923e-02
43, 40, 2.0499472995319681e-01, 4.1731392580692273e-01
43, 41, -6.8974344741106419e-02, 1.1163132281749019e-01
43, 42, 2.8230735379419558e-02, 5.4694731425716792e-02
43, 43, -4.2782293871899857e-01, -3.4751540319197949e-01
44, 0, 2.8316805316040217e-01, 0.0000000000000000e+00
44, 1, 7.7307497500873779e-01, -1.3503381989177243e-01
44, 2, -2.9552356192036916e-01, 1.2694050909636856e-01
44, 3, 9.2903680404710309e-02, -2.6412316540684333e-01
44, 4, 4.1054287592241445e-01, 1.7138263080232730e-01
44, 5, 2.2842709443259210e-01, -4.5139024779693032e-01
44, 6, -1.1479986438217538e-01, 2.8230115761685493e-01
44, 7, 2.5758861830549318e-03, 4.9760760558659017e-01
44, 8, 2.4756664210746593e-01, 4.2786915113844515e-01
44, 9, -3.3307453625684813e-01, 5.5047618171282064e-01
44, 10, -3.9228933120466630e-01, -1.5929577228575242e-01
44, 11, 1.1290292785330308e-01, -2.4651611675289065e-01
44, 12, -5.4377763771117271e-01, 1.5241458486743428e-01
44, 13, -3.4282545154635491e-01, -2.4929142013508876e-01
44, 14, -1.8384264154676333e-01, 5.4057296976043889e-01
44, 15, -3.2362374306860531e-01, 5.6641179425637611e-01
44, 16, -1.6381234164528169e-01, 1.0771748229866052e-01
44, 17, 3.2468550679832775e-01, 2.4460953599740168e-01
44, 18, 3.9199196611999670e-01, -2.9050930800592123e-01
44, 19, 4.5576784887686139e-01, -1.1567083769184502e-01
44, 20, -1.9494167762404591e-01, -5.2280394026074772e-01
44, 21, 1.3927849989196339e-01, -1.3400754854402863e-01
44, 22, -4.2751677119012704e-03, 9.1561910045060785e-02
44, 23, -1.2953751622147625e-02, 1.9575062306224647e-01
44, 24, -1.4062138927578594e-01, 1.8864603780451253e-01
44, 25, 8.2385866246125150e-02, -2.9077811275686294e-01
44, 26, 3.8266223696616136e-01, -3.0494373825260074e-01
44, 27, -4.0563357371577291e-01, -2.5329331813295608e-02
44, 28, -7.0409872833034071e-03, 1.5871392191412043e-01
44, 29, 7.4383796796775009e-02, 3.5072702399174749e-01
44, 30, 4.4871737500232223e-01, -1.7425288092650798e-01
44, 31, 3.3886951568057055e-01, -2.5197852857077524e-01
44, 32, 3.1113660873866811e-01, -1.1275906444135453e-02
44, 33, -2.7563068526841195e-01, -7.5380866262882096e-02
44, 34, -4.2094577205994443e-01, -2.4078630700295472e-01
44, 35, 1.9955897318820426e-01, 5.5620911529865968e-01
44, 36, -1.6768791220183127e-01, -2.8073173940856622e-02
44, 37, 6.3502134588648207e-01, 2.1558129983704488e-02
44, 38, -3.2296350959408104e-01, 3.1667212927188254e-01
44, 39, 1.7870217783619979e-01, 1.7440297712931527e-01
44, 40, 3.6889216523973900e-01, -7.1939146601386839e-02
44, 41, -1.3779739679263631e-01, -1.3441020245353075e-01
44, 42, -1.2225290973940417e-01, 1.5488562769474828e-02
44, 43, 6.2654433207198573e-02, 2.4634136967336406e-03
44, 44, -2.0540152534214182e-01, 1.1065082670200019e+00
45, 0, 4.4278183640284202e-01, 0.0000000000000000e+00
45, 1, 2.0468380399047276e-01, 3.2276147373711744e-01
45, 2, -2.6587523603015317e-01, -1.9336683904848845e-01
45, 3, 1.6302574243446277e-02, 5.3251773752865916e-01
45, 4, -4.0763557776515541e-01, 1.0083905142204611e-01
45, 5, 1.0613403599702731e-01, -7.9003523232632100e-02
45, 6, -3.6042488931399275e-01, -3.9000294143931580e-03
45, 7, -1.4055952717405462e-01, 1.1172372888071425e-01
45, 8, -9.3386127718077194e-02, -7.8337082691503634e-02
45, 9, 1.9977011373970899e-01, 1.2865950943426685e-01
45, 10, 1.9262071224205612e-01, -5.2476760139764478e-01
45, 11, -1.7199543959274285e-01, -2.6131682857246469e-01
45, 12, -4.5829360024007371e-01, 5.0127808547633090e-01
45, 13, -6.2505008932700612e-02, 3.6181793675907414e-01
45, 14, -9.3761548506042583e-03, 4.7392257319135145e-01
45, 15, -1.9665303237619852e-01, -5.0828967537879155e-01
45, 16, 2.9545976345136271e-01, 2.7042108780691798e-02
45, 17, -1.6701775914629038e-01, -3.4680712834993699e-01
45, 18, 5.5000531895590155e-01, 5.8671811786231953e-01
45, 19, -4.1054217266888349e-01, 6.0059206011678967e-02
45, 20, 1.5272735197055947e-02, 1.1334951456527098e-01
45, 21, 7.0174776860018023e-02, 5.0503656540696251e-01
45, 22, 5.5261518974997859e-01, -7.1641463916793346e-01
45, 23, 2.1488402507006021e-01, -3.3421239847993833e-02
45, 24, 6.2724406241253639e-02, -5.8065800521049837e-01
45, 25, 2.2475034732012672e-01, -7.9483220278124378e-02
45, 26, 1.5990185488235320e-01, -2.3304073887841822e-01
45, 27, -1.2916349812903349e-01, 3.6217652999003391e-01
45, 28, 1.0046014306270679e-01, 4.5832287734903965e-01
45, 29, -1.6943324529359605e-01, -4.0744093292002637e-01
45, 30, 4.9568435428696322e-02, -1.8391546033421063e-01
45, 31, -2.4901968377812012e-01, -1.9505176977317706e-01
45, 32, -2.8703403872535460e-01, 2.4625356512107233e-02
45, 33, -5.7973487926138800e-01, 2.2863712764510202e-01
45, 34, 2.5694649041150236e-01, 1.3503864806519161e-01
45, 35, 2.5556666975645925e-01, -1.4943190052791921e-01
45, 36, 3.6234093503733633e-03, -7.3918590613060509e-01
45, 37, -6.0582439820983658e-01, -2.8283197121019343e-02
45, 38, 1.7956792302483560e-01, -8.4510969107042977e-02
45, 39, 2.8849049485888412e-01, -5.2756703333613313e-02
45, 40, -3.9592782997396742e-02, 1.2881372253687029e-01
45, 41, 9.5567647007191781e-02, -2.2993610684451560e-01
45, 42, -4.8287000609316788e-02, 2.4551680725338171e-01
45, 43, -2.8628895054905751e-01, -1.1071021920715463e-01
45, 44, 2.1853268168277992e-01, 2.0029863330792536e-01
45, 45, 6.3867811134121477e-01, -4.6550027215557221e-01
