0, 0, 0.0000000000000000e+00, 0.0000000000000000e+00
1, 0, 0.0000000000000000e+00, 0.0000000000000000e+00
1, 1, 0.0000000000000000e+00, 0.0000000000000000e+00
2, 0, 0.0000000000000000e+00, 0.0000000000000000e+00
2, 1, 8.8968854850132016e+02, 4.8035848073118291e+02
2, 2, 9.4640733956812401e+03, -4.8893735896872231e+03
3, 0, 2.4918815348087915e+03, 0.0000000000000000e+00
3, 1, -1.2921063165694445e+03, -5.2893037956898515e+03
3, 2, 2.2706038066952606e+03, -6.8801914924267965e+02
3, 3, -5.6481404529334413e+03, -2.9142068630287577e+03
4, 0, -7.4275547880269846e+02, 0.0000000000000000e+00
4, 1, -1.1949988475952105e+03, -9.0751091388099542e+02
4, 2, 1.0185617170676078e+03, 1.7521332846976934e+03
4, 3, -2.1444998855273252e+03, 1.1219758523311330e+02
4, 4, -2.7609792841915350e+02, 2.6135273226789109e+03
5, 0, -1.7424795893800876e+02, 0.0000000000000000e+00
5, 1, 4.6414657593956093e+01, 3.3352312319231032e+01
5, 2, 7.0502355414285728e+02, 4.1728126822887180e+02
5, 3, -5.9125686470302935e+02, 5.2451435654988393e+02
5, 4, 1.1664950787876458e+03, 9.0945001453127247e+01
5, 5, 9.3583706840038155e+02, -8.8234439292800619e+02
6, 0, -1.0953412840975028e+02, 0.0000000000000000e+00
6, 1, -6.3993768511126393e+02, 2.9054005685006905e+02
6, 2, -5.5234628871340374e+02, -2.8258990215926303e+02
6, 3, -5.4058441338361831e+02, -2.2201267097813127e+02
6, 4, -1.6626384793868220e+02, -5.4461319061313191e+02
6, 5, -1.5866030177183706e+02, -5.1102786362867158e+02
6, 6, -4.7503209728192672e+02, -1.4528306664214176e+02
7, 0, -6.7944768008022152e+00, 0.0000000000000000e+00
7, 1, -5.1357676321154509e+02, 3.6364005480883560e+02
7, 2, -5.5208550423916836e+02, -4.4757803288200989e+01
7, 3, -1.6174803721679632e+02, 5.7386035461764052e+01
7, 4, -8.5858721572245634e+02, -1.1447046670957485e+02
7, 5, 7.6139808702418023e+01, 4.9140479766751241e+02
7, 6, 3.3352345351572637e+02, 6.1080026967629260e+02
7, 7, -3.1306528239953465e+01, 3.7642430520063198e+02
8, 0, -1.7631686638270190e+02, 0.0000000000000000e+00
8, 1, 9.9453917126281368e+00, -9.3932474467385163e+01
8, 2, -6.0835619554047105e+02, -1.5588466816406009e+02
8, 3, 4.5970710000715559e+02, 5.0342158241859858e+02
8, 4, -4.8379252228604128e+02, 1.2244133991785336e+02
8, 5, 1.0189580756073003e+03, 7.0393487142918025e+02
8, 6, 1.4460970274179459e+02, 5.0048615946916846e+02
8, 7, 2.1620650329474569e+02, -4.3757428258544257e+02
8, 8, -1.9963130884023968e+01, 9.6327256582448527e+01
9, 0, 9.2365178642576780e+01, 0.0000000000000000e+00
9, 1, -1.0947731973469558e+01, -1.0164633749062241e+02
9, 2, -4.9328365115216883e+02, -6.3161868933064710e+01
9, 3, 2.9799304992023951e+02, 2.4784336649126760e+02
9, 4, -1.4367413586031381e+02, -5.5233186210402994e+02
9, 5, 6.8080242034176558e+02, 5.9682093313376470e+02
9, 6, -2.1499340479889221e+02, -5.5430394802513661e+00
9, 7, 2.6189163921840515e+02, -5.2600055937909337e+02
9, 8, -5.6385014514147792e+02, 1.3347996259501218e+02
9, 9, 3.3402911285826588e+02, 1.2979248405062955e+02
10, 0, -1.7976823810848279e+02, 0.0000000000000000e+00
10, 1, -2.3611440987949823e+02, -9.5331647323374085e+01
10, 2, -7.7345838971562117e+01, 3.9549278326902453e+02
10, 3, 2.6697385567172142e+02, -1.1366091516156000e+02
10, 4, 4.3677389028950768e+02, -9.8133140400502015e+01
10, 5, -2.1312113546650431e+02, 3.6456551066603117e+02
10, 6, -1.9372271857686292e+02, -4.9857671388963382e+02
10, 7, -1.4623366593831938e+02, 1.4250633817175674e+02
10, 8, -1.9222987346097460e+02, -2.7932357071149835e+02
10, 9, 4.4486818287716704e+02, 4.0057522829916189e+02
10, 10, 1.1445070923433515e+02, -2.1324045657648014e+02
11, 0, 9.9796003819141973e+01, 0.0000000000000000e+00
11, 1, 1.8184943560297503e+02, 5.5156735676734122e+01
11, 2, 8.7866850356545953e+01, 4.1999150829984075e+02
11, 3, 4.5880151953568162e+02, -3.3008688866027563e+02
11, 4, 5.9428745334431596e+02, 2.7260398049965562e+02
11, 5, -4.2508026481905750e+02, -3.4740283561980709e+02
11, 6, 1.6174614881429434e+02, 5.5020554518362353e+01
11, 7, -2.6853850991985695e+02, 2.6212977659310411e+02
11, 8, 4.6439939048863630e+02, -2.1443586178126444e+02
11, 9, 1.2030456422164471e+02, 1.4389233957216646e+02
11, 10, -2.4350755491922627e+01, -7.0133099305853261e+02
11, 11, 3.9362954390076041e+01, 1.3041483847110842e+02
12, 0, -2.7398596372208161e+01, 0.0000000000000000e+00
12, 1, 4.2187365243051681e+02, -1.3628088224359892e+01
12, 2, 6.2617400711634268e+01, -1.6998779871766351e+02
12, 3, 5.0537584090843444e+02, -9.4887155263188703e+01
12, 4, 8.1267840315008186e+01, -6.8908953261068561e+01
12, 5, -1.7968879907418719e+02, -3.6509279053074999e+02
12, 6, 1.1789190467721733e+02, 5.2676077480905644e+02
12, 7, -8.2497979116931191e+01, 9.7136856710692200e+01
12, 8, 4.7146247178209529e+02, 7.7372055542294788e+01
12, 9, -1.7034052134832464e+02, -1.1372062665160240e+02
12, 10, -8.0131393229210744e+01, -4.2838093673844094e+02
12, 11, -2.8469738344027513e+02, 6.2346996196760449e+02
12, 12, 2.4963441150835685e+01, 3.0922345754230506e+01
13, 0, 1.2962623915887718e+02, 0.0000000000000000e+00
13, 1, 2.2773714138651303e+02, 2.5185832539403464e+01
13, 2, -1.1706474134608351e+02, -3.1496814586357590e+02
13, 3, -6.4366235915338024e+00, -4.2665427961133062e+00
13, 4, -7.1771532214869111e+00, -2.0475746093843495e+02
13, 5, -2.0764768193298348e+01, 1.5201086489300505e+02
13, 6, -1.0867465111062428e+02, 3.7279441199408933e+02
13, 7, 2.5619696995945145e+02, -1.2752559324928546e+02
13, 8, 6.9692521787200846e+01, 1.0882010500426061e+01
13, 9, -2.9599113213994781e+02, -2.2143538499467309e+02
13, 10, 1.6314904244434466e+01, 1.8857128957808189e+02
13, 11, -2.4546545271469580e+02, 2.9616659967778048e+02
13, 12, 4.2033997319370548e+02, 1.4363770055920318e+02
13, 13, -1.9992638960666704e+02, -2.9904315698156961e+02
14, 0, -2.5870414610806407e+01, 0.0000000000000000e+00
14, 1, -2.2006974195962835e+02, -6.7439564996220156e+01
14, 2, -1.2349353877163760e+02, 1.4237990947326293e+02
14, 3, -1.1188103765160662e+02, 7.5261955114260473e+01
14, 4, -1.0085895529637837e+02, 3.2528651898060480e+02
14, 5, 1.3925304307349842e+02, 3.0185762523701464e+02
14, 6, 5.7268899177093076e+00, 4.8428164470015552e+01
14, 7, 1.0707175749879468e+02, -7.9596315566355827e+01
14, 8, -2.8240027441005867e+02, -1.3819816107796163e+02
14, 9, -2.9405867732451163e+01, -3.1283054390400594e+02
14, 10, 1.6453294751236250e+01, 4.8454975123394888e+02
14, 11, 2.3402439061701486e+02, -8.3342902062716661e+01
14, 12, 1.1329335307660480e+02, 6.5949003911920897e+01
14, 13, -2.2587562929957019e+02, -6.1878684315993553e+02
14, 14, 2.8385473737969349e+00, 2.1518346619587840e+02
15, 0, -1.2464594531791812e+02, 0.0000000000000000e+00
15, 1, -5.5153675175068770e+01, -1.0484971591398362e+02
15, 2, 1.2818332646157421e+02, 2.1032265492082553e+02
15, 3, 1.4985656326698782e+02, 8.0078941350048225e+01
15, 4, 2.0461245155407676e+02, 2.6825596636797718e+02
15, 5, 2.5285538701443573e+02, 1.5711266521885432e+02
15, 6, 1.4458680387255132e+01, -1.8156819632339736e+02
15, 7, -2.7105881604414310e+02, -1.1660177859328401e+02
15, 8, -3.1094822042190526e+02, -1.5986280943880803e+02
15, 9, 1.3240979804297865e+01, 9.7995610229347619e+01
15, 10, 6.8303009905231733e+01, 5.0190505708701593e+01
15, 11, 2.2178423332933531e+02, -1.6507958347868623e+02
15, 12, -2.1060739028783070e+02, -2.1257084472241783e+02
15, 13, -3.6232345743662677e+01, -2.1596550102709801e+02
15, 14, -5.5864569280041493e+01, 3.6890596258899131e+02
15, 15, 1.4173164601627013e+02, -2.1857221679572003e+01
16, 0, -1.2675761410959306e+02, 0.0000000000000000e+00
16, 1, 5.7687143475645826e+01, 1.4180170655285957e+02
16, 2, 1.7570331394593032e+02, 5.5503283394566168e+01
16, 3, 1.2634519956472977e+02, -1.1784794475766053e+02
16, 4, 2.3575442540206546e+02, 2.1358113104344241e+01
16, 5, 9.6899733067390230e+01, -1.5568539882470122e+02
16, 6, -4.0218926013033155e+01, -5.7835515191717626e+01
16, 7, -1.1872694327097423e+02, -6.9537580251060092e+01
16, 8, -7.1319518696974882e+01, -1.2334002929735841e+02
16, 9, 1.1776182673314547e+02, 2.5084871398459151e+02
16, 10, 1.5440105299287652e+02, -7.8822548825101194e+01
16, 11, 3.2625877173138917e+00, 4.4224631394375294e+01
16, 12, -1.4783298104978962e+02, -1.6732803020216491e+02
16, 13, 2.3531658850582822e+01, 1.6582311272138193e+02
16, 14, 2.1743302136861857e+01, 2.4176273996628760e+02
16, 15, 2.6328599142502276e+02, -8.1927034273450303e+01
16, 16, -5.2257667742888067e+01, -1.7828668800176473e+01
17, 0, 2.5106588380481309e+01, 0.0000000000000000e+00
17, 1, 1.0955558855144865e+02, 1.5447758312721714e+02
17, 2, 6.0472938516918987e+01, -6.0698522293124810e+00
17, 3, 4.3793967386414145e+01, -3.3734291140256431e+01
17, 4, -1.0716809908578659e+02, -2.1344243224625958e+00
17, 5, -1.6374604285720713e+02, -5.7202684007035685e+01
17, 6, -1.4435736586869155e+02, 5.9500328089540950e+01
17, 7, -7.5612932198891968e+01, 7.7128685947053768e+01
17, 8, 8.4878709158952674e+01, 4.6922781843283943e+01
17, 9, 3.1177014227511648e+01, 1.0554850128287687e+02
17, 10, 1.2537097200971519e+02, -5.7407274230572149e+01
17, 11, -6.3716455358710135e+01, 3.5026331807597145e+01
17, 12, -7.4877864420641913e+01, 1.0015399562542928e+01
17, 13, 1.3160130448658862e+02, 2.1016123761642925e+02
17, 14, 7.2715968125480558e+01, 1.0854469632777395e+02
17, 15, 8.0330124322263998e+01, -1.0648692770683100e+02
17, 16, -2.7038542590882787e+02, -1.3706638126061165e+02
17, 17, -3.2330736784707540e+01, -7.3240562687624362e+01
18, 0, 6.7087835467432129e+01, 0.0000000000000000e+00
18, 1, 3.8665833019439582e+01, 1.4350386549191632e+02
18, 2, 1.1426949374862275e+01, -7.4048367690162475e+00
18, 3, 7.6504542206442281e+01, 9.2832125602151208e+01
18, 4, -2.1116962091667253e+02, -3.7051646081251981e+01
18, 5, -4.7308473677406141e+01, 1.4607054876585207e+02
18, 6, -5.3816191634886152e+01, 1.5607658845113846e+02
18, 7, 3.8692303437592955e+01, 3.7168886924504449e+01
18, 8, -2.2632355891956728e+01, 6.7607915067263590e+01
18, 9, -9.4380636914188862e+00, -9.4193623546511489e+01
18, 10, -1.5590247344254149e+02, 3.2170481184506151e+01
18, 11, -7.1308361215040691e+01, 5.6249266141452054e+01
18, 12, -2.1879636173253580e+01, 4.9285831416094950e+01
18, 13, 8.2186462321790273e+01, 5.3793988885905392e+01
18, 14, 9.1312439584611298e+01, -5.2095722192101512e+01
18, 15, -9.9911582094453252e+01, -1.7259052224952217e+02
18, 16, -1.0931408153840769e+02, -4.0925264831292196e+01
18, 17, -4.0615806489813188e+01, 2.3397684118285176e+02
18, 18, -9.4183914069194657e+01, -7.7970874615226720e+01
19, 0, 2.6847627755529082e+00, 0.0000000000000000e+00
19, 1, -1.3008406827497165e+01, -9.8935035434987157e+01
19, 2, 8.5487336532785214e+00, -1.2558688505262404e+01
19, 3, 1.5457239044038875e+00, 3.9494037649781973e+01
19, 4, -4.0325555204490051e+01, -5.4917819528264346e+01
19, 5, 5.2787089188428496e+01, 8.1080811204625249e+01
19, 6, 4.1342768534669347e+01, 4.3849924086913589e+01
19, 7, 9.3455201730926788e+01, -4.0125708577742998e+01
19, 8, -8.8541496371646389e+01, 1.7186037223761215e+01
19, 9, -4.6527492236924587e+01, -9.9041912902172001e+01
19, 10, -1.2263006588372320e+02, 4.4443699761360289e+00
19, 11, -1.9766038120005813e+00, 8.4633957811280595e+01
19, 12, 1.4699429159064188e+00, -4.5801485816019278e+00
19, 13, 4.8748696126156510e+01, -2.0363423372562579e+00
19, 14, -3.5411986075480456e+01, -1.0640502438715106e+02
19, 15, -1.7650969301071106e+02, -1.1458253691442670e+02
19, 16, -6.1510854344073351e+00, 3.3882190069876060e+01
19, 17, 3.4502604059777369e+01, 9.5751720486233410e+01
19, 18, 1.3316157562349198e+02, -1.2487773334140456e+02
19, 19, 7.1260512490757492e+01, 1.5864065077797679e+02
20, 0, -5.4198883946974540e+01, 0.0000000000000000e+00
20, 1, -1.8863703383670476e+01, -1.0844523787127915e+02
20, 2, -1.0100366086316590e+01, 4.5272896882367142e+01
20, 3, -6.1747068310462453e+01, -3.7138220137250585e+01
20, 4, 7.1126983949941533e+01, -3.0791799286262346e+01
20, 5, -3.4491503637679493e+01, 2.0723473867976083e+00
20, 6, -3.5277345474943786e+01, -6.3854434000474569e+01
20, 7, -5.8217887979743601e+00, -3.0315145191503937e+01
20, 8, -5.3767456968982586e+01, -5.8720931729409472e+01
20, 9, -2.7737788572277637e+01, -3.2293612681789256e+01
20, 10, 7.2699694610033674e+01, 7.3622377232654141e+00
20, 11, 1.1459133663847272e+01, 1.0424189114873776e+01
20, 12, 9.9423418070448875e+01, 3.2715192888141900e+01
20, 13, 2.5151399259451647e+01, -6.2950953069985950e+01
20, 14, -6.0706051178907963e+01, -5.5657082336797536e+01
20, 15, -1.4824889801970901e+01, 6.3794873294226846e+01
20, 16, -9.2327419639490529e+00, 3.6957461977808407e+01
20, 17, 9.9642845226114318e+01, 7.7006346524055772e+01
20, 18, -8.3746030842523620e+00, -1.2990971852466652e+02
20, 19, -2.2093376540472754e+01, 2.4531072453430948e+01
20, 20, 8.9672580896640753e+01, -4.5984873477842800e+00
21, 0, -1.3799881682417501e+01, 0.0000000000000000e+00
21, 1, 2.8458241841554244e+01, 6.4760801621909707e+01
21, 2, 4.5018650728782124e+00, 9.5128336403222391e+01
21, 3, 2.2639610431087696e+01, -3.6965437303282819e+01
21, 4, 6.5873128860160364e+01, 2.6743199467739572e+01
21, 5, -6.0634783459190480e+01, -2.3214308740097049e+01
21, 6, -1.0186728123827116e+01, -3.6331168517985816e+01
21, 7, -3.9272335808651974e+01, 5.5630185677435669e+01
21, 8, -1.1183640502144442e+01, -4.8263419280269304e+01
21, 9, 4.3387821711310906e+01, 9.7857032140415807e+00
21, 10, 5.2122184015823606e+01, -3.1458024936061058e+01
21, 11, 6.0543531646916747e+01, 4.5709348169706018e+01
21, 12, -3.8049531565879022e+01, -1.9895227961499053e+01
21, 13, 3.1155890656603189e+00, -9.5335754660084824e+00
21, 14, -2.1460552973737947e+01, 7.0843243109702414e+01
21, 15, 5.5434398975278633e+01, 8.7504854671052811e+01
21, 16, 5.0546832483539092e+01, 1.7040262530171987e+01
21, 17, 5.1593698745912540e+01, 5.2892929568712162e+01
21, 18, -4.2734229696451507e+01, -8.4450980339756001e+01
21, 19, -1.7582283114841132e+01, 1.3484206226710648e+02
21, 20, 3.5709256342242092e+01, 6.2827354360135310e+01
21, 21, -1.2006559075856264e+02, -8.1179603019940544e+01
22, 0, 3.5573531988628851e+01, 0.0000000000000000e+00
22, 1, 6.5606400805195250e+01, 2.8416321493659616e+01
22, 2, -6.9654665203627761e+00, -1.4837476952157111e+01
22, 3, 6.1187585625679823e+01, 3.1219523353442331e+00
22, 4, -3.7102339944306401e+01, 5.1799484499327711e+01
22, 5, -9.4752792409427329e+00, -8.0841593190927394e+00
22, 6, 3.3383948100665009e+01, 6.9821393555002118e+01
22, 7, -3.8600856705438417e+01, 6.0427246510475525e+00
22, 8, 5.1601965946012882e+01, 2.8938255785265909e+01
22, 9, 6.5977148776437744e+00, 1.7755144864554136e+01
22, 10, 4.0848794081945385e+01, -3.4047673965257729e+01
22, 11, 2.7698197320729651e+01, 3.5256360538645140e+01
22, 12, -5.5598123587425448e+01, 1.5994987563148584e+00
22, 13, 2.5433113153120850e+01, 2.4838159474804236e+01
22, 14, 1.6339598818957072e+01, 7.4767149067856295e+01
22, 15, 6.2921662415372552e+01, -3.6203871728691205e+01
22, 16, 3.2705783955436729e+01, 3.2648811279365839e+00
22, 17, -6.1622261480135954e+01, -4.1539971264059119e+01
22, 18, 1.9336221428032193e+01, -1.2369676756385175e+00
22, 19, -6.8818700552117988e+01, 5.8156946520757018e+01
22, 20, 7.4211946193356908e+01, -1.4259385341516417e+01
22, 21, -4.5007679229725909e+01, -9.7302611535614091e+01
22, 22, 1.1412728300680323e+01, 4.7646511126793939e+01
23, 0, -1.1188385835181673e+01, 0.0000000000000000e+00
23, 1, -3.2260802204898852e+01, -6.5389532336681677e+00
23, 2, -2.4890276531966585e+01, -6.1416285427528791e+01
23, 3, -1.9455374546388605e+01, 2.2675796641033784e+01
23, 4, -5.4411915447738821e+01, -8.2084484295419742e+00
23, 5, 4.7588380878547071e+01, -2.7242311443870033e+01
23, 6, -5.2039876555344264e+01, 7.2419908818681222e+01
23, 7, 3.5268101113043407e+01, -5.0106003005516342e+01
23, 8, 2.2678435492786161e+01, 4.2762236370987594e+01
23, 9, -4.9318197178857313e+00, -2.0104754720992457e+01
23, 10, 1.5735958412633241e+01, 3.9029058503873728e+01
23, 11, -3.9290786817470014e+01, 3.5592802891667077e+01
23, 12, -7.8244420456083592e+00, 1.3894312693486498e+01
23, 13, 3.4065418498013855e+01, 4.7951521116302676e+00
23, 14, 7.4809383714383353e+00, 5.6533096931765385e+01
23, 15, 3.9486003447724883e+01, -1.0464568058978317e+02
23, 16, -6.0926590310553081e+01, -1.2975944808053876e+01
23, 17, -4.4994496449411123e+01, -1.0815580716179261e+02
23, 18, 1.9671301192998708e+01, 7.9489797711981481e+01
23, 19, -6.7303702444665490e+01, -1.0111115801862763e+01
23, 20, 7.5312418534528021e+01, -9.0299641500965802e+00
23, 21, -6.3522242374987385e+01, -9.2482491852557018e+01
23, 22, -2.8985970629098720e+01, 1.7238858034409837e+01
23, 23, 8.1263543508148985e+01, -2.6352196046433242e+01
24, 0, -2.6731449035346081e+01, 0.0000000000000000e+00
24, 1, -2.7799748880761136e+01, -2.9383338313561115e+01
24, 2, 6.8303494159627265e-01, 2.4268213390212413e+01
24, 3, -4.8239795417049862e+01, 3.0099749125494188e+01
24, 4, -1.0393949011933801e+00, -1.9098696730679180e+01
24, 5, 3.6986843542292192e+01, 2.1320165196725746e+01
24, 6, -4.5777295503199987e+01, 1.7057636253063029e+00
24, 7, 5.4027374488612416e+01, -6.4863029847643958e+01
24, 8, -2.1799839954026027e+01, -8.5068252191721481e+00
24, 9, -1.3677988836892204e+01, -4.2033266625281456e+01
24, 10, 1.7430270977222328e+01, 3.1656144467953226e+01
24, 11, -4.6323076334161273e-01, -4.2086418406423611e+01
24, 12, 4.1757126259532356e+01, 4.0376179606765653e+01
24, 13, -1.8649011795177184e+01, 3.0930241459708596e+00
24, 14, -8.1775502506827391e-01, -5.1484558026732884e+01
24, 15, -3.0880116538628101e+01, 7.1340547364664939e+00
24, 16, -7.5787678969695506e+01, -4.4112054751753320e+01
24, 17, 1.6168260162481189e+01, 6.7853860071509864e-01
24, 18, -4.8547301158670656e+01, 7.8658442998652831e+01
24, 19, 4.5646146068632547e+01, -4.9898995873306475e+01
24, 20, 1.5980097792393149e+01, 1.5104292702949262e+01
24, 21, 8.8655739749855389e-01, -5.4539514580963889e+01
24, 22, 1.5566582529131134e+01, 8.9596522040385224e+01
24, 23, 7.3177122457538104e+01, 4.8776538437830572e+00
24, 24, -3.6102617819593675e+01, -1.4648612318610702e+01
25, 0, 1.5472771670262977e+01, 0.0000000000000000e+00
25, 1, 1.2981255850097245e+01, 3.5424465016857773e+00
25, 2, 2.3092714280699674e+01, 4.4912450975794393e+01
25, 3, -8.9105325365558308e+00, 1.8088090389174770e+01
25, 4, 7.5425495639961142e+01, -2.0906480260857101e+01
25, 5, -3.1033863608761997e+01, 3.5148438667356785e+01
25, 6, 2.0291908297327854e+01, -3.6697370495448617e+01
25, 7, -7.7511491322329675e+00, -3.5447641493037423e+01
25, 8, -2.3709231056395154e+01, -2.0311621536612044e+01
25, 9, -8.6553779089823983e+00, -2.4571259365812963e+01
25, 10, -1.8612735173026092e+01, 2.6398312492215872e+01
25, 11, 5.4020693782351060e+01, -4.7844741916491650e+01
25, 12, 3.7401827859873002e+01, 3.1019259253561511e+01
25, 13, -7.8824591721351434e-01, -3.2316196014451734e+01
25, 14, 9.2627572180198801e+00, -2.9692888082331457e+01
25, 15, -5.2220657865030311e+01, 1.2221633672440673e+01
25, 16, 1.2490475953256466e+01, -3.2843576764492212e+01
25, 17, 3.7386024610052019e+01, 9.2032790236129657e+01
25, 18, -1.9130906839095161e+01, -8.6754887658030615e+00
25, 19, 7.6165792000059454e+01, 6.0224439350629524e+00
25, 20, -5.9970076398226453e+01, -1.2226478599426205e+01
25, 21, 8.0843372238748884e+01, -2.3379624423734938e+01
25, 22, -3.5125977130525825e+01, 5.4607357039140361e+01
25, 23, 5.9436844029677587e+01, -5.2855373963608585e+01
25, 24, -3.1344803850819488e+01, -1.1616928431510438e+01
25, 25, -1.7434305279066312e+01, 3.2911570221252681e+01
26, 0, 2.6566724569854813e+01, 0.0000000000000000e+00
26, 1, 1.5242866055994245e+01, 4.3288112854424931e+01
26, 2, 1.9026410655029245e+01, 1.1529370262147385e+00
26, 3, 8.6590335440082544e+00, -1.2400484382569637e+01
26, 4, 3.7508070914132148e+01, -1.6448665062195460e+01
26, 5, -2.2211308705807674e+01, -1.7138365235208763e+01
26, 6, 3.6115852786988064e+01, -1.5127796122329364e+00
26, 7, -1.1051872764919697e+01, 2.1092661118255364e+01
26, 8, -2.6293388388110248e+00, -1.0058087196667511e+01
26, 9, 4.3637141874506220e+00, 5.2457990865349458e+01
26, 10, -1.1093603039043632e+01, -6.0795907114062828e+00
26, 11, 4.9832956616008396e+01, 2.2148819888568930e+01
26, 12, -2.5013403877645928e+01, 1.0576505738057618e+01
26, 13, -3.2099504693733434e+00, -4.3963303548251087e-01
26, 14, -1.2447380952271814e+01, 6.1715690234848841e+00
26, 15, -1.0398518099972335e+01, 6.4205071067554265e+00
26, 16, 5.0124747401027889e+01, 1.2070603241347678e+01
26, 17, 2.9689038450474513e+01, 8.4226069734602298e+00
26, 18, 2.8474821590149524e+01, -4.7627164338159226e+01
26, 19, 2.6699621720587730e-01, 1.0710992209297821e+01
26, 20, -1.3488649907479614e+01, -3.8046830712864953e+01
26, 21, 2.8806227808883730e+01, 5.6556604071869074e+01
26, 22, -4.5836143851780371e+01, -1.6616129066421177e+00
26, 23, 2.6657578155076525e+01, -2.5116990044554488e+01
26, 24, -8.0262727650801878e+01, -5.3246797110190389e+00
26, 25, -2.9093248345809830e+01, 4.3508752957417386e+01
26, 26, 1.6906168527881903e+01, -4.6261963122762154e+01
27, 0, 2.5549087632912251e+01, 0.0000000000000000e+00
27, 1, -4.3741475512477130e+00, 2.4945509338433642e+00
27, 2, -8.3197402543475973e-01, -2.9548193616276432e+01
27, 3, -1.1899278117181918e+01, -2.7948575881804516e+01
27, 4, -3.4303661897634939e+01, -1.0367002353963080e+01
27, 5, -9.2193068184278886e+00, -2.9694275073984294e+01
27, 6, -3.0479807029888875e+01, 3.0962299769327220e+01
27, 7, 2.5131032229362802e+00, 1.2079570568494702e+01
27, 8, 3.4852313568299742e+01, -9.0273792528302081e+00
27, 9, -1.4966556888476434e+00, 4.1134912253191594e+01
27, 10, 2.5249099998322322e+01, -1.4275409191727031e+00
27, 11, 1.9276736125299387e+01, 1.9264975289035910e+01
27, 12, -8.2143036189501046e+00, 6.5872655031985383e-01
27, 13, 8.7677624217072925e+00, 9.9301815053018387e+00
27, 14, -2.3122267586087048e+01, 1.8053308644021429e+00
27, 15, 2.8763507201197576e+00, -9.7185554614419072e+00
27, 16, 7.3776746503859423e+00, 2.5517555235585764e+01
27, 17, -1.9796678221693188e+01, -3.9898210068359830e+01
27, 18, 1.5622492014210829e+00, -1.5937400664761789e+01
27, 19, -7.1766181765051869e+01, -1.7354817951948593e+01
27, 20, 2.7763078198201526e+01, 6.2611007564617864e+00
27, 21, -2.9104617665138779e+01, 2.8111487659107908e+01
27, 22, 2.1411349481871710e+01, -3.6107138361278174e+01
27, 23, -1.4160407362502969e+01, 2.6719634783285041e+01
27, 24, -1.7587229892079296e+01, -6.0375048100053279e+00
27, 25, 8.3648487753416063e+00, 5.6870660952564990e+01
27, 26, 2.5311411074569236e+01, -3.5267440673491627e+01
27, 27, -4.6392071070943885e+01, 2.3843752163487792e+00
28, 0, -2.8999113557547904e+00, 0.0000000000000000e+00
28, 1, -1.4200722283983655e+01, -8.6178329614889364e+00
28, 2, -2.8511593821023141e+01, -2.2891715906850621e+01
28, 3, -1.6325050268642379e+01, 2.7393621409926020e+01
28, 4, -3.2208066783180342e+01, -6.5883003798831856e+00
28, 5, 6.2245578690179988e+00, -2.3130139016927398e+00
28, 6, -4.1239899776914896e+01, 2.3509163370090114e+01
28, 7, 1.7255263899902829e+01, -2.2833888973019256e+01
28, 8, 2.3181189156025084e+01, 2.6231170082468611e+00
28, 9, -6.9842437807880628e+00, -3.9222702029015402e+01
28, 10, 8.1006357700653595e+00, 3.1017602879276231e+00
28, 11, -1.6746599018245462e+01, -2.5403884177170656e+01
28, 12, -6.3338937544249987e+00, 3.0416282739891352e+00
28, 13, 1.0786670583025334e+01, -5.8131090289348899e+00
28, 14, -1.1069280551821091e+01, -1.4144425626582613e+01
28, 15, 8.4557962262037609e+00, -1.3268046886366532e+01
28, 16, -1.5351201986972628e+01, -7.9992143737690142e+00
28, 17, -9.1714981503693664e+00, -3.6683392630607209e+01
28, 18, -2.4940720541107424e+01, 2.8095054821150317e+01
28, 19, -3.0707755201069627e+01, -6.3686354992430640e+00
28, 20, 2.3840449233097729e+01, 3.7247406201766005e+01
28, 21, -1.6021994251665145e+01, -1.2256204331837775e+01
28, 22, 3.2220105920371537e+01, -5.9677590438726362e+00
28, 23, -3.2640958352757451e+01, -1.2996089109826769e+01
28, 24, 2.3590105953374312e+01, -1.4429890425212108e+01
28, 25, 5.3603962187580851e+00, 8.7549522055037450e+00
28, 26, 3.5424696731694887e+01, -4.7812185410792850e+01
28, 27, -2.0695107110024562e+00, -5.5952556682340626e+00
28, 28, 1.2606489381531549e+01, 5.1519198033553778e+01
29, 0, -9.2790707882979788e+00, 0.0000000000000000e+00
29, 1, -3.1932081323605166e+00, -1.5071423609838066e+01
29, 2, -1.0811504873179690e+01, -8.9218393503010862e-01
29, 3, -8.6129018149561389e+00, 2.6406084807091098e+01
29, 4, 1.3284163017397479e+01, -7.5821092933976439e+00
29, 5, 1.0118872669131711e+01, 1.2716117330187318e+01
29, 6, 5.9977021892795168e+00, -4.2944888304120550e+00
29, 7, 2.1845381274092446e+01, -1.3856969902962131e+01
29, 8, 3.8320043637179673e+00, 1.1624394739708153e+00
29, 9, -8.9701715363394605e+00, -2.9309732156485232e+01
29, 10, -1.2793130079311533e+01, 5.4781415274930110e+00
29, 11, -2.7675793936370013e+01, -6.8602144788652613e+00
29, 12, 1.3951452235854674e+01, -8.4393144424804092e+00
29, 13, -1.6695636048920992e+01, -2.0191975830410014e+00
29, 14, -1.7912920925067803e+00, -1.1623650145585083e+01
29, 15, -5.8780022335899513e+00, -1.0515777532023996e+01
29, 16, -9.9074483045745332e+00, -3.2214566071262576e+00
29, 17, 6.9912624694782988e-02, 6.9034201233971020e+00
29, 18, 3.7138762182899132e-02, 6.7566313923724177e+00
29, 19, 1.6293107936541304e+01, 3.3052544820896257e+00
29, 20, 9.5411896783647308e+00, 5.8457840943415809e+00
29, 21, 1.3766175959249606e+01, -2.3407346031896189e+01
29, 22, -9.5959232552652303e+00, -4.9909033056036045e-01
29, 23, -4.0917748287399789e+00, -2.6050264544536518e+01
29, 24, 6.7144505993300001e+00, 2.5129968919168409e+01
29, 25, -5.6130499309866027e+00, -2.4546749224876788e+01
29, 26, 1.3458926232617681e+00, -2.0241959275163339e+01
29, 27, -3.7633696491247974e+01, -5.5912716495351233e+00
29, 28, 2.2318202452080325e+00, 2.0858764459040483e+01
29, 29, 1.2221711308580996e+01, -1.3675788520508124e+01
30, 0, 4.4621263503501929e-01, 0.0000000000000000e+00
30, 1, 1.1607541342684442e+01, -3.8151370649989413e-01
30, 2, 1.6077222782094879e+01, 2.3290529308445485e+00
30, 3, 3.6099359334925900e+00, 1.5514968685182713e+00
30, 4, 2.0738494652788837e+01, -1.8100889434250359e+01
30, 5, 7.6363566718040072e+00, -1.0416177881595749e+01
30, 6, 8.5007682028335445e+00, -2.7969688444429316e+01
30, 7, 4.6341577405776029e+00, -7.7995025604354207e-01
30, 8, -2.9722759819739246e+00, -9.4314569416915770e+00
30, 9, 7.5503687357060887e+00, -2.3461480260954000e+00
30, 10, -5.4000539214615513e+00, 1.9279843936551611e+01
30, 11, -1.0438684302976887e+01, 7.0814522439484797e+00
30, 12, 2.3121623579030743e+01, -8.8955847010069267e+00
30, 13, -7.4638549250745951e+00, -3.3141038312143141e+00
30, 14, 9.4307457497101979e+00, 2.0648879188066926e+00
30, 15, -8.5100595560414689e+00, 6.5997954733073549e-01
30, 16, -2.1388753606559643e+00, -2.8933140845380834e+00
30, 17, 9.2164519100046860e+00, 1.2170498805952011e+01
30, 18, 4.4150752966905440e+00, 1.8902852034708961e+00
30, 19, 1.5557672340184187e+01, -5.3015761838983231e+00
30, 20, -1.1019252072450747e+01, -1.1221425972247456e+01
30, 21, 4.3838973929489953e+00, -6.6759632441350139e+00
30, 22, -1.6778005819979271e+01, -3.1760935204404457e+00
30, 23, 1.1354513476714034e+01, -4.8128829829860802e+00
30, 24, -6.5987883677109425e+00, 1.5998788744424230e+01
30, 25, 1.5772195422957667e+01, -1.8581254222243672e+01
30, 26, -1.0279554381964083e+01, 2.4643950315382622e+01
30, 27, -2.2672374299148963e+01, 1.7266456184661504e+01
30, 28, 1.5651798094287443e+01, 2.6843961912885987e+01
30, 29, -1.2511698905867208e+00, -3.3389201532132686e+00
30, 30, -7.2210543917298775e+00, -1.3485498406797396e+00
31, 0, -9.4452067957786863e+00, 0.0000000000000000e+00
31, 1, 3.9380562840980269e+00, 6.2459645593629691e+00
31, 2, -5.8438403975966509e+00, -3.4647945076110114e+00
31, 3, 1.2589554985069231e+00, -3.7755165225139726e+00
31, 4, 3.1379326704515731e+00, -1.1355812423319815e+00
31, 5, -5.3641302446515731e+00, -1.2791069680478877e+01
31, 6, -2.6873718627936936e+00, -6.8903813369571560e+00
31, 7, -1.5430576819053385e+01, 9.7975171109761376e+00
31, 8, 1.1596730518328067e+00, -2.0666649144073981e+00
31, 9, 8.9452107919084796e+00, 3.2381843299754438e+00
31, 10, 5.3692742955081743e+00, 1.7572812262793356e+01
31, 11, 1.2242771264282952e+01, -1.3041758104240211e+01
31, 12, 8.0414797352196707e+00, 7.5974327767228411e-01
31, 13, -2.7283176609337225e+00, -1.0315743416838842e+01
31, 14, 8.3158022093682060e-02, 6.3327428456321702e+00
31, 15, -4.9090837074413205e+00, -2.3891134236764597e+00
31, 16, 9.0826840189133868e+00, 1.3176852869096569e+00
31, 17, 4.6191454838953021e+00, -2.3715541176267756e+00
31, 18, -2.0978995192410972e+00, -1.3739549961756660e+01
31, 19, -5.0301904282439498e+00, -8.0868102771634955e+00
31, 20, -2.7863764061713880e+01, -1.1518564777387521e+01
31, 21, -1.1288229255232098e+00, -9.1182237914172837e-01
31, 22, -7.9676710454263446e+00, 1.1975611433465001e+01
31, 23, 6.3665000123628595e+00, 1.0974106543317898e+01
31, 24, -3.5942417952993928e+00, -8.0388517553643588e+00
31, 25, -1.0692022420934384e+00, 1.4699895872392508e+00
31, 26, -1.2139445061815231e+01, 3.3068555956599330e+00
31, 27, 6.6910019870720285e+00, 1.0132541608924766e+01
31, 28, 2.6216096293093162e+01, 7.5897099801201522e+00
31, 29, 5.5957559897761939e+00, -1.2758756973943408e+01
31, 30, -1.5099082490127604e+00, -1.5930253151404369e+01
31, 31, 1.0387101838298346e+01, -2.0533207203478572e+00
32, 0, -9.9407602047312196e+00, 0.0000000000000000e+00
32, 1, 3.0525826574226822e+00, 1.2682326072517949e+01
32, 2, -1.0817852210696756e+01, -1.1559447810448564e+01
32, 3, 1.1186777189471751e+01, 1.7222452873565031e-01
32, 4, -1.2960955452326743e+01, -4.3846232524447029e+00
32, 5, -6.1302179107428429e+00, 3.2408879847926739e+00
32, 6, 6.6240552490157034e-01, 1.3371963198433585e+01
32, 7, -1.1285251535079084e+01, 9.6751130753379648e+00
32, 8, 1.5754283607778859e+01, 1.9214112998149075e+00
32, 9, 1.8219049908477611e+00, 5.8133382099300164e+00
32, 10, 2.7398445037349002e+00, -5.4308097728919460e+00
32, 11, 2.6028145158437739e+00, -3.2270099134826449e+00
32, 12, -4.0956810729500654e+00, -2.9675030525681656e-02
32, 13, -2.3535716224961192e+00, -2.1584746249576297e+00
32, 14, -5.4042452178814948e-01, 1.2753468803149847e+01
32, 15, -1.6055182044010823e+00, -6.4329401522316507e+00
32, 16, 9.8014585431205354e+00, 3.1015893672514672e+00
32, 17, -8.5567441507684106e-01, 2.0124163179943588e+00
32, 18, -5.7853715000095951e+00, -1.2221901369870496e+00
32, 19, -1.4042304536219518e+01, 8.2180389510538241e+00
32, 20, -1.3157452000240099e+01, -3.7798070188554269e+00
32, 21, 6.3108724899441260e+00, 1.5194504602393813e+01
32, 22, 7.2713525377985908e+00, 4.1231705240044887e+00
32, 23, 1.4148309684568068e+00, -6.8780757348948587e+00
32, 24, 1.7532974133653343e+00, -1.0711261704346329e+01
32, 25, -8.2509914735691012e+00, 9.6242237659231176e+00
32, 26, -2.3739750497415075e+00, 4.2367808266683973e+00
32, 27, 3.4304764539915866e+00, 8.1462779101675267e+00
32, 28, 2.6367850232234704e+00, -1.9017208062823684e+01
32, 29, -5.5781417965775146e+00, -1.2748882114132041e+01
32, 30, -1.0130551883232688e+01, 3.7250935578629196e+00
32, 31, -6.9634766928156697e+00, -4.5353976180081954e+00
32, 32, -4.3534738540033624e+00, -3.8401090556519102e+00
33, 0, 5.3147684981554866e+00, 0.0000000000000000e+00
33, 1, 3.8597182239956545e+00, 6.7200919856328136e+00
33, 2, -3.6770549420875023e+00, -1.3220104748181466e+01
33, 3, 8.4792891559682850e+00, 6.1065875020520934e+00
33, 4, -4.2497868095971914e+00, -2.8407928418637578e+00
33, 5, 8.9793505373970675e+00, -2.3228019203428354e+00
33, 6, 8.8032427841080860e+00, 1.7694966687050645e+01
33, 7, 5.1651731589595737e+00, -1.7661631434560874e+01
33, 8, 8.4251625113441904e+00, 8.7267530939732172e+00
33, 9, -3.8629113395535959e+00, -5.9578896196527520e+00
33, 10, 5.3076386312495738e-01, 7.5662976727626008e-02
33, 11, -9.7326580834567995e+00, 9.3834451623495223e+00
33, 12, -1.1434714429898897e+01, 8.8969418304208081e-01
33, 13, -1.4873668182955020e+00, 1.4411755502349808e+00
33, 14, -3.2946318517733717e+00, 1.7124745192687780e+00
33, 15, 6.4478423564850127e+00, -5.8595836165477371e+00
33, 16, -1.0678684216549552e+00, 3.1891417631874068e+00
33, 17, -2.1119489069337289e+00, -7.6857443557985428e-01
33, 18, 8.6091990204978828e+00, -2.6165566956246935e+00
33, 19, -1.4027405159412627e+01, 1.1369300420908177e+01
33, 20, 8.9212227348218143e+00, 2.4024852857612080e+00
33, 21, 1.5785830773390548e+00, 1.5023437693464270e+01
33, 22, 4.2676457595676691e+00, -7.3287933205920464e+00
33, 23, 1.2736413569102571e+00, -7.6631072592098484e+00
33, 24, -6.0254566961914273e+00, -6.6838523832907546e+00
33, 25, -3.5228220190169246e-02, 2.1073001852891293e+00
33, 26, 2.2743414599491047e+00, 5.9894871252079227e+00
33, 27, 3.3672317878933766e+00, -2.4500744725098240e+00
33, 28, 3.3513626573345259e+00, -1.1015954778297234e+01
33, 29, -9.7392698387121239e+00, -5.1897280775794652e-01
33, 30, -9.5354980539986425e+00, 1.0513751835428877e+01
33, 31, 9.4724154060559957e+00, 1.1854214556196325e+00
33, 32, -3.1436732306539223e+00, 2.3699046990270958e+01
33, 33, -1.9864483832347859e+00, 3.5135694845316161e+00
34, 0, 8.9629614270857356e+00, 0.0000000000000000e+00
34, 1, -4.4849176875191139e+00, 3.1111198097816479e+00
34, 2, 5.3149096225683961e+00, -3.6928690169686940e+00
34, 3, -4.1990167969159309e+00, 1.0470964641560574e+01
34, 4, 2.0183789350501504e+00, -6.2749595755670837e+00
34, 5, 7.6338767594237087e+00, 3.8920734638598620e+00
34, 6, 5.5271096100122841e-01, -4.1857797310294953e-01
34, 7, 9.2560157026213918e+00, -1.3011766870629764e+01
34, 8, -1.1949182110389667e+00, -5.5728638992750934e-02
34, 9, -4.1881995504036142e+00, -5.9094676098022552e+00
34, 10, 6.4035534762359148e-01, 6.2326986389373369e+00
34, 11, -5.8477119213603590e+00, 1.3282930371583355e+01
34, 12, 4.5562040131986770e+00, 2.0651050166496372e+00
34, 13, 3.9683538509197316e+00, 5.3322684390296935e+00
34, 14, -1.5500265634529118e+00, -6.4463911764134885e+00
34, 15, 5.4644498776094323e+00, -4.6477149793073549e+00
34, 16, -1.3469747028170397e+01, 4.8271568198352077e-01
34, 17, 5.1695977411130460e+00, -4.1042784200781650e+00
34, 18, 1.6016737269981658e+00, 5.7476283534161787e+00
34, 19, -1.0200407139392378e+00, -1.1669869376803408e+01
34, 20, 8.5138503096714953e+00, 5.3156212759542631e+00
34, 21, -2.8856388704959861e+00, -6.0541989753778314e+00
34, 22, 5.3371799193685234e+00, -5.9910971890596301e+00
34, 23, -7.8854736936052774e+00, 2.3849907882941648e+00
34, 24, -5.1131335124442998e+00, -3.4921002688038882e-02
34, 25, 5.9106948936660748e+00, 4.4849554661919893e+00
34, 26, -5.1255560389840831e+00, 6.5099821976798236e+00
34, 27, 7.2286252314319244e+00, -6.9078111276467542e+00
34, 28, -4.0129030925628451e+00, 6.1831367853082519e-02
34, 29, -6.2615134413853708e+00, -5.6176349871959994e+00
34, 30, -1.5093642333480195e+00, 1.2178360012653734e+01
34, 31, 1.4895029063363406e+01, -4.5959092565313817e+00
34, 32, -5.6050257238398089e+00, -5.5999715841895652e+00
34, 33, 2.1190487826577588e+01, -5.3044392444660782e-01
34, 34, 3.7891309721347893e-01, -2.0885452865785714e+00
35, 0, -1.6506039276934248e+00, 0.0000000000000000e+00
35, 1, -3.7765142947620030e+00, -7.2239469706437083e+00
35, 2, 1.0765295786311828e+00, 3.7699901875859578e+00
35, 3, -2.8511827371727989e+00, 4.2729715583343699e+00
35, 4, 9.7313814617003249e+00, -4.5401090214666091e+00
35, 5, -2.5058065086979671e+00, 1.1080111975989009e+01
35, 6, -7.7328754934240447e+00, -9.3131502099203445e+00
35, 7, -1.7432920549148077e+00, 4.3422880175902581e+00
35, 8, -8.9080738128672881e+00, -4.7950691458406220e+00
35, 9, 1.6129481340915874e+00, 2.0141269750398756e+00
35, 10, 2.9107227987364688e+00, 4.0574122313712566e+00
35, 11, 1.6828490858498018e+00, -1.0045973122272362e+00
35, 12, 7.6699062162586866e+00, -1.9355225948264205e+00
35, 13, 2.1240468485510968e+00, -2.8164244306266584e-01
35, 14, 3.7846575386232120e+00, -3.9279511197069530e+00
35, 15, -4.1654946618695297e+00, 8.7223960451996767e+00
35, 16, -6.5368823223560719e+00, -5.1787007977975730e+00
35, 17, 7.8134976246423431e+00, 3.0630204296027053e+00
35, 18, -6.9785016106824482e+00, 2.7047601970753115e+00
35, 19, 4.2807472063823511e+00, -3.9940378779940868e+00
35, 20, -8.0468859434320521e+00, 6.3727758786367490e+00
35, 21, -2.9627507558873534e+00, -1.2164300226029601e+01
35, 22, -3.0982473485289459e+00, 6.0383844472400519e+00
35, 23, -2.7009880937370889e-01, -4.5420360921228857e+00
35, 24, 7.5097458745952155e+00, -5.3143581573033782e-02
35, 25, 2.4265962462958202e+00, 2.2863485138084183e+00
35, 26, -6.3900586109415691e-01, -3.0043256026427829e+00
35, 27, 3.9811669647685828e+00, 1.8286185242765653e+00
35, 28, -7.2462858148503049e+00, -4.4940832673502906e-03
35, 29, 5.7136006035004900e+00, 2.2409573889881838e+00
35, 30, -5.6502678612876487e+00, 5.5101054845404125e+00
35, 31, 3.7218399232457036e+00, -1.1595892538973074e+00
35, 32, -1.0297061387798502e+01, -1.1829114533685786e+01
35, 33, 3.4045513985988380e+00, 1.0744222535272545e+01
35, 34, -7.2493399461253638e+00, -1.5861683120890753e+01
35, 35, -5.7481474037318199e+00, -2.0577553524573413e+00
36, 0, -8.8621308543822082e+00, 0.0000000000000000e+00
36, 1, 3.9948765630739906e+00, 1.0484776167450087e+00
36, 2, -5.9029077813108408e+00, 5.9770409532185456e+00
36, 3, 4.8970503630533901e+00, -2.6637476706832532e+00
36, 4, 8.3867951055697247e+00, 1.1444711515796036e+00
36, 5, -4.4217128664131975e+00, -6.1403655038525784e-01
36, 6, 5.7826570056991597e+00, -5.2651873263471360e-01
36, 7, -2.9995288531607276e+00, 5.8705576580938423e+00
36, 8, -3.2774042300381447e+00, 1.6360937463385326e+00
36, 9, 4.3666301329433379e+00, 2.4266302855357722e+00
36, 10, -2.8625188355682720e+00, -2.8807842503778995e+00
36, 11, 3.4157551669428576e+00, -2.0512930527239828e+00
36, 12, 3.3862676949902086e+00, 4.9703467623636899e-01
36, 13, -8.2891197070782816e+00, -8.4609753136349930e+00
36, 14, 5.1770093755180699e+00, 2.8199976390541410e+00
36, 15, -1.3395705787455993e+01, 4.7728896031223149e+00
36, 16, 7.7077284357014184e+00, 4.7903621246870137e-01
36, 17, -2.6969566402571066e-01, 5.6103129703553236e+00
36, 18, 1.8190340300221992e+00, -7.4935151275838425e+00
36, 19, 4.1616374533576810e+00, 4.5251920754444308e+00
36, 20, -9.3253190979714056e+00, -4.8886182043086528e+00
36, 21, -4.4131966854225206e+00, 2.1452911984864262e+00
36, 22, -2.9370421475247417e+00, 5.0358882418298867e+00
36, 23, -1.9974973345922628e-01, -5.1675280787461437e+00
36, 24, 5.6675989790604282e+00, 3.2134385171468676e+00
36, 25, -1.7822111423376679e+00, -4.6997969559257555e+00
36, 26, 7.8997443776800746e-01, -1.9450333833681688e+00
36, 27, -2.6024257624058107e+00, 2.5788551813916500e+00
36, 28, 6.9869736725080522e-01, -9.5174425097377089e+00
36, 29, 6.4615333298019335e+00, 1.0241242109016881e+01
36, 30, 3.5019577780337623e+00, -9.0880087083212384e+00
36, 31, 5.1217941992113358e+00, 8.0853436131822178e+00
36, 32, -9.0026504932315543e+00, -1.9845491181529287e+00
36, 33, -3.0080989894450538e+00, 1.3541101325792532e+01
36, 34, 3.6940054692957220e+00, -7.1391060669349269e+00
36, 35, -8.3797368866551203e+00, 8.4406306581510151e+00
36, 36, 3.2989943556724111e+00, 1.0541886494979776e+01
37, 0, 3.2654249848149415e+00, 0.0000000000000000e+00
37, 1, 4.8566284596941580e+00, 8.7806126171991572e+00
37, 2, -3.6739444082272361e+00, 1.5245125722245452e+00
37, 3, 6.3922316157603856e+00, -2.3312441024723949e+00
37, 4, -3.8899170377803038e+00, -1.0314246825653854e+00
37, 5, -3.9713490090129264e+00, -5.3257720315964185e+00
37, 6, 7.2955145320292445e+00, 4.5943139416764165e+00
37, 7, -2.5393939329058304e+00, 7.5681202861111307e-01
37, 8, 1.0296955637290669e+01, 3.4925139210031193e+00
37, 9, 3.9385252636653760e+00, 2.1646700749319923e+00
37, 10, -2.8093952924495824e-01, -1.2689508817043831e+00
37, 11, -4.2930623582741179e+00, 2.4996919466142571e+00
37, 12, -2.6923509277796875e+00, 5.3600662672306116e+00
37, 13, -2.2809367621510357e+00, -3.3090893525723608e+00
37, 14, 5.6147272613072940e-01, 1.0275912215634660e+01
37, 15, -2.4858460855340407e+00, -1.3672039467774035e+00
37, 16, 6.8121278154373428e+00, 5.9761946071440564e-01
37, 17, -2.7265462999103178e+00, -5.2384928067487868e+00
37, 18, 5.9605808958870572e+00, -5.0758432056124621e+00
37, 19, -4.3519536438671178e+00, 3.4532235793880837e+00
37, 20, -3.0481696195391041e+00, -4.6849304663134479e+00
37, 21, 3.1402206967138208e-01, 4.7482159978363150e+00
37, 22, -2.5443626083219963e+00, -2.4667835770350348e+00
37, 23, 6.3507899862197883e+00, -1.2975574166199375e+00
37, 24, -1.0535229045807959e+00, -1.1356916574896803e-01
37, 25, -2.8859380034210318e+00, -2.7054441480992812e+00
37, 26, 1.1233822933710769e+00, 3.3979094848730824e+00
37, 27, -6.6301300904551290e+00, 2.7268526666317201e+00
37, 28, 8.1787349035422139e+00, 3.8929058779172809e-01
37, 29, -3.6406971427943962e+00, 4.3121868738871552e+00
37, 30, 4.9417032701119634e+00, -1.2428586468045438e+01
37, 31, -6.8909120330789868e+00, 5.0665528745124204e+00
37, 32, 7.0902188369547425e-01, -4.7668995688521107e+00
37, 33, 1.0129783738041706e+01, 8.4747811833293110e+00
37, 34, 5.1019274346494345e+00, -1.2984201106698419e+00
37, 35, -9.7574202057577004e+00, -4.6164127174053347e+00
37, 36, 1.3230932812425971e+01, 8.2682805389503802e+00
37, 37, 3.8568913276414705e+00, -3.3151040413483868e+00
38, 0, 6.0788677092167518e+00, 0.0000000000000000e+00
38, 1, -2.3882147699638256e-01, 1.3779119871538363e+00
38, 2, -4.0332095143823676e-01, -4.2069877751793543e+00
38, 3, 4.9934178065435022e+00, 4.5985882669893463e-01
38, 4, -7.1415739240239331e+00, -3.2322503222643215e+00
38, 5, 3.3376040382629757e+00, 1.8846269297442149e+00
38, 6, -3.1112988555910719e+00, 6.0021843561375512e+00
38, 7, 2.6812414907702613e+00, -6.3187346940822300e+00
38, 8, 4.2612005824087271e+00, -2.2815076542507304e+00
38, 9, 4.1780641947175923e-01, -5.6334662690244963e+00
38, 10, 1.3924920424197635e+00, 2.6882995000485410e-01
38, 11, -2.4532838725171251e+00, 3.9184574669987562e+00
38, 12, 2.0151216740566361e-01, 3.9637270800295581e+00
38, 13, 2.2483714145182088e-01, 4.3032049868749560e+00
38, 14, -2.5565322275580633e+00, 2.3495079252384432e+00
38, 15, 3.0071757043934619e+00, 3.8834067366281588e+00
38, 16, 2.4683569952806992e+00, -8.7645876161353886e-02
38, 17, -2.8990639811417744e+00, -3.3841026104109933e+00
38, 18, 9.1253253214987418e-01, 3.2083229574691896e+00
38, 19, -5.4099423702122511e+00, 1.4079910226293892e+00
38, 20, -1.9484987354003447e+00, 1.8148469421446476e+00
38, 21, 5.5879118643190273e-01, 3.5428568607518720e+00
38, 22, 4.6093590044101909e+00, -8.6448089563659103e-01
38, 23, 1.3172086570399877e+00, 4.3501611996200298e+00
38, 24, -2.8023159904936441e+00, -1.7760553096925200e+00
38, 25, 1.0090622006764365e+00, 2.0492861680721579e+00
38, 26, -4.7617175631650599e-01, 4.8160579182618806e+00
38, 27, 7.2658005963173000e-01, -5.3953505807541218e+00
38, 28, 3.8197966507957726e+00, 5.5162119620379002e+00
38, 29, -5.3780523334132706e+00, -8.2940567592972876e+00
38, 30, 5.6844054207767796e+00, 4.7443608834401614e+00
38, 31, -1.2183825764500853e+01, -2.7560464967238567e+00
38, 32, 5.1752266762034598e+00, 3.7418877201537359e-02
38, 33, -3.3570939770435833e+00, -1.2470405856408568e+00
38, 34, 1.0667568747142604e+00, -6.8013754150795958e+00
38, 35, -6.2761240027564282e+00, -3.1481830195658715e+00
38, 36, 3.3808716363790898e+00, 7.4250372812749195e+00
38, 37, -1.4262901150150877e+00, -1.3157881622124624e+01
38, 38, -6.0278972182664514e+00, -1.8475831049240981e+00
39, 0, -1.5851890265392727e+00, 0.0000000000000000e+00
39, 1, -5.0688672258588259e+00, -4.8193126972658780e+00
39, 2, 1.5269250590721220e-02, -3.1434817653600255e+00
39, 3, -5.7735055414374625e-01, 6.9034516459044615e-01
39, 4, 1.5000487691742015e-01, -1.8442879967144610e+00
39, 5, 3.7682013485324157e+00, 8.2338145671332565e+00
39, 6, -2.8010624046063399e+00, 7.2203882734740810e-01
39, 7, 3.3500287070303876e+00, -4.9862896408699309e-01
39, 8, -4.7108095485252690e+00, -9.9103146301768918e-01
39, 9, -3.0906761646780079e+00, -4.5469701499876058e-01
39, 10, -3.2556538392822540e+00, -6.8760262646709835e-01
39, 11, -2.2611447218984675e+00, 2.2117225295809448e+00
39, 12, 2.6986743870710495e+00, 1.4683603250734545e+00
39, 13, 1.1680778264042819e+00, 3.3625326634505170e+00
39, 14, 4.9331879801401268e-01, -2.4419238182088829e+00
39, 15, 2.1918448329802644e+00, -1.6659071801417702e-01
39, 16, -3.2314060941481877e+00, 6.5074588608627204e-01
39, 17, -1.4715620675363672e+00, -3.2486802288197081e-01
39, 18, -2.6208532391479635e+00, 6.7385377442124561e+00
39, 19, 3.1845962796874652e+00, -1.8499027469159464e+00
39, 20, -7.4218765083845617e-01, 4.1346564503048508e+00
39, 21, 2.0145798649594822e+00, -3.1293749306023062e+00
39, 22, 2.8018892799830972e+00, 1.7855010839254781e-01
39, 23, -2.8866716826193235e+00, -3.7298483432670748e-01
39, 24, -8.9755925522553326e-01, -3.1441714653699537e-01
39, 25, 7.3980962271079198e-01, 3.9308072016488387e+00
39, 26, 6.7210705035928631e-02, 2.8799936027108552e-01
39, 27, 3.9635205178690049e+00, -4.9815546595827414e+00
39, 28, -7.8225749137276335e+00, 7.7891629080327540e-02
39, 29, 2.8960957431416916e+00, -8.6153995107174648e+00
39, 30, -5.7147198968369963e+00, 8.8467508014451024e+00
39, 31, -1.9930855269546783e+00, -7.0714568765950219e+00
39, 32, 2.3088950539946254e+00, 9.9235820619190136e+00
39, 33, -5.8345587332981133e+00, -5.6641771592328922e+00
39, 34, 2.1245058338456291e+00, 3.0630508012723507e+00
39, 35, -5.1154785440151977e+00, -3.9192754670094772e+00
39, 36, 1.3599399894464108e+00, 2.7006990748363502e+00
39, 37, 2.0655731277566312e+00, -2.8103832204124339e+00
39, 38, -9.2023305554129919e+00, 4.9848771233152238e+00
39, 39, 6.2875738142438942e-01, 7.9930350520780973e+00
40, 0, -5.0522126536064169e+00, 0.0000000000000000e+00
40, 1, -2.1689720079030956e+00, 4.8644523360278991e-01
40, 2, 1.3054822689134049e+00, 2.2394264677206115e+00
40, 3, -9.8208057267888504e-02, 5.4502307088035717e-01
40, 4, 3.5433694345515963e+00, -2.0411694552517434e+00
40, 5, -1.6330758584228628e+00, 5.4420934028345904e+00
40, 6, 3.2419768034328356e+00, -3.0395153307653309e+00
40, 7, -1.3504857559380090e+00, 9.2431420883810467e-01
40, 8, -3.5584407576476140e+00, 3.3057120886434435e+00
40, 9, -2.4929840520698687e+00, 4.3501017166788518e+00
40, 10, 1.2554856462975161e-02, 5.0607160986509960e+00
40, 11, -2.9197750240046370e+00, 2.4630359557816255e+00
40, 12, 3.8266934885412474e-01, -2.2359553530238452e-01
40, 13, 2.7780071642292298e-01, -6.0557138002100597e-01
40, 14, 3.2048272189734944e-01, -1.3095065412679814e+00
40, 15, 3.6425569061546437e+00, 1.5914853513070379e+00
40, 16, -4.8435344652618300e+00, 1.1278923463290694e-01
40, 17, 2.3117149634212977e+00, 1.6376065921053322e+00
40, 18, -1.2437066745086938e+00, -1.4991711331579434e+00
40, 19, 4.4002056749495795e+00, 7.6859825758708200e-02
40, 20, -2.2747257022894636e+00, 2.3219077890105688e-01
40, 21, -7.4900718256706855e-01, -3.4797306882512271e+00
40, 22, -1.0195537006326605e+00, 6.7867006255894746e-01
40, 23, -2.8036114670550876e+00, -2.9356905169341663e+00
40, 24, -1.3867382315878019e+00, 4.8749824703896877e-01
40, 25, 2.4011208247374940e+00, 2.4294345864923432e+00
40, 26, -1.0098309380368631e-01, -3.9869548381327746e+00
40, 27, -2.9139036773162963e-01, 7.8233418363801355e-01
40, 28, -6.2022478636505642e+00, -4.9933307917310001e+00
40, 29, 3.6443616077257244e+00, 6.5314403562929195e+00
40, 30, -6.3058549681748515e+00, 2.4212851751880913e+00
40, 31, 7.6033469454124187e+00, 1.3066001699455319e+00
40, 32, -4.2199146081851255e+00, 1.6124272574122978e+00
40, 33, 3.7068477320125472e+00, -4.2838383238261653e+00
40, 34, -1.2598062488624875e+00, 7.8076968682174712e+00
40, 35, 2.7937145265023728e+00, -2.6912045878714550e+00
40, 36, 3.7785682935699821e-01, 2.6310104781936268e+00
40, 37, 1.8104745415993038e+00, -4.0213278024534267e+00
40, 38, -3.7562591702484749e+00, 1.1689043449558949e+00
40, 39, 5.0766006477900074e+00, 9.1444161545695057e-01
40, 40, 9.6275448381457611e+00, -9.0381597069025144e-01
41, 0, -2.6399415965086122e+00, 0.0000000000000000e+00
41, 1, 8.5848260428056444e-01, 2.5010065395853318e+00
41, 2, -2.9953680759130243e+00, 3.4388203175750891e+00
41, 3, 3.0733993753795708e+00, -2.2123307406330461e+00
41, 4, -1.6974343890174954e+00, -8.0502536514961420e-02
41, 5, -4.2244957648509098e+00, -2.2474596508651130e+00
41, 6, 2.1604804175683836e+00, -1.0490408168480272e+00
41, 7, -2.8198025759699736e+00, -3.4177853319843212e+00
41, 8, -1.1185470167458498e+00, 2.2753426982412437e+00
41, 9, 2.3644165762571090e+00, 4.7901369298722218e-01
41, 10, 2.2054823532280077e+00, 2.3778156740353831e+00
41, 11, 9.4197549805639103e-01, -1.2918185191882425e-02
41, 12, 2.5760793842491161e+00, -6.1490045059173459e-01
41, 13, -1.4062722197314419e+00, 4.1652549150792162e-01
41, 14, 2.9006690006131239e+00, -2.3695044904290241e+00
41, 15, -3.5535808258184298e+00, 1.2765263761428820e+00
41, 16, 2.1927175553422238e+00, 1.7733614162928862e-01
41, 17, -5.3336577664874141e-01, 2.5553077962300197e+00
41, 18, 3.6723530830094542e+00, -3.2308934251938277e+00
41, 19, -2.1892853263188233e-01, -8.3014521895983240e-02
41, 20, -7.8617395816406288e-01, -2.4594930023819503e+00
41, 21, -2.9571699966510279e+00, 3.7455439715731209e-01
41, 22, -2.1863457358002414e+00, 9.9900680156756283e-01
41, 23, 1.1809212915605438e+00, 1.6491060505493988e+00
41, 24, 7.0588784489061429e-01, 3.0722239852452469e+00
41, 25, -2.4565032204799253e-01, 2.0284524572153466e+00
41, 26, 1.4024060137710628e+00, -2.8331170668076444e+00
41, 27, -4.2027568199849936e+00, 2.0378543979000501e+00
41, 28, 3.9194246518250626e+00, -2.5320800128735441e+00
41, 29, 1.1169318105078607e+00, 3.5533435904151460e+00
41, 30, 1.0128254540864006e+00, -3.0599377189126908e+00
41, 31, 2.2428392435308599e+00, 4.1019923806822440e+00
41, 32, -3.9553847815978629e+00, -6.0327723643426401e+00
41, 33, 5.0259155956348325e+00, 2.2522149276675751e+00
41, 34, -4.8690252625322152e+00, 2.0561186530105129e+00
41, 35, 6.2284880748785572e+00, -9.6254397867404529e-01
41, 36, -1.4748949477614852e+00, 1.4668255179402119e+00
41, 37, -2.2207813593048291e+00, -3.9620880177802706e+00
41, 38, -1.5712358747549691e+00, 2.9790217809251711e+00
41, 39, 1.6144636604548150e+00, 1.4706193882823777e+00
41, 40, -1.8816168886765827e+00, -5.6130624233541502e+00
41, 41, -2.7067755019511432e+00, -5.7377482387424097e+00
42, 0, 3.9270267402055331e-01, 0.0000000000000000e+00
42, 1, 1.3618836433333392e-02, 4.1782808320072007e-01
42, 2, -1.6416354070146758e-01, -2.6137890588925465e+00
42, 3, 3.7144365487136168e+00, -7.2565745824906391e-01
42, 4, -4.6285954264155222e+00, -1.7073132954799906e+00
42, 5, -1.6690283006738869e+00, 1.8892769235408613e+00
42, 6, -5.2119550328422282e-01, 3.1033237326546559e-01
42, 7, -2.1891485509273676e+00, 4.5186126147402422e-01
42, 8, -8.1901082872258679e-01, 9.9433319280718779e-01
42, 9, 7.5820680244616478e-01, -8.7046517099771648e-01
42, 10, 4.3184043512151926e-01, -7.5631093309544895e-01
42, 11, 3.2222083509597006e+00, -2.5396747804954689e+00
42, 12, 8.1877316640623077e-01, -5.1720986332131436e-01
42, 13, 4.2243733445054617e-02, 3.8993816768944140e-01
42, 14, 2.1578523614856038e+00, 2.5529608609533598e+00
42, 15, -3.6146701066971936e+00, -6.2823684051639228e-01
42, 16, 4.7738813234037680e+00, 1.3652010014599736e-01
42, 17, -6.2495076099467062e-01, -1.0383552987464284e+00
42, 18, 2.7324160835799591e+00, -1.6364616336211761e+00
42, 19, -2.3020247927100232e+00, 1.4758664063015745e+00
42, 20, -8.2949403244992237e-01, -4.4051428112216801e-01
42, 21, -2.0412313485819333e+00, 2.0677510988727930e+00
42, 22, 1.1158238986134585e+00, 2.3851494779245428e+00
42, 23, 2.4798196234528405e+00, 8.4796171521166563e-01
42, 24, 1.7130062702662956e+00, 1.1987760312090840e+00
42, 25, -4.9480929453153083e-01, -1.8810084378530187e+00
42, 26, -8.0799831419997448e-01, 2.7630734077285517e+00
42, 27, -1.2107257901079798e+00, 7.2555658041091564e-01
42, 28, 4.3164535921889362e+00, 1.6939440168979840e+00
42, 29, 2.4687341725593864e-02, 4.1558516599803424e-01
42, 30, 3.5374715129554373e+00, -2.4834791007336716e+00
42, 31, -3.0732233764324461e+00, -1.0085013880867628e+00
42, 32, 1.6500870218771316e-01, -3.8617403397749293e+00
42, 33, -4.2433383138356415e+00, 5.5823873920448834e+00
42, 34, 2.0764740768013978e-01, -9.5012127732163676e-01
42, 35, 4.4187879759151372e+00, 1.3790790124985337e+00
42, 36, -1.9140492653523071e+00, -2.4860501167193059e+00
42, 37, -4.0494216599573357e-01, 1.0474527698932456e-01
42, 38, -7.1656418848173575e-01, 3.8688210025436400e+00
42, 39, 6.0556469180129580e-02, 2.5639911158052980e-01
42, 40, 2.1800399215900716e+00, -4.4866724043995099e+00
42, 41, -3.3080771432388887e+00, 4.8156915205556103e+00
42, 42, -2.5647984089363707e+00, 3.0419546623296245e+00
43, 0, -1.3733307209789050e+00, 0.0000000000000000e+00
43, 1, -3.0465849872656201e+00, 1.4565646729249577e+00
43, 2, 5.9162697363322381e-01, -4.6432428814339808e+00
43, 3, 1.9689101300122624e+00, -6.3016439371566324e-01
43, 4, -2.1565284570523624e+00, -2.0518113589980418e+00
43, 5, 1.6795979510701888e+00, 2.5860103740636964e+00
43, 6, 6.1748803364386218e-01, 1.8262642755306542e+00
43, 7, 5.0788767901420406e-01, 1.9124114169374711e+00
43, 8, -1.1008549442464186e-01, 1.2198638971599518e+00
43, 9, -2.2372882084249848e+00, -1.8073107906445696e+00
43, 10, -1.4940219733814928e+00, -4.5578131438709701e-01
43, 11, -2.3135881977691902e-01, 1.9520684770562680e-02
43, 12, -1.8901787565254295e+00, -7.1307417599639167e-01
43, 13, 1.3610194818575838e+00, -8.5486305537302951e-02
43, 14, -5.6177302055539591e-01, 9.7202335223407810e-01
43, 15, -2.3825421714657957e-01, -1.9973445799098630e+00
43, 16, 2.0023434536271187e+00, 3.3111873324386720e+00
43, 17, -3.9129568623512279e-01, -2.8112818479234933e+00
43, 18, -2.4365524014208995e-01, 4.8609393444287985e-01
43, 19, -7.5169736511795482e-02, 2.6773644036242721e+00
43, 20, -1.5752235549069918e-02, 1.6315865356815793e+00
43, 21, 7.4541593257478933e-01, 2.7524740978375815e+00
43, 22, 1.7528839465582124e+00, -1.0167296895492430e+00
43, 23, 3.3832489378792134e+00, -6.3818045882806218e-01
43, 24, 6.5706853754666550e-01, 2.9348013970497544e-01
43, 25, -1.2020386050312148e+00, -2.3191619920138811e+00
43, 26, -9.3902987359882850e-01, 3.0356432195433722e+00
43, 27, 1.6131500253610747e+00, -3.3456465540333946e+00
43, 28, 2.9177685909189863e+00, 1.5534029025775824e+00
43, 29, 1.2893439317912775e-01, -4.4533091922882546e+00
43, 30, -1.8418558850026814e+00, 1.2414769075493743e+00
43, 31, -4.0361293244079821e+00, -6.0458131981549978e-01
43, 32, 7.5198020823748968e-01, 2.3335920787996653e+00
43, 33, -3.1573641559256749e+00, 1.8765111892320143e+00
43, 34, 5.8591606819039201e+00, 5.7379839437571212e-01
43, 35, -3.2993506948109452e+00, -1.0356237809942765e+00
43, 36, -2.3362842879077528e-01, -3.2613598829161505e+00
43, 37, -1.3532504200433229e+00, 1.8301245421492696e+00
43, 38, 2.2111704034109345e+00, -1.7418285269298683e-01
43, 39, 2.7312725398306310e+00, -1.0686227743952312e+00
43, 40, -2.3595467307856574e-01, -2.3441014358317416e+00
43, 41, -2.3446987345554713e+00, 4.4153109590512224e-01
43, 42, 3.5646305570478258e+00, 1.9214642266344708e+00
43, 43, 3.5931747254287218e+00, 9.1562350905863510e-01
44, 0, -2.2125604823055594e+00, 0.0000000000000000e+00
44, 1, -2.8540809835494105e+00, 1.1840574035921844e-01
44, 2, 1.2728528725112116e+00, 9.1161152179344895e-02
44, 3, -2.4198922292225342e+00, 8.7912095756780029e-01
44, 4, -1.5457535830331235e+00, -8.0995266894333828e-01
44, 5, -1.1150172204337663e+00, 1.7456947245883527e+00
44, 6, 2.6392433894323313e+00, -1.8672411879360267e+00
44, 7, 2.5604691358756959e+00, -8.0413224197522404e-01
44, 8, 6.7292446738721157e-01, -1.7027244536755519e+00
44, 9, 2.3699447073571661e-01, -7.3167955329009737e-01
44, 10, -1.7053002933993544e-01, 1.1974651106522982e+00
44, 11, -1.6031218186799108e+00, 3.9802398965938153e+00
44, 12, -9.0377187910643419e-02, -5.1622895280742020e-01
44, 13, 1.2887981224955696e+00, 1.6965597542643600e+00
44, 14, -1.0626766814895601e+00, -2.0917760670480279e+00
44, 15, 1.6845304680673616e+00, -1.2631135060864485e+00
44, 16, -2.6121139627938481e+00, -8.5066619399600529e-03
44, 17, -7.6695256769230680e-01, -1.8861217163260682e-01
44, 18, -1.8910587364624660e+00, 8.0849038400418993e-01
44, 19, -4.4788122281324239e-01, 1.0792540633168388e-01
44, 20, 1.9762555338020884e+00, 1.8857041394354077e+00
44, 21, 8.9334097441440685e-01, -1.3277795574670517e+00
44, 22, -1.1913519481839731e-01, -6.7659196000176314e-01
44, 23, 1.6056800633278828e-01, -1.7458618869189696e-01
44, 24, -2.2749849705544047e+00, -1.2166966932753087e+00
44, 25, 6.4615489639326740e-01, 1.2217559372800342e+00
44, 26, -4.0671168425132687e-01, 1.7550293534818384e+00
44, 27, 2.2209688293328882e+00, -9.5680770104433510e-01
44, 28, 3.3755191924090799e-01, -2.3287635884028757e-01
44, 29, 4.1202015213976612e-01, -2.3282692128646749e+00
44, 30, -3.3334913003378257e+00, 1.4619733025094566e+00
44, 31, -4.5634777163350915e-01, 1.6536924977278394e-01
44, 32, 2.8103371785044473e-01, 2.9975741883048901e+00
44, 33, 2.9556926380566604e+00, -1.1993475173074786e+00
44, 34, 1.7978585780579781e+00, 1.2736942280641790e+00
44, 35, -2.3284729872988246e+00, -3.0631097575398911e+00
44, 36, -9.0326686313529914e-02, 1.3135056289696778e+00
44, 37, -2.6727850000012841e+00, 6.6617873733334942e-01
44, 38, 3.2209601565258628e+00, -1.0736303091187755e+00
44, 39, -1.4218997082206015e+00, -1.2032139681989804e+00
44, 40, -2.8871723670469462e+00, -6.8147772619013813e-01
44, 41, 6.4993710648142966e-01, 1.7631589574233053e+00
44, 42, -1.4480777315802127e+00, 4.5758938313759967e-01
44, 43, 4.0811945958951135e-01, -2.5751877595600954e+00
44, 44, -1.5458002073273508e-01, -6.3043648229723459e+00
45, 0, -4.7801569203261496e-01, 0.0000000000000000e+00
45, 1, -4.0055960306973781e-02, -1.7887139547068458e+00
45, 2, 1.8863982061024469e+00, 1.5747117334514116e+00
45, 3, 6.1099769552186145e-01, -4.4537979564476388e-01
45, 4, -3.3978818103284381e-01, 1.6470774813287364e-01
45, 5, -1.3749629293557835e+00, -2.1250179414441350e-01
45, 6, -2.5556972937687639e-01, -1.1305834139726163e+00
45, 7, -7.9511094126739612e-01, -2.3459553923677583e+00
45, 8, 2.5948482830576497e-01, -6.8663913218675221e-01
45, 9, 7.6659430049439692e-01, -1.6884269056252341e+00
45, 10, 1.7702171094419310e+00, 2.7641975378109236e+00
45, 11, 8.4767339968467326e-01, 1.1170816935155201e+00
45, 12, 3.1349906889993644e+00, -3.7792586357183638e-01
45, 13, 1.8174763622330610e+00, 1.8568181247572790e-01
45, 14, 1.3864728447456662e-01, -2.1172760691188173e+00
45, 15, 5.5596176088484761e-01, 3.3308883515951733e+00
45, 16, -1.8209570723840776e+00, -1.3265918095453064e+00
45, 17, -5.9447481087775977e-02, 1.8102418036251520e+00
45, 18, -2.2553831879354198e+00, -9.9160154160298997e-02
45, 19, -6.3314520727378865e-03, 4.6674469999831575e-02
45, 20, -4.6348632950409807e-03, 6.1939702484211756e-01
45, 21, -2.9053702309485774e-01, -2.0847423764992916e+00
45, 22, -1.9441901998875277e+00, 9.7402387692680847e-01
45, 23, -1.2426706147800941e+00, 6.0958335566559430e-01
45, 24, 2.6142951997954933e-01, 1.7155608804129574e-01
45, 25, -1.4334665799518704e+00, 1.4561145959394191e+00
45, 26, 1.6447734973587996e-01, -1.5039599394058140e-01
45, 27, 1.1761587414115771e+00, -2.9151076561191169e-01
45, 28, -1.8948022704023946e+00, -1.7206608704648323e+00
45, 29, 5.1116033622113610e-01, 1.0273728784601803e+00
45, 30, -1.2066490828645033e+00, 1.1387520458149867e+00
45, 31, 2.3727022496530403e+00, 1.1893103973872345e+00
45, 32, 1.1050486430908593e+00, -1.0725883721215430e+00
45, 33, 3.1256053943265698e+00, -1.5473394381439241e+00
45, 34, -1.3093009947658414e+00, -7.3417865393953485e-01
45, 35, 4.6301332923109417e-01, -2.3151403295217088e-01
45, 36, -9.6196072140949673e-01, 2.7092472879927003e+00
45, 37, 3.4278550251519744e+00, -8.3820149552050716e-01
45, 38, 4.3462131889895961e-01, 1.1163704500478671e+00
45, 39, -2.4735974783594634e+00, 4.6792436559768225e-02
45, 40, -2.2794969313106578e-01, 1.0659556880830996e+00
45, 41, 1.5562551983063675e+00, 3.4061738646958517e+00
45, 42, 1.4001011384112483e+00, -1.9049950928967516e+00
45, 43, 1.9544628239084433e-01, 2.3467890740242350e+00
45, 44, -8.5591076578143177e-01, -1.0718456173464747e-01
45, 45, -4.0902272536750823e+00, 3.0636720880370465e+00
