0, 0, 0.0000000000000000e+00, 0.0000000000000000e+00
1, 0, -5.2372927218894946e+05, 0.0000000000000000e+00
1, 1, -3.0527133013184750e+04, -2.3699794418396833e+05
2, 0, 0.0000000000000000e+00, 0.0000000000000000e+00
2, 1, 1.1432551828949412e+05, 6.1723792502339791e+04
2, 2, 6.2671600824225170e+05, -2.8749860027079692e+05
3, 0, 2.9676648225366347e+05, 0.0000000000000000e+00
3, 1, -2.0234071664004528e+05, -6.3142484867484507e+05
3, 2, 1.6570323781108859e+05, 2.2129145128382806e+04
3, 3, -5.0681836824923160e+05, -1.0800722877285985e+05
4, 0, -1.2889092903122626e+04, 0.0000000000000000e+00
4, 1, -1.7390884935774122e+05, -1.1076350524861481e+05
4, 2, 2.4846032833696296e+05, 1.4877611696741526e+05
4, 3, -3.5419028513776627e+05, 2.4018896201626041e+04
4, 4, -6.5394277915622843e+04, 2.4176398365002288e+05
5, 0, -1.5539559181815933e+05, 0.0000000000000000e+00
5, 1, 4.2764440818573086e+04, 1.3279194063406298e+05
5, 2, -1.9901614109905000e+04, 6.7433019763902674e+04
5, 3, -8.9676657747797435e+01, 1.8462394037529823e+05
5, 4, 1.0911499543393096e+05, -1.6510624460952749e+05
5, 5, 4.5749176022486150e+04, -6.7025578824028693e+04
6, 0, 6.5293189913029571e+04, 0.0000000000000000e+00
6, 1, -8.4102658526318439e+04, -1.5569099974027187e+04
6, 2, -1.2587530574820032e+05, 1.4545673819014934e+04
6, 3, -1.1456677207251872e+05, -5.1615085848239964e+04
6, 4, 1.9622785614728629e+04, 1.3251589046127745e+04
6, 5, 7.2105238108930731e+04, -5.3065192022198971e+04
6, 6, 4.6906006120546197e+04, 1.2586614903743754e+04
7, 0, 9.7196048608028068e+04, 0.0000000000000000e+00
7, 1, -5.6217204606931293e+04, 1.0994006504095855e+05
7, 2, 6.5127595950753443e+04, -7.5328473238021266e+04
7, 3, 2.4350351522961111e+04, -1.6579440370560500e+04
7, 4, -7.7969593131967937e+04, -8.1012696433458521e+04
7, 5, 9.4958062944447429e+03, 4.9755369444882956e+04
7, 6, 6.7866447077418183e+04, 4.1843529127877788e+04
7, 7, 3.0118693312139825e+04, -3.0956406359030159e+04
8, 0, -4.9446588895787441e+04, 0.0000000000000000e+00
8, 1, -1.0700953104991710e+04, 4.6692784254712642e+04
8, 2, -2.8344868752315808e+04, -2.5734559015618906e+03
8, 3, 3.8890300707176058e+04, 4.0451435512339456e+04
8, 4, -6.4428787555576055e+03, 6.1290883544509707e+04
8, 5, 7.3589955159170000e+04, 8.3177747683988317e+04
8, 6, -4.5713875538688415e+04, -9.2851022663732074e+03
8, 7, 2.8444239428078698e+04, 1.6739855093596059e+04
8, 8, -4.1046042788918821e+04, 8.4241772137253465e+03
9, 0, 3.1774977983300323e+02, 0.0000000000000000e+00
9, 1, 4.6513461905640048e+04, -9.7368534750523235e+04
9, 2, -4.9313110096051030e+04, 2.2133499086359443e+04
9, 3, -6.9895083656328206e+03, -2.7619727066668140e+04
9, 4, -1.8799020907133468e+04, -1.3274826091387986e+04
9, 5, -1.6163262196654083e+04, 3.8981240056984272e+04
9, 6, 1.6068055964189174e+04, 6.7425438003509931e+04
9, 7, 2.4549018185580320e+04, -9.4138386712634092e+04
9, 8, -6.7619773412290044e+04, 3.2827228259204247e+04
9, 9, -1.4808006749823900e+04, -3.0150814457152315e+04
10, 0, 2.4519871438133712e+04, 0.0000000000000000e+00
10, 1, 2.8213686472505768e+04, -8.1038729946907852e+03
10, 2, -2.9226376727120296e+04, 8.9413757777224782e+03
10, 3, 6.5143520604839636e+04, 1.3419437295988439e+04
10, 4, 1.2269894994407248e+04, -4.7346362756242059e+04
10, 5, -2.8210536077603225e+04, 3.7803211069869649e+03
10, 6, 1.1614937839331335e+04, -4.8940323300895339e+04
10, 7, -1.5620566830362270e+04, -2.5166094566000869e+04
10, 8, -4.5995832015561355e+03, -2.0672942027496465e+03
10, 9, -1.6238074611869524e+04, -3.4389487521667841e+04
10, 10, 8.8240604949531735e+03, 1.4906026010378617e+04
11, 0, 3.8176685708450455e+03, 0.0000000000000000e+00
11, 1, -3.9011236246989145e+04, -8.1764412583330986e+03
11, 2, -7.6129127549637778e+03, 3.3526289251561393e+04
11, 3, 6.5477390147927181e+03, -2.8573785201792267e+04
11, 4, 2.4243904735006519e+04, 2.1836074538644833e+04
11, 5, 1.4583663911964228e+04, -1.7064335673543272e+04
11, 6, 3.2031574714758091e+04, 2.5281490638431234e+04
11, 7, -1.7966181173559802e+04, -1.2929720684883236e+04
11, 8, 2.5564748391565368e+04, 1.8787959954677295e+04
11, 9, -8.4489168825702127e+03, 5.4553866339138403e+02
11, 10, 3.6159661011131924e+04, -1.3489149848464738e+04
11, 11, 9.8348457363243215e+03, 8.3614910577602786e+03
12, 0, 2.6092573743529436e+04, 0.0000000000000000e+00
12, 1, 1.8126014061199428e+04, -1.3359473874900908e+04
12, 2, 1.2853141188337602e+04, 4.1928648194035450e+03
12, 3, 8.2748869256488360e+03, 4.8458761664172880e+03
12, 4, 2.0344858410238259e+04, -1.1771426353904913e+04
12, 5, 2.7293309584423623e+04, -1.1803937381138699e+04
12, 6, -7.8011520658449554e+03, -9.8612526185112147e+03
12, 7, 2.3295485270130870e+04, 2.5552770365014221e+04
12, 8, -2.9972468435115086e+04, -2.3155354322781532e+04
12, 9, 2.9608730871400461e+04, 2.0360218728542393e+04
12, 10, 3.6504314068408588e+04, 1.5737788315495349e+04
12, 11, 3.0530195257856176e+03, 2.8323573684123508e+04
12, 12, 9.8199888846054801e+03, 3.6592111993829553e+02
13, 0, -1.4473719015485140e+04, 0.0000000000000000e+00
13, 1, 1.9081759013775569e+04, 4.6063608685804509e+04
13, 2, -2.5144394467317339e+04, -1.6348713267335279e+04
13, 3, 2.9892226744768988e+04, 2.5658373362041602e+04
13, 4, 2.2751508194907987e+04, 9.8827227066943979e+03
13, 5, -8.7212864881222886e+03, 8.9542198430695316e+03
13, 6, -4.3778571203183870e+04, 3.1209495199792451e+04
13, 7, 1.6510716023571476e+03, 1.2763162898559840e+03
13, 8, -3.0390047060682873e+03, 4.0810864376993959e+03
13, 9, 3.1147681333742017e+04, 1.9771412999074888e+04
13, 10, -1.6452202136724827e+04, -1.1013785801634145e+04
13, 11, 2.0722943519598266e+03, 1.2224988153384838e+04
13, 12, -2.6527508564218817e+04, 1.2046985158092684e+03
13, 13, -2.7762179012830828e+04, -5.8469693198309105e+03
14, 0, 3.4590575556129603e+04, 0.0000000000000000e+00
14, 1, 8.1014531181259481e+03, 1.5004840138449301e+04
14, 2, 8.8871563905985931e+03, -1.0848969482917902e+04
14, 3, 1.0926000780912302e+04, -1.1389189635127908e+04
14, 4, -1.4947428955170486e+04, 1.2284212830138940e+04
14, 5, -1.4446483749352101e+03, -1.6977936015086743e+02
14, 6, -7.5813040621142245e+03, 1.1301307588414160e+04
14, 7, -1.6651348916608782e+04, -2.0105018615418721e+03
14, 8, -1.3218044550826493e+04, -1.0606164387523546e+04
14, 9, 1.8353983820530404e+04, 2.4472523413503819e+04
14, 10, 1.2359248266941437e+04, -6.1491162906107056e+03
14, 11, -2.8758956923807546e+04, -1.6732893955443193e+04
14, 12, -1.3685452490379927e+04, -1.4920898596636984e+04
14, 13, 5.1287696544049850e+03, 1.4430161035807614e+04
14, 14, 8.9065163526167562e+03, -9.1721122921924562e+03
15, 0, 1.1795758600525198e+04, 0.0000000000000000e+00
15, 1, 7.8634090405389034e+03, -1.5552107824310437e+04
15, 2, 1.3280092434731676e+04, -1.1593157050421134e+04
15, 3, -8.6374432645528213e+03, -4.6413482229618730e+03
15, 4, -4.3054127648282665e+03, 1.1610496176387536e+04
15, 5, -1.3240973557808837e+04, 9.4725661157310988e+03
15, 6, -2.1637420053292026e+03, 2.8717400923277764e+03
15, 7, 1.1244431348027065e+03, -5.4145174043500592e+03
15, 8, 1.7471217644171320e+04, -1.1066984492129737e+04
15, 9, -4.1972541658129514e+04, -6.8536722038482967e+03
15, 10, 1.1574897690079895e+04, 2.0708831212277460e+03
15, 11, -3.6876684304031296e+03, 2.1080612574862625e+03
15, 12, 4.3449036936041441e+04, 6.4087864428815192e+03
15, 13, 9.2222037947241915e+03, -3.5171657234861195e+03
15, 14, 5.5007025038332886e+03, -1.8294409160886593e+04
15, 15, 2.3028330506212333e+04, 8.5721310694623880e+03
16, 0, 2.7714591701576050e+04, 0.0000000000000000e+00
16, 1, -4.1925867786223316e+03, -6.6834182217950274e+03
16, 2, 2.6424532917522469e+04, 1.9277683622128348e+04
16, 3, -1.3010884110024968e+04, -2.5893429151016244e+02
16, 4, 1.3462219198401754e+04, 3.8607728826773537e+03
16, 5, 1.1771816502536831e+03, 3.9633620726354293e+03
16, 6, -4.5554717491253450e+02, 2.4033311704182906e+03
16, 7, -7.3291944019528146e+03, 9.9402463549783533e+03
16, 8, -4.0555432709892502e+03, -9.7202715397420816e+03
16, 9, 1.1894763085328443e+04, -4.4426097653923789e+03
16, 10, 7.7890931123592318e+03, 9.3611660758387152e+03
16, 11, -9.2435416109242014e+03, -2.5617010077903229e+04
16, 12, -2.1514276265745906e+04, 1.0545548633597869e+04
16, 13, 3.4788116339962553e+03, 8.7999152123912427e+02
16, 14, -1.5317380146120046e+04, -1.0570226719183087e+04
16, 15, 1.6691957533375997e+04, 4.4021813444134787e+03
16, 16, 3.3715372399113139e+03, 9.3829496639059907e+03
17, 0, 7.8137552496088283e+03, 0.0000000000000000e+00
17, 1, 9.9752803643626103e+03, -5.4466937936044669e+03
17, 2, 6.0924200989829051e+03, 2.1188261053900012e+04
17, 3, 2.1879673931792913e+04, 1.0264185085513200e+04
17, 4, 6.4352517212005405e+03, -3.0638262864226522e+03
17, 5, 9.7769936933579938e+03, 1.5306750493809108e+04
17, 6, 1.2050644525856222e+04, -1.3093029039893996e+04
17, 7, 7.2745561949929770e+03, 1.0766559017233434e+04
17, 8, -6.5256581994948847e+03, -3.4411460479181287e+03
17, 9, -1.2547698185444362e+04, 1.4880149495623971e+04
17, 10, -1.3366767200427266e+04, 7.2559876434831958e+03
17, 11, 1.7560100393072982e+04, 3.2838240668485036e+04
17, 12, -1.6110560843181909e+04, 6.3276354114897131e+03
17, 13, 1.2512199438339787e+04, 4.0306627245067739e+03
17, 14, -1.1848372530454684e+04, -7.6695079697195470e+03
17, 15, -8.6003562327421350e+03, -2.0050342385629856e+03
17, 16, 1.8210245551424341e+03, 4.8907900325700757e+03
17, 17, -1.2530604366869504e+04, 9.4427436711798327e+02
18, 0, -4.8225446818595628e+03, 0.0000000000000000e+00
18, 1, -2.7720803664068035e+03, 5.7803975275670964e+03
18, 2, -1.0089717220419032e+04, 2.1865468942711759e+03
18, 3, 5.8759845787067043e+03, -1.1697421284961712e+04
18, 4, -4.7978006903703608e+03, -4.6244936714964551e+03
18, 5, 7.7917475881639893e+02, 7.6539766344762756e+02
18, 6, -1.1130380066566531e+03, -2.4141521407413857e+03
18, 7, -5.7764284794080831e+03, -1.9915990536281629e+03
18, 8, -6.3257311748195825e+03, 4.7808400847612802e+03
18, 9, 5.2340281265279300e+03, -3.0902814436098080e+04
18, 10, 3.8312056262794613e+02, 1.2557154383367691e+04
18, 11, -5.2180982623283853e+03, -1.0981999018343637e+04
18, 12, -3.4715769539433709e+03, 1.9537451937889204e+04
18, 13, 9.1622030023169591e+03, -6.8478533489841448e+03
18, 14, 4.1574691260438331e+03, -5.4341943818448472e+03
18, 15, -1.2081336753606487e+04, 2.6696217700120687e+03
18, 16, -9.6478321930458224e+03, 8.6222503896286580e+03
18, 17, -1.8246926832869591e+04, -1.8947062507643092e+04
18, 18, 1.1618548952097608e+04, 2.0959424143742908e+03
19, 0, 3.6300661995440946e+03, 0.0000000000000000e+00
19, 1, -2.6041033695187780e+03, 8.2621208980026422e+03
19, 2, -2.2397928758956236e+03, 5.3991287412163656e+03
19, 3, -8.2739689830532370e+03, -2.8768955292276823e+03
19, 4, -9.1434479194890664e+03, -7.1847733547419375e+02
19, 5, -6.8741661480438379e+03, -1.2367529247752420e+04
19, 6, -1.4873426557617098e+04, 9.4779377747945673e+03
19, 7, -9.6865395031885982e+03, 1.3133001142142166e+02
19, 8, 2.6698866671130527e+03, -9.5535610721518606e+03
19, 9, -1.1827713141446116e+03, -1.2322501383176379e+04
19, 10, 5.5607206446433156e+03, -1.0616105597741664e+04
19, 11, 6.4439054240153037e+03, 5.3005494572453244e+02
19, 12, -1.9415594104741096e+04, -7.8751522368621918e+03
19, 13, 4.8112973970476105e+03, -8.9920871238369491e+03
19, 14, -2.0636109733757303e+03, 3.6784004967133733e+03
19, 15, 5.9464029820723226e+02, -5.5073258479985589e+03
19, 16, -6.3747785794683105e+03, 3.9945339029174493e+03
19, 17, 8.0341799688528718e+03, 1.9328341632460724e+03
19, 18, -1.8623978420106716e+04, 1.7551558580070487e+03
19, 19, -6.0514896768956023e+03, -1.7106048679498152e+04
20, 0, 4.1211524399437913e+03, 0.0000000000000000e+00
20, 1, 1.6397780408347109e+04, -4.1386409679932876e+02
20, 2, 3.4110397790740135e+03, -1.2750420362622535e+03
20, 3, 2.0410147982708710e+04, 3.8753127612908957e+03
20, 4, 7.4790373599156555e+02, 9.2563439959123589e+03
20, 5, -1.3876490591427769e+03, 4.6363593611013803e+03
20, 6, 4.0207119680527767e+03, 9.7948168556396413e+03
20, 7, 7.3430251562008516e+03, -2.1423341578316027e+04
20, 8, 6.8483146604141548e+03, 3.2507643266552232e+03
20, 9, -1.5621073773150843e+04, 3.1458842646698495e+03
20, 10, -9.1903094225194054e+03, 1.8017587699618948e+03
20, 11, -1.9337817630258138e+04, 1.3684040195931248e+04
20, 12, 6.6328998413391355e+03, -8.2318986405425858e+02
20, 13, 2.3970699225074633e+04, 4.0665345772786241e+03
20, 14, -5.5404476987515463e+03, -9.4210663235349348e+03
20, 15, 5.6386154989506053e+02, 7.3304444884376171e+03
20, 16, -4.4662714599749279e+01, -1.6226259493264948e+04
20, 17, 4.2676202067930526e+03, 2.7970154461900456e+03
20, 18, -1.3689667487970894e+03, 1.1417974716023487e+04
20, 19, 1.1705181513205865e+04, 1.9839554944276471e+04
20, 20, -3.0859138436003213e+03, 8.4470725110817912e+03
21, 0, 9.2468743105574795e+03, 0.0000000000000000e+00
21, 1, 2.1094671451290219e+03, -1.1902480590843905e+04
21, 2, -1.3052657345337309e+04, -4.4850699213183525e+03
21, 3, -6.1271840909148623e+03, 7.6665967619395515e+03
21, 4, -5.7060740787742998e+03, 1.8201308200354374e+03
21, 5, -2.7386781353653505e+03, 6.9439391293129329e+03
21, 6, 1.0472950910047048e+03, 1.4087730315827986e+04
21, 7, 4.0885663247106677e+03, 1.7104154952570962e+03
21, 8, -4.2036495290601724e+03, 7.7667820392488184e+03
21, 9, 1.2472771813455696e+04, -8.9666252437728199e+03
21, 10, 1.4617103407126933e+03, -1.3384851403713998e+04
21, 11, 1.1318626124122098e+04, 1.6302277922178886e+04
21, 12, 7.7653147900015501e+03, -6.5280075874765625e+03
21, 13, 3.9023891241353017e+03, 9.2111914005446524e+03
21, 14, 2.7284632203559577e+03, 1.0849979028066336e+03
21, 15, -3.6039700761888907e+03, -1.7056414974322157e+04
21, 16, -3.8404297513805432e+02, 1.5665608800829483e+04
21, 17, 4.9795993324328683e+03, -6.1028066953167508e+03
21, 18, 8.2408222606701202e+02, 1.3106089905591451e+04
21, 19, 1.6090169477568248e+04, -3.2565193611905997e+03
21, 20, 1.4664543376545247e+04, 7.4516741376477621e+03
21, 21, -7.9788530664159771e+02, -1.1356572457486096e+04
22, 0, 2.0977827058259241e+04, 0.0000000000000000e+00
22, 1, 3.5955355491248702e+02, 1.1068304537501150e+04
22, 2, 1.1597438417394427e+04, -3.1702061720801130e+03
22, 3, -2.1862151669156083e+02, 6.6111101955951617e+03
22, 4, -6.3975958696203934e+03, -1.1954626666400773e+04
22, 5, 2.8704491849212304e+03, -3.5343444280323347e+03
22, 6, -1.2411621556927435e+04, -1.9649360745671096e+04
22, 7, 4.9044659123713009e+03, 9.7034246464116077e+03
22, 8, -1.0758655183297293e+04, -6.6975854126912946e+03
22, 9, 7.7843689314460808e+03, 1.5350189336192416e+04
22, 10, -4.7992255807078982e+02, 1.3431205113618253e+04
22, 11, 1.6363600672920249e+04, 1.0925897168975238e+04
22, 12, 7.4055587899594466e+03, -1.1776702448074935e+04
22, 13, -2.6239836915028700e+03, -3.9106847258851567e+03
22, 14, -8.8244591291550914e+03, -1.1621466018740743e+04
22, 15, -6.3907940754380325e+03, 7.2471686578546769e+03
22, 16, 4.5522582841870644e+01, -4.4793143250698022e+03
22, 17, -9.4448845358691269e+03, -3.8880879250256235e+03
22, 18, 4.6984967344827146e+02, 8.7636313862498755e+03
22, 19, -2.5357000402747999e+03, -1.1963538655796989e+04
22, 20, 3.8914231642685081e+03, -6.0398924632846793e+03
22, 21, -9.6904583248614126e+03, -2.6841559418363195e+03
22, 22, -8.6720536421700799e+03, -6.2325004151718331e+03
23, 0, -5.4580351300828424e+03, 0.0000000000000000e+00
23, 1, 5.2693123676151490e+03, 6.0945702352619210e+03
23, 2, 5.5118660366060958e+03, 1.1264601723482017e+04
23, 3, -6.0432647709469602e+03, 4.2134777469494329e+03
23, 4, 1.5279119863074869e+04, 3.6416926091008027e+03
23, 5, 9.5555976299237591e+02, 7.9796553566354578e+02
23, 6, 6.1883031388640502e+03, -1.4252084372577647e+03
23, 7, -1.0828814755819310e+04, -1.0981147934980834e+04
23, 8, -1.2466149743461023e+04, 8.6447826145496674e+02
23, 9, -1.7200483728329239e+03, -6.3600530506494179e+03
23, 10, 3.2089236878798774e+03, 2.3140105380593330e+04
23, 11, 1.3890721574354739e+04, -1.4489537293014242e+04
23, 12, 4.4615098026583983e+03, 1.6811437777176361e+04
23, 13, 6.2557597270796396e+02, -1.3004334149582221e+04
23, 14, -6.6753297464234311e+03, 1.1694356746285708e+04
23, 15, -2.1005396262219010e+03, -9.5378108784475626e+02
23, 16, 5.1439062253103821e+03, 1.0202510914679717e+04
23, 17, 1.7575830455552968e+03, 1.0983263769769746e+04
23, 18, 2.0077009410624669e-01, -1.3446186219902345e+04
23, 19, -8.0717852317786110e+03, 4.1448145218421632e+03
23, 20, 3.5175241756608666e+03, -1.1218861666439829e+04
23, 21, 2.5413289802559648e+03, 6.0367412504231979e+03
23, 22, -4.8155963428681353e+03, -1.4404797475186047e+04
23, 23, -5.9076410501807004e+02, 9.8380342931533305e+03
24, 0, 1.3628904591759152e+04, 0.0000000000000000e+00
24, 1, -3.2068172017518559e+03, -9.8275052532672307e+03
24, 2, 4.9209922638891749e+03, 8.2975129453155514e+03
24, 3, -4.9042032133987832e+03, -1.3005060251865354e+04
24, 4, 1.0217058908261484e+04, -4.7945503230596169e+03
24, 5, -1.4820020262885275e+04, -1.6581199538058718e+03
24, 6, -4.6146871576364319e+03, 1.0007734561950350e+04
24, 7, -1.3567830435507094e+03, 5.4402181996588024e+03
24, 8, 4.9923717821077325e+03, 1.0940579187486026e+04
24, 9, 2.2604042448152718e+03, 4.3581616554116827e+03
24, 10, 1.4152051251366752e+03, -1.4480213828264325e+04
24, 11, -1.3901287412714116e+03, -4.1043392472700179e+02
24, 12, 2.5047599893552078e+03, -4.2532849210175300e+03
24, 13, -1.2335623816211399e+04, 1.8333376509160416e+01
24, 14, -6.2527837824224525e+02, 3.6826471931765027e+03
24, 15, -2.7564257436863440e+03, 4.6627834876304787e+03
24, 16, 8.1884002054021876e+03, -1.4408401313629474e+02
24, 17, 2.9944813284626284e+03, -3.5731636472356754e+03
24, 18, 1.7626863511460215e+02, 7.1353141404875478e+03
24, 19, 1.1262376178540289e+04, 6.2702613248054040e+03
24, 20, 7.4584697750028463e+03, -7.4706668192461757e+03
24, 21, -6.4086549291558758e+03, 1.8461444633538449e+04
24, 22, 1.9616176400200359e+03, -8.3855478452837633e+03
24, 23, -9.5430685091891355e+03, 4.1824256012810120e+03
24, 24, 1.3208391210342234e+03, 5.0774411224723517e+03
25, 0, -3.3615084798657945e+03, 0.0000000000000000e+00
25, 1, 5.6965470492275690e+03, 2.5209078717777697e+03
25, 2, 3.0760413787034572e+03, 4.2276450067210681e+02
25, 3, 7.6492894737461247e+03, 1.0378838096324580e+02
25, 4, -1.3632810101718278e+03, -3.0148013900901396e+03
25, 5, 7.0352210922726699e+03, -6.8425668251107745e+03
25, 6, 1.1638723904099120e+03, 1.0888729595430883e+04
25, 7, 1.1745119176001173e+04, -5.4698136653312076e+03
25, 8, 1.1055485601799261e+04, -1.4584598541279752e+03
25, 9, 1.8698866375067155e+03, 2.8247396516978924e+03
25, 10, 1.3264569302647837e+04, -7.3341109118012810e+03
25, 11, 3.6598475180193491e+03, 3.2468070739378181e+03
25, 12, -5.3992191918858607e+03, 2.9980656962898056e+03
25, 13, -4.9454038639242099e+03, 3.4271670128167243e+03
25, 14, -1.9961368666676253e+02, 5.1224030319032772e+03
25, 15, 3.6182708317025244e+03, -9.5666661144028003e+03
25, 16, 2.6958380380877265e+03, -4.9219246058832287e+03
25, 17, -1.0115689014289339e+04, -1.4758692650728801e+04
25, 18, -5.5433397414702358e+03, -4.8114583995157145e+03
25, 19, -1.1103221999234494e+04, -1.5895933052442638e+03
25, 20, 1.6149342384079424e+04, 3.4388438277435885e+03
25, 21, -6.6080313092676442e+03, -1.2276842141762383e+04
25, 22, 1.0337607314474039e+04, 6.9750061481330149e+03
25, 23, -6.3841649681055678e+03, -7.8203877622561049e+02
25, 24, 1.5221571289610580e+04, 2.1383276253100794e+03
25, 25, -5.7283340517995794e+02, -3.4587241460329096e+03
26, 0, 1.2072358711329511e+04, 0.0000000000000000e+00
26, 1, -1.1491378033164510e+04, -9.2710953156021787e+01
26, 2, -7.0249504133768542e+03, 5.2398846662325350e+03
26, 3, -1.5684874238055509e+04, 3.4054028839639350e+03
26, 4, -8.0812261802772809e+03, 1.3490088827418609e+04
26, 5, 1.3295846197423416e+03, 1.6117695952826161e+04
26, 6, -1.4647003509170790e+03, 9.2486006149294153e+03
26, 7, 5.0658787369965039e+03, -9.1288102882753519e+03
26, 8, 1.3095538734422373e+04, -1.3920431182467770e+04
26, 9, -2.8795703050191169e+03, -9.7302203601288056e+03
26, 10, 1.0042845981758088e+04, -2.2637102175045165e+03
26, 11, -4.0084607120974379e+03, -4.8551431177977065e+03
26, 12, 1.1162377432195908e+03, 7.5826740484674074e+03
26, 13, 5.0067772708010143e+03, -2.5829668990756754e+03
26, 14, 4.0124507526666184e+03, -5.7069080176685029e+03
26, 15, 2.9421716623192651e+02, 1.7582829947598113e+03
26, 16, -1.1823360565347419e+04, -1.7683419234501962e+03
26, 17, 4.3234908292582750e+03, 4.2839887540675900e+03
26, 18, -4.0813248931254857e+03, 2.0555389753663545e+04
26, 19, -2.3300806618074007e+03, -1.5444666555897802e+04
26, 20, 6.9476524681658339e+02, 5.4817425488741756e+03
26, 21, -1.4633766098070028e+03, -1.5678659624921322e+04
26, 22, -1.0395827327913212e+03, 1.4401416920808366e+04
26, 23, -5.5480173190951828e+03, -4.2268467010013574e+03
26, 24, 3.1873610042316468e+03, 4.7331093120472869e+03
26, 25, 3.7317625086351964e+03, -5.7148969473506313e+03
26, 26, -1.5994119132317155e+03, 4.7478196275469927e+03
27, 0, 5.4186299042194169e+03, 0.0000000000000000e+00
27, 1, 3.1414685782044121e+03, -3.8010483387027771e+03
27, 2, -2.0876213519710072e+03, -3.9921195718185863e+03
27, 3, 1.3376241473633700e+03, 8.6506128232862866e+03
27, 4, 1.9765395531555587e+03, -2.1639690934272730e+03
27, 5, 1.4099318538038729e+03, -1.0724581119620398e+03
27, 6, -5.4177156159889528e+03, -4.3467668260431819e+03
27, 7, 5.6628435698650419e+03, 1.2281307183632862e+03
27, 8, -1.9194263599084316e+03, -7.1729228856240716e+03
27, 9, -1.1641657955060289e+04, 2.4922172629869820e+03
27, 10, -1.4181156677718587e+04, 2.4872172820442902e+03
27, 11, -1.1624004333736448e+03, -7.5534448723785845e+03
27, 12, -4.2366460174293934e+03, -1.5817927164809447e+01
27, 13, 3.4059097444570807e+03, -2.8695536786217731e+03
27, 14, -1.0957237216892961e+04, -3.3636153982991559e+03
27, 15, -4.9821604633648003e+03, -1.6270580662622285e+03
27, 16, -6.8897100106884573e+03, 3.7614767871983995e+03
27, 17, 6.3116422757106502e+03, -4.8131792685935125e+03
27, 18, -3.8499828874745053e+03, -1.1069630222074020e+03
27, 19, 8.8607514074697356e+03, 4.1586720758776510e+03
27, 20, 4.6547162353708081e+03, -3.2593995630656918e+03
27, 21, 6.0530137647728407e+02, -2.8775445808050281e+03
27, 22, -5.4172588020337571e+03, 5.8344055666139429e+03
27, 23, 1.8188225639693583e+03, 4.6932847379521809e+02
27, 24, -2.0464565710162860e+03, -8.2177868977507424e+03
27, 25, -3.1703169400831266e+03, -7.4367306318373921e+03
27, 26, -8.8012979799970308e+03, -4.4117554021175656e+03
27, 27, 1.0567134175274165e+04, -2.3992593668673580e+03
28, 0, 1.2069639189848754e+03, 0.0000000000000000e+00
28, 1, 1.2250016377580623e+03, 2.2541677760574689e+03
28, 2, 1.3981010446152959e+03, 1.9081057313081274e+03
28, 3, 5.5399794660619518e+03, 2.9948708002843468e+03
28, 4, 1.3407400420411304e+04, -1.0752174503858418e+04
28, 5, 3.7859186484718498e+03, -1.3727784549670494e+04
28, 6, 4.8161304949067853e+03, -2.7334355211362672e+03
28, 7, 2.1293512538629648e+03, -9.9883310867176060e+03
28, 8, -2.7157826569322060e+02, 5.4894992355487002e+03
28, 9, 4.1862054572813695e+03, 2.1907693273647928e+03
28, 10, 5.4924501534969477e+02, 9.9548179742790671e+03
28, 11, 7.3130799106468457e+03, 2.8399675246680672e+03
28, 12, 5.0860097550218779e+03, 3.5097264286130076e+03
28, 13, -3.5510986031337306e+03, -5.6054732910536577e+03
28, 14, -7.9729334612121766e+03, -4.8117175819725771e+03
28, 15, 5.6589317083243714e+02, -2.3606740639350451e+03
28, 16, 2.2204365050995293e+03, -4.2973879085056287e+03
28, 17, 1.3719654703979155e+04, -1.9980338815308187e+03
28, 18, 2.8095115794047706e+03, -8.7371303439084950e+03
28, 19, -1.8166883885467632e+03, -4.2226422280542774e+03
28, 20, -2.7194789201045824e+03, -5.8472113444972874e+03
28, 21, 1.0531217482490025e+04, 5.0820468618248306e+03
28, 22, -6.6720511322347593e+03, 1.4429600075174153e+03
28, 23, 8.6182033904719683e+03, -4.7378899615330465e+02
28, 24, -1.0208446838332658e+04, 4.4831077809277422e+03
28, 25, 1.4839371765585872e+03, -4.0217547569031403e+03
28, 26, -5.5372163823119445e+02, 1.7751044479028860e+03
28, 27, 6.5696604220744612e+03, -3.6423814774238008e+03
28, 28, -7.3512881714771083e+02, -9.5141497615044973e+03
29, 0, -2.2303049982199345e+03, 0.0000000000000000e+00
29, 1, 7.7983562840978875e+03, 6.0873674775628333e+03
29, 2, -1.0005555738038156e+04, -1.6114875483919429e+03
29, 3, 1.0818365373472734e+03, -2.9560903697532740e+02
29, 4, -7.4771118820780366e+03, -8.9180735161251068e+03
29, 5, -1.7761899957471187e+03, -5.9193624394330445e+03
29, 6, -4.5293583321691112e+03, -9.3617475747568515e+03
29, 7, -1.3275195028578146e+03, 1.5950618283191488e+03
29, 8, 7.2352047218700227e+02, 4.8841226343913183e+02
29, 9, -3.1875660221498792e+03, -1.1474364983431169e+03
29, 10, -1.9290783508465647e+03, 8.5211005200355012e+03
29, 11, -5.7609719880068906e+03, -4.7523899681112152e+03
29, 12, 4.7333003914482506e+03, 1.1124730318386746e+03
29, 13, -4.1267229983810048e+03, 1.2093693674272718e+03
29, 14, 1.0938742630401588e+04, 1.1832031644102863e+03
29, 15, -5.5880866023152621e+03, 3.5373210413586230e+03
29, 16, 7.0779531200532265e+03, -2.8783624637774242e+03
29, 17, -6.1872987164791775e+03, 1.5526081711139291e+03
29, 18, 6.4776774350821725e+03, -3.3451128769819793e+03
29, 19, -1.5518231721234188e+03, 2.1655745248539379e+03
29, 20, -3.7336579742071990e+03, -6.6833263172344978e+03
29, 21, -3.1416125704020433e+03, -4.1694724138107877e+03
29, 22, -7.1249261517533396e+03, -4.2733308853648750e+03
29, 23, 4.3510473688727352e+03, 4.5738873897128233e+03
29, 24, -7.3638960634522082e+03, -5.9762587573442470e+03
29, 25, 9.5185584711625270e+03, 2.7966309857772285e+02
29, 26, 6.2651136436519550e+02, 7.1959086054666896e+03
29, 27, 8.8309647292904774e+03, 1.5528246497600694e+03
29, 28, -2.6884115544185170e+03, 3.5754062103083734e+03
29, 29, -2.9245301227938371e+03, 3.2617256635184731e+02
30, 0, 4.4636881578780958e+03, 0.0000000000000000e+00
30, 1, 8.3613312601978578e+01, -1.5392609282522965e+03
30, 2, 2.4148318757783436e+03, -3.3078900017259143e+03
30, 3, 2.1519566500522315e+03, 6.3172476774675506e+03
30, 4, -1.0781648700655387e+02, -3.1824615131386463e+03
30, 5, 5.7415269393908056e+02, 3.7140720532853338e+03
30, 6, -8.3221689196943407e+03, 2.2746715835112354e+03
30, 7, -6.0273715720370783e+03, 4.4095703803489669e+03
30, 8, 3.7338679467069737e+03, -5.5523408971346335e+03
30, 9, 4.4208294739118264e+03, -1.0237909143188048e+04
30, 10, -1.7335919849815673e+02, 9.5637629473958259e+02
30, 11, 7.1084507282724553e+02, -5.9565901328209384e+03
30, 12, -3.0796812025221370e+03, -1.3531544168931782e+03
30, 13, 9.4429948882824101e+02, 4.8341933755149439e+03
30, 14, -3.9503124573439009e+03, 1.3920401308321110e+04
30, 15, 3.3134093739964610e+03, -2.1531390675501634e+03
30, 16, 9.1683455650378528e+03, 6.2104664657643389e+03
30, 17, -3.4188037098100622e+03, -8.1325950345404081e+03
30, 18, -3.5644466558609170e+03, 6.4780749187713109e+03
30, 19, -1.4352577354633388e+04, -5.3705904624328950e+03
30, 20, -3.5230594506596690e+03, 9.9143638614824849e+03
30, 21, 4.8047708205507051e+03, -1.4933509939765408e+03
30, 22, -2.1201895558753040e+03, -9.6793158955529416e+03
30, 23, -4.5853457136601446e+03, 4.6280731348108638e+03
30, 24, 6.8353268330120127e+03, -5.7122545117754380e+03
30, 25, 3.2211183570127068e+03, 6.1700769716978266e+03
30, 26, -3.0140919869478867e+03, -4.0294947674785017e+03
30, 27, 6.3112261519854856e+03, 1.9789026242761993e+03
30, 28, -5.7915595982979321e+03, -2.1940988472545723e+02
30, 29, 4.4687397061714671e+02, 8.6562736237123190e+03
30, 30, -1.7110460420172044e+03, -5.6036806044356072e+03
31, 0, -2.3646165918339620e+03, 0.0000000000000000e+00
31, 1, -2.4754771040951719e+03, 5.1578110944692617e+02
31, 2, 9.1230118324835348e+02, -7.7707122700047948e+03
31, 3, -4.6744139428728467e+03, 2.2674807134249886e+02
31, 4, 3.0362182932325436e+03, -2.1750017922473808e+03
31, 5, 3.9536244321762147e+03, 6.9732085444741551e+02
31, 6, 5.0021865358820642e+03, 5.0345605813121174e+03
31, 7, 7.1471269450901400e+03, -1.9867397026919934e+02
31, 8, 2.8254106348556529e+03, 6.8428291115591483e+03
31, 9, -2.3297971313511543e+03, 1.5084311795650729e+02
31, 10, -2.0599349373146856e+03, 3.4163178746120439e+03
31, 11, -6.0878880794831530e+03, 2.5082754988543511e+03
31, 12, 5.8635279019015961e+03, -8.3002736320353870e+03
31, 13, -1.7087934482309067e+03, 2.7215720437277923e+02
31, 14, -4.6415125542516407e+03, -7.6673674444632506e+03
31, 15, 4.5833592234052085e+03, -3.8750012973098237e+03
31, 16, -1.6431869841433409e+03, 2.4055289446225911e+03
31, 17, 3.3945365169632614e+03, 3.8991004416880733e+03
31, 18, 4.8812842691020819e+02, -7.5899617477720103e+03
31, 19, -5.6891177337457066e+02, -2.0641782729828369e+03
31, 20, 4.8044363531600357e+03, 2.3710125775567922e+03
31, 21, -6.7200626528467546e+03, 3.1577571681048412e+03
31, 22, 6.6885094264527243e+03, 3.9773898599454574e+03
31, 23, -8.2362321768439815e+03, -6.7726902731884074e+03
31, 24, -6.9582875856145829e+03, 1.6956632404287220e+03
31, 25, -2.4833659291694171e+03, 2.8078098283029217e+03
31, 26, 2.4049503277597760e+03, 3.2437660177214657e+03
31, 27, -4.2558596401777777e+02, 1.1629674042957176e+03
31, 28, -5.4307748613260155e+03, -1.6733105177495439e+04
31, 29, -1.7426378757797329e+02, 7.3176920129514856e+03
31, 30, 8.3388529931182507e+02, -2.6784659717029472e+03
31, 31, -1.3330774299892149e+04, 1.1654397674741660e+04
32, 0, -3.9157059477411076e+02, 0.0000000000000000e+00
32, 1, -5.6121935570391561e+03, 8.8169749534449784e+02
32, 2, -5.8860984986536896e+03, 2.8306910169238727e+03
32, 3, 2.4854009076958946e+03, 9.6679017340141672e+03
32, 4, 1.6831539463705521e+03, 7.8553148721328398e+02
32, 5, 5.7346676347737139e+02, -3.9938722825355044e+03
32, 6, 4.4212256374766557e+03, -3.1229457686336027e+03
32, 7, -6.0120211441091215e+02, -5.8140214917617932e+03
32, 8, -1.1027725287438625e+03, -2.7895589286218474e+03
32, 9, 4.9150713286851242e+03, -3.1778546342747795e+03
32, 10, 4.1074428299909423e+03, 6.4910197149735550e+03
32, 11, -4.6302340566104249e+03, 8.4330838402347508e+03
32, 12, 1.6848622257126003e+03, 6.3540714199234826e+03
32, 13, 3.3288707412272547e+03, -3.2522968261670389e+03
32, 14, 2.5900563702917680e+03, 1.1659784797065431e+03
32, 15, 5.1906652581490544e+03, -4.1827245757296014e+03
32, 16, -8.6265069215888161e+03, -3.9946382295169287e+03
32, 17, -2.0251897624255434e+02, 2.4816202726977767e+03
32, 18, -2.0236254669519869e+03, -1.7148619298878687e+03
32, 19, 2.6389767630590231e+03, 5.3182497932212000e+03
32, 20, -8.3595712208807818e+03, -1.5902491497866472e+03
32, 21, 5.9076231629142221e+03, -8.5803663825051444e+02
32, 22, -3.8263883981356921e+03, -3.5623247814547576e+03
32, 23, -4.8606874547444295e+03, 6.9722130257314020e+03
32, 24, -8.4313706228779711e+02, -1.1890641294866118e+03
32, 25, -4.4235451577887770e+03, 5.3161436358301544e+03
32, 26, -3.1339702826230291e+02, -6.4259430461834927e+02
32, 27, 8.2826569993952944e+01, 2.4296982502783931e+03
32, 28, -4.4074262978484012e+03, -2.2172351439820013e+03
32, 29, -9.5183244010109647e+03, 1.0800790438417607e+03
32, 30, 3.0356414487454076e+03, -1.0644121786508713e+03
32, 31, 1.4627094658476353e+03, -2.8734089304624740e+03
32, 32, 5.3361434052828117e+03, 7.6980245141620389e+03
33, 0, -3.5128620904412246e+03, 0.0000000000000000e+00
33, 1, 4.8064133295882439e+03, 2.7889243264441857e+03
33, 2, -7.0717602593749689e+01, -8.1140104474330656e+02
33, 3, 2.7315503738983775e+03, -4.7975897849823150e+03
33, 4, 5.2857745899879637e+03, -2.8494241875594889e+03
33, 5, -1.8276882374640882e+03, 4.2132083940555049e+03
33, 6, 1.5261078070473195e+02, 4.1484654851298583e+03
33, 7, -1.4544274737192618e+03, 1.0296021820110109e+03
33, 8, 5.7016115882916356e+03, -3.4792443053055613e+03
33, 9, 5.6345088104882807e+03, 3.4786373670112371e+03
33, 10, 3.4177843190691469e+03, -2.0506627054001819e+03
33, 11, 4.6645508653348315e+03, -2.0203787166778302e+03
33, 12, -1.3938130406067294e+03, -5.1291056797806796e+03
33, 13, -6.0542243799633852e+03, 6.6585673316697296e+02
33, 14, 1.8374445454431338e+03, 2.9181824889675627e+03
33, 15, -5.7119666209742354e+03, 1.3165609941018702e+03
33, 16, 3.0981226163109186e+03, -1.2643453295590239e+03
33, 17, 2.3920871714604482e+03, 3.7068832306071772e+03
33, 18, 2.9511135059441831e+03, -3.1818683823217089e+02
33, 19, -1.9085427837418629e+03, -3.8646491267672554e+03
33, 20, -5.1205139015025552e+03, -3.6953041571759240e+03
33, 21, -5.0263609902718108e+03, 1.5391249153872013e+02
33, 22, 8.5213431697636224e+02, -3.6437832793228154e+02
33, 23, 7.8642790285812680e+02, -1.1548024923894254e+03
33, 24, 9.9134767543109447e+03, 1.0376105342922288e+04
33, 25, 1.1648164738725889e+04, -5.3886604393827965e+03
33, 26, 2.9392361956592158e+03, -6.1563253909980804e+03
33, 27, 4.5996143147876865e+01, 1.9564058907997605e+02
33, 28, -4.8868936069529900e+03, 2.3866145599061474e+03
33, 29, 5.9676819722435357e+02, 5.4498969478163308e+03
33, 30, -5.5276548647474419e+03, 3.9271366644228960e+03
33, 31, -3.0019827200256977e+03, -1.3466144480420107e+03
33, 32, -2.0926267569749871e+03, -4.5255806547272696e+03
33, 33, 6.4159126840283643e+03, -9.1857241308390476e+03
34, 0, 7.8021167390044284e+03, 0.0000000000000000e+00
34, 1, -1.8653445620191007e+03, 1.5878703771615983e+02
34, 2, -3.4310224782816822e+03, -3.7249932618284038e+03
34, 3, 4.1042577384202887e+03, 4.7172426929535304e+03
34, 4, 1.7994517595807438e+03, -2.4018808834314682e+03
34, 5, -1.5998163946648301e+03, 1.9294352713628032e+03
34, 6, 3.3473357463075990e+02, 5.2806941851763177e+03
34, 7, -4.1831011460329755e+03, 7.7709976922993337e+02
34, 8, 1.4681002114694411e+02, 8.8908637804362697e+03
34, 9, -8.4348781221564859e+03, 4.7851143644936328e+03
34, 10, -2.6957597491736169e+03, -7.6827298115200665e+02
34, 11, 4.9494472532713171e+03, 3.7770820363275625e+03
34, 12, 2.3452117970475870e+03, -3.3627045871396399e+03
34, 13, 6.8479264786656649e+03, -7.4639960390233173e+03
34, 14, 3.2132634791442715e+03, -8.2281779711334020e+03
34, 15, -4.6794603434652045e+03, -2.6141970099299469e+03
34, 16, -1.1827945623512005e+03, 1.3970870860838040e+03
34, 17, 1.2827178957613291e+03, -3.4460945666324187e+02
34, 18, -3.4744436096939671e+02, 3.5472175222015630e+02
34, 19, -1.6510500042489377e+03, -6.3346604458823822e+02
34, 20, -5.9794249762092459e+03, 4.1829817366724365e+02
34, 21, -4.0405009840393068e+03, 8.7540251917268415e+03
34, 22, 5.5723612085323321e+03, 4.6552103925236934e+03
34, 23, -1.5708860803502293e+03, -1.6460755940891154e+03
34, 24, 5.7440106686388972e+03, -4.3562993501545589e+03
34, 25, -2.3371476033739164e+03, -6.0445525489566044e+03
34, 26, -3.8149730108168283e+03, 2.2152437372940503e+03
34, 27, 3.4548755707312225e+03, -7.4478961851230179e+02
34, 28, 2.7572276330613781e+03, -3.2998116120614523e+03
34, 29, -1.0913585354379356e+03, -6.7943167740872532e+03
34, 30, 2.5221636192732703e+03, -5.2598816054419076e+03
34, 31, -5.3215985895017875e+03, 9.9874055384266285e+02
34, 32, 5.5741963115326462e+03, 4.0349156284497567e+03
34, 33, -3.9252003968656536e+03, -1.6604885836691060e+03
34, 34, 2.8788455121819529e+03, 5.2755045505448106e+03
35, 0, -9.2847206941588570e+02, 0.0000000000000000e+00
35, 1, 2.7936209567538799e+02, 4.8879026657562035e+03
35, 2, -5.3339197694152954e+03, 2.3217618325431126e+03
35, 3, 4.3601736360957493e+03, 5.4542265880518635e+03
35, 4, 7.2001767955075775e+02, -1.2067461548307647e+03
35, 5, 8.3813860750201748e+03, -1.6592449925963228e+03
35, 6, 4.6724172159870850e+03, 3.9002413569705932e+03
35, 7, 1.1805589096327392e+03, -6.1789694983998834e+03
35, 8, 4.0118059118680412e+03, 1.6257416966526025e+03
35, 9, -1.9118278020322400e+03, -2.9179375393539817e+03
35, 10, 1.0689069305721478e+02, 1.4630993334806017e+03
35, 11, -6.0874326345789505e+03, 4.0971427050852108e+03
35, 12, -3.9875613164300503e+03, 2.2992162132402209e+03
35, 13, -5.7974282207663582e+03, 1.9931139622191181e+03
35, 14, 1.7789941306607857e+03, 6.5448697152642872e+03
35, 15, 2.5673877810579870e+02, -1.8131955495406928e+03
35, 16, -2.3203881950948826e+03, -3.8881523118576029e+03
35, 17, 2.3751995579035702e+02, -7.4347125344009146e+03
35, 18, -3.7664515771084775e+03, -1.7520610147930010e+03
35, 19, -7.5581135145362832e+03, -3.3057523731416404e+02
35, 20, -1.5156666976850956e+03, 7.0874304529778619e+03
35, 21, -1.2993948190970855e+03, 4.4255409837154366e+02
35, 22, 3.2800188695435709e+03, 3.2616509027730071e+03
35, 23, 6.2523732796017393e+03, -6.9607570418749474e+03
35, 24, -3.1837041966107699e+02, -3.8961490636654685e+03
35, 25, -1.8859276228573899e+03, -1.3874873511198921e+03
35, 26, -2.6606733332341159e+03, -4.4854811606035782e+03
35, 27, -5.0958638324013882e+03, 6.1113206387859063e+03
35, 28, 4.1986433589853459e+03, 1.7486738073215870e+03
35, 29, -5.3648252364755281e+03, -6.7562833453765197e+03
35, 30, -5.9283837428558491e+02, -3.2220420479042859e+03
35, 31, 1.8937467788818062e+03, -3.5210940856016441e+02
35, 32, 7.6096925290724448e+03, 8.1770148112866573e+03
35, 33, -4.8522771629762501e+03, -5.3998722090199408e+03
35, 34, 1.4260957796866223e+03, 1.4242529347020511e+04
35, 35, 4.9476601780184410e+02, -5.1649084558105033e+03
36, 0, -3.7799402699767415e+02, 0.0000000000000000e+00
36, 1, -2.1880768751399919e+03, -1.2919037837993044e+03
36, 2, -1.8665024842403100e+03, -1.1223364421828937e+03
36, 3, -4.4815622477032002e+03, -6.1734483356896681e+02
36, 4, 3.6765325121589831e+03, 6.5401748693089769e+02
36, 5, -2.5960582455152371e+03, -4.0542969202093252e+02
36, 6, 1.9264107962771777e+02, -1.6236960718718612e+03
36, 7, 1.1276123567297000e+04, -2.7960028040178804e+02
36, 8, 7.1016042097422678e+02, -3.2734963153688495e+03
36, 9, 1.1340884623743419e+04, -4.8360345227939770e+03
36, 10, 4.4811047389163041e+03, -6.0009524654306661e+03
36, 11, -1.8966825727821642e+03, -1.4531635035163911e+03
36, 12, 6.9542284746714522e+03, 3.8071396466043989e+03
36, 13, -4.9720351784930481e+03, 4.0651766260636887e+03
36, 14, 5.5314110608627379e+02, 1.6321281779462411e+03
36, 15, -3.6396200572537200e+03, 3.4382486419974148e+03
36, 16, 2.9202101427905818e+03, -1.1098225409331139e+03
36, 17, -2.6926292568890981e+03, -1.3104331739908584e+03
36, 18, 5.1853169087448168e+02, 1.5413685206704940e+02
36, 19, -3.5421121053771085e+03, 3.4809937639138607e+03
36, 20, -8.7050291631754408e+02, -1.1770101401048564e+03
36, 21, -1.3709106767011126e+03, 1.9456137483846835e+03
36, 22, -1.1853635939623409e+03, -2.1269815720475890e+01
36, 23, -1.1301261071174715e+03, -3.3307835322848532e+03
36, 24, -4.1249645389920570e+03, -2.4252533068990469e+03
36, 25, -3.0889669394562652e+03, 5.3749090469116672e+03
36, 26, 4.3683707998044620e+03, 9.1275059554647869e+03
36, 27, 3.3134089653253691e+03, -2.8103638311529121e+03
36, 28, 2.3931142010365088e+03, 3.7570095452036912e+02
36, 29, -3.6342732227152210e+03, 4.7985125424094040e+03
36, 30, -7.2339433255021322e+03, 3.1099651894736671e+03
36, 31, -2.1737038713303109e+03, -9.9249317864894147e+02
36, 32, 5.4884447314055924e+03, 8.0335057901589107e+02
36, 33, 8.1805574299294285e+03, -4.8564818309999846e+03
36, 34, -3.5750167712948596e+03, -5.4877870473700932e+02
36, 35, 5.8332947757215261e+03, -4.7497212910231683e+03
36, 36, -1.2646722617168011e+03, 2.3345309966429213e+03
37, 0, 1.9407796311085870e+03, 0.0000000000000000e+00
37, 1, 1.1051364732119901e+03, 2.9501240517321276e+02
37, 2, -5.9386511237547429e+03, 2.1133306083809666e+03
37, 3, 3.7727811911288363e+03, 2.8710919064586528e+03
37, 4, 4.2703245090668279e+03, -4.5091565520128042e+03
37, 5, -3.9638728622591316e+03, 3.0874798740491278e+03
37, 6, -5.1333460811066197e+03, -6.0340912646313227e+03
37, 7, -9.2695035800728474e+03, -9.5768980723300069e+02
37, 8, -8.4263059874095907e+03, -7.7181082625086628e+03
37, 9, -4.7956065556053782e+03, -1.8554851132326048e+03
37, 10, -2.6441653585968470e+03, 7.0532199634781045e+03
37, 11, -4.3504633679594526e+03, 2.0273820403126499e+03
37, 12, 4.4874776411918183e+03, 7.9565021481731965e+03
37, 13, 7.1615051976829200e+03, -7.5933643614061366e+03
37, 14, 3.7120385449927817e+03, 1.3540083996700505e+03
37, 15, -2.1486464289577389e+03, 2.6805740596576870e+03
37, 16, 2.3578525737662212e+03, 1.3018567716619621e+03
37, 17, 6.1676822642414481e+02, 9.1724483384734958e+02
37, 18, 2.7095857738043160e+03, 8.7554907220431596e+03
37, 19, 6.7214357689880035e+03, 1.6876104920428706e+03
37, 20, -4.8890718681681119e+02, -2.0460282790049082e+03
37, 21, 9.1641424800295397e+02, -2.2158421064492368e+03
37, 22, -3.3064220112355847e+03, -8.7367565207832263e+02
37, 23, 2.2809477117372817e+03, -2.0445341235662695e+03
37, 24, 5.9919088379333934e+03, -4.4175706318398879e+03
37, 25, 2.4730689286861980e+03, 6.4963303460795169e+02
37, 26, -4.6117589116613244e+03, -3.7943569637456321e+03
37, 27, -1.8078877879582251e+02, -1.3893237741758016e+03
37, 28, 2.6090020507776899e+02, 3.4313312708103166e+02
37, 29, 9.9120643012963501e+02, -9.3137048705480083e+02
37, 30, 3.5883724750349365e+03, 9.4363596156712374e+03
37, 31, 7.5149089423607802e+02, -1.5053648663358254e+03
37, 32, -3.7810960819590900e+02, -8.7804399836692664e+02
37, 33, -3.1530578090895597e+03, -5.2271390865203048e+03
37, 34, -5.3196425408868790e+03, 3.5862021775673702e+02
37, 35, 5.0687051072062968e+02, 5.1877816832843473e+02
37, 36, -2.7361877504755030e+03, -2.1878820631383096e+03
37, 37, -6.9691526764943592e+02, 2.8953760411949752e+03
38, 0, -3.6570060475525133e+03, 0.0000000000000000e+00
38, 1, -7.3255867417922054e+03, 4.1931304107713031e+03
38, 2, -7.2041207068376780e+03, 5.4535953402027153e+03
38, 3, 5.4104798304745154e+03, -5.6642629532751869e+02
38, 4, 1.9091564113168588e+03, -2.5636044118588352e+03
38, 5, 6.1828591628511758e+03, 1.5575926456609870e+03
38, 6, 7.6609966765388353e+03, 5.7758064416165844e+03
38, 7, 2.0275754295847714e+03, 3.2324606309489245e+03
38, 8, 4.7061526028241933e+03, 3.9154199840561778e+03
38, 9, -6.0451873591386002e+03, 2.0973970191422777e+03
38, 10, -4.5254546900756832e+03, 1.6073592342712773e+03
38, 11, -3.6566425450766383e+03, -9.6091747452952950e+02
38, 12, -4.3547919868236431e+02, 5.0312128128331005e+02
38, 13, -1.1463953299833054e+04, 2.4559148601250868e+03
38, 14, -5.5426823964716768e+03, 5.5331060583113322e+03
38, 15, -2.1402503210259056e+02, 3.4433304320655225e+03
38, 16, -1.1960765704744699e+02, 2.8093213538419773e+03
38, 17, -9.7362603007878533e+02, 2.4672008488914616e+03
38, 18, -1.4589156733733819e+03, -6.3893063298012721e+03
38, 19, -1.5548562040951947e+02, -6.1958890397717059e+03
38, 20, -7.4436615798715848e+03, 1.5409008925683606e+03
38, 21, 2.4281982973077163e+02, 1.0473367677603305e+03
38, 22, 1.2633240395163266e+03, 1.0605573844220296e+04
38, 23, -1.2554804370938687e+03, -4.6301776873940526e+02
38, 24, -3.1235880596317265e+03, 8.7661499573393667e+02
38, 25, 5.8434612339457829e+02, 1.1760724106103933e+03
38, 26, 8.6826185208486022e+03, -6.8140840942428895e+02
38, 27, 2.3137461215671647e+02, -6.0454410313955213e+03
38, 28, -7.0395369388019344e+03, -2.5395277736504631e+03
38, 29, 1.1817857165533242e+03, 7.7568007967071462e+03
38, 30, 1.1409309829647900e+03, 6.6225627842106314e+02
38, 31, 5.8760529702057829e+03, -1.7283584976117868e+03
38, 32, -7.5349690073051352e+02, 2.9719839660664193e+03
38, 33, 3.9817437259005328e+02, -3.0785891927780217e+03
38, 34, -1.0706878401266835e+04, 6.6236257732275462e+03
38, 35, -3.5732405321103452e+03, -1.6031837101114115e+03
38, 36, -6.6756375595318723e+03, -4.0506636567911282e+03
38, 37, -2.1408680469537439e+03, 5.5310056699929046e+03
38, 38, -1.2811484977332439e+03, -3.4904709171250934e+03
39, 0, 6.0832039354553417e+03, 0.0000000000000000e+00
39, 1, 2.1731510736774653e+03, -2.1489313977630036e+03
39, 2, 1.6899347987072346e+02, 5.2466865835143353e+03
39, 3, 1.0110055168531326e+03, -1.1750412722856506e+03
39, 4, -3.1526926420611244e+03, -1.3627688456168787e+03
39, 5, -4.7579463765444007e+03, 3.2255835488311131e+03
39, 6, -3.0167790341143564e+02, 3.5606992331876986e+03
39, 7, 1.2201781997476064e+02, -3.8555936363819274e+03
39, 8, 5.0965238098797290e+03, 2.2797295555392393e+03
39, 9, 6.6155696338634643e+03, 2.0742492421131210e+03
39, 10, 6.0985874899163719e+02, -1.1402166705937841e+03
39, 11, -2.2269284638620293e+03, 6.0165113664124128e+03
39, 12, -2.5750121036811761e+03, 2.2370396516033520e+02
39, 13, 2.1499994060067534e+03, -1.4031567604474294e+03
39, 14, -3.7061649015150447e+03, -2.6024959019813809e+03
39, 15, 2.9545018320968711e+02, 5.9123851399749483e+03
39, 16, -2.8269591318667485e+03, -6.9222311560032745e+02
39, 17, 1.9758238814334568e+03, 3.9756657937795753e+03
39, 18, 4.0692695121544330e+02, -3.6174362449918863e+03
39, 19, -4.1491842169872962e+02, 5.3492770251189868e+03
39, 20, -3.5481787931871427e+03, -1.3300680086780867e+03
39, 21, 3.6343167328701675e+03, -2.2295011248995434e+03
39, 22, 2.0246051886348557e+03, -2.4033610713732792e+03
39, 23, 4.5058742496706836e+03, -1.7339752992915528e+03
39, 24, -1.0809948936850677e+04, -5.4353658197883351e+03
39, 25, -5.6014858349207470e+03, 6.4869877967796583e+02
39, 26, -3.9690932572401844e+03, -1.0846631958029451e+02
39, 27, 1.8090641693258858e+03, -7.5739572200729890e+02
39, 28, 5.3999303728811356e+02, -8.5846355856582850e+03
39, 29, -2.4529751876974206e+02, -6.9160172581419465e+02
39, 30, -4.8837053735970167e+03, -4.6409233073590476e+03
39, 31, -1.4094840121759262e+03, -1.9192233945754524e+03
39, 32, -5.3959185806790938e+03, -3.2736833609176138e+03
39, 33, 2.7564798636226442e+03, 4.4454466907594906e+01
39, 34, 3.7629920672657981e+03, 9.1994705988643773e+02
39, 35, 4.1105782140514748e+01, 3.7246522428249364e+03
39, 36, -6.2079013648695218e+02, -8.6092727598719375e+02
39, 37, -2.4609926662061375e+03, 3.7547210606337912e+03
39, 38, 2.7698554647201909e+03, 2.4920427625807642e+03
39, 39, 6.4653646062570954e+02, -8.9678741374065521e+03
40, 0, -4.7600178602243468e+03, 0.0000000000000000e+00
40, 1, -5.6560069749205013e+03, 5.0888498819861536e+02
40, 2, -2.7074412943629977e+02, -7.1165461012124470e+03
40, 3, 5.4874632825276149e+03, 1.8226685439889150e+03
40, 4, 1.0919388541465796e+03, 6.5756407785944930e+02
40, 5, 2.3823258861576383e+03, 4.7004299733089738e+03
40, 6, -7.2280739834377191e+03, -2.4186012096805266e+03
40, 7, -3.8888455544410999e+03, -4.8168070718150711e+03
40, 8, -9.2330671385679543e+03, 4.1432998186715758e+03
40, 9, -7.4598648558264767e+02, -1.9549257724932522e+02
40, 10, 3.2154069152228171e+03, 6.0841671265187888e+03
40, 11, 5.4609042705891179e+03, 1.9231392177687906e+03
40, 12, 1.2155108150158003e+03, 1.6896018854040080e+03
40, 13, 4.2045773643832445e+03, 3.9562450558600062e+03
40, 14, 2.7464942907008149e+03, 3.4136407029594716e+03
40, 15, -7.7290448690041103e+02, 1.4525151091708872e+03
40, 16, 1.2965096877621636e+03, 9.3536731819347347e+02
40, 17, -4.7678345638056817e+03, 3.2893697841398171e+02
40, 18, 7.0288847484867456e+03, 7.0311160820721834e+03
40, 19, 2.8370855190395187e+03, -6.2465471508989594e+01
40, 20, -2.7327720243009339e+03, 1.0011576458926572e+03
40, 21, -4.0215966069585133e+03, -2.9246863148330058e+03
40, 22, 4.0382510064823550e+03, -4.0319040587552117e+03
40, 23, 6.4008970785972997e+02, -1.4785903039547702e+02
40, 24, 3.8227087058968264e+03, 4.4152338046277991e+03
40, 25, -2.0337345426734319e+03, 3.6552493761941837e+03
40, 26, 3.3994899154419954e+03, 5.0856355548540087e+03
40, 27, -2.8837179329467460e+02, 8.9780338196162006e+02
40, 28, -1.2413411301769520e+02, 1.4508834916347932e+03
40, 29, 6.3826654667095445e+03, 4.9894960390825017e+03
40, 30, -1.0719281695285699e+03, 5.6345073692348533e+03
40, 31, -2.2490981595529938e+03, -1.4297852683831625e+03
40, 32, -1.7281319598581122e+03, -6.5402271677158751e+02
40, 33, 2.5367437390899959e+03, 1.6244609812060698e+03
40, 34, 9.5570135705882376e+02, -1.6089432699259505e+03
40, 35, -3.7948878604856091e+03, -6.9059609064998085e+02
40, 36, 8.5197176128059232e+02, 1.1065511366671985e+03
40, 37, 2.9367221723892148e+03, 1.6136127296588566e+03
40, 38, 2.0414157899997999e+03, 4.2777597676062965e+02
40, 39, 1.0829915309758690e+02, -8.6943133707933021e+02
40, 40, -7.2574657825707000e+03, 3.2841156387597498e+03
41, 0, 1.0413609839843521e+03, 0.0000000000000000e+00
41, 1, -4.2980264356804719e+03, 2.3219066253877945e+03
41, 2, -7.9863985973547578e+03, -5.0444455678534005e+03
41, 3, 2.2968112836720866e+02, 1.0718445866855263e+03
41, 4, -2.5621963594510612e+03, -2.7193679034457673e+03
41, 5, -2.3362139185151582e+03, 6.7522805775429306e+03
41, 6, 3.9504167955251346e+03, 5.6903120961337445e+03
41, 7, -1.8018343949395821e+03, 5.9955807025182021e+03
41, 8, -4.2161368709360249e+03, 4.8163899725988767e+02
41, 9, -1.5694874630837376e+03, -1.4385978820800965e+03
41, 10, -4.2356923351461364e+03, -2.1090461374474789e+03
41, 11, -2.6156533595344172e+01, -2.9761045329592803e+03
41, 12, -1.6783857072120109e+03, -2.1511234478020715e+03
41, 13, 1.5243610061100071e+03, 3.1714260426924407e+03
41, 14, 7.6631801406703362e+03, -3.1171513258165596e+03
41, 15, 1.2182629617130569e+03, -5.4080334604618047e+03
41, 16, 6.4331042975841392e+03, 1.5780325206967420e+03
41, 17, -6.9861104600451665e+02, -7.5525715870502054e+03
41, 18, -2.2665920912664669e+03, 3.9682100169158339e+03
41, 19, 4.8097123542466079e+02, 3.5331719155519231e+03
41, 20, 3.5747395682324441e+03, -2.2134435201036813e+03
41, 21, 5.1800934363009383e+03, 7.4267504319689942e+03
41, 22, 6.0349324749826610e+02, 5.4422009129607545e+02
41, 23, -3.7165923622791597e+03, 1.6773623255062309e+03
41, 24, -7.5228083468252794e+02, 4.7955417204131300e+02
41, 25, 2.9546335126512531e+03, 1.8477316271893687e+02
41, 26, 4.2193624090754929e+03, 4.3645473936336120e+03
41, 27, 3.0458925993050761e+03, 4.7834650039006283e+02
41, 28, 4.1571810264751093e+03, -6.6407109711070734e+03
41, 29, 2.8528287123361838e+02, -5.8380476055566305e+02
41, 30, -9.7484203472872741e+02, 4.3444794878004896e+03
41, 31, 5.4654063572926498e+02, 3.7935934948345584e+02
41, 32, -5.2408460526995577e+03, -4.1253275839755588e+02
41, 33, -5.4839111767625946e+02, 4.2356851757632667e+03
41, 34, 2.1159154259617317e+03, 3.5512429110125277e+02
41, 35, -3.9528654999532537e+03, -1.3111970121082713e+03
41, 36, -3.2719368453349653e+03, -1.6378388024288774e+03
41, 37, 1.9423804509775791e+03, -7.2818158649023826e+02
41, 38, -1.0907624812586873e+03, -7.4309291603557585e+03
41, 39, -7.6895200269222960e+02, 3.0735829149652645e+03
41, 40, 5.7721394702407779e+03, 2.7743036421445868e+02
41, 41, -2.2498111344743947e+03, 3.4379251315111833e+02
42, 0, -1.1682745082565923e+03, 0.0000000000000000e+00
42, 1, -7.1652499101974954e+03, -7.3732972562876307e+02
42, 2, -1.7083182901548034e+03, 4.8907337354688570e+02
42, 3, -1.4400966395975411e+03, -9.1600494608954170e+02
42, 4, -2.7581302709012061e+03, -2.6998073277520734e+03
42, 5, -2.3451758172541904e+03, 5.3889718439111311e+03
42, 6, 1.0074005018811442e+04, -2.7148620402162223e+03
42, 7, 2.4247878816926350e+03, -1.8425415812879044e+03
42, 8, 6.2252528837270329e+03, 6.6612933662844607e+03
42, 9, 4.0034195063947209e+00, 7.3416294065547754e+03
42, 10, -1.1000997940335481e+03, 3.0109012851059201e+03
42, 11, -2.6993108523927704e+03, 5.6112382814941602e+03
42, 12, -4.0002765315389365e+02, -1.1747445133124086e+03
42, 13, 2.6871426722157275e+02, 5.1886345147529328e+03
42, 14, 3.5397369331725122e+03, -2.7142248213562716e+03
42, 15, -9.1531813291894559e+02, -9.1645682593390120e+01
42, 16, -1.1132695207503093e+03, 1.5950096036478185e+03
42, 17, 5.0009672574535343e+03, -4.3547851845995365e+02
42, 18, 3.1222691566726053e+03, -7.8790192348271357e+03
42, 19, 1.8394801644531472e+03, 6.3970833332386746e+02
42, 20, -4.0300546382660514e+01, 2.2712349631571115e+03
42, 21, -6.2074097329997758e+03, -2.9205040022670355e+03
42, 22, 2.4965280672645931e+03, -9.5910543482912726e+02
42, 23, 6.1371406004413384e+03, 2.7678188017364619e+03
42, 24, -2.5668629524671042e+03, 4.7015916087325722e+03
42, 25, -8.6059007285699170e+02, 4.0116750021039779e+03
42, 26, -2.4279738843480245e+03, -1.8933452784722285e+03
42, 27, 3.0470352022712764e+03, -6.4140947176541604e+03
42, 28, -4.7174923204177321e+02, -1.3014277619992163e+02
42, 29, 1.5690473036051546e+03, -2.4802728039252106e+03
42, 30, 2.5525195009030540e+01, 4.4574163398983319e+03
42, 31, 6.3829236610498810e+01, 3.9220540771293272e+03
42, 32, -1.1394740082472090e+03, -2.5392271261604483e+03
42, 33, -1.7678546354331838e+03, -5.4146422517798965e+02
42, 34, -1.0420518716283487e+02, 3.0765773424571512e+03
42, 35, 3.4577127667195628e+03, -4.6918022231227087e+02
42, 36, 3.3353930612331524e+03, 1.6836788804131811e+03
42, 37, -4.7833818988852846e+02, 5.6121477036474835e+03
42, 38, 1.2914510026400603e+03, -3.6287709638749930e+03
42, 39, -3.4403523693876514e+03, 2.3907935454767717e+03
42, 40, 6.3338451741836361e+03, 1.3932472779855434e+03
42, 41, -2.8341538847074207e+02, 1.4249169691359548e+03
42, 42, 4.3433052247270407e+03, -4.3370515468852955e+02
43, 0, -3.1290716178543680e+03, 0.0000000000000000e+00
43, 1, 1.0125141738345119e+03, -1.1560035789280846e+01
43, 2, -4.8180855158648264e+03, 1.5950916674344189e+03
43, 3, 3.1821001106681119e+03, 1.6477561673003106e+02
43, 4, -3.1088383920436054e+03, -1.4585090827674321e+01
43, 5, -1.6729237697142325e+03, -2.9039524515126786e+03
43, 6, -8.2421934268636824e+02, -2.8889020967473625e+03
43, 7, 2.2065463562310956e+03, 3.1977037697747710e+02
43, 8, -1.9847682797393318e+03, -2.0640313839744654e+03
43, 9, -2.2678294003404708e+03, -4.9508010813407564e+03
43, 10, 2.9868796467266284e+03, 2.0729347252900052e+03
43, 11, 2.6840185942964449e+03, 3.9003940393643607e+03
43, 12, 7.3761206815463038e+03, -2.8484917383669426e+01
43, 13, -1.0788111428790457e+03, -1.2188337148811395e+03
43, 14, -2.7677272095380581e+03, 2.1072628094346528e+03
43, 15, -5.3012809622678415e+03, 4.0576864031268215e+03
43, 16, -3.4879563336840774e+03, 1.1342264846629159e+03
43, 17, -2.0332935580147280e+03, 4.0946744645039762e+03
43, 18, 1.5846818547101768e+03, -2.5451064105899009e+03
43, 19, -3.2085298726260720e+02, 2.7140484339723562e+03
43, 20, -7.4282135139188796e+01, -1.6517266609875587e+03
43, 21, -2.4370148275245592e+03, -4.8948708306904900e+03
43, 22, -2.7661845931337539e+03, 3.5687157347473203e+01
43, 23, 1.1587138820257669e+03, 2.1195319913683338e+03
43, 24, 7.6024813741258527e+02, 1.5335618571107266e+03
43, 25, -1.1975038321763952e+03, -2.8990760912904889e+03
43, 26, 3.1644053021354252e+03, 2.5432329949482009e+03
43, 27, 5.3263299132441762e+02, -9.4205845516907993e+02
43, 28, 3.7108138201489101e+03, -4.6153435627120462e+02
43, 29, 2.0498388721631798e+02, 7.4324050965724018e+02
43, 30, -5.9774927034879856e+03, 9.5786558690503330e+02
43, 31, 2.8262393620843086e+03, 4.8495828783141997e+02
43, 32, -1.0777199092218766e+03, 1.1551967940729064e+03
43, 33, 8.2818176798896766e+03, 2.1262602572889773e+03
43, 34, 2.6844156234082220e+02, 2.8953491571077375e+03
43, 35, 2.1437154070769157e+03, -1.7106617442625623e+03
43, 36, -8.1506363723561958e+02, 4.3670976251706325e+03
43, 37, 1.6872462020741609e+03, 3.8777322423916939e+02
43, 38, 1.3199852815562531e+03, 3.2495225089158835e+03
43, 39, 1.6244439182547048e+03, 1.2162325873866253e+03
43, 40, -2.5237147519360533e+03, -2.2168038556966535e+03
43, 41, 4.6480699110191372e+03, -2.2676177264372209e+03
43, 42, -5.9847946215386546e+03, -3.7832408542564845e+03
43, 43, 4.0765001866786406e+02, 3.4702432439009835e+03
44, 0, -2.3008061997806180e+02, 0.0000000000000000e+00
44, 1, -6.0868849793069321e+03, 1.7143971904493187e+03
44, 2, 2.0153490788273357e+03, -1.9585019741557403e+03
44, 3, 2.8265237851300362e+03, 2.2440331902670814e+03
44, 4, -3.1809055466403302e+03, -1.0457757464515857e+03
44, 5, -1.3330908814763197e+03, 3.4183407425578589e+03
44, 6, -2.8914138820971912e+03, -8.0934935744922950e+02
44, 7, -4.4229916012732192e+03, -5.6875652822681277e+03
44, 8, -4.6678166434022387e+03, -3.1579964138247533e+03
44, 9, 4.3230675266849412e+03, -6.5623266070973214e+03
44, 10, 5.8619557925632271e+03, 2.1030420271126241e+02
44, 11, 1.1433352430292762e+03, -3.3185782021647610e+03
44, 12, 7.8755098467473363e+03, -1.2796501482848857e+03
44, 13, 2.6596360562298682e+03, 6.3306901804838162e+02
44, 14, 4.4307449271522519e+03, -4.0916952470243332e+03
44, 15, 1.7090644404690938e+03, -5.8781682771916439e+03
44, 16, 6.8007387975293532e+03, -1.5148249468258284e+03
44, 17, -3.2960705826350490e+03, -3.1499059989786601e+03
44, 18, -2.3259624990468105e+03, 2.7396692172507796e+03
44, 19, -5.7038192420985251e+03, 1.4574312300118156e+03
44, 20, -6.1775677737951446e+02, 4.1924345846687020e+03
44, 21, -3.5079186185999179e+03, 4.1773305424865821e+03
44, 22, 2.6479400258930968e+02, -1.4092685019674059e+02
44, 23, -9.1153608003682621e+01, -2.4802240854766760e+03
44, 24, 5.8939221755205099e+03, -5.9407991067188323e+02
44, 25, -2.2766816322675068e+03, 2.0355078173858583e+03
44, 26, -4.7363774950935513e+03, 1.3230675565523611e+03
44, 27, 1.9544700847378867e+03, 1.9987685218387110e+03
44, 28, -4.7830101131349420e+02, -1.8545096660485144e+03
44, 29, -1.7619629369737838e+03, -9.9107447505191067e+02
44, 30, -6.6028743462364037e+02, -3.0468408788014585e+01
44, 31, -4.0295650996889631e+03, 3.2943508421700003e+03
44, 32, -4.8990377590025691e+03, -4.9751387474355324e+03
44, 33, -1.1500192824978840e+03, 3.1249143298443350e+03
44, 34, 2.8967194610170227e+03, 1.2367353972994492e+03
44, 35, 1.1555939083791172e+03, -2.6496792201772532e+03
44, 36, 2.5356135709691162e+03, -1.8516174833856103e+03
44, 37, -4.4373510454424577e+03, -1.4473386851413511e+03
44, 38, -9.3241474704871871e+02, -2.6569156890323284e+03
44, 39, -1.0135505697494636e+02, -4.1495128043199338e+02
44, 40, -2.9151317915494474e+02, 2.1888692949429019e+03
44, 41, 8.4305234034083128e+02, -1.1121344884590408e+03
44, 42, 4.2165219439958864e+03, -1.0038207027154469e+03
44, 43, -1.5887442966998531e+03, 4.3766573723640504e+03
44, 44, 3.1811546254018422e+03, -4.9102611813792355e+03
45, 0, -5.4306921898211776e+03, 0.0000000000000000e+00
45, 1, -2.8485984448871022e+03, -1.2665213173272709e+03
45, 2, 2.7143319205047101e+02, -1.8159472610440844e+02
45, 3, -1.3749147298390408e+03, -6.7733801410769502e+03
45, 4, 6.4573292337509920e+03, -1.7481393450343396e+03
45, 5, 1.0541614328283222e+03, 1.5256014027322283e+03
45, 6, 5.6256057000899455e+03, 2.1689723849404954e+03
45, 7, 3.4938011702511458e+03, 2.7892885234611440e+03
45, 8, 8.4879614994442045e+02, 2.4023328089811407e+03
45, 9, -4.2861949177831575e+03, 1.3183551696371414e+03
45, 10, -6.0600370377612107e+03, 2.3283882245010800e+03
45, 11, 8.7212919926861309e+02, 1.6443204625922117e+03
45, 12, 6.8586852519234708e+02, -6.4532723513806841e+03
45, 13, -2.5044479587118349e+03, -5.5148690044046934e+03
45, 14, -1.2523901112763446e+02, -2.8113912042520874e+03
45, 15, 1.7695730064088721e+03, 1.0337866987532234e+03
45, 16, -8.1630644088995723e+02, 2.0934059336242763e+03
45, 17, 2.4966098178871835e+03, 1.5697225532810926e+03
45, 18, -3.6399228597323677e+03, -8.1946649950172505e+03
45, 19, 5.8755516324618357e+03, -9.4506050779590691e+02
45, 20, -2.0947494728886281e+02, -2.7767226297022562e+03
45, 21, -4.5922936499637194e+02, -3.3165995135229696e+03
45, 22, -4.2588763406916250e+03, 8.4118208779669985e+03
45, 23, -7.4637831823653505e+02, -6.6207271931360469e+02
45, 24, -1.3845439684293274e+03, 7.9727879000780640e+03
45, 25, -5.3066480320448409e+02, -1.5864987657213987e+03
45, 26, -2.5912945280462454e+03, 3.6096064268740129e+03
45, 27, -3.5363314184547335e+02, -4.6280298508418728e+03
45, 28, 2.1068764118291001e+03, -3.3299298252380140e+03
45, 29, 1.4645386792561808e+03, 3.8990731146667172e+03
45, 30, 1.5474704649695782e+03, 4.9830155913314502e+02
45, 31, -8.7830422533640012e+02, 5.6285704549626917e+02
45, 32, 2.0341278020396469e+03, 1.6531448256151143e+03
45, 33, 2.4379403364390137e+03, -3.7332978562652534e+02
45, 34, -1.2226062215586649e+03, -5.5642306603652401e+02
45, 35, -4.5156806026704817e+03, 2.5670575383986015e+03
45, 36, 1.7463292560503901e+03, 5.4936073145587688e+03
45, 37, 2.2456130467676549e+03, 1.9707180902315854e+03
45, 38, -3.3771311300014268e+03, -8.7964369078602977e+02
45, 39, 5.0313987922503838e+02, 6.6605299619360051e+02
45, 40, 9.9157823013775248e+02, -3.8322962272668919e+03
45, 41, -4.2739072991381854e+03, -3.0826212630227819e+03
45, 42, -1.9273705724867950e+03, 5.4104435442293834e+01
45, 43, 3.7237002931329171e+03, -2.8053226464224745e+03
45, 44, -1.5214170257626947e+03, -2.6604899293728295e+03
45, 45, -1.4767622878514503e+03, 9.2210803345278237e+02
