0, 0, 0.0000000000000000e+00, 0.0000000000000000e+00
1, 0, 7.9767032930346660e+05, 0.0000000000000000e+00
1, 1, 4.6494609975767547e+04, 3.6096173771487625e+05
2, 0, 0.0000000000000000e+00, 0.0000000000000000e+00
2, 1, -1.2315688181420085e+05, -6.6502234637921938e+04
2, 2, -3.0734999995848904e+06, 1.6963822070261773e+06
3, 0, -9.8355016070430668e+05, 0.0000000000000000e+00
3, 1, 4.4696339613011829e+05, 2.0857414564478535e+06
3, 2, -1.0324129414973189e+06, 4.0692765733479476e+05
3, 3, 2.4450432608102136e+06, 1.4611923457773628e+06
4, 0, 4.0654724546059454e+05, 0.0000000000000000e+00
4, 1, 5.6302945969322906e+05, 4.4024414166265732e+05
4, 2, -4.2031934020248492e+05, -8.8866434767048806e+05
4, 3, 9.8536504572432349e+05, -4.8290676796133848e+04
4, 4, 1.1509662294431930e+05, -1.3137574401990171e+06
5, 0, 7.1258472889892582e+04, 0.0000000000000000e+00
5, 1, -1.8728599681263135e+04, 5.3406197690916597e+03
5, 2, -4.0779000528306334e+05, -2.2676831942582983e+05
5, 3, 3.3889603385923908e+05, -2.6665016204266303e+05
5, 4, -6.4854566107076302e+05, -8.2540543119732698e+04
5, 5, -5.2800197148225422e+05, 4.9342078501606500e+05
6, 0, 5.9943787501911022e+04, 0.0000000000000000e+00
6, 1, 3.9402396326933318e+05, -1.7383378669636603e+05
6, 2, 3.4510611407009023e+05, 1.6913332537875310e+05
6, 3, 3.3694537220918474e+05, 1.3880957824972112e+05
6, 4, 9.8469625780448172e+04, 3.2734822547513212e+05
6, 5, 8.8943296081082837e+04, 3.1332486710495275e+05
6, 6, 2.8219916879733937e+05, 8.6472877345273300e+04
7, 0, -2.5801614541475981e+04, 0.0000000000000000e+00
7, 1, 3.5098729019329109e+05, -2.7031983425073663e+05
7, 2, 3.3827385686670919e+05, 5.2481530721016985e+04
7, 3, 9.7468214048159847e+04, -3.2112145205915083e+04
7, 4, 5.8179565167960653e+05, 9.9519243878082983e+04
7, 5, -5.2396290343442757e+04, -3.3458033153065928e+05
7, 6, -2.3768360149598098e+05, -4.0965518508198939e+05
7, 7, 1.0967614849318736e+04, -2.3482342445459522e+05
8, 0, 1.5007985115441389e+05, 0.0000000000000000e+00
8, 1, -1.7287716915571655e+03, 4.3482237331828859e+04
8, 2, 4.4678532236979814e+05, 1.1214198209512686e+05
8, 3, -3.4634022446887841e+05, -3.7820723029390106e+05
8, 4, 3.4726484318026644e+05, -1.1768127902666049e+05
8, 5, -7.6137800185476022e+05, -5.4213830141091906e+05
8, 6, -8.0010022910288826e+04, -3.5128220102453290e+05
8, 7, -1.6795904169211455e+05, 3.0281986958528653e+05
8, 8, 3.4694351629463315e+04, -7.2709676487349541e+04
9, 0, -7.3110710090773093e+04, 0.0000000000000000e+00
9, 1, -2.2732022232725896e+04, 1.4589394703442478e+05
9, 2, 4.2256953197231371e+05, 3.4920075212640397e+04
9, 3, -2.3046766023206065e+05, -1.7697397978990027e+05
9, 4, 1.2606989970893387e+05, 4.4486459308484098e+05
9, 5, -5.2640079065474169e+05, -4.9731457688081393e+05
9, 6, 1.5883946886848024e+05, -4.1102123872265976e+04
9, 7, -2.2324768458711306e+05, 4.7862389819397661e+05
9, 8, 4.9060937553972477e+05, -1.2748614046531820e+05
9, 9, -2.5363463735041567e+05, -8.2098770876316266e+04
10, 0, 1.3855453855369918e+05, 0.0000000000000000e+00
10, 1, 1.8534435826235390e+05, 9.1251130470319302e+04
10, 2, 9.3111194800313431e+04, -3.5778135589827556e+05
10, 3, -2.9129498032781231e+05, 8.9357695019894105e+04
10, 4, -3.9714333922446275e+05, 1.2678042513170159e+05
10, 5, 2.1249930415541644e+05, -3.2604552528125455e+05
10, 6, 1.6178068802448755e+05, 4.8275857253744145e+05
10, 7, 1.4266055768949416e+05, -1.0501090462736404e+05
10, 8, 1.7411375860165514e+05, 2.4911199921110054e+05
10, 9, -3.8030356609590986e+05, -3.2579108948510187e+05
10, 10, -1.0878962258756094e+05, 1.7629413346347364e+05
11, 0, -1.0398833532547994e+05, 0.0000000000000000e+00
11, 1, -1.4330294406893291e+05, -4.7138592379774040e+04
11, 2, -8.0531777397749509e+04, -4.5517735674388829e+05
11, 3, -4.6701955472930009e+05, 3.5997552979584952e+05
11, 4, -6.2076964254662662e+05, -2.9551758187507268e+05
11, 5, 4.1194621374431398e+05, 3.6578931968354783e+05
11, 6, -1.9450751240724619e+05, -8.0618507486710078e+04
11, 7, 2.8754934217175725e+05, -2.5007530699039565e+05
11, 8, -4.9174461056127184e+05, 1.9632496910400735e+05
11, 9, -1.1224541940312719e+05, -1.4495457680193009e+05
11, 10, -1.1893364906654140e+04, 7.1738988540540426e+05
11, 11, -4.9385074598089115e+04, -1.3928193615315054e+05
12, 0, 1.0854117279732454e+03, 0.0000000000000000e+00
12, 1, -5.0511625826586626e+05, 3.1175394205659246e+04
12, 2, -8.6793853160626197e+04, 1.9015682843774511e+05
12, 3, -5.8946314379701717e+05, 1.0323127424138231e+05
12, 4, -1.1690639437008524e+05, 9.2754186315726693e+04
12, 5, 1.7441743080288329e+05, 4.3261563971475966e+05
12, 6, -1.2618806070305235e+05, -5.9290352459923713e+05
12, 7, 6.7556640811799341e+04, -1.4117124286746889e+05
12, 8, -5.0606479167301371e+05, -6.1838458505199931e+04
12, 9, 1.6099854678624231e+05, 1.0679385517135124e+05
12, 10, 4.9477247342292423e+04, 4.7319296631162683e+05
12, 11, 3.2309358583609614e+05, -7.4827731427981949e+05
12, 12, -4.0063877872725418e+04, -3.5904080363546076e+04
13, 0, -1.5227260315274593e+05, 0.0000000000000000e+00
13, 1, -3.2618477153300022e+05, -9.4000094851204703e+04
13, 2, 1.8788139215902827e+05, 4.3789002550696098e+05
13, 3, -3.0887117288657450e+04, -2.8175798812327368e+04
13, 4, -2.0497376221143539e+04, 2.5763610754562978e+05
13, 5, 3.8942036717384079e+04, -2.1273799175351326e+05
13, 6, 2.0134913996518662e+05, -5.3391351175346540e+05
13, 7, -3.4083250591210742e+05, 1.6688890656656923e+05
13, 8, -8.8118606731727137e+04, -1.9763022245480621e+04
13, 9, 3.5020882909880701e+05, 2.6664952918757091e+05
13, 10, 1.1659455204916594e+02, -2.3474960895734857e+05
13, 11, 3.2173986009973200e+05, -4.0760229145299952e+05
13, 12, -5.2066958899817348e+05, -1.9145662530040694e+05
13, 13, 3.0086291167037602e+05, 4.0299900687995792e+05
14, 0, -1.1173871153406188e+04, 0.0000000000000000e+00
14, 1, 3.2539057743922056e+05, 8.1315643061108975e+04
14, 2, 1.7621671090632360e+05, -2.0228074433341250e+05
14, 3, 1.5542286527261176e+05, -9.8617335434863082e+04
14, 4, 1.7654603637830704e+05, -5.1660623255934275e+05
14, 5, -2.1130626071201926e+05, -4.6239856168355339e+05
14, 6, 2.3619413970052192e+03, -9.0829630422469854e+04
14, 7, -1.3963945137104398e+05, 1.2494893073688187e+05
14, 8, 4.5224788578752422e+05, 2.2739599135563165e+05
14, 9, 1.8101581166148913e+04, 4.4350788086524681e+05
14, 10, -4.3377172711946267e+04, -7.3361967197153624e+05
14, 11, -3.1642593295285525e+05, 1.5232313493751339e+05
14, 12, -1.5353295700380602e+05, -7.9154442417401908e+04
14, 13, 3.3865691200973233e+05, 9.2719327354739467e+05
14, 14, -1.7437089898147839e+04, -3.1632838848919002e+05
15, 0, 2.0351356750519291e+05, 0.0000000000000000e+00
15, 1, 8.5774063404797082e+04, 2.1240154086994642e+05
15, 2, -2.5039579466586155e+05, -3.5684469721674477e+05
15, 3, -2.5364444495716749e+05, -1.3549847406622503e+05
15, 4, -3.5843664004902937e+05, -4.9783974587214505e+05
15, 5, -4.3013493495104357e+05, -2.9589903569782729e+05
15, 6, -2.2320358616737554e+04, 3.1960294015113707e+05
15, 7, 4.8224388265878905e+05, 2.1698910193847053e+05
15, 8, 5.2703516760569671e+05, 3.0338958821440127e+05
15, 9, 4.4252756742046186e+04, -1.6391559493965228e+05
15, 10, -1.4070170162587755e+05, -9.2981384814644814e+04
15, 11, -3.9010171383940725e+05, 2.9139260682699858e+05
15, 12, 3.0582006854046980e+05, 3.6924629810450494e+05
15, 13, 4.9785814350116110e+04, 3.9136571992213902e+05
15, 14, 9.0865733853685451e+04, -6.2920572512038331e+05
15, 15, -2.9036036785267852e+05, 2.5166016408078918e+04
16, 0, 2.1578154072466368e+05, 0.0000000000000000e+00
16, 1, -1.1304949658581676e+05, -2.8427638836070755e+05
16, 2, -4.1343837996951514e+05, -1.4987580750300991e+05
16, 3, -2.4084800714409782e+05, 2.4650607135462537e+05
16, 4, -5.1595955390778411e+05, -5.1400481788687161e+04
16, 5, -2.0438840716988532e+05, 3.1805989610637032e+05
16, 6, 8.4774588620652037e+04, 1.1651432821783595e+05
16, 7, 2.6080851411996881e+05, 1.2765646054901832e+05
16, 8, 1.5605612411380009e+05, 2.7465623583116912e+05
16, 9, -2.6684410676659021e+05, -5.1590207750644151e+05
16, 10, -3.3610185608486721e+05, 1.4806324479457099e+05
16, 11, 9.4876273560737100e+03, -4.7163330000566115e+04
16, 12, 3.4659073497837590e+05, 3.3076144369755330e+05
16, 13, -5.5265006551072918e+04, -3.4776642197447480e+05
16, 14, -1.8387236477681145e+04, -4.8612684898923058e+05
16, 15, -5.7913658970546816e+05, 1.6328930186597750e+05
16, 16, 1.0316131911129563e+05, 2.0678422914689610e+04
17, 0, -7.6302213905598503e+04, 0.0000000000000000e+00
17, 1, -2.8696688285730616e+05, -3.6743403471412446e+05
17, 2, -1.5951878856481169e+05, -2.5550143871720094e+04
17, 3, -1.4882427536840248e+05, 6.2937873294416277e+04
17, 4, 2.4984073616565709e+05, 1.1061553626479268e+04
17, 5, 3.8184688277018361e+05, 1.1072269467476207e+05
17, 6, 3.3009169769274117e+05, -1.2056271311910925e+05
17, 7, 1.7106358867668870e+05, -2.0916638725481200e+05
17, 8, -1.9515342570013620e+05, -1.0820222730534384e+05
17, 9, -5.2329791411414175e+04, -2.8651761859174224e+05
17, 10, -2.8114594742204394e+05, 1.2657195131630849e+05
17, 11, 1.2235790989261994e+05, -1.4827320168652659e+05
17, 12, 2.1384977467748625e+05, -3.6559177567863007e+04
17, 13, -3.4572252528227877e+05, -5.2169270807131985e+05
17, 14, -1.5525821663431075e+05, -2.5085446646720474e+05
17, 15, -1.8007315062103514e+05, 2.6426624496451870e+05
17, 16, 6.5783152727342630e+05, 3.2590989827612578e+05
17, 17, 1.0296362155888534e+05, 1.7733005084545087e+05
18, 0, -1.8247210879079771e+05, 0.0000000000000000e+00
18, 1, -1.0518224671056213e+05, -4.2327245466622879e+05
18, 2, -1.2103374808723209e+04, 1.6753327417016480e+04
18, 3, -2.3137571226122411e+05, -2.4220681126026719e+05
18, 4, 6.1526376676773909e+05, 1.1569866459434276e+05
18, 5, 1.3404185068919341e+05, -4.2036317316773534e+05
18, 6, 1.5657429160628974e+05, -4.4254119391665130e+05
18, 7, -9.9106762561820462e+04, -1.0248841047802242e+05
18, 8, 7.7840667456567811e+04, -2.0362606675761851e+05
18, 9, 1.6343061101336963e+04, 3.3333395244659687e+05
18, 10, 4.4620051188368001e+05, -1.1794602640704227e+05
18, 11, 2.1513082626679580e+05, -1.3878562770474347e+05
18, 12, 6.9838703133213858e+04, -1.8130921333166107e+05
18, 13, -2.5439473887183439e+05, -1.4021077782895660e+05
18, 14, -2.7031250105548097e+05, 1.6048909772679221e+05
18, 15, 3.1119098615962808e+05, 4.8936490029743797e+05
18, 16, 3.3316612965839030e+05, 9.9682046792878857e+04
18, 17, 1.5380921449940148e+05, -6.3203650064160256e+05
18, 18, 2.4624398809450603e+05, 2.1925735329683108e+05
19, 0, -1.6957210440117124e+04, 0.0000000000000000e+00
19, 1, 4.9398468152624511e+04, 3.1432863280327065e+05
19, 2, -2.3824011607573186e+04, 3.0388419428063906e+04
19, 3, 1.2897893638965259e+04, -1.2639847635817558e+05
19, 4, 1.5547470436564067e+05, 1.8607934104738315e+05
19, 5, -1.6231932088530748e+05, -2.4536697116514886e+05
19, 6, -1.0637919323134521e+05, -1.6804695421710145e+05
19, 7, -2.9280343594145699e+05, 1.3452391039631094e+05
19, 8, 2.9163673135364498e+05, -3.6851311260999079e+04
19, 9, 1.5890538960461543e+05, 3.5969612898847234e+05
19, 10, 3.9984388273327099e+05, 8.2803581274672470e+03
19, 11, -7.4488121236656661e+03, -2.8550519813495100e+05
19, 12, 3.7513736261572631e+04, 3.2607081987316789e+04
19, 13, -1.7430180544626896e+05, 2.6502796227151935e+04
19, 14, 1.2348638571913235e+05, 3.4944802510730154e+05
19, 15, 5.9172260327377706e+05, 3.9700681469621666e+05
19, 16, 3.4604409459579983e+04, -1.2256867883221377e+05
19, 17, -1.3348580874223943e+05, -3.2592493163229129e+05
19, 18, -4.0666388243713044e+05, 4.1571630504352506e+05
19, 19, -2.2618360097014852e+05, -4.9558535302648228e+05
20, 0, 2.0354088256672281e+05, 0.0000000000000000e+00
20, 1, 3.6070036922344152e+04, 4.2738335694031115e+05
20, 2, 3.1789565547444843e+04, -1.7505637218772390e+05
20, 3, 1.9536952886479269e+05, 1.3702727389924234e+05
20, 4, -2.8141906623128563e+05, 9.9568000588683397e+04
20, 5, 1.3884992478101756e+05, -1.8922581863539970e+04
20, 6, 1.2937218396168927e+05, 2.2832355413088494e+05
20, 7, 5.8285855355689637e+03, 1.6898621968078712e+05
20, 8, 1.9550715836190485e+05, 2.2334477868013066e+05
20, 9, 1.4536857047729861e+05, 1.1967263220076208e+05
20, 10, -2.6450907419248990e+05, -3.3136204541194573e+04
20, 11, -1.2228145412862068e+02, -7.2787891717013626e+04
20, 12, -4.0635991688347585e+05, -1.2672774793850958e+05
20, 13, -1.5460112807677346e+05, 2.3808214475513162e+05
20, 14, 2.5157928425160269e+05, 2.4074370193738255e+05
20, 15, 5.6983227675553593e+04, -2.6788449709370761e+05
20, 16, 3.6408200635460453e+04, -1.0761576619667056e+05
20, 17, -4.0172637227611803e+05, -3.0929919214669056e+05
20, 18, 3.6111256279241519e+04, 4.8429020031962096e+05
20, 19, 5.9674070998084659e+04, -1.4256209432515444e+05
20, 20, -3.4543400656570063e+05, -1.5471550206448155e+03
21, 0, 4.0644333125596022e+04, 0.0000000000000000e+00
21, 1, -1.3590473709854760e+05, -2.6819057828965713e+05
21, 2, 1.1424212188379315e+04, -4.2591991565055109e+05
21, 3, -8.8920415734703260e+04, 1.5093677544371568e+05
21, 4, -2.8853963612492487e+05, -1.2731546088635961e+05
21, 5, 2.8524801932690712e+05, 8.9551385540230898e+04
21, 6, 4.4214678422199606e+04, 1.3223086460930531e+05
21, 7, 1.7033303132564496e+05, -2.5973154292386302e+05
21, 8, 6.1708275562084324e+04, 2.0258513168027249e+05
21, 9, -2.2996859128586092e+05, -2.2895362544214062e+04
21, 10, -2.4300663931081846e+05, 1.7741495862719126e+05
21, 11, -3.0593093692787003e+05, -2.5005053244992322e+05
21, 12, 1.5567352712729521e+05, 1.0743967994306522e+05
21, 13, -2.3908543555246848e+04, 2.1135768664189964e+04
21, 14, 9.1863705863283947e+04, -3.2807113500120607e+05
21, 15, -2.4576170708791033e+05, -3.5998439927279501e+05
21, 16, -2.3123105219223915e+05, -1.1679962330155463e+05
21, 17, -2.4923127711131409e+05, -2.2794223912399993e+05
21, 18, 1.9426334513178677e+05, 3.5567278657642595e+05
21, 19, 4.1187120255311806e+04, -6.1135762455266749e+05
21, 20, -2.0008939583273680e+05, -3.0691054240284237e+05
21, 21, 5.5345685842239868e+05, 4.0081145183930494e+05
22, 0, -2.4482109359067827e+05, 0.0000000000000000e+00
22, 1, -3.5209539295110386e+05, -1.8080877527432877e+05
22, 2, 7.2022506578563043e+03, 8.7641353856194837e+04
22, 3, -3.2694373561537010e+05, -3.3858052892467975e+04
22, 4, 2.1518662535845372e+05, -2.4625297600697164e+05
22, 5, 4.3271851536641982e+04, 5.2438238639870862e+04
22, 6, -1.4649721132618529e+05, -3.2275825150887668e+05
22, 7, 1.9389278319215271e+05, -5.7512388738911468e+04
22, 8, -2.4829779892299880e+05, -1.3752213407014846e+05
22, 9, -5.5505455782611745e+04, -1.3485024128942486e+05
22, 10, -2.1740119620534216e+05, 1.4740530201806442e+05
22, 11, -1.9069965626347499e+05, -2.1705118800618214e+05
22, 12, 2.7838461308433005e+05, 2.1984429708284399e+04
22, 13, -1.2932653234353768e+05, -1.2280461692678501e+05
22, 14, -6.4570365801509150e+04, -3.7005312625306414e+05
22, 15, -3.2021641043818812e+05, 1.7498636294049909e+05
22, 16, -1.7517804597956015e+05, -5.8572671114891855e+03
22, 17, 3.5433511615790235e+05, 2.3243031025553704e+05
22, 18, -1.0471713713768998e+05, -1.6109740252688025e+04
22, 19, 3.7493383612267347e+05, -2.8025861587118183e+05
22, 20, -4.0731796753369446e+05, 9.1990335978772811e+04
22, 21, 2.6604137280005222e+05, 5.2778099850026146e+05
22, 22, -3.8594252637229874e+04, -2.3886568088621603e+05
23, 0, 8.4474133452793278e+04, 0.0000000000000000e+00
23, 1, 1.8629248063089376e+05, 2.4053430810967293e+04
23, 2, 1.3978674923064566e+05, 3.5129043475704920e+05
23, 3, 1.3749022766324127e+05, -1.5253167836126249e+05
23, 4, 2.9677684952504578e+05, 4.1126079580490965e+04
23, 5, -2.9860320613555855e+05, 1.6727008164795977e+05
23, 6, 3.0681155156453315e+05, -4.4656236384979897e+05
23, 7, -1.8983819286400222e+05, 3.4160029945455590e+05
23, 8, -1.0706637920929620e+05, -2.6833644351734227e+05
23, 9, 3.5365895705365590e+04, 1.4239315600134002e+05
23, 10, -1.0662699446022593e+05, -3.0585702931411297e+05
23, 11, 2.0650996494424358e+05, -1.8187583006909912e+05
23, 12, 3.6502114033792670e+04, -1.3226313476977320e+05
23, 13, -2.1359119041359186e+05, 5.6343560574323637e+03
23, 14, -2.8328931533353418e+04, -3.8352130164759909e+05
23, 15, -2.3987346288581198e+05, 6.5349221082733711e+05
23, 16, 3.6493435704103741e+05, 5.2889770928560567e+04
23, 17, 2.7507121115134249e+05, 6.4277531886125286e+05
23, 18, -1.2235516191751235e+05, -4.5775816765097098e+05
23, 19, 4.4063602286539658e+05, 5.1588681703975300e+04
23, 20, -4.7803140074620012e+05, 8.6757366737204720e+04
23, 21, 3.8817585841842205e+05, 5.5877608791537571e+05
23, 22, 1.9342252493216377e+05, -6.7946180187439197e+04
23, 23, -5.0384472448372137e+05, 1.3708330434277054e+05
24, 0, 1.5366321118096047e+05, 0.0000000000000000e+00
24, 1, 2.0948911597815200e+05, 2.3982667862639268e+05
24, 2, -1.8989390369118417e+04, -1.9859391227683169e+05
24, 3, 3.6163007037210133e+05, -1.7971817149038016e+05
24, 4, -2.1717487416890217e+04, 1.5132912437734878e+05
24, 5, -2.2415741959086666e+05, -1.4889068976951443e+05
24, 6, 3.4305794028402946e+05, -4.0900401159836991e+04
24, 7, -3.8543659054976783e+05, 4.5184389223550051e+05
24, 8, 1.4281563002606947e+05, 3.0023667421737482e+04
24, 9, 9.2100290271405393e+04, 2.9042843061368231e+05
24, 10, -1.2964618634067121e+05, -1.8671639694331493e+05
24, 11, 7.3119150563114135e+03, 3.0444330109483644e+05
24, 12, -3.0805745632154174e+05, -2.7878745617433009e+05
24, 13, 1.6964622310706787e+05, -2.2340393753475699e+04
24, 14, 7.6801184955549197e+03, 3.6046445115886873e+05
24, 15, 2.3039837655839248e+05, -6.4736579476782157e+04
24, 16, 5.2270952771037485e+05, 3.1827840126175655e+05
24, 17, -1.2506691547437648e+05, 5.3250404553314984e+03
24, 18, 3.4932250461625855e+05, -5.8720144915269641e+05
24, 19, -3.6111647424712987e+05, 3.4164192068061745e+05
24, 20, -1.3647213050459273e+05, -8.7483628641052419e+04
24, 21, 1.1931828259657501e+04, 3.4023034697173501e+05
24, 22, -1.1777867247892670e+05, -6.2165091885834129e+05
24, 23, -5.0002559435859893e+05, -4.7104021026429502e+04
24, 24, 2.5637555928088486e+05, 9.1041501314572219e+04
25, 0, -1.1870480081043033e+05, 0.0000000000000000e+00
25, 1, -1.2505146633095443e+05, -3.7014246893414587e+04
25, 2, -2.0135822480231154e+05, -3.7499555237228132e+05
25, 3, 5.1279702806972535e+04, -1.5082739187601954e+05
25, 4, -6.2356545522274170e+05, 1.8298275341402052e+05
25, 5, 2.3721119797665207e+05, -2.7202591488940932e+05
25, 6, -1.7233526793196143e+05, 2.7281893849880982e+05
25, 7, 2.9387438941180357e+04, 3.1132402480974869e+05
25, 8, 1.6424171768110685e+05, 1.7337998917982238e+05
25, 9, 6.6434225312222261e+04, 1.9602108285305777e+05
25, 10, 1.1522791126934320e+05, -1.9774366790654013e+05
25, 11, -4.6046570466782129e+05, 3.8842580870283174e+05
25, 12, -2.9509207191800559e+05, -2.6708457271482225e+05
25, 13, 2.1343738540908649e+04, 2.5866833776464671e+05
25, 14, -7.6481779975630532e+04, 2.3177093173856023e+05
25, 15, 4.2372877861680149e+05, -7.3100421932879384e+04
25, 16, -1.1199678424068245e+05, 2.8801678650685132e+05
25, 17, -2.8086049709023500e+05, -7.2171425949641969e+05
25, 18, 1.7576677107464246e+05, 8.6575716348262533e+04
25, 19, -6.0060777760194754e+05, -4.5362639851937070e+04
25, 20, 4.5075218134904956e+05, 9.1460102138619521e+04
25, 21, -6.5297005145850731e+05, 2.3125185409805106e+05
25, 22, 2.6139044487618972e+05, -4.7525832400789979e+05
25, 23, -4.7550835369801259e+05, 4.4216536309946631e+05
25, 24, 2.1532522332722327e+05, 9.0275773166080719e+04
25, 25, 1.4678925345710010e+05, -2.6352830644680414e+05
26, 0, -2.9211019956013071e+05, 0.0000000000000000e+00
26, 1, -1.1014618373386937e+05, -4.1431581867548422e+05
26, 2, -1.6031710830755497e+05, -2.7388257487829880e+04
26, 3, -3.4006053380121302e+04, 1.0814635354573556e+05
26, 4, -3.3403579516690609e+05, 1.1546017463088862e+05
26, 5, 2.0858794756492838e+05, 1.1386925035541024e+05
26, 6, -3.4134144568978343e+05, -1.4361609891213113e+04
26, 7, 9.0049815231495348e+04, -1.7354432474578149e+05
26, 8, -1.5667826382002779e+04, 1.3975872231666604e+05
26, 9, -3.2812067932983162e+04, -4.7207920203195798e+05
26, 10, 7.4924008614623992e+04, 6.5290695613398173e+04
26, 11, -4.6478598767097027e+05, -1.9699157440410869e+05
26, 12, 2.3609139257354528e+05, -1.2495360136617305e+05
26, 13, 1.5125791605962608e+04, 1.2268201772923245e+04
26, 14, 1.0670185315053866e+05, -4.1307555799419570e+04
26, 15, 9.8677159258390282e+04, -6.6979261628740685e+04
26, 16, -4.4320237094572082e+05, -1.1009357646374805e+05
26, 17, -2.9784276074359549e+05, -9.4033838976233325e+04
26, 18, -2.5999467532867627e+05, 3.9204172456189478e+05
26, 19, 4.7113752558856286e+03, -5.4408629954553820e+04
26, 20, 1.2702433670245555e+05, 3.4730493699503876e+05
26, 21, -2.7133542526067764e+05, -4.9277894585079630e+05
26, 22, 4.4225251234516368e+05, -2.9010160404695707e+04
26, 23, -2.3801417491048400e+05, 2.5375110242537665e+05
26, 24, 7.5879774169030378e+05, 3.6233950678246758e+04
26, 25, 2.6700829384930152e+05, -3.9889083583677874e+05
26, 26, -1.5693464112378197e+05, 4.2827730800875707e+05
27, 0, -2.9831846842769894e+05, 0.0000000000000000e+00
27, 1, 3.7854929580640230e+04, -1.5060540380659506e+04
27, 2, 1.5922887388539868e+04, 3.3762381540799205e+05
27, 3, 1.2639575884947010e+05, 2.7897784982063912e+05
27, 4, 3.7048418375987170e+05, 1.2093524373072226e+05
27, 5, 9.6715181567174615e+04, 3.2974421096708963e+05
27, 6, 3.5249085393451899e+05, -3.2607180710971233e+05
27, 7, -4.6008244180143200e+04, -1.3671165452453488e+05
27, 8, -3.7669792589168006e+05, 1.2248818987802285e+05
27, 9, 5.4262655593306699e+04, -4.6005821786827547e+05
27, 10, -2.3135165232236436e+05, 7.6050050105740120e+03
27, 11, -2.0802341840568202e+05, -1.8713261291842640e+05
27, 12, 1.0401605071405201e+05, -7.1862493367064108e+03
27, 13, -1.0739839274782361e+05, -9.9784139100618690e+04
27, 14, 2.8964664428949071e+05, -8.9088839019783409e+03
27, 15, -1.5418599955522463e+04, 1.1206637618820855e+05
27, 16, -5.8679295750511577e+04, -2.9258867822832731e+05
27, 17, 1.9700864895941661e+05, 4.5400993020990939e+05
27, 18, -4.6580837533968152e+03, 1.7870522142417234e+05
27, 19, 7.5973294098451512e+05, 1.7717318394850189e+05
27, 20, -3.2016266823673889e+05, -5.8204370477729855e+04
27, 21, 3.1781518607474281e+05, -2.9952187543392897e+05
27, 22, -2.1765499049291093e+05, 3.7776709818617080e+05
27, 23, 1.4967629885273147e+05, -2.9510161523618997e+05
27, 24, 1.9988439657357178e+05, 9.3031790720454883e+04
27, 25, -8.1608296472050060e+04, -6.0069719006188354e+05
27, 26, -2.4951298829207328e+05, 4.0182617618201626e+05
27, 27, 4.7539639498171152e+05, -1.8403777697966663e+04
28, 0, 3.2354224307618155e+04, 0.0000000000000000e+00
28, 1, 1.7425899427923601e+05, 1.0064899698351158e+05
28, 2, 3.5345383132080035e+05, 2.8113228982010443e+05
28, 3, 1.8637475464439785e+05, -3.5424371835991344e+05
28, 4, 3.5933710425029532e+05, 1.1907340019487949e+05
28, 5, -9.0980013477705827e+04, 7.5413543972404455e+04
28, 6, 5.0181020127899759e+05, -2.8610192979548703e+05
28, 7, -2.2395856459896365e+05, 3.2057814568657806e+05
28, 8, -2.9029506115974276e+05, -5.1489864240104558e+04
28, 9, 7.3602970076700512e+04, 4.8533470085599308e+05
28, 10, -1.0361840401752558e+05, -7.2581432469878433e+04
28, 11, 1.8568296514122764e+05, 3.0954449204220460e+05
28, 12, 6.2394500888343027e+04, -5.0062018106511554e+04
28, 13, -1.2351535307784771e+05, 9.1955550574071647e+04
28, 14, 1.6598037536805714e+05, 1.9393677534104453e+05
28, 15, -1.0813630153169399e+05, 1.7465055686061271e+05
28, 16, 1.8535039930474589e+05, 1.1500116419372254e+05
28, 17, 6.8887322607791895e+04, 4.6757969341924711e+05
28, 18, 3.0382887458477530e+05, -3.2343839787728456e+05
28, 19, 3.9189877466563066e+05, 9.4264722475703296e+04
28, 20, -2.9031081539758056e+05, -4.4817297837241204e+05
28, 21, 1.6571304707827643e+05, 1.3680651288303552e+05
28, 22, -3.8223250754116848e+05, 7.0096935584046107e+04
28, 23, 3.8094760319841176e+05, 1.6486240618815846e+05
28, 24, -2.6187688659786151e+05, 1.6613581722199719e+05
28, 25, -7.2350629288882963e+04, -9.6402698923863180e+04
28, 26, -4.4315055343916832e+05, 5.9464314219040447e+05
28, 27, 3.8134312001137005e+03, 8.2589745403916182e+04
28, 28, -1.5588576985185541e+05, -6.1507876178361964e+05
29, 0, 1.4065761608122452e+05, 0.0000000000000000e+00
29, 1, 1.8386262288451602e+04, 1.9443405510395957e+05
29, 2, 1.8984397587043673e+05, 1.8420052323380442e+04
29, 3, 1.1951347913290557e+05, -3.7700083680060558e+05
29, 4, -1.6397691660839814e+05, 1.3980008490891158e+05
29, 5, -1.3864007757107244e+05, -1.6130360021494684e+05
29, 6, -6.9992056524751766e+04, 9.4288419193245776e+04
29, 7, -3.0809232098968182e+05, 1.9279045139209781e+05
29, 8, -5.7395535337265275e+04, -1.8353396509447837e+04
29, 9, 1.3958995787936595e+05, 4.2362726368352334e+05
29, 10, 1.8991023545152450e+05, -1.0828795055895588e+05
29, 11, 4.1640304256796779e+05, 1.1486700629775660e+05
29, 12, -2.1632021807153506e+05, 1.1692099196008060e+05
29, 13, 2.5348101636243521e+05, 2.4669270088582900e+04
29, 14, -1.2689132542517007e+04, 1.6226095047478951e+05
29, 15, 1.0373400355413438e+05, 1.3815056376927468e+05
29, 16, 1.1703375357759904e+05, 5.6206200560435187e+04
29, 17, 2.0681899903192767e+04, -1.0427222521564779e+05
29, 18, -2.3232081045843901e+04, -8.5007168991228071e+04
29, 19, -2.2781839893236896e+05, -5.4907977776959240e+04
29, 20, -1.2351005237112090e+05, -6.0268783415222249e+04
29, 21, -1.8607088325254159e+05, 3.4971751292891154e+05
29, 22, 1.6234648822567449e+05, 2.2120588015596419e+04
29, 23, 4.3331149905989645e+04, 3.5691400454867398e+05
29, 24, -7.0319861256973207e+04, -3.3882432491134934e+05
29, 25, 4.7001101045749383e+04, 3.5043795840762462e+05
29, 26, -2.1463717137278240e+04, 2.6457209037139767e+05
29, 27, 5.0782708631240507e+05, 7.4604458779279856e+04
29, 28, -2.2530074681825303e+04, -3.1114947104992584e+05
29, 29, -1.6472064707269968e+05, 1.9464330825998663e+05
30, 0, -2.3465522989325858e+04, 0.0000000000000000e+00
30, 1, -1.8907124744120819e+05, 1.1793884220305503e+04
30, 2, -2.7022478859008517e+05, -2.5864278637402378e+04
30, 3, -6.6520977459358357e+04, -4.8171036710105356e+04
30, 4, -3.3686822193635104e+05, 3.0592215775544266e+05
30, 5, -1.2627115876349523e+05, 1.5590616626827681e+05
30, 6, -1.0802343737702793e+05, 4.4659699847122218e+05
30, 7, -5.3475788520434653e+04, -3.3285330602215108e+03
30, 8, 3.4777838767945301e+04, 1.7354126875117156e+05
30, 9, -1.3884121741475581e+05, 7.5331147794260221e+04
30, 10, 8.8447887469019304e+04, -3.1701132023876364e+05
30, 11, 1.6717779499136852e+05, -9.3531940085270326e+04
30, 12, -3.6483211997788330e+05, 1.4957814150651242e+05
30, 13, 1.1795189399998385e+05, 3.6341201906191069e+04
30, 14, -1.3902271803292807e+05, -8.4129389486532324e+04
30, 15, 1.2636284644425422e+05, -2.9142224689191607e+03
30, 16, 1.4904440235365328e+03, 2.4500448878960422e+04
30, 17, -1.3746783251491550e+05, -1.6839082505520110e+05
30, 18, -5.8856579834004398e+04, -5.4264593421036217e+04
30, 19, -2.0088810751903459e+05, 1.0571909921800572e+05
30, 20, 1.9199385483092189e+05, 1.4648639251309042e+05
30, 21, -8.8740688500145567e+04, 1.1399064696116619e+05
30, 22, 2.8055133696572285e+05, 8.6799715411144134e+04
30, 23, -1.6800199134738679e+05, 6.1463579878321674e+04
30, 24, 8.2491663010052012e+04, -2.3943736652171417e+05
30, 25, -2.6819214973779023e+05, 2.7977221651147702e+05
30, 26, 1.7811630878673945e+05, -3.8613989809812169e+05
30, 27, 3.4579149516776984e+05, -2.8798170500370255e+05
30, 28, -2.3350645107252043e+05, -4.3575314433298027e+05
30, 29, 1.8724414892120280e+04, 2.2865657364414699e+04
30, 30, 1.2364570689656738e+05, 4.2279434896406485e+04
31, 0, 1.8282170419039740e+05, 0.0000000000000000e+00
31, 1, -6.3218780075986375e+04, -1.1695950987224588e+05
31, 2, 1.0418814526901700e+05, 9.3004294472413196e+04
31, 3, -5.6196255846603453e+03, 6.8675316879250182e+04
31, 4, -6.9194833967197308e+04, 2.9084813059523240e+04
31, 5, 8.3926143034255423e+04, 2.3293138809688104e+05
31, 6, 3.0692739018849243e+04, 1.0797084884364385e+05
31, 7, 2.5730315019838247e+05, -1.7967786537262643e+05
31, 8, -3.1972428592930868e+04, 1.2345878389872480e+04
31, 9, -1.5597452726945805e+05, -6.0198999060600530e+04
31, 10, -9.1136544474788301e+04, -3.3644598836477037e+05
31, 11, -2.0257886089359506e+05, 2.3074310517396027e+05
31, 12, -1.7011902998232766e+05, 1.7197950423289280e+04
31, 13, 5.6663750491039042e+04, 1.8894504933868261e+05
31, 14, 1.5909429991882418e+04, -8.7808800637300446e+04
31, 15, 7.3180043195159320e+04, 5.8556875550182871e+04
31, 16, -1.6108612666412635e+05, -3.3304539083984724e+04
31, 17, -9.7818245552311273e+04, 2.9021778649358021e+04
31, 18, 3.6799310499123341e+04, 2.8153800449663226e+05
31, 19, 9.4770284403429119e+04, 1.5667748160888269e+05
31, 20, 4.9506707711406704e+05, 2.0320879024475571e+05
31, 21, 4.6038743892518251e+04, 4.9260036891615091e+03
31, 22, 1.2159465213208471e+05, -2.3548002073565408e+05
31, 23, -8.6292900175707953e+04, -1.7664280351069660e+05
31, 24, 9.2335364320984067e+04, 1.4166643996206453e+05
31, 25, 2.9021122673850812e+04, -3.7620870114129772e+04
31, 26, 2.1451497485875120e+05, -7.3085478657703003e+04
31, 27, -1.2161776248498546e+05, -1.9096391185864439e+05
31, 28, -4.6237123937464051e+05, -7.6891100383787183e+04
31, 29, -1.0239281958803895e+05, 2.0745982682078771e+05
31, 30, 2.4672058174641326e+04, 3.0342520871318632e+05
31, 31, -1.4119046078361222e+05, -5.9796681077247486e+03
32, 0, 2.0818410380742449e+05, 0.0000000000000000e+00
32, 1, -4.1668127571179008e+04, -2.6708320248661941e+05
32, 2, 2.4775506224888118e+05, 2.2932296735506796e+05
32, 3, -2.4221906073150365e+05, -4.1123377734345107e+04
32, 4, 2.6291580225278594e+05, 8.8103751956296343e+04
32, 5, 1.2521731104826408e+05, -5.1867255001256271e+04
32, 6, -3.0939826767800118e+04, -2.6586937522647472e+05
32, 7, 2.3694947241441027e+05, -1.7856354233624259e+05
32, 8, -3.2324149471803952e+05, -2.9112635128704504e+04
32, 9, -5.6962980821450808e+04, -1.0851603871542557e+05
32, 10, -7.2910267439230054e+04, 8.7697599663650297e+04
32, 11, -3.6130865951418455e+04, 3.4340152469716020e+04
32, 12, 7.8604456241689681e+04, -2.4057541313504909e+04
32, 13, 3.6002752041148058e+04, 5.7503123610877461e+04
32, 14, 1.1773154169401023e+03, -2.6966616016590223e+05
32, 15, 1.3221267614176933e+04, 1.4998025528331319e+05
32, 16, -1.7026860858293591e+05, -4.8968330601632537e+04
32, 17, 1.8575484540682541e+04, -5.1473910450911149e+04
32, 18, 1.2813329079941289e+05, 3.2067978094560760e+04
32, 19, 2.8168481769969326e+05, -1.9150111738776832e+05
32, 20, 3.0599931782133778e+05, 8.4755677377726432e+04
32, 21, -1.5414074700460405e+05, -3.1255433488943207e+05
32, 22, -1.3630902142028100e+05, -7.1885285252327885e+04
32, 23, -1.0538360863628870e+04, 1.1591695452203910e+05
32, 24, -3.3176079471526304e+04, 2.2729932224270009e+05
32, 25, 1.8871181920229396e+05, -2.2072683222699445e+05
32, 26, 5.0570778698581991e+04, -8.5585241662115659e+04
32, 27, -7.1639561881363275e+04, -1.7879226234051210e+05
32, 28, -3.7702315191321570e+04, 4.0396852774909465e+05
32, 29, 1.5292890331676893e+05, 2.6084879420198116e+05
32, 30, 1.9882104636979895e+05, -7.3309488182493064e+04
32, 31, 1.3908719809762199e+05, 1.0544687068947536e+05
32, 32, 6.9784991143280116e+04, 4.9940605120982742e+04
33, 0, -1.1028689603727845e+05, 0.0000000000000000e+00
33, 1, -1.0958494713392324e+05, -1.6843201403473731e+05
33, 2, 8.6328074509666243e+04, 3.1260834161939594e+05
33, 3, -2.0936798106401053e+05, -1.2366611031246472e+05
33, 4, 7.8259372633089180e+04, 7.7897310967236801e+04
33, 5, -2.0279445631611880e+05, 3.7466381359749954e+04
33, 6, -2.0661125613918150e+05, -4.3069819574142114e+05
33, 7, -1.1503729465339464e+05, 4.0916246538182581e+05
33, 8, -2.2000653410694815e+05, -1.9026350422956218e+05
33, 9, 6.7808466244056384e+04, 1.2547338288545125e+05
33, 10, -2.6119878707426178e+04, 6.4492937876235519e+03
33, 11, 2.0905093725328776e+05, -2.1147806122265451e+05
33, 12, 2.7316399693850585e+05, -2.5979975830651529e+02
33, 13, 5.9072642845266470e+04, -3.6393113799391620e+04
33, 14, 6.9730573304232152e+04, -5.1769803561358494e+04
33, 15, -1.2798644413726431e+05, 1.3183940896527460e+05
33, 16, 1.2570106193297186e+04, -6.9559261863012507e+04
33, 17, 3.9832082318123830e+04, 3.1263578338828811e+03
33, 18, -2.1328801863553617e+05, 6.2503926662214813e+04
33, 19, 3.3589726907205750e+05, -2.5055535852373802e+05
33, 20, -1.8823533952124158e+05, -4.1406963033162137e+04
33, 21, -1.6791925657765358e+04, -3.5217161571933841e+05
33, 22, -1.0328036114186014e+05, 1.7295737205770123e+05
33, 23, -3.2956039429348122e+04, 1.8394877868541318e+05
33, 24, 1.0126118814266470e+05, 1.1481352844587713e+05
33, 25, -4.5865935275314521e+04, -2.7711890886923924e+04
33, 26, -6.5002114401278348e+04, -1.1547958198295388e+05
33, 27, -7.8978991101149382e+04, 5.6548557112046590e+04
33, 28, -5.8834741915083941e+04, 2.4821145056581707e+05
33, 29, 2.2551088062991845e+05, -9.7010880915454545e+03
33, 30, 2.4529156157165312e+05, -2.6176761811773467e+05
33, 31, -2.0962535832931660e+05, -2.2341609233586427e+04
33, 32, 8.1951304776409859e+04, -5.3642727839817037e+05
33, 33, 2.0766289486721595e+04, -4.5399095421493781e+04
34, 0, -2.6764873536614759e+05, 0.0000000000000000e+00
34, 1, 1.2550106557184557e+05, -8.2366541408908801e+04
34, 2, -1.2541013243591422e+05, 1.1238463993873696e+05
34, 3, 9.3319915560085152e+04, -2.9450511568107578e+05
34, 4, -6.0447695422079785e+04, 1.7473212145411700e+05
34, 5, -1.9388369971827324e+05, -1.1019552373893702e+05
34, 6, -1.5899818053853711e+04, -1.0831510857145091e+04
34, 7, -2.2581079448972028e+05, 3.3852857969347021e+05
34, 8, 3.0776501968036311e+04, -3.5282135187973792e+04
34, 9, 1.4485984762411739e+05, 1.3542913149734639e+05
34, 10, -5.6767278831644144e+03, -1.6051999047024254e+05
34, 11, 1.3312799849892946e+05, -3.6447275885042781e+05
34, 12, -1.2935660879140062e+05, -4.0339802086416552e+04
34, 13, -1.3252698822710098e+05, -1.0919783216881307e+05
34, 14, 2.7429447863018366e+04, 2.0331457840872195e+05
34, 15, -1.2417787685836016e+05, 1.3287175902271894e+05
34, 16, 3.5865715502194891e+05, -1.8452154973396540e+04
34, 17, -1.4107547821718256e+05, 1.0921880469613851e+05
34, 18, -4.0630287847496074e+04, -1.5242144969487481e+05
34, 19, 3.3614054092517086e+04, 3.0911490326975589e+05
34, 20, -1.9889442808346433e+05, -1.4133800016187891e+05
34, 21, 9.2487580424048530e+04, 1.2282690695068773e+05
34, 22, -1.6320587018878927e+05, 1.3810993712778349e+05
34, 23, 2.1359608707157185e+05, -5.5836062646751852e+04
34, 24, 1.1055115500506926e+05, 1.8921674521539164e+04
34, 25, -1.4557876987470035e+05, -9.2810587322624357e+04
34, 26, 1.5038453680538147e+05, -1.8013337434542188e+05
34, 27, -2.0413115224972687e+05, 1.8450456928036772e+05
34, 28, 9.3999088158177256e+04, 1.2014129769797317e+04
34, 29, 1.6896260632108990e+05, 1.7562204806452364e+05
34, 30, 2.9217798678981271e+04, -2.9811276720682753e+05
34, 31, -3.6920813648688619e+05, 1.1657892679629396e+05
34, 32, 1.2417202448312072e+05, 1.3040110377047230e+05
34, 33, -5.4032300457272446e+05, 2.0794320790706020e+04
34, 34, -2.1849972090607935e+04, 3.3049866255909496e+04
35, 0, 5.2474701055222198e+04, 0.0000000000000000e+00
35, 1, 1.0982735916734388e+05, 1.9155117731590802e+05
35, 2, -8.9393636546124035e+03, -1.2070876888112162e+05
35, 3, 6.5253423936385851e+04, -1.4882986120325187e+05
35, 4, -2.8913456353870640e+05, 1.3860092076851349e+05
35, 5, 3.7981913498405396e+04, -3.1865392099614767e+05
35, 6, 2.0742927737278448e+05, 2.5717117405572947e+05
35, 7, 4.6221099067382005e+04, -1.0134406622538870e+05
35, 8, 2.4478837162356317e+05, 1.3403774669490877e+05
35, 9, -3.9276361649701619e+04, -4.6786558843619008e+04
35, 10, -8.6020354751841718e+04, -1.2550259952110119e+05
35, 11, -2.3555321473343822e+04, 1.2089861203442706e+04
35, 12, -2.0849368290067997e+05, 4.7109805464046876e+04
35, 13, -3.7759601725804430e+04, -2.0552206595268217e+02
35, 14, -1.1882933265725539e+05, 8.7606309080647072e+04
35, 15, 1.2135836319126649e+05, -2.4868974239408755e+05
35, 16, 2.0204010312149816e+05, 1.6878830285634968e+05
35, 17, -2.3070129478001723e+05, -5.8392166594387920e+04
35, 18, 2.2117821187274132e+05, -7.2052048804243808e+04
35, 19, -9.3663848207156349e+04, 1.1881836268755671e+05
35, 20, 2.4300328917883002e+05, -2.1750962071342402e+05
35, 21, 9.2626386142806907e+04, 3.5570490599448152e+05
35, 22, 7.7114586694837082e+04, -1.9139299951250051e+05
35, 23, -1.8676878931122032e+04, 1.6315286255882645e+05
35, 24, -2.1940555985465148e+05, 1.8148463408003841e+04
35, 25, -6.3305097328065604e+04, -6.1304193622329141e+04
35, 26, 3.0111293448380758e+04, 1.0741197346668007e+05
35, 27, -9.5339209168232846e+04, -7.9771530446495206e+04
35, 28, 1.9514209601245704e+05, -7.3121359656991008e+03
35, 29, -1.4512185262182358e+05, -3.7114448176016798e+04
35, 30, 1.6862234494053730e+05, -1.4826179327629489e+05
35, 31, -1.1747122059936298e+05, 3.5586923347723729e+04
35, 32, 2.7030336793524446e+05, 3.1292536251353432e+05
35, 33, -7.9425648497079863e+04, -2.9285576384868834e+05
35, 34, 2.0703483766396419e+05, 4.0564772194901784e+05
35, 35, 1.6686964891947241e+05, 8.2478417203719961e+04
36, 0, 2.9247031345112761e+05, 0.0000000000000000e+00
36, 1, -1.2150820164084763e+05, -2.8746781733456930e+04
36, 2, 2.0188290617385696e+05, -1.9122241963732440e+05
36, 3, -1.4106633884240623e+05, 9.0116366048886935e+04
36, 4, -2.9132187372451695e+05, -4.0421339575299753e+04
36, 5, 1.5647285380163207e+05, 2.1925924197155433e+04
36, 6, -1.9060414884326002e+05, 2.4390846831616087e+04
36, 7, 4.9033484770547308e+04, -1.9141989841820483e+05
36, 8, 1.0443835830220376e+05, -3.9348888700826246e+04
36, 9, -1.9297372341474646e+05, -5.8445661511913451e+04
36, 10, 7.4304361682396673e+04, 1.2082246200728050e+05
36, 11, -1.0378060702750455e+05, 7.3679886199047862e+04
36, 12, -1.4158612033942595e+05, -3.2988319542180478e+04
36, 13, 2.9379181995114154e+05, 2.5984204789688019e+05
36, 14, -1.7230881626402689e+05, -9.9689230486959932e+04
36, 15, 4.5552961715734063e+05, -1.7168624224112582e+05
36, 16, -2.6572480525970418e+05, -1.0857972640660340e+04
36, 17, 2.0645765216638531e+04, -1.7836409666782967e+05
36, 18, -6.1963873210872567e+04, 2.4522752653629507e+05
36, 19, -1.2104891057832543e+05, -1.6374520032076683e+05
36, 20, 3.0982755652500311e+05, 1.6557812344194995e+05
36, 21, 1.5082639195247201e+05, -7.8921748824076290e+04
36, 22, 1.0157295360680475e+05, -1.6516154871635203e+05
36, 23, 1.1505608619208468e+04, 1.8416569262647041e+05
36, 24, -1.6791435216100473e+05, -9.4825995633377970e+04
36, 25, 7.2015812325850246e+04, 1.3067990651955924e+05
36, 26, -4.5059840676434687e+04, 2.3842228166598157e+04
36, 27, 7.0884622479912374e+04, -7.2314832410225950e+04
36, 28, -3.3411546359222877e+04, 3.1067292342204723e+05
36, 29, -1.9611720131987173e+05, -3.5709136223547056e+05
36, 30, -8.3228460337698838e+04, 2.8460289590570412e+05
36, 31, -1.5855142698236712e+05, -2.6097603474130240e+05
36, 32, 2.7138243382973108e+05, 6.1604553009845222e+04
36, 33, 6.2875453615640406e+04, -4.2308198559800792e+05
36, 34, -1.0555923104940238e+05, 2.3667670860346465e+05
36, 35, 2.4943058647744049e+05, -2.5617564718700736e+05
36, 36, -1.0271769889026410e+05, -3.5616317450593651e+05
37, 0, -1.2805327698351741e+05, 0.0000000000000000e+00
37, 1, -1.8242916259365430e+05, -3.2215527068521088e+05
37, 2, 1.6098558173818450e+05, -6.5220851878864632e+04
37, 3, -2.5055178812405845e+05, 7.2248189955624330e+04
37, 4, 1.2289715277478340e+05, 5.7994805590265969e+04
37, 5, 1.6295807339061543e+05, 1.8068786322214501e+05
37, 6, -2.4344417391384137e+05, -1.4069071824953979e+05
37, 7, 1.3453294993772972e+05, -2.3339158788689561e+04
37, 8, -3.3828003607621283e+05, -9.2848526613039547e+04
37, 9, -1.2230741394781612e+05, -7.0736033826807368e+04
37, 10, 2.2173898999289624e+04, 1.4598393627663769e+04
37, 11, 1.7645400010799553e+05, -1.0046491858442871e+05
37, 12, 7.8162382151257960e+04, -2.3168129867078835e+05
37, 13, 5.1086697887601389e+04, 1.5510705762219283e+05
37, 14, -3.7233574743356199e+04, -3.8156017670187179e+05
37, 15, 1.0050517372513417e+05, 3.7882092620887546e+04
37, 16, -2.5952136197025690e+05, -2.7699219704441628e+04
37, 17, 9.6844892622094194e+04, 1.8727325303839557e+05
37, 18, -2.2999163869678896e+05, 1.4602810188199548e+05
37, 19, 1.2873964876430784e+05, -1.3377483920710400e+05
37, 20, 1.1357617727063314e+05, 1.8039328190435070e+05
37, 21, -1.5601146618256807e+04, -1.6351080622983587e+05
37, 22, 1.0785769667449867e+05, 9.4066394982044731e+04
37, 23, -2.4231860349650876e+05, 5.6618501268875327e+04
37, 24, 1.1507054051218918e+04, 2.4045653691785468e+04
37, 25, 9.4308264927176424e+04, 9.5925842838028708e+04
37, 26, -2.0275563081478467e+04, -1.0706383398498871e+05
37, 27, 2.4306635823614424e+05, -9.3376615718384826e+04
37, 28, -3.0001018855074618e+05, -1.5769342815961641e+04
37, 29, 1.2855978218211325e+05, -1.5336420838999539e+05
37, 30, -1.9672174309705751e+05, 4.1161657282907667e+05
37, 31, 2.4839598162601437e+05, -1.7834209904081948e+05
37, 32, -2.4203339208414531e+04, 1.7812785323570756e+05
37, 33, -3.5592179454459279e+05, -2.8610986434363620e+05
37, 34, -1.6245569901292457e+05, 4.5826586189691072e+04
37, 35, 3.5423437137839978e+05, 1.6633828366686907e+05
37, 36, -4.7110929438715812e+05, -2.9225307526337443e+05
37, 37, -1.3778454098573001e+05, 1.0808715476698654e+05
38, 0, -2.2977816010669793e+05, 0.0000000000000000e+00
38, 1, 4.3584177922853436e+04, -7.5319215780490398e+04
38, 2, 4.9698058933646033e+04, 1.4550004164697923e+05
38, 3, -2.2767867138439752e+05, -1.6041762221818626e+04
38, 4, 2.8099225000506395e+05, 1.4303438092061761e+05
38, 5, -1.6405456334441766e+05, -8.3689699177199815e+04
38, 6, 9.0821286121611920e+04, -2.7030743802360573e+05
38, 7, -1.1819294098256716e+05, 2.4147681036109978e+05
38, 8, -1.9470464920291759e+05, 7.4475106297850376e+04
38, 9, 1.1012560053669542e+04, 2.1891812065619871e+05
38, 10, -3.5574015343136969e+04, -1.8346386144480435e+04
38, 11, 1.1647873069364928e+05, -1.5457623751134789e+05
38, 12, -6.1631645225775301e+03, -1.6318684175499581e+05
38, 13, 4.3913941051511647e+04, -1.8599848605683888e+05
38, 14, 1.2939468021235788e+05, -1.2094874972099729e+05
38, 15, -1.2104940428516877e+05, -1.7353021861812024e+05
38, 16, -9.9619460134401103e+04, -9.4405283714214747e+03
38, 17, 1.2215664568625751e+05, 1.2592173978728388e+05
38, 18, -3.0283387593346517e+04, -1.0064232427473372e+05
38, 19, 2.2026995180296863e+05, -2.8474672684436693e+04
38, 20, 1.1351394061756015e+05, -8.0780607034595698e+04
38, 21, -2.3800725216763323e+04, -1.4862458702025577e+05
38, 22, -1.9290550081149742e+05, -1.3984080077792663e+04
38, 23, -4.7647478133672383e+04, -1.7439953618570112e+05
38, 24, 1.2817723121180038e+05, 6.8021595392116986e+04
38, 25, -4.3654067951821751e+04, -8.8606912183052773e+04
38, 26, -2.0846117410261169e+04, -1.9229653451033455e+05
38, 27, -3.0557115157194989e+04, 2.4692790206691282e+05
38, 28, -1.2244931762263863e+05, -2.1211407647007459e+05
38, 29, 2.1278882296395267e+05, 3.0070885438968893e+05
38, 30, -2.3596763429504965e+05, -1.9560338939319525e+05
38, 31, 4.6726791765923874e+05, 1.1984439763420149e+05
38, 32, -2.0653908674370917e+05, -1.5268571226016855e+04
38, 33, 1.3439809173361212e+05, 6.4851616588500110e+04
38, 34, 6.2438449378784862e+03, 2.4537435274728324e+05
38, 35, 2.7123441138078365e+05, 1.3517926798909600e+05
38, 36, -1.0632010877117992e+05, -2.8258821264564747e+05
38, 37, 6.7787657553480181e+04, 5.0839420426185540e+05
38, 38, 2.5055621427722840e+05, 9.1128899606232808e+04
39, 0, 4.2395587502526090e+04, 0.0000000000000000e+00
39, 1, 2.1761922649857745e+05, 2.2692183822573489e+05
39, 2, -1.4891501389495429e+03, 1.1644204028494234e+05
39, 3, 2.1161497225178409e+04, -2.5463716744284084e+04
39, 4, 8.2260102559700535e+03, 8.9406276273271680e+04
39, 5, -1.4685563663084910e+05, -3.8557948131893482e+05
39, 6, 1.2739202884959552e+05, -4.9378000311431169e+04
39, 7, -1.5122502084102691e+05, 4.0731999637124776e+04
39, 8, 1.8763542661801568e+05, 3.3739172079662079e+04
39, 9, 1.0756690721889009e+05, 1.0596829966064171e+04
39, 10, 1.4350559672683279e+05, 3.6335078317521504e+04
39, 11, 1.1225539349428954e+05, -1.2802891307062109e+05
39, 12, -1.0912698289707297e+05, -6.7092205763557533e+04
39, 13, -6.2736554023695251e+04, -1.4454456032778931e+05
39, 14, -4.5839558299566124e+03, 1.2216824182328487e+05
39, 15, -9.9966887562285119e+04, -2.0585389357819775e+04
39, 16, 1.5873596269060453e+05, -2.5975804013716246e+04
39, 17, 5.6791072593442412e+04, -4.2708185996013126e+03
39, 18, 1.1592328244478772e+05, -2.8584309741285077e+05
39, 19, -1.4123598071793333e+05, 5.7784621666029780e+04
39, 20, 5.0224604556593586e+04, -1.7961285030615411e+05
39, 21, -1.0785115593534897e+05, 1.5131057327873187e+05
39, 22, -1.3561104353415329e+05, 3.3839522922880715e+03
39, 23, 1.0841165725619899e+05, 2.5006844316738650e+04
39, 24, 9.1696094067457365e+04, 3.9950297487484539e+04
39, 25, -6.6677712537974003e+03, -1.7984282766608975e+05
39, 26, 1.5826055990959343e+04, -1.2435799010316499e+04
39, 27, -1.8682423395887431e+05, 2.2760948704367672e+05
39, 28, 3.4920471579835966e+05, 3.7264023559908397e+04
39, 29, -1.2906805527248172e+05, 3.9070539853586495e+05
39, 30, 2.8017379359271412e+05, -3.7578582921080117e+05
39, 31, 9.6319310716673135e+04, 3.2710642419653892e+05
39, 32, -7.8203300904296775e+04, -4.3070200148749864e+05
39, 33, 2.4928107342372791e+05, 2.5449813613159768e+05
39, 34, -1.1340540886764394e+05, -1.4210927428421829e+05
39, 35, 2.2983991463177709e+05, 1.5855610863898424e+05
39, 36, -5.8206381027730917e+04, -1.1735787030960967e+05
39, 37, -8.1198858607865623e+04, 1.0854815748397786e+05
39, 38, 4.0066101873731602e+05, -2.3599637919234647e+05
39, 39, -3.1344512182773502e+04, -3.1684774937554344e+05
40, 0, 2.7435218698982219e+05, 0.0000000000000000e+00
40, 1, 1.3537749543045962e+05, -2.6661940208209071e+04
40, 2, -6.3582637008849619e+04, -7.6669865673007298e+04
40, 3, -2.1844981371895570e+04, -3.5973043551659728e+04
40, 4, -1.8147506779092894e+05, 9.8272865838259837e+04
40, 5, 6.9584061661669373e+04, -2.9344466276387079e+05
40, 6, -1.2596789091104659e+05, 1.6288790622054250e+05
40, 7, 8.6079735224012606e+04, -2.2490939286258013e+04
40, 8, 2.2187666089885862e+05, -1.8452207977110959e+05
40, 9, 1.2757073787419304e+05, -2.1531072921741934e+05
40, 10, -1.6285178378866454e+04, -2.8122435706247151e+05
40, 11, 1.1855701741451878e+05, -1.3181534680390742e+05
40, 12, -2.4944484415350431e+04, 2.8865219508933842e+03
40, 13, -3.4289601449971844e+04, 1.0836285318403447e+04
40, 14, -2.9309747228185857e+04, 4.8474851059312728e+04
40, 15, -1.7732317742832092e+05, -8.6194460395469330e+04
40, 16, 2.3447883080343297e+05, -1.0163071801171562e+04
40, 17, -9.1703326259259804e+04, -8.3014831841712541e+04
40, 18, 2.7595172312718583e+04, 4.0284578496065777e+04
40, 19, -2.3257215096756906e+05, -3.5167982088055251e+03
40, 20, 1.2639701936855604e+05, -1.6419493075805203e+04
40, 21, 5.6824140618628830e+04, 1.8723791656419903e+05
40, 22, 3.1017767535734252e+04, -1.4101839714835209e+04
40, 23, 1.3626235942247367e+05, 1.4666639403802765e+05
40, 24, 5.0321967582123863e+04, -4.5740625283917252e+04
40, 25, -1.0946484750878008e+05, -1.3858132123565360e+05
40, 26, -1.1537300106132810e+04, 1.7343906194958082e+05
40, 27, 1.5890859854802664e+04, -4.3266168731831945e+04
40, 28, 3.0894592941593140e+05, 2.4117397634298916e+05
40, 29, -2.1226494908018457e+05, -3.4900887413297954e+05
40, 30, 3.1871304260364966e+05, -1.4781638850397291e+05
40, 31, -3.6704168555192184e+05, -5.7992965542351223e+04
40, 32, 2.1820779057603428e+05, -7.6975433407310964e+04
40, 33, -1.9663939436749538e+05, 2.0505652127188860e+05
40, 34, 5.7975713560253556e+04, -3.8031877914790978e+05
40, 35, -1.2040452002664261e+05, 1.3715537660709134e+05
40, 36, -2.2934572605439207e+04, -1.3618881813526159e+05
40, 37, -1.0431039326429082e+05, 1.9205879370101122e+05
40, 38, 1.7679738783957323e+05, -6.0194966119772413e+04
40, 39, -2.5290787509299052e+05, -4.1226290336810198e+04
40, 40, -4.4327971500167757e+05, 2.8937036082438484e+04
41, 0, 1.3957812489190599e+05, 0.0000000000000000e+00
41, 1, -2.5624097428240289e+04, -1.4874828971090756e+05
41, 2, 2.0413671638445329e+05, -1.6340584925927632e+05
41, 3, -1.6969437384409457e+05, 1.1597541192589601e+05
41, 4, 1.0587924803209402e+05, 1.7989950157389470e+04
41, 5, 2.4333730818726064e+05, 8.9545093165168277e+04
41, 6, -1.3820309730852756e+05, 2.9124159884096880e+04
41, 7, 1.6363512401639923e+05, 1.5750419279407244e+05
41, 8, 8.2389073150167780e+04, -1.2718605285521486e+05
41, 9, -1.2183168649736361e+05, -1.9088011934992683e+04
41, 10, -9.9805867408194055e+04, -1.1987301965236044e+05
41, 11, -5.1528153466072807e+04, 1.5565200508484519e+04
41, 12, -1.3289583102127924e+05, 4.4460096031514651e+04
41, 13, 6.9511517385203420e+04, -3.8674411850766424e+04
41, 14, -1.9732982842199158e+05, 1.4550647983393201e+05
41, 15, 1.8879977017427445e+05, -4.3008797952881796e+04
41, 16, -1.5236462052410521e+05, -1.7602823818176803e+04
41, 17, 3.2737703370677220e+04, -1.0243267978251475e+05
41, 18, -1.9008006648193672e+05, 1.5737554715249318e+05
41, 19, 9.6052092708837317e+03, -1.3085058640340772e+04
41, 20, 2.5269288945296736e+04, 1.4593020310071707e+05
41, 21, 1.3631458513663054e+05, -5.7615321995685503e+04
41, 22, 1.1688838902466526e+05, -5.7503126305341430e+04
41, 23, -4.6209432987348206e+04, -9.8811777220739867e+04
41, 24, -3.4956085437974878e+04, -1.7087728426930154e+05
41, 25, -1.2779028205203504e+03, -1.1216442624155240e+05
41, 26, -9.7972240825571265e+04, 1.3358263580828501e+05
41, 27, 2.1527757349849338e+05, -1.1414555886280270e+05
41, 28, -2.3569724603389527e+05, 1.7201191812829324e+05
41, 29, -6.2677614507697013e+04, -1.9195398439823592e+05
41, 30, -5.0677772957397065e+04, 1.4612185009561887e+05
41, 31, -1.2572752601424106e+05, -2.2685047374699515e+05
41, 32, 2.4307900105192984e+05, 3.3290167138797860e+05
41, 33, -2.7288785504102823e+05, -1.4465795870185460e+05
41, 34, 2.5645875367667244e+05, -1.1453205891809004e+05
41, 35, -3.2184275475996564e+05, 5.9332234237518060e+04
41, 36, 9.7218032869916191e+04, -7.2265828321452864e+04
41, 37, 1.1209312346667262e+05, 2.2091932660802692e+05
41, 38, 9.1612996584806693e+04, -1.2627675121383951e+05
41, 39, -8.4699923352323793e+04, -9.5993371941263715e+04
41, 40, 7.4374847325230541e+04, 3.0644012003479782e+05
41, 41, 1.5967293066214913e+05, 3.1294671404836792e+05
42, 0, -1.7733407388806874e+04, 0.0000000000000000e+00
42, 1, 3.5813696184250017e+04, -2.1453600720852482e+04
42, 2, 1.8644881346225571e+04, 1.5528930158976529e+05
42, 3, -2.1687091715309868e+05, 4.8490209577427289e+04
42, 4, 2.9352259545204387e+05, 1.1687163734589219e+05
42, 5, 1.1274721147042276e+05, -1.4160613487031296e+05
42, 6, -2.0044602015761804e+04, -4.8531701181226672e+03
42, 7, 1.1975720160515414e+05, -1.7857189149648570e+04
42, 8, 1.7612620648283482e+04, -9.4085294089843839e+04
42, 9, -4.5792103736207224e+04, 1.5010809822811803e+04
42, 10, -2.0444662930135419e+04, 3.0262479702375669e+04
42, 11, -1.8071760350768536e+05, 1.2462557941122176e+05
42, 12, -4.7382584147229951e+04, 3.7229521002603229e+04
42, 13, -3.9241141916760071e+03, -5.0069322902767504e+04
42, 14, -1.4836445269824666e+05, -1.4024003420404240e+05
42, 15, 2.2289139857826129e+05, 3.8394155654834962e+04
42, 16, -2.8249883058693836e+05, -1.6396748581096101e+04
42, 17, 1.2157308311858797e+04, 6.4910311597020605e+04
42, 18, -1.8091536359226517e+05, 1.3907569690941158e+05
42, 19, 1.2956401698651319e+05, -9.2366325769314775e+04
42, 20, 5.0281177409282842e+04, 1.4980287140116394e+04
42, 21, 1.5496402457198562e+05, -1.0989405630751542e+05
42, 22, -8.0125080133665761e+04, -1.3908345661501758e+05
42, 23, -1.8108155545797577e+05, -6.5341809511833955e+04
42, 24, -9.0286886780541317e+04, -9.6407221980973583e+04
42, 25, 3.4270969275200034e+04, 9.3041579609765977e+04
42, 26, 6.1191664837866083e+04, -1.5712131335165270e+05
42, 27, 5.7509966970543741e+04, -1.1005403027009132e+04
42, 28, -2.5816479498526439e+05, -1.0159505420827644e+05
42, 29, -9.5128532828500793e+03, -1.2406551426536440e+04
42, 30, -2.1368155165772402e+05, 1.2713262188973121e+05
42, 31, 1.8519882579085260e+05, 4.0828067696640050e+04
42, 32, -4.1351724509580563e+03, 2.4610962987921899e+05
42, 33, 2.6520202125258010e+05, -3.3423057866848621e+05
42, 34, -1.2002515192171761e+04, 4.1626674292888099e+04
42, 35, -2.8443383965758694e+05, -8.0853703426270455e+04
42, 36, 9.8494019183051030e+04, 1.4146991796063795e+05
42, 37, 2.6891396480715262e+04, -3.5018139121937034e+04
42, 38, 3.6654567281659409e+04, -2.1500017273508961e+05
42, 39, 1.3934793390810213e+04, -2.7702471621189943e+04
42, 40, -1.6399012121113235e+05, 2.6372900140546937e+05
42, 41, 2.0115199965159193e+05, -2.9800055876481941e+05
42, 42, 1.3262517682843289e+05, -1.8142001617194520e+05
43, 0, 1.0745268436976745e+05, 0.0000000000000000e+00
43, 1, 1.9674438626956643e+05, -9.6535956736700449e+04
43, 2, -1.4019850859182290e+04, 2.9958259979533736e+05
43, 3, -1.4722784691452089e+05, 4.0928881980682250e+04
43, 4, 1.5928690072367515e+05, 1.3614835845487710e+05
43, 5, -1.0263225602433149e+05, -1.5630107161451565e+05
43, 6, -3.6636982751880176e+04, -1.0599499618214264e+05
43, 7, -4.5230154867215781e+04, -1.2850083393808885e+05
43, 8, 1.7688023861696642e+04, -7.0096733532803206e+04
43, 9, 1.6024126760227233e+05, 1.4576747786155954e+05
43, 10, 8.3448581112025015e+04, 1.9377708391536908e+04
43, 11, 1.2963223917429132e+03, -2.1707460271410411e+04
43, 12, 8.6749616644975526e+04, 4.7438730653644343e+04
43, 13, -8.4614084076652434e+04, 1.2048101874474351e+04
43, 14, 5.1740688189648485e+04, -7.5491099770695073e+04
43, 15, 4.3545035447323076e+04, 1.1122381470034290e+05
43, 16, -1.1453703793216156e+05, -2.2552734843933507e+05
43, 17, 3.6591280726639059e+04, 1.6500892816384786e+05
43, 18, 7.8652246345571912e+03, -1.8916849009016616e+04
43, 19, 6.6643051513798146e+03, -1.9176154830002418e+05
43, 20, 1.4334156574752224e+03, -9.9559170975830566e+04
43, 21, -3.6680267567730159e+04, -1.5692105212106340e+05
43, 22, -1.0177080705894782e+05, 6.7240709715471967e+04
43, 23, -2.3043448591934779e+05, 3.1230186057189239e+04
43, 24, -4.7554264392607962e+04, -2.7488980948530087e+04
43, 25, 8.5983986927967257e+04, 1.6897463114841597e+05
43, 26, 4.5713526266991277e+04, -2.1462791271575532e+05
43, 27, -1.0976844288092742e+05, 2.2680689509578818e+05
43, 28, -2.1292128975589361e+05, -1.0060311367083894e+05
43, 29, -9.6234635367252959e+03, 2.9144477862059837e+05
43, 30, 1.5343167619050824e+05, -8.7345298767989778e+04
43, 31, 2.5287677583067422e+05, 3.7556573274798182e+04
43, 32, -4.4229528246172144e+04, -1.6080493497896576e+05
43, 33, 1.6604681264974369e+05, -1.3557434859169676e+05
43, 34, -3.8997272199707030e+05, -5.3206102134593668e+04
43, 35, 2.0758711009781598e+05, 7.7633323538980738e+04
43, 36, 1.9759442431259056e+04, 1.9343146465828223e+05
43, 37, 8.0914583205963849e+04, -1.2339962889215496e+05
43, 38, -1.5354860220449918e+05, -5.4550635727275730e+03
43, 39, -1.8963413390383331e+05, 6.4503717780167004e+04
43, 40, 2.8856016696819668e+04, 1.6705786278957487e+05
43, 41, 1.3116984908045497e+05, -1.7413780159585185e+04
43, 42, -2.0507747944624274e+05, -1.0762790450770519e+05
43, 43, -2.4042561792070625e+05, -7.8883994299181475e+04
44, 0, 1.6211125184969269e+05, 0.0000000000000000e+00
44, 1, 2.4011290930958424e+05, -1.7787848197145431e+04
44, 2, -1.0334109217826548e+05, 3.8567016732401244e+03
44, 3, 1.6082264043669438e+05, -7.5936399859184588e+04
44, 4, 1.2942424274017794e+05, 6.4491949720978781e+04
44, 5, 8.8211967009779255e+04, -1.4523349586991989e+05
44, 6, -1.7642467856683733e+05, 1.4010365263013530e+05
44, 7, -1.6249726881753112e+05, 8.8919413151334418e+04
44, 8, -2.3939596777079554e+04, 1.4071524444643169e+05
44, 9, -4.0376658424366047e+04, 8.8334436961615967e+04
44, 10, -1.8983501023280754e+04, -8.8195863728563068e+04
44, 11, 1.1044497420250138e+05, -2.7164417710814765e+05
44, 12, -3.5591499855220929e+04, 4.4386830560124821e+04
44, 13, -1.0794981092131296e+05, -1.2674933222506792e+05
44, 14, 5.3548427352609680e+04, 1.7400265496640734e+05
44, 15, -1.3163520024536183e+05, 1.2331324048636141e+05
44, 16, 1.5352275338047137e+05, 8.7284307132077538e+03
44, 17, 7.3412699818491892e+04, 3.0577952664767479e+04
44, 18, 1.4995494040257722e+05, -7.3454195803775394e+04
44, 19, 6.3102743856805057e+04, -1.5650088478633928e+04
44, 20, -1.4039001634712383e+05, -1.5955810057837289e+05
44, 21, -4.6176227752760286e+04, 7.4181261426735349e+04
44, 22, 7.2449225620404686e+03, 4.9950763704292585e+04
44, 23, -1.1187196866480132e+04, 2.5972830990358270e+04
44, 24, 1.3386427468177443e+05, 9.1648842752866651e+04
44, 25, -3.4794513432820473e+04, -9.9733660551464069e+04
44, 26, 5.4929850455172294e+04, -1.3469480241071692e+05
44, 27, -1.7195447625706397e+05, 5.8870527741613158e+04
44, 28, -2.1983368002245690e+04, 2.6861342185396217e+04
44, 29, -2.0525773338043968e+04, 1.7459877447335955e+05
44, 30, 2.4591945113158610e+05, -1.0613973581987256e+05
44, 31, 5.4754933869291912e+04, -2.9661227844809087e+04
44, 32, 5.7934084981303022e+03, -1.9132398519062490e+05
44, 33, -2.0875718181083805e+05, 7.0477028585080217e+04
44, 34, -1.4623383279176929e+05, -9.9233816565948058e+04
44, 35, 1.6312100557013083e+05, 2.3691007230207123e+05
44, 36, -7.0070508095761106e+03, -8.5594511463618197e+04
44, 37, 2.1809944957210898e+05, -4.0690525584567149e+04
44, 38, -2.2921027271040116e+05, 9.2289986771506810e+04
44, 39, 1.0393164998258659e+05, 8.9709490007326589e+04
44, 40, 2.1149245315166865e+05, 3.7833023009122444e+04
44, 41, -5.1771597216220667e+04, -1.2224861736048845e+05
44, 42, 8.2718551619781720e+04, -2.7898053124715669e+04
44, 43, -2.1169504566197844e+04, 1.6381554673928846e+05
44, 44, -5.7910921735203447e+03, 4.8469032406140352e+05
45, 0, 6.7761278833188306e+04, 0.0000000000000000e+00
45, 1, 1.8778893818640132e+04, 1.4926455052320193e+05
45, 2, -1.5159100258476683e+05, -1.2430973769995253e+05
45, 3, -4.1093117271569929e+04, 7.2513439936236784e+04
45, 4, -8.3058201253176376e+03, -3.5379194128509043e+03
45, 5, 1.0363932086406229e+05, 8.5590500715659364e+03
45, 6, -1.0454926562151581e+04, 7.8091627036888851e+04
45, 7, 4.4145929515212236e+04, 1.7140651649315309e+05
45, 8, -2.5293653016358046e+04, 4.1488613390947212e+04
45, 9, -3.7539695775306696e+04, 1.2713637903816320e+05
45, 10, -1.0769146499670710e+05, -2.3269820608035577e+05
45, 11, -7.2224973420430470e+04, -9.7888971127871599e+04
45, 12, -2.5321294657528648e+05, 6.5393884239565981e+04
45, 13, -1.3091319097163617e+05, 1.5409972578861314e+04
45, 14, -1.0347020658172198e+04, 1.8386474868139252e+05
45, 15, -5.3924838419293730e+04, -2.7070530293019500e+05
45, 16, 1.4936600468785135e+05, 9.4102102479426176e+04
45, 17, -8.9345831151343518e+03, -1.5263711852472241e+05
45, 18, 1.9938916342038347e+05, 5.2743165292531688e+04
45, 19, -3.1655484534093441e+04, 1.4586999314025215e+03
45, 20, 1.5153493930450979e+03, -3.4088805382928345e+04
45, 21, 2.5632294296202148e+04, 1.8404117427281209e+05
45, 22, 1.7801455832366613e+05, -1.2354680303595695e+05
45, 23, 1.0296758592814868e+05, -4.4882250231987986e+04
45, 24, -1.3224414320116703e+04, -5.7289463583429169e+04
45, 25, 1.1696900126525946e+05, -1.0718305863070817e+05
45, 26, 1.0953466238695837e+03, -7.7894715974828068e+03
45, 27, -9.1654260846846722e+04, 4.8527325022528836e+04
45, 28, 1.3924227482998616e+05, 1.5514327696807604e+05
45, 29, -4.8690301583775603e+04, -1.0309180253793448e+05
45, 30, 8.7546092948577236e+04, -9.3340704772963436e+04
45, 31, -1.8399442714277317e+05, -9.7717095510590007e+04
45, 32, -9.9065046525260565e+04, 7.6300154034646082e+04
45, 33, -2.6205594021812663e+05, 1.2516898543153575e+05
45, 34, 1.1087611870581000e+05, 6.1465929176537931e+04
45, 35, -1.2126943481146925e+04, 4.3715858310505864e+03
45, 36, 6.6987203743250720e+04, -2.4565021654584861e+05
45, 37, -2.8505399980133178e+05, 5.5911206479537926e+04
45, 38, -1.6099467754064768e+04, -8.4017689112364620e+04
45, 39, 1.9407633595652936e+05, -7.3689691612560000e+03
45, 40, 1.2711204255357228e+04, -6.3844989466585801e+04
45, 41, -1.0044220781536994e+05, -2.5416517413244615e+05
45, 42, -1.0086019964336113e+05, 1.5128900214873627e+05
45, 43, -3.5933473170409648e+04, -1.7138509328643157e+05
45, 44, 7.6434258320719484e+04, 2.3090886757384971e+04
45, 45, 3.3355235046521574e+05, -2.4883098566431244e+05
