0, 0, 0.0000000000000000e+00, 0.0000000000000000e+00
1, 0, 1.0474585443778989e+06, 0.0000000000000000e+00
1, 1, 6.1054266026369500e+04, 4.7399588836793666e+05
2, 0, 0.0000000000000000e+00, 0.0000000000000000e+00
2, 1, -1.6219914464783252e+05, -8.7579743776063886e+04
2, 2, -3.0072434007964786e+06, 1.6325123706079936e+06
3, 0, -1.0233949686958242e+06, 0.0000000000000000e+00
3, 1, 5.0203781370391173e+05, 2.1713847128849970e+06
3, 2, -9.9435861874182883e+05, 3.4402460704149696e+05
3, 3, 2.4175854841694059e+06, 1.3380231956412178e+06
4, 0, 3.6272425109323394e+05, 0.0000000000000000e+00
4, 1, 6.0081691751112486e+05, 4.5387668267192261e+05
4, 2, -5.2338948081700079e+05, -8.6897632784787915e+05
4, 3, 1.0829418455518377e+06, -5.7275877757426613e+04
4, 4, 1.4165330048190747e+05, -1.2984212415614475e+06
5, 0, 1.7279834079665516e+05, 0.0000000000000000e+00
5, 1, -4.6776367989202176e+04, -8.9264050510211906e+04
5, 2, -3.4546962923279963e+05, -2.4766474861593329e+05
5, 3, 2.9887222237326816e+05, -3.6576161327100883e+05
5, 4, -6.4904807291480678e+05, 4.4063817679066095e+04
5, 5, -4.9792111199217505e+05, 4.8248714144867670e+05
6, 0, 3.0188794903504895e+03, 0.0000000000000000e+00
6, 1, 4.2088337927362742e+05, -1.4452930431593535e+05
6, 2, 4.0942637125107041e+05, 1.4109192805363462e+05
6, 3, 3.9323478284456104e+05, 1.6545037345255748e+05
6, 4, 7.3428911363803985e+04, 2.8471780194525147e+05
6, 5, 2.3836673778854951e+04, 3.2389130671419046e+05
6, 6, 2.1772585060833511e+05, 6.8112501741448592e+04
7, 0, -1.0717171725392813e+05, 0.0000000000000000e+00
7, 1, 3.7290130933832383e+05, -3.4431335714314552e+05
7, 2, 2.5714184061898553e+05, 1.1311361364051027e+05
7, 3, 6.9304852820890344e+04, -1.5499747983999347e+04
7, 4, 6.0507962279276294e+05, 1.6150283236978640e+05
7, 5, -5.6613464930390648e+04, -3.5218412203386409e+05
7, 6, -2.7806067290980299e+05, -4.1485991624030052e+05
7, 7, -1.5666107344385207e+04, -1.9071931347156802e+05
8, 0, 1.8863241605615211e+05, 0.0000000000000000e+00
8, 1, 8.3929595602027330e+03, -2.5515317077939690e+03
8, 2, 4.5013059469620220e+05, 1.0872453913141644e+05
8, 3, -3.6479345281693048e+05, -3.9646729254556104e+05
8, 4, 3.3525141476738313e+05, -1.6902187554383569e+05
8, 5, -7.9078442137474706e+05, -5.9193075808922900e+05
8, 6, -3.2994963824320963e+04, -3.2431535944770084e+05
8, 7, -1.8589297146730492e+05, 2.7138383584336017e+05
8, 8, 7.1370241247800601e+04, -7.6827117533226803e+04
9, 0, -7.1070908705512193e+04, 0.0000000000000000e+00
9, 1, -6.9569552898092283e+04, 2.4076106397236683e+05
9, 2, 4.5933760822682490e+05, 1.1152985938184196e+04
9, 3, -2.1586442021009920e+05, -1.4300093756897669e+05
9, 4, 1.4121929899160608e+05, 4.4405247391878138e+05
9, 5, -4.9284281868934125e+05, -5.2109782407217298e+05
9, 6, 1.3726775296192471e+05, -1.0873371387135441e+05
9, 7, -2.4113479250243300e+05, 5.5942505021090165e+05
9, 8, 5.4390027967496682e+05, -1.5693743041565220e+05
9, 9, -2.3028549000881967e+05, -4.8605762985540845e+04
10, 0, 1.0903234401120554e+05, 0.0000000000000000e+00
10, 1, 1.5095282566304985e+05, 9.8777143385474919e+04
10, 2, 1.2409546045711706e+05, -3.6189944102259987e+05
10, 3, -3.5899310985363805e+05, 7.2980295690848012e+04
10, 4, -4.0432195432263595e+05, 1.7736623070987524e+05
10, 5, 2.4041024286435512e+05, -3.2494111647557956e+05
10, 6, 1.4623083672446827e+05, 5.2932138631866686e+05
10, 7, 1.5770827417493731e+05, -7.5316207308396843e+04
10, 8, 1.7639390524922073e+05, 2.4735519490099075e+05
10, 9, -3.5605505856693268e+05, -2.8224543318668118e+05
10, 10, -1.1683095933641032e+05, 1.5684825757146740e+05
11, 0, -1.0823841908896192e+05, 0.0000000000000000e+00
11, 1, -9.5851297747350938e+04, -3.7136069168299247e+04
11, 2, -7.1096437130832535e+04, -4.9402860732324631e+05
11, 3, -4.7334623030543607e+05, 3.9318092946220370e+05
11, 4, -6.4789165264128952e+05, -3.2082501884497033e+05
11, 5, 3.9301207265119709e+05, 3.8511671305392106e+05
11, 6, -2.3242829815816099e+05, -1.1079128392691647e+05
11, 7, 3.0822358459798753e+05, -2.3367253035045543e+05
11, 8, -5.2088735652065033e+05, 1.7304749826371705e+05
11, 9, -1.0169767526483262e+05, -1.4512804140108626e+05
11, 10, -5.5393828543088253e+04, 7.3123978383786092e+05
11, 11, -6.1062589580176333e+04, -1.4888556780474415e+05
12, 0, -3.2779397877151001e+04, 0.0000000000000000e+00
12, 1, -5.3225599904046417e+05, 4.8740998150427724e+04
12, 2, -1.0409955222959176e+05, 1.8607247502901076e+05
12, 3, -6.0441712713199318e+05, 9.7678108591907279e+04
12, 4, -1.4415276459437524e+05, 1.0869822422218682e+05
12, 5, 1.4023234102001553e+05, 4.5103023239818320e+05
12, 6, -1.1696247703594263e+05, -5.8433831945182476e+05
12, 7, 3.7797868911901198e+04, -1.7535173706602177e+05
12, 8, -4.7077136079563183e+05, -3.2220743144524808e+04
12, 9, 1.2371176984139465e+05, 8.1125909201062954e+04
12, 10, 2.4420066975365044e+03, 4.5614367991318856e+05
12, 11, 3.2143879275310144e+05, -7.9039262302225176e+05
12, 12, -5.3098142113951180e+04, -3.6635646611116288e+04
13, 0, -1.3450187462716372e+05, 0.0000000000000000e+00
13, 1, -3.5791597105849028e+05, -1.5967373970661598e+05
13, 2, 2.2588205722651130e+05, 4.6757265397688455e+05
13, 3, -7.3030481793221610e+04, -6.4376302584238802e+04
13, 4, -5.2525995472606694e+04, 2.4792339396600495e+05
13, 5, 5.1709290392857962e+04, -2.2856829236757074e+05
13, 6, 2.6552990209807095e+05, -5.8581857643018593e+05
13, 7, -3.4850375145277742e+05, 1.6773988788320762e+05
13, 8, -8.5272016497440112e+04, -2.5761670189380478e+04
13, 9, 3.1232070052232873e+05, 2.4329832846228799e+05
13, 10, 2.3045604281114895e+04, -2.2310007397284103e+05
13, 11, 3.2392152643975435e+05, -4.3106101825566619e+05
13, 12, -4.9190584840209672e+05, -1.9615216053142922e+05
13, 13, 3.4429183198525140e+05, 4.1749703327645012e+05
14, 0, -6.2965587329657923e+04, 0.0000000000000000e+00
14, 1, 3.2079602885107754e+05, 6.0828706726387318e+04
14, 2, 1.6702448638074199e+05, -1.9076448877722165e+05
14, 3, 1.4271534059953172e+05, -8.3914686789552536e+04
14, 4, 2.0287150068783367e+05, -5.4677636041476543e+05
14, 5, -2.1400844885702984e+05, -4.7276866639423289e+05
14, 6, 1.3711262822575991e+04, -1.0975366392729167e+05
14, 7, -1.1803937192221027e+05, 1.3081484257373758e+05
14, 8, 4.8233073360496119e+05, 2.4842180906477233e+05
14, 9, -8.8273673690595024e+03, 4.1723638238048798e+05
14, 10, -6.2787223273362441e+04, -7.4131239921898197e+05
14, 11, -2.8084870650505158e+05, 1.8075219464092405e+05
14, 12, -1.3667082560971627e+05, -5.8742915983913816e+04
14, 13, 3.3879601468940789e+05, 9.2699554964525555e+05
14, 14, -3.1107121517894353e+04, -3.0993051796516438e+05
15, 0, 1.9072948905439157e+05, 0.0000000000000000e+00
15, 1, 7.5797248598040780e+04, 2.4327119601645833e+05
15, 2, -2.7876793947908847e+05, -3.4885214811955253e+05
15, 3, -2.4733333001777407e+05, -1.3208392214830068e+05
15, 4, -3.6205443456083850e+05, -5.3077634552018950e+05
15, 5, -4.2166431273487309e+05, -3.1955608477932459e+05
15, 6, -1.9537713011414016e+04, 3.2436352024678153e+05
15, 7, 4.9451846804994368e+05, 2.3190652934012940e+05
15, 8, 5.1467706791372842e+05, 3.2979497515068646e+05
15, 9, 1.1214339197549940e+05, -1.5781904761548818e+05
15, 10, -1.6317020210252126e+05, -9.8978066426450838e+04
15, 11, -3.9562285212669044e+05, 2.9654255211093940e+05
15, 12, 2.4579222410507954e+05, 3.6984166692778392e+05
15, 13, 3.6603750143161626e+04, 4.0835608265548619e+05
15, 14, 8.4786414883004007e+04, -6.1851998328483256e+05
15, 15, -3.3536575422743667e+05, 1.2297725798662505e+04
16, 0, 1.7656403656722233e+05, 0.0000000000000000e+00
16, 1, -1.0989529330712804e+05, -2.8284426227533584e+05
16, 2, -4.7222646748940909e+05, -1.8752032250375982e+05
16, 3, -2.2725912923784807e+05, 2.5546034269875751e+05
16, 4, -5.5646057358175074e+05, -5.9678570926276705e+04
16, 5, -2.1343368665306250e+05, 3.2237601647175488e+05
16, 6, 8.8471222447597960e+04, 1.1649313064129956e+05
16, 7, 2.8216400451958628e+05, 1.1532740889208442e+05
16, 8, 1.6827867894410319e+05, 3.0051704489560431e+05
16, 9, -2.9609701152419846e+05, -5.2624768378302781e+05
16, 10, -3.6083367714681214e+05, 1.3741459083393528e+05
16, 11, 2.5382478687103161e+04, -5.6516236425794195e+03
16, 12, 3.9479951505897543e+05, 3.2443145014069526e+05
16, 13, -6.3033378321326229e+04, -3.6126573957259412e+05
16, 14, 6.7732972883087059e+03, -4.8512406286574277e+05
16, 15, -6.2725992421347834e+05, 1.6151819550319560e+05
16, 16, 1.0104814763430346e+05, 5.5912056295069196e+03
17, 0, -9.3228428380981073e+04, 0.0000000000000000e+00
17, 1, -3.1603892872111389e+05, -3.7219669414468051e+05
17, 2, -1.7665458823359097e+05, -6.4307712782102390e+04
17, 3, -1.9366747803509980e+05, 4.7128040067409471e+04
17, 4, 2.4821200627899641e+05, 1.6955969128289842e+04
17, 5, 3.7946163925173943e+05, 8.7809870021581824e+04
17, 6, 3.2161766194201243e+05, -1.0198155820221236e+05
17, 7, 1.6483772359671872e+05, -2.3658499641863487e+05
17, 8, -1.9121038815590192e+05, -1.0633136071617254e+05
17, 9, -3.2033697887487331e+04, -3.2431108409868367e+05
17, 10, -2.6839978470745112e+05, 1.1862738059487489e+05
17, 11, 9.5888362880288332e+04, -2.1261981604937449e+05
17, 12, 2.5097430571032624e+05, -4.9272720221173935e+04
17, 13, -3.8162806616850634e+05, -5.4941507082064776e+05
17, 14, -1.4026077441418785e+05, -2.4706655027075030e+05
17, 15, -1.7183981727463438e+05, 2.7824373266915593e+05
17, 16, 6.8048807153588952e+05, 3.3002807430895470e+05
17, 17, 1.2934369736070999e+05, 1.8262971463297948e+05
18, 0, -1.8139025638489140e+05, 0.0000000000000000e+00
18, 1, -1.0457324913613626e+05, -4.5265348536379845e+05
18, 2, 6.3313723217453808e+03, 1.3376472527113638e+04
18, 3, -2.5254170999361074e+05, -2.3081636973669051e+05
18, 4, 6.5119678012841172e+05, 1.2945201534974236e+05
18, 5, 1.3844112620175089e+05, -4.4019094598640141e+05
18, 6, 1.6551579465332476e+05, -4.5736301222166169e+05
18, 7, -9.2585137591576626e+04, -1.0322852940420197e+05
18, 8, 9.3135462770820130e+04, -2.2151974262223806e+05
18, 9, 7.2203375843643953e+03, 4.0599961095354689e+05
18, 10, 4.6499985426041583e+05, -1.4670759484525557e+05
18, 11, 2.3434964071496844e+05, -1.2421561253714346e+05
18, 12, 7.9418893755433906e+04, -2.2596254297321802e+05
18, 13, -2.8274436632070458e+05, -1.3347347834687500e+05
18, 14, -2.8995177200670366e+05, 1.7772372636445475e+05
18, 15, 3.4751190068177372e+05, 5.0575489320768614e+05
18, 16, 3.6587445076611871e+05, 8.7836697603955181e+04
18, 17, 1.9483391387939078e+05, -6.2407337792188418e+05
18, 18, 2.3517840169224827e+05, 2.2490951445789373e+05
19, 0, -2.4946002549169240e+04, 0.0000000000000000e+00
19, 1, 5.6908280198261011e+04, 3.1300723564865207e+05
19, 2, -2.0532921949259013e+04, 2.1163200854189759e+04
19, 3, 2.9876305927231704e+04, -1.2674808410148683e+05
19, 4, 1.8098431051730370e+05, 1.9639029969744844e+05
19, 5, -1.5648027440110233e+05, -2.3263220187099994e+05
19, 6, -8.2048597747166757e+04, -1.9481868358704340e+05
19, 7, -2.8763678874528146e+05, 1.4069121711858743e+05
19, 8, 3.0029013796589442e+05, -1.9719258951074196e+04
19, 9, 1.6883625007168969e+05, 4.0124936726054037e+05
19, 10, 4.0795022376494983e+05, 2.9669859329799365e+04
19, 11, -2.0547843466737977e+04, -3.0019371466188563e+05
19, 12, 7.7701336450194984e+04, 4.9738440317432396e+04
19, 13, -1.9214384378962245e+05, 4.5551312583487357e+04
19, 14, 1.3346697276867897e+05, 3.5886903760660859e+05
19, 15, 6.1881682920071494e+05, 4.2686524694663967e+05
19, 16, 4.8864125569763797e+04, -1.3632392156974139e+05
19, 17, -1.5575123790426232e+05, -3.4531861117421009e+05
19, 18, -3.8926278729100205e+05, 4.3210666885582038e+05
19, 19, -2.2502262168395930e+05, -4.8543435755102622e+05
20, 0, 2.0547733901989527e+05, 0.0000000000000000e+00
20, 1, 3.8928788481777301e+03, 4.5026988660738582e+05
20, 2, 2.6347851357712243e+04, -1.8143228510522388e+05
20, 3, 1.6307441083964263e+05, 1.3604587522562494e+05
20, 4, -2.9747589784455136e+05, 8.5486745338495035e+04
20, 5, 1.4888658665309654e+05, -2.9521365064780894e+04
20, 6, 1.2769443991303597e+05, 2.1976071866963999e+05
20, 7, -9.1126323126863572e+03, 2.2216340668258199e+05
20, 8, 1.9136889171739918e+05, 2.2810856488013646e+05
20, 9, 1.8528495908203252e+05, 1.1931081490669736e+05
20, 10, -2.5906600518337221e+05, -3.8583895170312644e+04
20, 11, 4.0010154871617444e+04, -1.0494282309223955e+05
20, 12, -4.4107149614931201e+05, -1.3155067815471935e+05
20, 13, -2.1232435132945669e+05, 2.4191223812615665e+05
20, 14, 2.7604585585980763e+05, 2.7270664952486730e+05
20, 15, 5.8749778269913033e+04, -2.9690687022886233e+05
20, 16, 3.8377396712230147e+04, -7.9482119294878212e+04
20, 17, -4.3128962018289376e+05, -3.3104623490720231e+05
20, 18, 4.0813952939628420e+04, 4.8555085156745568e+05
20, 19, 3.8453713981005101e+04, -1.9108996970922704e+05
20, 20, -3.5683248807023373e+05, -1.9160148302592686e+04
21, 0, 2.2782292106696405e+04, 0.0000000000000000e+00
21, 1, -1.4797825285826356e+05, -2.5709255997312773e+05
21, 2, 4.0428262970293508e+04, -4.3963657967381401e+05
21, 3, -8.0499966030315380e+04, 1.4258672722526337e+05
21, 4, -2.9203287974849949e+05, -1.3828676417589767e+05
21, 5, 3.0691759729687928e+05, 7.9390190615677391e+04
21, 6, 4.4374068560654523e+04, 1.0889156098506835e+05
21, 7, 1.7082977220011340e+05, -2.7775996336692950e+05
21, 8, 7.4246302966439878e+04, 1.9686292297820159e+05
21, 9, -2.6975301777953119e+05, -4.6646423310913524e+03
21, 10, -2.5957293153076162e+05, 2.1628661104740066e+05
21, 11, -3.4739165131633996e+05, -2.9926619902203913e+05
21, 12, 1.4736985696815760e+05, 1.2755015759648435e+05
21, 13, -3.3709052183086009e+04, 2.2764494869292394e+03
21, 14, 9.0993755906270613e+04, -3.4850523826301459e+05
21, 15, -2.5146772451237915e+05, -3.4273995136022969e+05
21, 16, -2.4313614921222610e+05, -1.5728964331928216e+05
21, 17, -2.7378791340123361e+05, -2.2723435630326049e+05
21, 18, 2.0317507931858461e+05, 3.4677822990205232e+05
21, 19, 8.4786346150410827e+03, -6.3796189542085933e+05
21, 20, -2.4299219182541891e+05, -3.4001902584356564e+05
21, 21, 5.8568471616748371e+05, 4.4758221178433596e+05
22, 0, -3.0680420665544487e+05, 0.0000000000000000e+00
22, 1, -3.7350534656831319e+05, -2.1653231816608188e+05
22, 2, -1.8727350389928761e+04, 9.9970340827615786e+04
22, 3, -3.4556895778999676e+05, -5.0859582838607079e+04
22, 4, 2.4230838783515763e+05, -2.3349315772926484e+05
22, 5, 3.9280670593322749e+04, 6.3535668992629748e+04
22, 6, -1.2686462791016171e+05, -2.9698959331733413e+05
22, 7, 1.9408942655850557e+05, -8.2923517242553426e+04
22, 8, -2.3837497386585025e+05, -1.3034763428409968e+05
22, 9, -7.6438868795123446e+04, -1.7761478840886726e+05
22, 10, -2.2902589520710433e+05, 1.2550920799399127e+05
22, 11, -2.3903326607759576e+05, -2.5457087337932535e+05
22, 12, 2.7784013231445191e+05, 5.0028382515464124e+04
22, 13, -1.3092843199165605e+05, -1.2110152269761023e+05
22, 14, -4.8296611406760116e+04, -3.6529099007691914e+05
22, 15, -3.2442421902733261e+05, 1.6875431117899934e+05
22, 16, -1.8552711712126300e+05, 3.9777245714024757e+03
22, 17, 3.9651907940888160e+05, 2.5485868635190808e+05
22, 18, -1.1190928574324871e+05, -3.6964023602371664e+04
22, 19, 4.0262402031003661e+05, -2.6946743623901845e+05
22, 20, -4.3998257585630484e+05, 1.1109397012823157e+05
22, 21, 3.0361927456101368e+05, 5.6474806492373452e+05
22, 22, -2.1147517791086939e+04, -2.3867519259063914e+05
23, 0, 1.0262807771598343e+05, 0.0000000000000000e+00
23, 1, 1.8530464093090431e+05, 1.1091750396824791e+04
23, 2, 1.3535240648122304e+05, 3.4627901103253179e+05
23, 3, 1.6030496037239506e+05, -1.7193773871232805e+05
23, 4, 2.7888321148076939e+05, 3.5032993662641500e+04
23, 5, -3.1930585786145937e+05, 1.7570679604180242e+05
23, 6, 3.1108685544986918e+05, -4.7075740144996258e+05
23, 7, -1.7589075618099069e+05, 3.8872301815423329e+05
23, 8, -8.4126893780252343e+04, -2.8695434044116223e+05
23, 9, 4.1626888268323273e+04, 1.6626155599408923e+05
23, 10, -1.2081737910283968e+05, -3.7959496335908165e+05
23, 11, 1.8633384153846113e+05, -1.5875918460449085e+05
23, 12, 2.8180180049005343e+04, -1.8028054672771622e+05
23, 13, -2.2826248247225038e+05, 3.6808397365788434e+04
23, 14, -1.4254583829179290e+04, -4.3492310001579352e+05
23, 15, -2.4970545464018325e+05, 6.9610361106541776e+05
23, 16, 3.7527420191810833e+05, 3.1970944341840397e+04
23, 17, 2.8788948382763471e+05, 6.5642880913006933e+05
23, 18, -1.2991057562429938e+05, -4.5414935694919887e+05
23, 19, 4.8697729508089990e+05, 4.4948993211661378e+04
23, 20, -5.1588603207508934e+05, 1.1870805097690763e+05
23, 21, 4.0612005523780221e+05, 5.7896845584537648e+05
23, 22, 2.1678072303622004e+05, -3.7995709942759742e+04
23, 23, -5.3355472659845592e+05, 1.2222706302303338e+05
24, 0, 1.2998837536027475e+05, 0.0000000000000000e+00
24, 1, 2.3100176990990483e+05, 2.7965352557446598e+05
24, 2, -3.2370848976359302e+04, -2.3196752024377248e+05
24, 3, 3.9720703203707549e+05, -1.5927443283611216e+05
24, 4, -4.8351060171383084e+04, 1.7298710339523133e+05
24, 5, -2.0211691320413532e+05, -1.5445990090071765e+05
24, 6, 3.7671482929314219e+05, -6.8262135792374873e+04
24, 7, -4.0710128350729519e+05, 4.6773704756309499e+05
24, 8, 1.3975889163369173e+05, 4.9617857389149722e+03
24, 9, 9.2496940607901910e+04, 2.9851733275628765e+05
24, 10, -1.4155395636455010e+05, -1.6308493770756340e+05
24, 11, 1.1218434412574301e+04, 3.2521458090582886e+05
24, 12, -3.3423381575866137e+05, -2.8637979596113891e+05
24, 13, 2.1111055303383630e+05, -2.3835519318961255e+04
24, 14, 9.7222517624196935e+03, 3.7476633087252697e+05
24, 15, 2.5215607750445098e+05, -8.0449501139461616e+04
24, 16, 5.3641699264841480e+05, 3.3928999036107294e+05
24, 17, -1.4057645380204997e+05, 1.4492146239755941e+04
24, 18, 3.7155792249267688e+05, -6.4292593505279277e+05
24, 19, -4.1235732332323975e+05, 3.4833387407602568e+05
24, 20, -1.6374266128028501e+05, -7.4717434617643434e+04
24, 21, 2.8528039330272637e+04, 3.1673278751871828e+05
24, 22, -1.3026525278821844e+05, -6.4129283342989092e+05
24, 23, -5.0891646077744634e+05, -6.0486691893264026e+04
24, 24, 2.6975309173185041e+05, 8.4414665265247575e+04
25, 0, -1.1814280983948044e+05, 0.0000000000000000e+00
25, 1, -1.4817504229804981e+05, -4.6001711422983317e+04
25, 2, -2.2294054538063079e+05, -4.0156759123744519e+05
25, 3, 3.5127373921117076e+04, -1.6134487673434216e+05
25, 4, -6.6244642249431112e+05, 2.0315896099845949e+05
25, 5, 2.3527222814100687e+05, -2.7294772912207921e+05
25, 6, -1.8703603429071020e+05, 2.6340717494737578e+05
25, 7, 1.2322119877678051e+03, 3.4652559934925236e+05
25, 8, 1.4702236344958446e+05, 1.8890803745781907e+05
25, 9, 6.6148999978233405e+04, 2.0209193438694515e+05
25, 10, 8.9006066229007905e+04, -1.9235495168144983e+05
25, 11, -5.0115712453745829e+05, 4.0648996405490651e+05
25, 12, -3.0128700692650338e+05, -2.9293382452234952e+05
25, 13, 3.5490417717224380e+04, 2.6745045494862000e+05
25, 14, -8.1167433707191813e+04, 2.3437287775344355e+05
25, 15, 4.4323867526419682e+05, -5.3508777279442147e+04
25, 16, -1.2652955038940019e+05, 3.2022771327363577e+05
25, 17, -2.7397986246221932e+05, -7.3287669056004251e+05
25, 18, 2.0194390987987688e+05, 1.0481203878905186e+05
25, 19, -6.1292364037211007e+05, -4.4364857637274166e+04
25, 20, 4.3992844916846225e+05, 8.8847877451422959e+04
25, 21, -6.8038497289552912e+05, 2.7848658047598001e+05
25, 22, 2.5261680370886790e+05, -5.2546594122075185e+05
25, 23, -4.9143674932120461e+05, 4.7422496475724236e+05
25, 24, 1.9088242998894252e+05, 9.0921793977460999e+04
25, 25, 1.5823643658956152e+05, -2.7255971828350658e+05
26, 0, -3.4501997796889814e+05, 0.0000000000000000e+00
26, 1, -8.7329818620148493e+04, -4.4346913122427207e+05
26, 2, -1.5296707434522887e+05, -4.3299697380440353e+04
26, 3, 5.3919037532076472e+03, 1.0674281346851410e+05
26, 4, -3.3619738322362443e+05, 8.7692946537920070e+04
26, 5, 2.1984538512787563e+05, 7.8984731273382786e+04
26, 6, -3.6165908687797724e+05, -4.0034670245782399e+04
26, 7, 8.2935797930207336e+04, -1.6152466648996115e+05
26, 8, -5.1688337830774486e+04, 1.8678381466806788e+05
26, 9, -2.7464406433046526e+04, -4.7964083653140045e+05
26, 10, 5.3469570132476394e+04, 7.5958176968462503e+04
26, 11, -4.8708254577897745e+05, -1.9802805617293707e+05
26, 12, 2.4986923199699676e+05, -1.5403357933834771e+05
26, 13, 2.8526033150180592e+03, 2.0024170677901151e+04
26, 14, 1.0357760533458770e+05, -2.9025929110342578e+04
26, 15, 1.0489514068983126e+05, -7.6419251734886624e+04
26, 16, -4.4313519221422955e+05, -1.1319211782074014e+05
26, 17, -3.3050321896081156e+05, -1.1212641997041598e+05
26, 18, -2.6756471118598460e+05, 3.6506719383917539e+05
26, 19, 1.1256983448318078e+04, -1.7098789445556526e+04
26, 20, 1.3418613633426017e+05, 3.5733755067040486e+05
26, 21, -2.8668886636280717e+05, -4.8595274501539010e+05
26, 22, 4.7640660175519425e+05, -6.9458534951504669e+04
26, 23, -2.4011468928752284e+05, 2.8302512892165437e+05
26, 24, 8.0414660102804541e+05, 2.6188143029762301e+04
26, 25, 2.7600785262259678e+05, -4.1196254144110816e+05
26, 26, -1.6380740811042592e+05, 4.4601225257510314e+05
27, 0, -3.3534213730995351e+05, 0.0000000000000000e+00
27, 1, 3.1968805688048604e+04, -5.6667241110199830e+03
27, 2, 2.2870143501663119e+04, 3.7360899954747735e+05
27, 3, 1.3203891314365511e+05, 2.7568233086551336e+05
27, 4, 3.9239928352454200e+05, 1.3585390385670651e+05
27, 5, 9.9965083236530510e+04, 3.5707662496569799e+05
27, 6, 3.9351531006008090e+05, -3.3815311679380387e+05
27, 7, -6.5061353569551553e+04, -1.5020935809654047e+05
27, 8, -3.9923008952590683e+05, 1.5136726390416222e+05
27, 9, 9.0452283740233543e+04, -5.0094524776434072e+05
27, 10, -2.0924915824811353e+05, 1.2918941426062447e+03
27, 11, -2.2018316934572670e+05, -1.8008254312649902e+05
27, 12, 1.2341364314413567e+05, -7.6735862702088534e+03
27, 13, -1.2474963378426879e+05, -9.9226177289712548e+04
27, 14, 3.4133917910583416e+05, -2.6960659303737339e+02
27, 15, -2.7864371409494488e+03, 1.2484551212384758e+05
27, 16, -4.3971267491795326e+04, -3.2460824807292910e+05
27, 17, 1.9412098010865442e+05, 5.0086555209764006e+05
27, 18, 5.6397332216066425e+03, 1.9497130100409643e+05
27, 19, 7.9138414232848224e+05, 1.7877088133508392e+05
27, 20, -3.5668901829973445e+05, -5.3496078439240940e+04
27, 21, 3.3962842070055206e+05, -3.1370235264746414e+05
27, 22, -2.1876531410105436e+05, 3.8955656437917764e+05
27, 23, 1.5570975516944108e+05, -3.1820679813823698e+05
27, 24, 2.2031253715826882e+05, 1.2262224294906647e+05
27, 25, -7.8875784295756181e+04, -6.2453197249914682e+05
27, 26, -2.4362350859587415e+05, 4.4371583454188542e+05
27, 27, 4.8131850588248286e+05, -1.3131822735370450e+04
28, 0, 3.1383518578018411e+04, 0.0000000000000000e+00
28, 1, 1.8413345855567051e+05, 1.0192478960091351e+05
28, 2, 3.7659305916205759e+05, 2.9725798823438422e+05
28, 3, 1.8482710612041323e+05, -3.9001935142861534e+05
28, 4, 3.4854911310146900e+05, 1.5899722021800754e+05
28, 5, -1.0880427015301739e+05, 1.2050301418600994e+05
28, 6, 5.2655686641638144e+05, -3.0024657509327447e+05
28, 7, -2.4725193571718934e+05, 3.7378877610921953e+05
28, 8, -3.1180924817905645e+05, -7.1158525388820592e+04
28, 9, 6.7271070152059518e+04, 5.1633183459112083e+05
28, 10, -1.1314753931624001e+05, -1.0665256353648416e+05
28, 11, 1.7900634393646475e+05, 3.2518431274461187e+05
28, 12, 5.2626039771723037e+04, -6.3953544616605039e+04
28, 13, -1.2283432257140668e+05, 1.1506355310942567e+05
28, 14, 2.0155003515717832e+05, 2.2260358987484689e+05
28, 15, -1.1806002288198433e+05, 1.9481979443469425e+05
28, 16, 1.9322693877813185e+05, 1.3613417659422616e+05
28, 17, 3.4901927458175633e+04, 5.0920470480075141e+05
28, 18, 3.1911698163198447e+05, -3.2326333156667091e+05
28, 19, 4.2719314337765996e+05, 1.1359141811017221e+05
28, 20, -3.0481861274791503e+05, -4.6584919140687399e+05
28, 21, 1.4829038957683713e+05, 1.3276346287898876e+05
28, 22, -3.9248391313257779e+05, 7.1348891050802369e+04
28, 23, 3.8552909605559485e+05, 1.7887843442867510e+05
28, 24, -2.5276260393012478e+05, 1.6605953343748319e+05
28, 25, -8.2154466596441853e+04, -9.2292353049654484e+04
28, 26, -4.7559475711070787e+05, 6.3522394721411401e+05
28, 27, -1.4700688446571512e+04, 9.9358813464423220e+04
28, 28, -1.6575171985775325e+05, -6.3507426252084749e+05
29, 0, 1.5846400274758704e+05, 0.0000000000000000e+00
29, 1, -3.2422980027804733e+03, 1.9189251754255162e+05
29, 2, 2.3459195519026840e+05, 2.4659024558723431e+04
29, 3, 1.2582789763978809e+05, -4.0614964502791630e+05
29, 4, -1.5489441413787057e+05, 1.7734229108884520e+05
29, 5, -1.4442157999604568e+05, -1.5662107186319405e+05
29, 6, -6.2153658536887160e+04, 1.2951992364156275e+05
29, 7, -3.2869754727707605e+05, 2.0342083011729084e+05
29, 8, -6.4109010692411452e+04, -2.1261360605400332e+04
29, 9, 1.6014599997355998e+05, 4.6076258938395040e+05
29, 10, 2.1074707324188261e+05, -1.4214501058646195e+05
29, 11, 4.6662483778240596e+05, 1.3808794871872681e+05
29, 12, -2.4756432017985487e+05, 1.2293822381504794e+05
29, 13, 2.8588836435630947e+05, 2.3052682250756876e+04
29, 14, -4.6091972959983716e+04, 1.7167958725708420e+05
29, 15, 1.2854302005607873e+05, 1.3867794318170589e+05
29, 16, 1.0539472492204772e+05, 6.9205970264635398e+04
29, 17, 4.0651097023836723e+04, -1.1717407005422920e+05
29, 18, -4.4264255630110660e+04, -8.1871407355456686e+04
29, 19, -2.4136642799263401e+05, -6.5693618747831963e+04
29, 20, -1.2229006645886917e+05, -4.5277603995345242e+04
29, 21, -1.9158640480264375e+05, 3.8991568406621495e+05
29, 22, 1.9637433344270691e+05, 3.6536636284768727e+04
29, 23, 3.3897511425929944e+04, 3.7179408125260094e+05
29, 24, -5.4113812270938186e+04, -3.4811098410264286e+05
29, 25, 2.2557475738421141e+04, 3.7751853064717283e+05
29, 26, -2.5028330885451658e+04, 2.6433365416679950e+05
29, 27, 5.2211956981482700e+05, 7.5947632299431105e+04
29, 28, -1.6363317801049219e+04, -3.4651692566916044e+05
29, 29, -1.6917867937458603e+05, 2.0917873811278056e+05
30, 0, -3.9058465796967088e+04, 0.0000000000000000e+00
30, 1, -2.0491714521158574e+05, 1.7476217698796507e+04
30, 2, -2.9989538442636945e+05, -1.7875404426428388e+04
30, 3, -7.8590624353274281e+04, -7.1472650396289697e+04
30, 4, -3.6431512491018570e+05, 3.4088502179173776e+05
30, 5, -1.3843977409275822e+05, 1.5739718140819675e+05
30, 6, -9.1466300642588903e+04, 4.7646151544686744e+05
30, 7, -3.9442532034002055e+04, -1.7095469980325804e+04
30, 8, 2.6220526297877790e+04, 2.0483993370867538e+05
30, 9, -1.6381643723887356e+05, 1.1286878276506244e+05
30, 10, 9.6271392788872341e+04, -3.4607713819813705e+05
30, 11, 1.7878754907288373e+05, -8.3018131377877842e+04
30, 12, -3.8549145089256181e+05, 1.6605215999786311e+05
30, 13, 1.2478834998545259e+05, 2.4546003377321889e+04
30, 14, -1.3839873932558228e+05, -1.3366024514822592e+05
30, 15, 1.2664379256054229e+05, 3.4336944658420398e+03
30, 16, -2.6440121704684396e+04, 7.5177652534147201e+03
30, 17, -1.3834196381293563e+05, -1.5739140229339385e+05
30, 18, -5.2803101908977071e+04, -7.8560759304515421e+04
30, 19, -1.7353627116249781e+05, 1.3086929713589110e+05
30, 20, 2.1860481564455229e+05, 1.2822893118446876e+05
30, 21, -1.1075961011389762e+05, 1.2795923936858334e+05
30, 22, 3.1017186689220730e+05, 1.2357380919838979e+05
30, 23, -1.6782444152145099e+05, 5.2370562084843201e+04
30, 24, 6.8378743661171407e+04, -2.4170195609951127e+05
30, 25, -3.0016223160165118e+05, 2.8396180290180899e+05
30, 26, 2.0202563542788636e+05, -4.0564992697333393e+05
30, 27, 3.5499287564448069e+05, -3.1778260107215995e+05
30, 28, -2.3503934209288086e+05, -4.7101224577807874e+05
30, 29, 1.8901002326068708e+04, -1.7355475002928870e+03
30, 30, 1.3907652385982868e+05, 6.2911865912990208e+04
31, 0, 2.0587463338758287e+05, 0.0000000000000000e+00
31, 1, -6.0789224265890909e+04, -1.2855867800299791e+05
31, 2, 1.1018815000736689e+05, 1.2547551608451402e+05
31, 3, 8.6650812943007331e+03, 7.3813322424280253e+04
31, 4, -8.4682932872662554e+04, 3.8433685883488382e+04
31, 5, 7.8593163959419689e+04, 2.5058500129348791e+05
31, 6, 1.7510126464353802e+04, 1.0127349396148010e+05
31, 7, 2.5666313858284193e+05, -1.9436686083987117e+05
31, 8, -4.3621715979032233e+04, -8.2142133930950804e+03
31, 9, -1.6191197628627968e+05, -6.5807038250660305e+04
31, 10, -9.2399270675441308e+04, -3.7591620322020614e+05
31, 11, -2.0061944036412259e+05, 2.4249043056003790e+05
31, 12, -2.0314015026905248e+05, 4.4879698555288676e+04
31, 13, 6.6891086736404555e+04, 2.0419192754348414e+05
31, 14, 3.1925447066978872e+04, -7.1077247427760594e+04
31, 15, 6.4942056848953289e+04, 7.5787376783910615e+04
31, 16, -1.6962791070949798e+05, -4.3741219769140727e+04
31, 17, -1.1687804171873970e+05, 1.9180732038707283e+04
31, 18, 3.8394524221313965e+04, 3.2950974042887636e+05
31, 19, 1.0464575918451438e+05, 1.7655285881610017e+05
31, 20, 5.2209424747320724e+05, 2.1304250929109973e+05
31, 21, 7.1188036756843270e+04, -4.6275962812921352e+03
31, 22, 1.1083478736152689e+05, -2.6811557453913201e+05
31, 23, -6.7635413400028396e+04, -1.7030959456806901e+05
31, 24, 1.2218358782148082e+05, 1.4838706702999648e+05
31, 25, 3.9338508712845032e+04, -4.9696063532573127e+04
31, 26, 2.2520529068027413e+05, -8.9560754549400561e+04
31, 27, -1.3064078998305512e+05, -2.1091560789948481e+05
31, 28, -4.8463304213134974e+05, -3.0595499137673469e+04
31, 29, -1.1057081293549633e+05, 2.0203224686613123e+05
31, 30, 2.4141450036912724e+04, 3.3775015079067124e+05
31, 31, -1.1112198396938917e+05, -4.3298844557797333e+04
32, 0, 2.2778142734754595e+05, 0.0000000000000000e+00
32, 1, -2.7056129596080049e+04, -2.9346050839410769e+05
32, 2, 2.8873086858273140e+05, 2.4028565085725897e+05
32, 3, -2.7163143994665757e+05, -7.6231337062340055e+04
32, 4, 2.8057251487490279e+05, 9.3299118902813672e+04
32, 5, 1.3436968864785443e+05, -4.3423805570606011e+04
32, 6, -4.8062907269867588e+04, -2.7909656596802711e+05
32, 7, 2.5976117018896309e+05, -1.7534213683918459e+05
32, 8, -3.4809770470749179e+05, -2.2589084898937042e+04
32, 9, -7.7984794749596811e+04, -1.0771596449357986e+05
32, 10, -9.2705098179551977e+04, 7.4274211551663408e+04
32, 11, -2.4229824668182177e+04, 9.8954748329927097e+03
32, 12, 8.0034647551843678e+04, -4.6870280830265488e+04
32, 13, 2.8329029584015632e+04, 7.3156749612790140e+04
32, 14, -7.1549911757435548e+03, -2.9719670307444467e+05
32, 15, -2.5213596077173133e+03, 1.7680309256827651e+05
32, 16, -1.5715679783794042e+05, -4.0267256583500654e+04
32, 17, 2.0869896943186493e+04, -6.4086789412770246e+04
32, 18, 1.4600113567438759e+05, 4.0475607358784691e+04
32, 19, 2.9788020813821035e+05, -2.2567659414272080e+05
32, 20, 3.6015731384455052e+05, 9.7394400858771449e+04
32, 21, -1.8694780851450129e+05, -3.3726709929907671e+05
32, 22, -1.3584266356453474e+05, -6.6609159789189463e+04
32, 23, 4.3656335440187977e+03, 1.0340984188207900e+05
32, 24, -3.3349722923402704e+04, 2.5117641598281340e+05
32, 25, 2.1972772426566810e+05, -2.5746755924089672e+05
32, 26, 5.6042181990454425e+04, -9.1024510693554214e+04
32, 27, -7.8214218813554267e+04, -2.0244112097589101e+05
32, 28, -2.6665268782568528e+04, 4.4674280121686042e+05
32, 29, 1.9738951502403582e+05, 2.8028783243659476e+05
32, 30, 2.0643177083618089e+05, -7.6294508883536677e+04
32, 31, 1.4656394295263721e+05, 1.2408589846176284e+05
32, 32, 5.8546621695643975e+04, 2.9263017777158675e+04
33, 0, -1.0850762600514211e+05, 0.0000000000000000e+00
33, 1, -1.3565888044913553e+05, -1.9307639528855745e+05
33, 2, 9.4399864417998149e+04, 3.4370112215518474e+05
33, 3, -2.3753487211014482e+05, -1.1878988914299721e+05
33, 4, 6.7624182407979242e+04, 9.4528465591200162e+04
33, 5, -2.1506539384352928e+05, 2.6728326906479924e+04
33, 6, -2.2587384660992294e+05, -4.8370607172237971e+05
33, 7, -1.2059660275900563e+05, 4.4283993285179866e+05
33, 8, -2.5910550367755801e+05, -1.9585511755132343e+05
33, 9, 5.5054586907401710e+04, 1.2518717117280279e+05
33, 10, -3.9959345157164222e+04, 1.3915970688075504e+04
33, 11, 2.1237003497421881e+05, -2.2389044764252458e+05
33, 12, 3.0263150081217324e+05, 1.6928309932092903e+04
33, 13, 8.4749727896228433e+04, -4.1930286337588943e+04
33, 14, 6.9892899360843585e+04, -6.6260554608778271e+04
33, 15, -1.2043393887284130e+05, 1.3938618710290571e+05
33, 16, 3.3145358419017211e+03, -7.1629184129734698e+04
33, 17, 3.5419838751874246e+04, -9.0290674724441924e+03
33, 18, -2.4254744840708841e+05, 6.9244046941911947e+04
33, 19, 3.7278524389063678e+05, -2.6032530586314539e+05
33, 20, -1.8813530044703875e+05, -3.2764451908388597e+04
33, 21, -1.4489260619646811e+03, -3.8464853242149838e+05
33, 22, -1.1551280448789561e+05, 1.8987641654367733e+05
33, 23, -3.8585888508543110e+04, 2.0451773839960661e+05
33, 24, 7.7184336310678918e+04, 9.0414146597032202e+04
33, 25, -8.9116007465381583e+04, -1.2144140269039999e+04
33, 26, -8.0764379677949095e+04, -1.0530091828370193e+05
33, 27, -8.6300876196434343e+04, 6.1023967651188046e+04
33, 28, -4.7775239827325800e+04, 2.6272850792171143e+05
33, 29, 2.4397397485114358e+05, -2.8869648636359692e+04
33, 30, 2.8610146434408246e+05, -2.9870192080059758e+05
33, 31, -2.1857564898360547e+05, -1.9850344583182625e+04
33, 32, 9.6410791887878600e+04, -5.6992291944460815e+05
33, 33, 1.1210687931610446e+03, -1.8694734248759603e+04
34, 0, -3.1961963085523428e+05, 0.0000000000000000e+00
34, 1, 1.4367636722922910e+05, -9.0614599845936085e+04
34, 2, -1.2528136774431316e+05, 1.3575772859390266e+05
34, 3, 8.7865788184589299e+04, -3.3833025167253910e+05
34, 4, -7.2314248669179360e+04, 1.9936288855339569e+05
34, 5, -2.0648143050866679e+05, -1.2716146950976705e+05
34, 6, -1.8542409572221623e+04, -3.0085457098539351e+04
34, 7, -2.3246944234557400e+05, 3.6748954506311729e+05
34, 8, 3.3146326970325725e+04, -6.9292534512591868e+04
34, 9, 1.8753833422797662e+05, 1.3155941109793258e+05
34, 10, 3.1047451625139947e+03, -1.7287136305344303e+05
34, 11, 1.2847550505306743e+05, -4.1159075283726538e+05
34, 12, -1.4954995804657516e+05, -3.2494733691848873e+04
34, 13, -1.6857070562367397e+05, -9.3622207849758561e+04
34, 14, 1.8893754702061138e+04, 2.5074334393371682e+05
34, 15, -1.1962136641357793e+05, 1.5432287352091359e+05
34, 16, 3.9626990498712484e+05, -2.5003089654594853e+04
34, 17, -1.5869405895673440e+05, 1.2061888648358986e+05
34, 18, -4.3228172416014408e+04, -1.6789500761835923e+05
34, 19, 4.2459589250058663e+04, 3.4019890861183766e+05
34, 20, -1.9683180633555420e+05, -1.5599510307432828e+05
34, 21, 1.1509058745763468e+05, 1.0406908940863490e+05
34, 22, -1.9771115856553148e+05, 1.3493955131071302e+05
34, 23, 2.3898926652252418e+05, -5.5369427804862935e+04
34, 24, 1.0104348921063953e+05, 3.5738688165833402e+04
34, 25, -1.5111399054376164e+05, -8.0606368850901898e+04
34, 26, 1.7762064440504392e+05, -2.0462433357565233e+05
34, 27, -2.3514753868148493e+05, 2.0432466391705337e+05
34, 28, 9.3261578064984526e+04, 2.4535941819803462e+04
34, 29, 1.8852702645968713e+05, 2.1550906581323763e+05
34, 30, 2.3236587650027162e+04, -3.0781054991953267e+05
34, 31, -3.8533865796034195e+05, 1.2402660975687612e+05
34, 32, 1.1652422554918824e+05, 1.2865282541187291e+05
34, 33, -5.7727285491463612e+05, 2.8474083010331669e+04
34, 34, -3.3837060826215282e+04, 1.7915838771497132e+04
35, 0, 6.0821204602020545e+04, 0.0000000000000000e+00
35, 1, 1.1939916676110851e+05, 1.9260967486022398e+05
35, 2, 9.1524639127162081e+03, -1.4056920733400353e+05
35, 3, 5.6038272744181464e+04, -1.8252511523297400e+05
35, 4, -3.1950495109993883e+05, 1.5622070942311268e+05
35, 5, 1.1855898901839595e+04, -3.4341015074019239e+05
35, 6, 2.1078073602478110e+05, 2.6805093611922441e+05
35, 7, 4.6472558512087235e+04, -8.9138224984251836e+04
35, 8, 2.5408062524899785e+05, 1.4115461262419549e+05
35, 9, -3.6261561281253860e+04, -4.0919407579592604e+04
35, 10, -9.4674521893204132e+04, -1.4277328546388037e+05
35, 11, -4.1921435098936199e+03, -1.3045794157390337e+03
35, 12, -2.1438085878577112e+05, 4.3472098848520269e+04
35, 13, -2.0793148593957856e+04, -7.3069360880598761e+03
35, 14, -1.3658050257224246e+05, 7.2778956297360943e+04
35, 15, 1.3211973077707889e+05, -2.6616905732213490e+05
35, 16, 2.2971899825434422e+05, 1.9883902917252833e+05
35, 17, -2.5373659021298322e+05, -3.7593017073045281e+04
35, 18, 2.5583596318039673e+05, -7.2757632784023313e+04
35, 19, -7.5819064268357237e+04, 1.3142216457650444e+05
35, 20, 2.7176325138486677e+05, -2.6361410928551567e+05
35, 21, 1.0615302706229420e+05, 3.8834807507820812e+05
35, 22, 7.2878221776441802e+04, -2.2139209847218436e+05
35, 23, -4.2688455122166299e+04, 2.0357864593491718e+05
35, 24, -2.3937919856128164e+05, 3.3737415243667849e+04
35, 25, -6.2693668347724612e+04, -6.2271281821658478e+04
35, 26, 4.2461247197371340e+04, 1.3368119570966833e+05
35, 27, -8.6404089714841277e+04, -1.0915869057323429e+05
35, 28, 1.9899498401073218e+05, -1.4228632387902038e+04
35, 29, -1.4001973749991498e+05, -1.6679071579595911e+04
35, 30, 1.8694867407371520e+05, -1.5107513972969979e+05
35, 31, -1.3549947497799670e+05, 4.0261127162680306e+04
35, 32, 2.6926644189695932e+05, 3.1397255849871587e+05
35, 33, -6.9825265695672104e+04, -3.0183978830989660e+05
35, 34, 2.2188271524661308e+05, 3.9406285842080106e+05
35, 35, 1.8116306573768659e+05, 1.0876330022867591e+05
36, 0, 3.2277305760684726e+05, 0.0000000000000000e+00
36, 1, -1.2553379409760660e+05, -2.6871814390487692e+04
36, 2, 2.2866315203784150e+05, -2.0603389322920542e+05
36, 3, -1.3865075167877955e+05, 1.0128237787481128e+05
36, 4, -3.3355655713832099e+05, -4.6806929176379490e+04
36, 5, 1.8142666934803844e+05, 2.5574715924612789e+04
36, 6, -2.1015647892256937e+05, 3.2732225137379693e+04
36, 7, 1.2704581760163652e+04, -2.0932838050192181e+05
36, 8, 1.1217292657160899e+05, -3.1286041046248880e+04
36, 9, -2.5347121767674881e+05, -4.6565261851228832e+04
36, 10, 6.5288351698158280e+04, 1.5468470476629818e+05
36, 11, -1.0711722260210647e+05, 8.6272712846181501e+04
36, 12, -1.8098282783728075e+05, -5.0153338924637108e+04
36, 13, 3.4100163598815585e+05, 2.7069273858104448e+05
36, 14, -1.9136838414659095e+05, -1.1550765989965972e+05
36, 15, 5.1386801244880049e+05, -2.0121999693903758e+05
36, 16, -3.0266627755813015e+05, -7.8788996078382297e+03
36, 17, 3.2520291940649244e+04, -1.9121712412487331e+05
36, 18, -6.9985041330190157e+04, 2.6891521002656064e+05
36, 19, -1.2008445660711726e+05, -1.9264976060442347e+05
36, 20, 3.4364528874318907e+05, 1.8625032004195210e+05
36, 21, 1.7074786990155396e+05, -9.3831259111563515e+04
36, 22, 1.1594618231566931e+05, -1.8141670576393529e+05
36, 23, 1.6770360726632458e+04, 2.1454110246142789e+05
36, 24, -1.6945597899736560e+05, -9.5346869982472766e+04
36, 25, 9.0417658865073157e+04, 1.2397490652347053e+05
36, 26, -6.5468100948287763e+04, -7.1315784824348229e+03
36, 27, 6.5794592428971853e+04, -6.9203241686063018e+04
36, 28, -4.5454720975777731e+04, 3.4002340234338504e+05
36, 29, -2.0223970110583981e+05, -4.0992720654279267e+05
36, 30, -6.5042217475842161e+04, 3.0139040125086531e+05
36, 31, -1.6629271181441093e+05, -2.8315960293582885e+05
36, 32, 2.7817690380158706e+05, 6.4762976083017798e+04
36, 33, 3.9219683116057073e+04, -4.4718581196127157e+05
36, 34, -1.0294284197665809e+05, 2.6208568842579133e+05
36, 35, 2.5279492420510089e+05, -2.6416396678903862e+05
36, 36, -1.0825716062969368e+05, -3.9990933297580318e+05
37, 0, -1.4833959831531305e+05, 0.0000000000000000e+00
37, 1, -2.0510479778062736e+05, -3.5598564462355990e+05
37, 2, 1.9961115451703517e+05, -7.9771927299644318e+04
37, 3, -2.9015221505705616e+05, 6.8818971731296842e+04
37, 4, 1.1936492775963718e+05, 8.0797437614594965e+04
37, 5, 1.9437758612956665e+05, 1.8746217855099120e+05
37, 6, -2.4892011948743375e+05, -1.3235090854738458e+05
37, 7, 1.8296390345625440e+05, -2.2118083252247183e+04
37, 8, -3.4103895736874401e+05, -7.3333077377473528e+04
37, 9, -1.1674520975365594e+05, -7.0962255215530837e+04
37, 10, 3.4343245851117965e+04, -1.0371888179913105e+04
37, 11, 2.1069431459894974e+05, -1.1827366931645045e+05
37, 12, 6.9271648532995372e+04, -2.8505597642123600e+05
37, 13, 2.9416704856554745e+04, 1.9934151650503813e+05
37, 14, -5.4937722309091303e+04, -4.2539656259894103e+05
37, 15, 1.1877281658123145e+05, 3.1676569501526508e+04
37, 16, -2.9472620000854111e+05, -3.5395478913331310e+04
37, 17, 1.0436902068961419e+05, 2.0285598418676079e+05
37, 18, -2.6351608113837522e+05, 1.2802382264087885e+05
37, 19, 1.1660798067268005e+05, -1.5369283315751477e+05
37, 20, 1.2694668250714763e+05, 2.0639093857479986e+05
37, 21, -2.0622900938347979e+04, -1.7180939294605624e+05
37, 22, 1.3121444180688178e+05, 1.0689821044573496e+05
37, 23, -2.7548758531530475e+05, 7.0037744287433365e+04
37, 24, -9.7967841601771070e+03, 4.3056300867846658e+04
37, 25, 9.4612656134040721e+04, 1.0323335582197396e+05
37, 26, -5.0386771515667497e+03, -1.0370841035252638e+05
37, 27, 2.6843463230426685e+05, -9.7650966823121445e+04
37, 28, -3.3146316854111466e+05, -1.8658086652230497e+04
37, 29, 1.3790111563256205e+05, -1.6544954407470970e+05
37, 30, -2.3016258873130989e+05, 4.1803666742106574e+05
37, 31, 2.7080910628407937e+05, -1.9081187133871031e+05
37, 32, -2.5243765778182889e+04, 1.9951485730827667e+05
37, 33, -3.8025009300469822e+05, -2.9556793920458306e+05
37, 34, -1.5900628097739356e+05, 4.9136556705069008e+04
37, 35, 3.8831581168994401e+05, 1.8128893242676527e+05
37, 36, -5.0870159736598481e+05, -3.1373392430484941e+05
37, 37, -1.4916664952886367e+05, 1.0820731344856077e+05
38, 0, -2.3965729053450940e+05, 0.0000000000000000e+00
38, 1, 7.6326247535657836e+04, -9.9312221031252935e+04
38, 2, 8.2609986724992283e+04, 1.3967706343012830e+05
38, 3, -2.7224207408691203e+05, -1.5533898646177164e+04
38, 4, 3.0293873014056706e+05, 1.6781466922551641e+05
38, 5, -2.0495781831860723e+05, -9.8410499676820225e+04
38, 6, 7.0800807154202164e+04, -3.2072141501095786e+05
38, 7, -1.3832002458957327e+05, 2.5420979156805691e+05
38, 8, -2.3311914629766485e+05, 6.7168146397905453e+04
38, 9, 3.5430222897403743e+04, 2.3366836782219762e+05
38, 10, -2.1863170027585598e+04, -2.6446272140821988e+04
38, 11, 1.4269780776178642e+05, -1.6699302235865931e+05
38, 12, -5.1294408866576796e+03, -1.8213681340523006e+05
38, 13, 9.2620061169375869e+04, -2.1484354527035583e+05
38, 14, 1.6422019939035425e+05, -1.5485686204750859e+05
38, 15, -1.3284577867115903e+05, -2.0487620162493063e+05
38, 16, -1.0954505641378781e+05, -2.1238589862945199e+04
38, 17, 1.3864004135992192e+05, 1.2955301655803401e+05
38, 18, -2.7824880797940808e+04, -8.6540827933625405e+04
38, 19, 2.4383307924885512e+05, -7.5937283552007284e+03
38, 20, 1.5400115908583652e+05, -9.5133864152903800e+04
38, 21, -2.7216788619564402e+04, -1.6815117554553476e+05
38, 22, -2.1788006433392051e+05, -5.6265680957714183e+04
38, 23, -4.7782370594424377e+04, -1.9079958109867357e+05
38, 24, 1.5356408744480519e+05, 7.1738980001073316e+04
38, 25, -5.0454600977870687e+04, -1.0237179259426751e+05
38, 26, -5.6441166717999469e+04, -2.0972181821600348e+05
38, 27, -3.4633521916725658e+04, 2.9594230043787381e+05
38, 28, -1.0811843674610410e+05, -2.2445307778749734e+05
38, 29, 2.3042448042182039e+05, 3.0220178878495772e+05
38, 30, -2.6496059114997415e+05, -2.1854555669110324e+05
38, 31, 4.9336525040400127e+05, 1.3899189135892500e+05
38, 32, -2.2517176446580098e+05, -2.8300376869555348e+04
38, 33, 1.4687731679806663e+05, 8.3463139558187919e+04
38, 34, 4.8108422421075345e+04, 2.4546018487082829e+05
38, 35, 3.1326677120402199e+05, 1.5544369399772625e+05
38, 36, -9.1708394756471651e+04, -2.9645785323570733e+05
38, 37, 8.3095745117292521e+04, 5.4010740720894467e+05
38, 38, 2.8160986299212702e+05, 1.1406544783676611e+05
39, 0, 2.2912080032491853e+04, 0.0000000000000000e+00
39, 1, 2.3230892130678846e+05, 2.5966999628031006e+05
39, 2, -2.3155739204228476e+03, 1.0817870845765327e+05
39, 3, 1.9432742066079125e+04, -2.3547365290742957e+04
39, 4, 2.1552555741231445e+04, 1.0434649571590844e+05
39, 5, -1.4377390828637427e+05, -4.3954310383456829e+05
39, 6, 1.4220472209538211e+05, -6.8715634556332181e+04
39, 7, -1.6787680055055456e+05, 6.0309397799248414e+04
39, 8, 1.8757744383860735e+05, 2.8346335297924408e+04
39, 9, 9.2950175929368648e+04, 3.5406952349698768e+03
39, 10, 1.5644248175736915e+05, 4.4721904819344920e+04
39, 11, 1.3305054036389114e+05, -1.6547210784360033e+05
39, 12, -1.1062935593216826e+05, -7.5149371291004267e+04
39, 13, -7.7933077386687568e+04, -1.5446056498588927e+05
39, 14, 9.5579891389407712e+03, 1.4550609645394239e+05
39, 15, -1.1182250353030465e+05, -4.6128868350053643e+04
39, 16, 1.8687008675114840e+05, -2.6020394813066028e+04
39, 17, 5.5062940274489622e+04, -2.0423579432474071e+04
39, 18, 1.2671205466870856e+05, -3.0212567256169702e+05
39, 19, -1.5469981492031104e+05, 4.2844192632294755e+04
39, 20, 6.9603332491721012e+04, -1.9356716187751645e+05
39, 21, -1.3373179829905709e+05, 1.7629193303003651e+05
39, 22, -1.5810476086324596e+05, 1.3234358351494549e+04
39, 23, 1.0221441816406918e+05, 3.4526559840835507e+04
39, 24, 1.4417901886185067e+05, 6.5681117136674060e+04
39, 25, 1.4734163699484634e+04, -2.0163398402573611e+05
39, 26, 3.3188435842147141e+04, -1.3337292987620320e+04
39, 27, -2.1394306268770009e+05, 2.5493733236365838e+05
39, 28, 3.8441223750214314e+05, 7.5141056470918760e+04
39, 29, -1.4190047928376566e+05, 4.3521285421072866e+05
39, 30, 3.2941302911651623e+05, -3.9764494736068387e+05
39, 31, 1.1218315410112668e+05, 3.6966012960296450e+05
39, 32, -6.5262038586121169e+04, -4.6383106543886015e+05
39, 33, 2.6505327028365078e+05, 2.8153536783195438e+05
39, 34, -1.4038796681676211e+05, -1.6093659192028118e+05
39, 35, 2.5425373572480390e+05, 1.6080496590026387e+05
39, 36, -6.1979313350405304e+04, -1.2650762655211850e+05
39, 37, -8.0165112671234689e+04, 1.0533109814599299e+05
39, 38, 4.3256702204137534e+05, -2.7106946932479396e+05
39, 39, -3.7248641972169673e+04, -3.1532180866648600e+05
40, 0, 3.2368152953836101e+05, 0.0000000000000000e+00
40, 1, 1.7310248855291127e+05, -3.1643203643232566e+04
40, 2, -6.9455016819661541e+04, -5.6272632279970247e+04
40, 3, -4.6445848779479827e+04, -4.7291381278936940e+04
40, 4, -2.0578186496165674e+05, 1.0638155922513707e+05
40, 5, 6.7568911568013296e+04, -3.4462521206961252e+05
40, 6, -1.1052190535155745e+05, 1.9052651820445480e+05
40, 7, 1.1125075985278041e+05, -5.4628930831738689e+03
40, 8, 2.8355689940710989e+05, -2.2151116072958693e+05
40, 9, 1.4457013303606439e+05, -2.3811555968018834e+05
40, 10, -3.1082103410589974e+04, -3.3666543893388519e+05
40, 11, 1.0945032044375301e+05, -1.5404365516223456e+05
40, 12, -3.2597131099822858e+04, -3.6346870967691648e+03
40, 13, -5.5062647487885362e+04, -3.9864429958999244e+03
40, 14, -4.3636425004003773e+04, 3.9972774117684676e+04
40, 15, -1.9362825053489167e+05, -1.0151862517525500e+05
40, 16, 2.5492866138103482e+05, -1.5062124634640550e+04
40, 17, -8.2458466757681483e+04, -9.3443602581452142e+04
40, 18, 2.1745821241667727e+03, 1.6245593686241889e+04
40, 19, -2.6954101475862204e+05, -3.6494174189604169e+03
40, 20, 1.5130798399459853e+05, -2.2270431437600608e+04
40, 21, 7.9326259153698644e+04, 2.1959309633569012e+05
40, 22, 1.8074868215737792e+04, 6.6919533529078763e+02
40, 23, 1.4860504691784905e+05, 1.6333796255329036e+05
40, 24, 4.0366885005654258e+04, -6.8621084223333004e+04
40, 25, -1.1323093519608764e+05, -1.6856068221283809e+05
40, 26, -2.6558857889123923e+04, 1.7186555346264222e+05
40, 27, 1.8799336884606935e+04, -5.1640983169207975e+04
40, 28, 3.4330574224372674e+05, 2.6173280396009728e+05
40, 29, -2.6135672622617474e+05, -4.0744852266965655e+05
40, 30, 3.5797880404720164e+05, -1.8681755765051820e+05
40, 31, -3.9816414236098027e+05, -5.8562321082999610e+04
40, 32, 2.4911470600532880e+05, -8.2764467117036227e+04
40, 33, -2.2845494402525091e+05, 2.2095478804609779e+05
40, 34, 6.0461718846877600e+04, -4.1548687859433616e+05
40, 35, -1.1824238847060286e+05, 1.5498099883464084e+05
40, 36, -2.8895769191831259e+04, -1.5559181731837543e+05
40, 37, -1.2762623200842884e+05, 2.0657653734182694e+05
40, 38, 1.8791138083795647e+05, -6.8522887355092025e+04
40, 39, -2.8106238191683404e+05, -4.2225842833812312e+04
40, 40, -4.6248906840811716e+05, 1.8817971916853363e+04
41, 0, 1.5092825749175745e+05, 0.0000000000000000e+00
41, 1, -1.0682214224522817e+04, -1.7507067994639851e+05
41, 2, 2.6015930619338027e+05, -1.6083518671045173e+05
41, 3, -1.8969426709509705e+05, 1.2454983210327981e+05
41, 4, 1.2838586636101356e+05, 3.1282820639995902e+04
41, 5, 2.8033636238557240e+05, 7.1603681493072887e+04
41, 6, -1.7009305359831560e+05, 8.8032189172744984e+03
41, 7, 1.8947248170913348e+05, 1.5032801196443973e+05
41, 8, 1.0911564501867103e+05, -1.4345903609158943e+05
41, 9, -1.2900040350104928e+05, -1.5266663308674608e+04
41, 10, -9.3449094362469710e+04, -1.2458506006432664e+05
41, 11, -5.7203607719317573e+04, 2.9650240040243771e+04
41, 12, -1.4085501301313966e+05, 5.8368422856376419e+04
41, 13, 7.0994521284677772e+04, -5.6163130009673194e+04
41, 14, -2.5124841343155014e+05, 1.7476179272903909e+05
41, 15, 2.0494152003533489e+05, -2.5416597106636007e+04
41, 16, -1.9613652290107688e+05, -2.6120662718491789e+04
41, 17, 3.9308615690196923e+04, -8.2620136489237251e+04
41, 18, -2.0201951968824197e+05, 1.5858969675856264e+05
41, 19, 8.6894282575179604e+03, -2.9201115974381559e+04
41, 20, 1.3286074141589866e+04, 1.7148662091101459e+05
41, 21, 1.3014065581928406e+05, -9.4871192180538827e+04
41, 22, 1.2750690933136098e+05, -6.6213836642484355e+04
41, 23, -3.5988618252620086e+04, -1.1685687909141945e+05
41, 24, -3.5761114067041330e+04, -1.9204584222327438e+05
41, 25, -1.3670222076721519e+04, -1.2552057216530900e+05
41, 26, -1.2646135133151733e+05, 1.3048302183327806e+05
41, 27, 2.2681466826435708e+05, -1.2894113383398038e+05
41, 28, -2.7938781819923234e+05, 2.1884983906234379e+05
41, 29, -7.0895683324387210e+04, -2.1108002795958653e+05
41, 30, -5.2324855754353790e+04, 1.4451292213534107e+05
41, 31, -1.4210585323848165e+05, -2.5388649184875644e+05
41, 32, 2.9209065101965645e+05, 3.7197916310646507e+05
41, 33, -3.0124531023114879e+05, -1.7845507804199270e+05
41, 34, 2.7647368038358970e+05, -1.2886018120318151e+05
41, 35, -3.4158149822204030e+05, 7.1427875138468546e+04
41, 36, 1.2169479027802925e+05, -7.3587556569247332e+04
41, 37, 1.1662283015005350e+05, 2.4873568527218542e+05
41, 38, 1.0641821759369847e+05, -1.0964492478651821e+05
41, 39, -9.1019444851040724e+04, -1.1951035851416847e+05
41, 40, 5.8793940875489992e+04, 3.3968703109062306e+05
41, 41, 1.8692269835948752e+05, 3.4664885767298227e+05
42, 0, -1.4812232538943135e+04, 0.0000000000000000e+00
42, 1, 7.0341411529094054e+04, -2.0789008179221732e+04
42, 2, 2.8038078260603335e+04, 1.7105596990796557e+05
42, 3, -2.3567662941557102e+05, 5.7949635168780711e+04
42, 4, 3.3895477814045246e+05, 1.4175931272817354e+05
42, 5, 1.3565576903518400e+05, -1.8074987941206535e+05
42, 6, -6.5106626688666613e+04, 6.1123886269987415e+03
42, 7, 1.2322517536193243e+05, -1.2088322604922636e+04
42, 8, -6.7866831049209577e+03, -1.3316930320565237e+05
42, 9, -5.1070547089010899e+04, -1.4425877872394660e+04
42, 10, -1.8124373989229687e+04, 2.0959883263765005e+04
42, 11, -1.9002463752028460e+05, 1.1512809374358275e+05
42, 12, -5.1128869178443696e+04, 4.6493323956679145e+04
42, 13, -5.5155423258108758e+03, -7.7845283229806373e+04
42, 14, -1.8043567564830504e+05, -1.4483294807278441e+05
42, 15, 2.5238637022878765e+05, 4.3194580713971198e+04
42, 16, -3.1023231315214024e+05, -2.5050701462417848e+04
42, 17, -7.6723458930674242e+03, 7.4216799262317421e+04
42, 18, -2.1495470805601586e+05, 1.8849765738806283e+05
42, 19, 1.3664310831507298e+05, -1.0569432205643062e+05
42, 20, 5.6229471748175842e+04, 7.0612873505648604e+03
42, 21, 1.9911641701088153e+05, -1.1012471012706764e+05
42, 22, -9.9927810648766055e+04, -1.5099305287592503e+05
42, 23, -2.2793656091819302e+05, -8.4597450662899006e+04
42, 24, -8.9765726144667628e+04, -1.2744009981225277e+05
42, 25, 4.1861415948816677e+04, 8.6704451586465701e+04
42, 26, 7.8527994535642778e+04, -1.6713807136344424e+05
42, 27, 5.1184700303373640e+04, 1.4954596765247552e+04
42, 28, -2.8582525063881022e+05, -1.1271580021948206e+05
42, 29, -1.7265659385966817e+04, -3.3045756496390677e+03
42, 30, -2.3834161475026861e+05, 1.2282056779252560e+05
42, 31, 2.0620699890147510e+05, 2.8872071977071348e+04
42, 32, 2.2617805288430827e+02, 2.8516499649023288e+05
42, 33, 3.0317700167152181e+05, -3.7033498620849557e+05
42, 34, -1.2939291008814163e+04, 3.3351047670295622e+04
42, 35, -3.3179110146575177e+05, -8.8152258092530828e+04
42, 36, 9.5653835228688258e+04, 1.5057827689425883e+05
42, 37, 3.2011479192031886e+04, -6.2862332601487979e+04
42, 38, 3.5384587825683935e+04, -2.2430115152235475e+05
42, 39, 3.0138393994976592e+04, -4.1033126962225288e+04
42, 40, -2.0971625285002030e+05, 2.8811749554774619e+05
42, 41, 2.2546704426006795e+05, -3.3828845432837872e+05
42, 42, 1.2942855238653568e+05, -2.0042407770197117e+05
43, 0, 1.3367383215288972e+05, 0.0000000000000000e+00
43, 1, 2.1547308782580914e+05, -1.0783309842957897e+05
43, 2, 5.2587105128645489e+03, 3.2786912734620844e+05
43, 3, -1.7835469941513424e+05, 4.5024206177057837e+04
43, 4, 1.9151303893461204e+05, 1.5221530979313306e+05
43, 5, -1.0743014034761145e+05, -1.6206071222000167e+05
43, 6, -3.7363633349928583e+04, -1.0590676127332269e+05
43, 7, -6.0130504499440372e+04, -1.4499437452384582e+05
43, 8, 2.8387669566529054e+04, -6.9371510237343973e+04
43, 9, 1.8892680864805725e+05, 1.8440472057962726e+05
43, 10, 8.0284571731749660e+04, 1.2652030495790212e+04
43, 11, -1.0208876095034640e+04, -4.1199764385943483e+04
43, 12, 6.4909711790084315e+04, 5.3138651183739021e+04
43, 13, -8.9874442915995678e+04, 1.8758095480982502e+04
43, 14, 6.9843713533243252e+04, -9.3517261023409650e+04
43, 15, 7.1688756954152312e+04, 1.0667378849971815e+05
43, 16, -1.1285099063482363e+05, -2.5696335315592436e+05
43, 17, 4.9723677202124352e+04, 1.6662043947326322e+05
43, 18, 1.9069507862734827e+03, -1.0086202389834318e+04
43, 19, 8.8412330926936193e+03, -2.2609022704682781e+05
43, 20, 1.9245387047534596e+03, -1.0408789451991237e+05
43, 21, -3.0407105095435414e+04, -1.5410635550223815e+05
43, 22, -1.0171904091443753e+05, 7.4989539958478446e+04
43, 23, -2.6255365853909991e+05, 2.5695324294520789e+04
43, 24, -5.6446053606207934e+04, -3.7380945544036113e+04
43, 25, 1.0129215572444344e+05, 2.0142845018107674e+05
43, 26, 3.7342885192908681e+04, -2.5090251816777361e+05
43, 27, -1.2498461072260587e+05, 2.5755865561674442e+05
43, 28, -2.5406647701860173e+05, -1.1042394425763554e+05
43, 29, -1.1644969128432202e+04, 3.2247461293458461e+05
43, 30, 1.9742906885794696e+05, -1.0177265573119360e+05
43, 31, 2.7032597279098048e+05, 3.9864839736307949e+04
43, 32, -4.4747610798140457e+04, -1.8472420330387945e+05
43, 33, 1.4959418292128737e+05, -1.6074552721467725e+05
43, 34, -4.3697812359314261e+05, -7.2035684115557000e+04
43, 35, 2.2267714434713940e+05, 9.4188724378955085e+04
43, 36, 2.5622161908358052e+04, 1.9720068900537118e+05
43, 37, 8.3097449515353670e+04, -1.3958890537763125e+05
43, 38, -1.7733065308654995e+05, -2.0210025350248179e+04
43, 39, -2.1898023440701159e+05, 6.6803330499796502e+04
43, 40, 4.3209229493819388e+04, 1.9632304203956242e+05
43, 41, 1.2640015637584991e+05, -9.6116793988818390e+03
43, 42, -2.0318944855094492e+05, -1.0384720310580003e+05
43, 43, -2.7045708416047785e+05, -1.0322884656078575e+05
44, 0, 1.8261710890245473e+05, 0.0000000000000000e+00
44, 1, 2.9601066284031316e+05, -2.7541411845294730e+04
44, 2, -1.2471399808034326e+05, 1.3020271753819376e+04
44, 3, 1.6759559881358303e+05, -9.5031454774979647e+04
44, 4, 1.5910965062777637e+05, 7.6888631846198303e+04
44, 5, 1.0473581480278169e+05, -1.7787371582007268e+05
44, 6, -1.8478455732654946e+05, 1.6053768762819021e+05
44, 7, -1.6237968070785355e+05, 1.2487169821584474e+05
44, 8, -6.0815070121453318e+03, 1.7165592622995994e+05
44, 9, -6.4433335704288438e+04, 1.2810227268889728e+05
44, 10, -4.7305018747371563e+04, -9.9730142223096162e+04
44, 11, 1.1864019817674508e+05, -2.8955073207860911e+05
44, 12, -7.4853689921822253e+04, 5.5406037607085767e+04
44, 13, -1.3273867497896333e+05, -1.4479526973276015e+05
44, 14, 4.0302075864167622e+04, 2.1309174678918821e+05
44, 15, -1.5504813762469418e+05, 1.6424593908596132e+05
44, 16, 1.4176412868457183e+05, 1.6506624698157659e+04
44, 17, 9.6877788751539803e+04, 4.8245536426139748e+04
44, 18, 1.7831006661006875e+05, -9.4452630414180807e+04
44, 19, 9.6024383432388058e+04, -2.4005227382422847e+04
44, 20, -1.5451898946971991e+05, -1.9735863664961257e+05
44, 21, -3.6143199355222139e+04, 6.4540440207545966e+04
44, 22, 6.9394080979404953e+03, 5.6580260236052360e+04
44, 23, -1.2126839632707346e+04, 4.0112079740694397e+04
44, 24, 1.2377119411640265e+05, 1.0530293253947052e+05
44, 25, -2.8862932783249184e+04, -1.2076254616600891e+05
44, 26, 8.2571646065249835e+04, -1.5676079441660331e+05
44, 27, -2.0130343769918923e+05, 5.7067133661199303e+04
44, 28, -2.2500795774702921e+04, 3.8327835621436403e+04
44, 29, -1.5165743416007630e+04, 1.9998596013599203e+05
44, 30, 2.7840909253961511e+05, -1.1876109069009799e+05
44, 31, 7.9235910347830053e+04, -4.7860284177673806e+04
44, 32, 2.8252171332815429e+04, -1.9221827314036147e+05
44, 33, -2.2873864198913024e+05, 6.5066038534785941e+04
44, 34, -1.7667713920887030e+05, -1.1665432666348267e+05
44, 35, 1.7759279054714536e+05, 2.7715415634434891e+05
44, 36, -1.9112894879476895e+04, -8.7656687355926275e+04
44, 37, 2.6402390753056423e+05, -3.9151674182112896e+04
44, 38, -2.5261658599931659e+05, 1.1518464661602693e+05
44, 39, 1.1687320500356857e+05, 1.0233476950432124e+05
44, 40, 2.3820622338883122e+05, 3.2656713395032450e+04
44, 41, -6.1738911882042084e+04, -1.3200109498217219e+05
44, 42, 7.3929712804701936e+04, -2.6791894580331034e+04
44, 43, -1.6656313723871586e+04, 1.6406222508937924e+05
44, 44, -2.0618410087274628e+04, 5.6475651041653741e+05
45, 0, 1.0074531787997956e+05, 0.0000000000000000e+00
45, 1, 3.4021125981051271e+04, 1.7334956531029372e+05
45, 2, -1.7144300262985763e+05, -1.3875364204568858e+05
45, 3, -3.9896859839609533e+04, 1.1217841065572023e+05
45, 4, -3.8649179822089995e+04, 3.9659532794989136e+03
45, 5, 1.1158196228004529e+05, 2.6824660179460116e+03
45, 6, -3.7285338814108138e+04, 7.7833898234486827e+04
45, 7, 3.3702626815254247e+04, 1.7979343647481233e+05
45, 8, -3.2254828425910182e+04, 3.5675355936761771e+04
45, 9, -2.2686656539647724e+04, 1.3676536125574159e+05
45, 10, -9.3399785662567330e+04, -2.7185310260762146e+05
45, 11, -8.5056518957946464e+04, -1.1737931208783358e+05
45, 12, -2.8742880132385599e+05, 1.0273075245977676e+05
45, 13, -1.3561993562014276e+05, 4.2346133047169365e+04
45, 14, -1.1049190595838623e+04, 2.1921494948769070e+05
45, 15, -6.8583996323711472e+04, -3.0864960460638092e+05
45, 16, 1.7141902345667273e+05, 9.6154038009583252e+04
45, 17, -2.1369267351328090e+04, -1.7851323231956008e+05
45, 18, 2.4040859511724542e+05, 9.6433975050480658e+04
45, 19, -6.2224910590766274e+04, 5.9294529953776655e+03
45, 20, 2.6527149680525313e+03, -2.5666524494693935e+04
45, 21, 3.0866013798349766e+04, 2.2170723114476696e+05
45, 22, 2.1921933169497491e+05, -1.7692030084382507e+05
45, 23, 1.1900409755885974e+05, -4.7388464500013033e+04
45, 24, -8.5614126438719832e+03, -1.0053112013963277e+05
45, 25, 1.3374568853920550e+05, -1.1314358409033416e+05
45, 26, 1.2997134229627816e+04, -2.5137701265254960e+04
45, 27, -1.0130596647998052e+05, 7.5503977595851931e+04
45, 28, 1.4677745252000584e+05, 1.8932043810927877e+05
45, 29, -6.1321337039364706e+04, -1.3346017914282109e+05
45, 30, 9.1271907512858525e+04, -1.0706824567285508e+05
45, 31, -2.0260539055088648e+05, -1.1227532445913511e+05
45, 32, -1.2046998322163687e+05, 7.8164793821512852e+04
45, 33, -3.0531423034921783e+05, 1.4223837930172827e+05
45, 34, 1.3004659255463029e+05, 7.1542334549785242e+04
45, 35, 6.8895675237499527e+03, -6.7486553446853941e+03
45, 36, 6.7284808763140667e+04, -3.0076944566341711e+05
45, 37, -3.3026369101831963e+05, 5.3829419333369588e+04
45, 38, -2.7411211756792763e+03, -9.0342770089179859e+04
45, 39, 2.1562927321544054e+05, -1.1298667672395235e+04
45, 40, 9.7696516865979065e+03, -5.4284124974314589e+04
45, 41, -9.3371067322886927e+04, -2.7138501166602911e+05
45, 42, -1.0449618727220480e+05, 1.6962561935015797e+05
45, 43, -5.7256642258474349e+04, -1.7969656985374814e+05
45, 44, 9.2731277379134146e+04, 3.8008532279482039e+04
45, 45, 3.8122752260733070e+05, -2.8358139933613094e+05
