0, 0, 0.0000000000000000e+00, 0.0000000000000000e+00
1, 0, -5.7790816241539246e+05, 0.0000000000000000e+00
1, 1, -3.3685112290410754e+04, -2.6151497289265468e+05
2, 0, 0.0000000000000000e+00, 0.0000000000000000e+00
2, 1, 1.2616813432942136e+05, 6.8116557764476078e+04
2, 2, 4.6042388485514792e+05, -1.8359921534325386e+05
3, 0, 2.8206131778415421e+05, 0.0000000000000000e+00
3, 1, -2.0844644136619288e+05, -6.0063761020160292e+05
3, 2, 1.2263469066472806e+05, 5.5676334332547180e+04
3, 3, -4.2649818948698929e+05, -2.3074712199431611e+04
4, 0, 9.2869879195441026e+03, 0.0000000000000000e+00
4, 1, -1.7174346583561038e+05, -1.0445720285358683e+05
4, 2, 2.6854404455174110e+05, 1.2236245686700629e+05
4, 3, -3.5951560136705439e+05, 2.5498273095527973e+04
4, 4, -7.0410560735229898e+04, 2.0670680085336996e+05
5, 0, -1.7906369156580474e+05, 0.0000000000000000e+00
5, 1, 4.9320511749894926e+04, 1.5622366049324139e+05
5, 2, -4.3115514283058059e+04, 6.8222837610538147e+04
5, 3, 1.6300469938167138e+04, 2.0393378595401411e+05
5, 4, 9.6760588045615092e+04, -1.9791426284525325e+05
5, 5, 2.8172423734910073e+04, -5.4835776135494452e+04
6, 0, 7.8183835197669599e+04, 0.0000000000000000e+00
6, 1, -8.3585855492197807e+04, -2.4439276592526548e+04
6, 2, -1.3398949700161541e+05, 2.3077158007151113e+04
6, 3, -1.2112204832415600e+05, -5.5040435687059507e+04
6, 4, 2.6419927766091714e+04, 2.7319012320981987e+04
6, 5, 8.7167157899380356e+04, -5.0387975951166125e+04
6, 6, 6.4854813714632881e+04, 1.7793454451794991e+04
7, 0, 1.1146496039893110e+05, 0.0000000000000000e+00
7, 1, -5.5704517446305043e+04, 1.1979024855261846e+05
7, 2, 8.3962955635361039e+04, -8.5539790239915659e+04
7, 3, 3.0636020034557205e+04, -1.9965783400151806e+04
7, 4, -7.4780630054696288e+04, -9.0870944246522835e+04
7, 5, 9.5889202921649812e+03, 4.8677256104505032e+04
7, 6, 7.2099935240667721e+04, 3.7590926630455826e+04
7, 7, 3.5034898927224640e+04, -4.1840308060953677e+04
8, 0, -5.3830819401741464e+04, 0.0000000000000000e+00
8, 1, -1.2284427690241377e+04, 5.4268926604972585e+04
8, 2, -2.4165049208743458e+04, -8.6598261376917071e+02
8, 3, 3.8102890072418442e+04, 3.9299127047929294e+04
8, 4, -9.3415757119810587e+02, 6.7993363798768041e+04
8, 5, 7.0133039262833729e+04, 8.5178397409642843e+04
8, 6, -5.3825796906841606e+04, -1.7148565605640695e+04
8, 7, 2.9451883178853641e+04, 2.4784971781998560e+04
8, 8, -4.6353124710101692e+04, 8.2965152222154866e+03
9, 0, -6.2204616060114677e+02, 0.0000000000000000e+00
9, 1, 5.2637235099547914e+04, -1.0886492541926142e+05
9, 2, -5.0443990865879816e+04, 2.5662907816780600e+04
9, 3, -1.1056668206632134e+04, -3.3818870017549336e+04
9, 4, -1.9701346981395138e+04, -9.1240874949480640e+03
9, 5, -2.5480364776720417e+04, 3.7678219048568695e+04
9, 6, 2.0426387824431622e+04, 7.6192736815590019e+04
9, 7, 2.4938630129216566e+04, -1.0071132115540732e+05
9, 8, -7.0365726676197330e+04, 3.5649642127432118e+04
9, 9, -2.0267647525973432e+04, -3.5423269358406229e+04
10, 0, 2.9189988968746125e+04, 0.0000000000000000e+00
10, 1, 3.3849511531592179e+04, -8.2610441679543164e+03
10, 2, -3.2180380655730114e+04, 6.5140079568248111e+03
10, 3, 7.0880515574584046e+04, 1.6112189178210374e+04
10, 4, 9.8880420150777427e+03, -5.2375184466966006e+04
10, 5, -2.9821415727775195e+04, 9.8601481761701871e+02
10, 6, 1.4799768196721096e+04, -5.0580601065192830e+04
10, 7, -1.6259670221345161e+04, -2.9583031969832315e+04
10, 8, -3.4514037363689185e+03, 1.7711237679724582e+02
10, 9, -2.2249717201182058e+04, -4.2269290042819528e+04
10, 10, 8.8998166185711107e+03, 1.8676377189758012e+04
11, 0, 3.4881553564071228e+03, 0.0000000000000000e+00
11, 1, -4.5212530071798043e+04, -9.6118912658371337e+03
11, 2, -9.2401692588118021e+03, 3.4266863453934733e+04
11, 3, 3.6921289809766313e+03, -2.9426836643623770e+04
11, 4, 2.2465580320724592e+04, 2.2325916736574174e+04
11, 5, 1.9745463735810117e+04, -1.6377157571213640e+04
11, 6, 3.4646418772372446e+04, 2.7923733975054172e+04
11, 7, -1.8016877694787821e+04, -1.6592435824583081e+04
11, 8, 2.4981649041656092e+04, 2.2784676142239601e+04
11, 9, -1.0436333783264241e+04, -5.3379620209970199e+02
11, 10, 4.0759359658809582e+04, -9.5480553461812087e+03
11, 11, 1.0719706617034402e+04, 8.3417943300168772e+03
12, 0, 2.9424313401832467e+04, 0.0000000000000000e+00
12, 1, 1.7156506842834686e+04, -1.4859342495929866e+04
12, 2, 1.3927430006499135e+04, 5.9615741576838936e+03
12, 3, 5.5025953041673019e+03, 6.1334892544685245e+03
12, 4, 2.2178251141266872e+04, -1.2669190766564410e+04
12, 5, 3.1903280949697102e+04, -1.0499535319535828e+04
12, 6, -9.6143545017477099e+03, -1.4966769832004393e+04
12, 7, 2.6702339535763298e+04, 2.7892228488143475e+04
12, 8, -3.7076800768197994e+04, -2.6507231987511383e+04
12, 9, 3.4426618663684698e+04, 2.3647783580649528e+04
12, 10, 4.1476858368023582e+04, 2.0814952932587716e+04
12, 11, 5.5394881939224688e+03, 2.7074880396203887e+04
12, 12, 1.0811157195715599e+04, 1.7946474504591401e+02
13, 0, -1.7135385359253276e+04, 0.0000000000000000e+00
13, 1, 1.9682491710645721e+04, 5.1340963271724955e+04
13, 2, -2.7271328385852659e+04, -1.5989009855215390e+04
13, 3, 3.3483081688816499e+04, 2.8731448301711636e+04
13, 4, 2.5501192772903873e+04, 1.2548240698053360e+04
13, 5, -9.6037498805276573e+03, 8.9067566896992703e+03
13, 6, -4.8175905777459637e+04, 3.2189735158467422e+04
13, 7, -2.2340116860930721e+01, 2.3580290698745866e+03
13, 8, -3.9077571609577708e+03, 4.4855299101371211e+03
13, 9, 3.6999902464359009e+04, 2.3730970291324669e+04
13, 10, -1.8521734868103631e+04, -1.3695307123060802e+04
13, 11, 4.1088376954637242e+03, 1.1513565368248066e+04
13, 12, -3.2739203034080063e+04, 2.9957393186866466e+02
13, 13, -2.9594926261203625e+04, -4.3584091344600965e+03
14, 0, 3.8854520931007290e+04, 0.0000000000000000e+00
14, 1, 1.0691153968708331e+04, 1.7272414813518575e+04
14, 2, 1.0851354281029839e+04, -1.3184499009145575e+04
14, 3, 1.3043856437733020e+04, -1.3289325395475986e+04
14, 4, -1.5957045567132442e+04, 1.1311858943026051e+04
14, 5, -2.6499604244964430e+03, -2.4338973370040876e+03
14, 6, -8.5162660867196646e+03, 1.2271535754309352e+04
14, 7, -1.9407374097119817e+04, -1.6554038890963961e+03
14, 8, -1.2674444787850825e+04, -1.0827181109313717e+04
14, 9, 2.0733023965316112e+04, 2.9678864676603807e+04
14, 10, 1.3691719631452866e+04, -1.0475262896702217e+04
14, 11, -3.3883971719691544e+04, -1.8082896983840536e+04
14, 12, -1.6138619545756881e+04, -1.7167511173310086e+04
14, 13, 7.4117229403876991e+03, 2.0729032859077597e+04
14, 14, 9.9337885099358682e+03, -1.1851512537885905e+04
15, 0, 1.4153638178428391e+04, 0.0000000000000000e+00
15, 1, 9.2165949644364609e+03, -1.6554211203470419e+04
15, 2, 1.3833318730264367e+04, -1.4597788087990706e+04
15, 3, -1.0822476215930063e+04, -5.8119836776050179e+03
15, 4, -6.4112620937920256e+03, 1.0871860992344085e+04
15, 5, -1.6771578076696198e+04, 9.3531681253083680e+03
15, 6, -2.5304757553538761e+03, 4.6292271953938489e+03
15, 7, 3.3774968006076269e+03, -5.1365656994450283e+03
15, 8, 2.1952217248109548e+04, -1.1112923633830827e+04
15, 9, -4.6995177203349427e+04, -8.4237968197652117e+03
15, 10, 1.2396898114060146e+04, 1.9207974867354744e+03
15, 11, -5.8555048887428311e+03, 3.6470103833945086e+03
15, 12, 5.0189277407639456e+04, 8.8234241363755391e+03
15, 13, 1.0586558973039213e+04, -2.2392435737373053e+03
15, 14, 6.5825520858175551e+03, -2.3325453770157954e+04
15, 15, 2.4617983629398350e+04, 9.7478023572978273e+03
16, 0, 3.2026777981642299e+04, 0.0000000000000000e+00
16, 1, -5.1704874442394093e+03, -8.6636455315408584e+03
16, 2, 2.8028964779327885e+04, 2.1062580840279868e+04
16, 3, -1.5600306066313498e+04, 7.0703869375332215e+02
16, 4, 1.3043337858848283e+04, 4.1316512491617987e+03
16, 5, 4.9566730198803270e+02, 5.7429065393816018e+03
16, 6, -1.6881524708347160e+02, 3.1732717062615793e+03
16, 7, -7.1825033482851441e+03, 1.1690390335567708e+04
16, 8, -3.9268376739586838e+03, -9.8141672176300690e+03
16, 9, 1.2290074503161242e+04, -7.0826727292264841e+03
16, 10, 7.3945994049108076e+03, 1.1122091471318723e+04
16, 11, -1.0351953088473092e+04, -2.8986221889265118e+04
16, 12, -2.2780167795931964e+04, 1.3193159422382347e+04
16, 13, 3.6866534868013823e+03, -4.1892944687457566e+02
16, 14, -1.7292224749137360e+04, -1.3849970850819627e+04
16, 15, 1.6417980391395744e+04, 5.6095059860078891e+03
16, 16, 4.2075349785095277e+03, 1.0630798970878925e+04
17, 0, 8.4928454323076403e+03, 0.0000000000000000e+00
17, 1, 1.0120189254436893e+04, -7.5222456541112315e+03
17, 2, 6.2409040810651713e+03, 2.3720522339224641e+04
17, 3, 2.4028182293198552e+04, 1.1777764390206037e+04
17, 4, 8.1855668057192361e+03, -3.4019302188711258e+03
17, 5, 1.2444860143484821e+04, 1.7628157156438101e+04
17, 6, 1.4803544280517914e+04, -1.5177181694163846e+04
17, 7, 8.8289651783820082e+03, 1.1306018514014751e+04
17, 8, -8.0788848265011875e+03, -4.2803629595194334e+03
17, 9, -1.4304267423079225e+04, 1.5635491861993891e+04
17, 10, -1.6096566927982578e+04, 8.6386198961939899e+03
17, 11, 2.0205480092607067e+04, 3.6348868654841506e+04
17, 12, -1.7295401996500645e+04, 6.9736741188342457e+03
17, 13, 1.2748149409240448e+04, 2.5437209396433482e+03
17, 14, -1.3910214220261489e+04, -9.5768626649213802e+03
17, 15, -1.0353622705868340e+04, -1.2472587715614918e+03
17, 16, 4.5527578985362670e+03, 6.7391822553282000e+03
17, 17, -1.3693526915602946e+04, 1.7369287894686686e+03
18, 0, -6.0854951506469852e+03, 0.0000000000000000e+00
18, 1, -3.4991150944817164e+03, 4.9604975367406714e+03
18, 2, -1.1388286693714821e+04, 2.5193260716562954e+03
18, 3, 5.7655368745183832e+03, -1.4032347950074738e+04
18, 4, -3.1578123614204087e+03, -4.7789329307544285e+03
18, 5, 1.3633162671601522e+03, -6.6750022019052631e+02
18, 6, -6.8226937056748193e+02, -4.3230202307980489e+03
18, 7, -6.8549437876335296e+03, -2.6117950244688896e+03
18, 8, -6.8293233435906586e+03, 4.6350934512832555e+03
18, 9, 5.9442448496785973e+03, -3.3533614611840603e+04
18, 10, 2.0527488344171416e+03, 1.3689784517568198e+04
18, 11, -5.0848999114360568e+03, -1.2852020929917297e+04
18, 12, -3.6493668802518750e+03, 2.1307691433474669e+04
18, 13, 9.3766923692072050e+03, -8.2090092619026000e+03
18, 14, 3.6917986109070671e+03, -5.5264947809862715e+03
18, 15, -1.2452335169500444e+04, 4.7804649641853357e+03
18, 16, -9.6363623976078343e+03, 1.0056711176502227e+04
18, 17, -1.9956665952847216e+04, -2.3600497649322679e+04
18, 18, 1.3958344103783253e+04, 3.1535812132863293e+03
19, 0, 4.0233620541803557e+03, 0.0000000000000000e+00
19, 1, -2.7555991192255851e+03, 1.0395582414227680e+04
19, 2, -2.6027637818227186e+03, 6.1792100338003620e+03
19, 3, -9.2607620557874488e+03, -3.6792401140112079e+03
19, 4, -9.7384327566241191e+03, -1.5519580811805281e+02
19, 5, -8.3011438902264781e+03, -1.4771109048640956e+04
19, 6, -1.7101908622458228e+04, 1.0070532481409326e+04
19, 7, -1.1922149061306160e+04, 6.1971813046486113e+02
19, 8, 4.0261849300518115e+03, -1.0874519274516217e+04
19, 9, -7.7274898701849361e+02, -1.2597467571368185e+04
19, 10, 7.6572738272084316e+03, -1.1911245206820935e+04
19, 11, 7.2215460039462250e+03, -4.0558683472963821e+02
19, 12, -2.1705760481031728e+04, -8.7430451343083296e+03
19, 13, 4.7998552105607823e+03, -1.0020718402761968e+04
19, 14, -1.8877349842880071e+03, 5.3633387314408064e+03
19, 15, 2.7450013922875041e+03, -4.8012927670530062e+03
19, 16, -7.0485152755954159e+03, 4.0627303137611361e+03
19, 17, 8.5679538664356241e+03, 1.0303456082487010e+03
19, 18, -2.2373898086354504e+04, 3.4327162651647668e+03
19, 19, -7.5999332876605549e+03, -2.0978630916447786e+04
20, 0, 5.3329076066365933e+03, 0.0000000000000000e+00
20, 1, 1.8574918046374747e+04, 9.9481089761107978e+02
20, 2, 3.9469190126884077e+03, -2.0329716574487747e+03
20, 3, 2.3634227413224558e+04, 4.8289763363062875e+03
20, 4, -1.2012261704137200e+02, 1.0755987911847758e+04
20, 5, -1.0869595894448166e+03, 5.1524132942137530e+03
20, 6, 4.9664272373838257e+03, 1.1801907276985061e+04
20, 7, 8.2826806642046922e+03, -2.3529200494687859e+04
20, 8, 8.3742016343673713e+03, 4.4211771913204639e+03
20, 9, -1.7080889638876070e+04, 3.9488779468198736e+03
20, 10, -1.1245341466320044e+04, 1.9141972251313464e+03
20, 11, -2.1760358706129395e+04, 1.5149269051953559e+04
20, 12, 6.0750230366792421e+03, -1.3593683860260908e+03
20, 13, 2.6444781493520430e+04, 5.3894878024816553e+03
20, 14, -5.3746753080912413e+03, -9.7783825974020074e+03
20, 15, 8.2921787320644899e+02, 7.3331544915009608e+03
20, 16, 7.4162214979549617e+01, -1.8626409430339292e+04
20, 17, 3.4293189822185523e+03, 2.0903710811502251e+03
20, 18, -1.4170298727923425e+03, 1.4503095014357044e+04
20, 19, 1.3375219135510284e+04, 2.1837339675289164e+04
20, 20, -4.6528986480508083e+03, 9.4998080756272448e+03
21, 0, 1.0547076650453071e+04, 0.0000000000000000e+00
21, 1, 1.9194162838520454e+03, -1.4299740729559282e+04
21, 2, -1.4657369607560013e+04, -6.4774019468195656e+03
21, 3, -7.1965256002482665e+03, 9.1376041893411202e+03
21, 4, -7.3915732755678018e+03, 1.6224526678793763e+03
21, 5, -2.1271997683756854e+03, 8.1182051557420054e+03
21, 6, 1.3273405742995228e+03, 1.6304294463651624e+04
21, 7, 5.1742079819386536e+03, 1.0550406749907488e+03
21, 8, -4.5259266817199914e+03, 9.4235363457281164e+03
21, 9, 1.3271884601489524e+04, -1.0172052882081043e+04
21, 10, 8.3109500743805347e+02, -1.4474943274858457e+04
21, 11, 1.1717818792246802e+04, 1.7516112524156855e+04
21, 12, 9.2646269650057166e+03, -6.9895630987633749e+03
21, 13, 4.3134575516127106e+03, 1.0441505379980183e+04
21, 14, 3.3798558666337412e+03, 1.2180988157904358e+02
21, 15, -4.8814655678626186e+03, -2.0410140667613650e+04
21, 16, -1.2075190501460038e+03, 1.7245987136645621e+04
21, 17, 4.7709334394622138e+03, -7.6351097134794727e+03
21, 18, 1.5790249907995403e+03, 1.5948113390325434e+04
21, 19, 1.8253593937061956e+04, -5.7158327925130798e+03
21, 20, 1.5839707576904442e+04, 7.3608287983050168e+03
21, 21, 9.5698288243121715e+02, -1.1442482445492013e+04
22, 0, 2.2823631224234443e+04, 0.0000000000000000e+00
22, 1, -7.5935295375959868e+02, 1.1871418513191918e+04
22, 2, 1.3089306461589647e+04, -3.2816632380486035e+03
22, 3, -1.3275362583381666e+03, 7.3359980265062268e+03
22, 4, -6.4957816434579481e+03, -1.4282277417571848e+04
22, 5, 3.3769069530631145e+03, -3.8083163226065467e+03
22, 6, -1.4467216660375185e+04, -2.3204052999983949e+04
22, 7, 6.1665183697339853e+03, 1.0741522176511720e+04
22, 8, -1.2941677626390452e+04, -8.0001937284610221e+03
22, 9, 8.5861820010166357e+03, 1.6847311320993635e+04
22, 10, -1.2596439582688417e+03, 1.5618866274718435e+04
22, 11, 1.7804303771826140e+04, 1.1591126806701841e+04
22, 12, 9.2636336801251637e+03, -1.3194738708634979e+04
22, 13, -3.3838356764993432e+03, -4.8118436593762317e+03
22, 14, -1.0155035544753979e+04, -1.4316365408812015e+04
22, 15, -8.2587586519143897e+03, 8.7432439228503245e+03
22, 16, -5.2804906063900853e+02, -5.0656942097329547e+03
22, 17, -9.4686279316618056e+03, -3.6115834517734552e+03
22, 18, 1.8301340182055628e+02, 9.8196895392474908e+03
22, 19, -1.6167293379200783e+03, -1.4404778108072198e+04
22, 20, 3.0369671567009063e+03, -6.5002231193334110e+03
22, 21, -1.0037285044052089e+04, -1.2784941167025409e+03
22, 22, -9.8974319594157096e+03, -7.8113912803754483e+03
23, 0, -5.8763319137912677e+03, 0.0000000000000000e+00
23, 1, 6.5510294909498025e+03, 6.9496467458042534e+03
23, 2, 6.6720502974958326e+03, 1.3850706240022035e+04
23, 3, -6.3623356974306371e+03, 4.2501969914949013e+03
23, 4, 1.8197864369058450e+04, 4.2403133048548789e+03
23, 5, 9.8571767330089642e+01, 1.4478388232658826e+03
23, 6, 7.9820782037562713e+03, -3.0703716561998426e+03
23, 7, -1.2830243528731582e+04, -1.1260150647445813e+04
23, 8, -1.4404828347829716e+04, 9.5091103362678041e+01
23, 9, -1.8232093831647262e+03, -6.7034022591550965e+03
23, 10, 3.2681530492217298e+03, 2.5084894264583603e+04
23, 11, 1.6336775415976450e+04, -1.6931119603097301e+04
23, 12, 5.1493917678057924e+03, 1.8519137561515985e+04
23, 13, 5.1923662166873328e+00, -1.4642174216404783e+04
23, 14, -7.6183884040876155e+03, 1.1926798734059725e+04
23, 15, -3.1542791031340676e+03, 1.0666078295498555e+03
23, 16, 6.9951625681345649e+03, 1.1675311657123999e+04
23, 17, 2.8830047578693720e+03, 1.4488898248868900e+04
23, 18, -4.0080155090384096e+02, -1.6659105627619498e+04
23, 19, -7.6556379674919326e+03, 4.8418076642614815e+03
23, 20, 2.3987538742359029e+03, -1.2363407115057471e+04
23, 21, 4.1372817611265436e+03, 8.6370445088158594e+03
23, 22, -4.7949821810798712e+03, -1.6462174165651835e+04
23, 23, -2.3173947560301458e+03, 1.1540363583682822e+04
24, 0, 1.5877266326672099e+04, 0.0000000000000000e+00
24, 1, -2.9349716716601133e+03, -1.0305595572996068e+04
24, 2, 5.4900067241498227e+03, 8.7138720996215161e+03
24, 3, -4.3539579725023996e+03, -1.5258384944753518e+04
24, 4, 1.1456192982776001e+04, -4.9158879420155299e+03
24, 5, -1.7450927521455138e+04, -2.3561356391304707e+03
24, 6, -4.0878732594342064e+03, 1.1157489137104594e+04
24, 7, -2.7873716896884689e+03, 7.6108550487270422e+03
24, 8, 6.0980687832966942e+03, 1.2441167565317381e+04
24, 9, 2.8504863654956166e+03, 5.8638061260193517e+03
24, 10, 1.1739661343205198e+03, -1.6945485662521907e+04
24, 11, -1.5445195899350088e+03, 5.2951665118151868e+02
24, 12, 1.8215418649486373e+03, -5.7075301161220650e+03
24, 13, -1.3364090991380566e+04, -5.2152191704065785e+01
24, 14, -6.8040654867142382e+02, 5.3300208490710793e+03
24, 15, -2.3586648718242759e+03, 5.0495437493610098e+03
24, 16, 1.0942426567447459e+04, 8.7512195653707931e+02
24, 17, 2.9706526573889464e+03, -4.0139213646624376e+03
24, 18, 1.3377600430670427e+03, 6.1356942913046751e+03
24, 19, 1.1528993116378326e+04, 8.1880287108187713e+03
24, 20, 7.9697892410346249e+03, -8.7137102649650624e+03
24, 21, -7.1914137881317038e+03, 2.1937653674261310e+04
24, 22, 1.8291262518861840e+03, -1.1487428093860814e+04
24, 23, -1.2396822101149719e+04, 4.5650859101960641e+03
24, 24, 2.3260432810871407e+03, 6.0252463989418120e+03
25, 0, -4.1816443239227356e+03, 0.0000000000000000e+00
25, 1, 6.0252698943891901e+03, 2.7259866572084366e+03
25, 2, 2.8182137464975176e+03, -7.4244323574720875e+02
25, 3, 8.8037076247286059e+03, -3.7342511388161256e+02
25, 4, -3.5676408269693093e+03, -2.8088389782991144e+03
25, 5, 8.7151566946037183e+03, -8.6108743414847759e+03
25, 6, 7.5356723871006307e+02, 1.3182024643739576e+04
25, 7, 1.3357146378081376e+04, -5.1633520859889204e+03
25, 8, 1.3017129077979525e+04, -1.0827911783644213e+03
25, 9, 2.3274096887599226e+03, 3.8270678957304717e+03
25, 10, 1.5351998972891874e+04, -8.9242561325960778e+03
25, 11, 2.6345671735365268e+03, 4.9294865160254922e+03
25, 12, -7.0562032525936702e+03, 2.5163747285389954e+03
25, 13, -5.5144873452327984e+03, 4.7110558479071260e+03
25, 14, -4.7416738823203377e+02, 6.5376747741341351e+03
25, 15, 5.4637447643325049e+03, -1.1039619298627777e+04
25, 16, 2.6795979707898555e+03, -4.6205381680277205e+03
25, 17, -1.2335332998251295e+04, -1.9011820247876949e+04
25, 18, -5.6873141166575788e+03, -5.1510602726863472e+03
25, 19, -1.4490447495013210e+04, -1.9423851383967426e+03
25, 20, 1.9700629588187396e+04, 4.1803425865863119e+03
25, 21, -9.5851988259253485e+03, -1.3109709364355647e+04
25, 22, 1.2522571097934881e+04, 6.3296347292875216e+03
25, 23, -8.7551783420664469e+03, 5.5527341986273859e+02
25, 24, 1.7887271484842815e+04, 2.7080617944668952e+03
25, 25, -1.6931455170710433e+02, -4.7624959700573345e+03
26, 0, 1.2692194705912863e+04, 0.0000000000000000e+00
26, 1, -1.3344318129962756e+04, -1.4526703802141583e+03
26, 2, -8.4601969109862584e+03, 5.8322954331133024e+03
26, 3, -1.7835523650974788e+04, 4.2001532356846546e+03
26, 4, -1.0219016907897631e+04, 1.5620274725463289e+04
26, 5, 2.1811169340389279e+03, 1.8584459713110802e+04
26, 6, -2.7656955512477707e+03, 1.0404775582244689e+04
26, 7, 6.0177212437772241e+03, -1.0880722799809308e+04
26, 8, 1.4747807275364765e+04, -1.5276280282765803e+04
26, 9, -3.3608430561267878e+03, -1.2531582830127511e+04
26, 10, 1.1592797163453481e+04, -2.3457230447312077e+03
26, 11, -6.0419085965244685e+03, -6.1274923544406820e+03
26, 12, 2.0294990473956532e+03, 8.1623831908539833e+03
26, 13, 5.7071811927460367e+03, -2.8790021523425407e+03
26, 14, 4.8814559623772275e+03, -6.5835504361644198e+03
26, 15, 6.5351203928986297e+02, 1.7690651563837157e+03
26, 16, -1.4803016956332569e+04, -2.3565066623530629e+03
26, 17, 3.9168383943299359e+03, 4.5352538465230045e+03
26, 18, -5.4579983861917499e+03, 2.4504315468820063e+04
26, 19, -2.6178096125584098e+03, -1.7630449985643965e+04
26, 20, 1.1983788679671507e+03, 7.3246061891215413e+03
26, 21, -2.5364477808009888e+03, -1.9321034946924967e+04
26, 22, 2.6399448794752971e+02, 1.6180124630533674e+04
26, 23, -7.0439432092716870e+03, -3.9510686652419349e+03
26, 24, 6.0705282425736841e+03, 5.4665908016898320e+03
26, 25, 5.0857885111764317e+03, -7.7559106186278168e+03
26, 26, -2.3179940488846332e+03, 6.7586561679290171e+03
27, 0, 5.1561528261784169e+03, 0.0000000000000000e+00
27, 1, 3.6766068461055061e+03, -4.3483115567568575e+03
27, 2, -2.3093071771395748e+03, -3.4145352736818413e+03
27, 3, 1.9250309005801410e+03, 1.0693926755156657e+04
27, 4, 3.4435054464172426e+03, -2.0532795614354382e+03
27, 5, 1.9100448528861625e+03, -1.3791775098058133e+02
27, 6, -4.9784955330697576e+03, -5.9795695868470066e+03
27, 7, 6.2550028698321776e+03, 9.4335427268686635e+02
27, 8, -3.3991663110839072e+03, -7.7136364652356278e+03
27, 9, -1.2990479509874442e+04, 1.3188738400481416e+03
27, 10, -1.6794015736893423e+04, 2.8379837165258973e+03
27, 11, -1.9929807359479264e+03, -9.1535141208750865e+03
27, 12, -4.4527617515962356e+03, -4.1320987589711592e+01
27, 13, 3.5021226113373136e+03, -3.5709686303146468e+03
27, 14, -1.1448915636783422e+04, -3.8334924726309428e+03
27, 15, -5.6853859624704019e+03, -1.4749177219697208e+03
27, 16, -7.9839830270076509e+03, 3.3004969491531447e+03
27, 17, 7.7811623939343744e+03, -3.9637375934031043e+03
27, 18, -4.3697433174625949e+03, -6.6939104730049621e+02
27, 19, 1.2499055564276987e+04, 5.2813556178726731e+03
27, 20, 4.2209010827869315e+03, -3.8763408392641454e+03
27, 21, 1.7208332075944400e+03, -4.2312300055743999e+03
27, 22, -6.8368774549715090e+03, 7.8307230164265420e+03
27, 23, 2.5451981661128457e+03, -4.3130877437694835e+02
27, 24, -1.6629608772222564e+03, -8.9914782515405932e+03
27, 25, -3.8518891339826341e+03, -1.0369885867530069e+04
27, 26, -1.0768293512114467e+04, -3.6798431514172617e+03
27, 27, 1.3502025990449314e+04, -2.7737063882688649e+03
28, 0, 1.4722929865749909e+03, 0.0000000000000000e+00
28, 1, 1.9571616947397497e+03, 2.8813541381659352e+03
28, 2, 2.7396239189790977e+03, 3.0802928374927196e+03
28, 3, 6.8817850635376462e+03, 2.2310565262019363e+03
28, 4, 1.6354559019545482e+04, -1.1782771223146385e+04
28, 5, 3.9882495196394598e+03, -1.5294344210844143e+04
28, 6, 7.0947253691339793e+03, -4.0309107849597858e+03
28, 7, 1.6776231073123508e+03, -1.0258510704994786e+04
28, 8, -1.2575760536889466e+03, 6.0461158125936972e+03
28, 9, 4.9800857102580821e+03, 4.0686409650941114e+03
28, 10, 2.8265943582940417e+02, 1.1032253345083060e+04
28, 11, 8.8868407295648503e+03, 4.2282417462358626e+03
28, 12, 5.9620656842993585e+03, 3.8094962805719756e+03
28, 13, -4.4244449093039293e+03, -6.0449671020923570e+03
28, 14, -8.4828791098317288e+03, -4.8125792512476855e+03
28, 15, 2.8671985902180813e+02, -2.1008857409848674e+03
28, 16, 3.1203911913080528e+03, -4.4886616014233859e+03
28, 17, 1.5757431047131031e+04, -7.3159764177431680e+02
28, 18, 4.1750557204540710e+03, -1.0949870157977153e+04
28, 19, -7.7399757014495117e+02, -4.4719118101779932e+03
28, 20, -4.0288860768567665e+03, -8.0864554909870985e+03
28, 21, 1.2464720605328188e+04, 6.2011266607527114e+03
28, 22, -8.8044329309170025e+03, 1.8629934962915040e+03
28, 23, 1.1003458617729602e+04, 3.2130347476231691e+00
28, 24, -1.2414053419221575e+04, 5.6190637086211700e+03
28, 25, 1.4431587600195739e+03, -4.8685342787294212e+03
28, 26, -2.0772789561079771e+03, 3.9558303127134459e+03
28, 27, 7.4499672712651982e+03, -3.8532126577984964e+03
28, 28, -1.3424438673653422e+03, -1.2784057220348841e+04
29, 0, -2.0645305529396737e+03, 0.0000000000000000e+00
29, 1, 8.8973732869455107e+03, 7.5377573190898056e+03
29, 2, -1.0713395285974051e+04, -1.7654873494762392e+03
29, 3, 1.6191275977850291e+03, -1.5753759902535330e+03
29, 4, -9.0123673769434063e+03, -9.6457441928268563e+03
29, 5, -2.4688794393991702e+03, -7.2383735946077904e+03
29, 6, -5.3628285323451428e+03, -1.0298244735453451e+04
29, 7, -2.5179867383287528e+03, 2.4417944697384919e+03
29, 8, 6.3103159611645731e+02, 4.9306916161819680e+02
29, 9, -3.1527847542291015e+03, 9.3566429145908842e+01
29, 10, -1.5611390263154353e+03, 9.2995860492645934e+03
29, 11, -5.1581319123869844e+03, -5.0073424044312524e+03
29, 12, 4.6519114403321209e+03, 1.6453142704482766e+03
29, 13, -3.8422892415623692e+03, 1.4515898431515839e+03
29, 14, 1.2353727649161061e+04, 1.8746402409704951e+03
29, 15, -5.9909600213383092e+03, 4.4629332887376377e+03
29, 16, 8.4056004413340070e+03, -3.0767513879808803e+03
29, 17, -6.9432266845019831e+03, 1.4162979011597595e+03
29, 18, 7.2638851742181505e+03, -4.0702771113779286e+03
29, 19, -2.5080458386609389e+03, 2.2733114191042905e+03
29, 20, -4.6372469111505425e+03, -7.7716534951458107e+03
29, 21, -4.1721939298457910e+03, -3.5740964184144959e+03
29, 22, -7.5396180643168982e+03, -4.7696383363567511e+03
29, 23, 5.0730523912452936e+03, 6.3573120780046920e+03
29, 24, -8.5759259357173578e+03, -7.8869218061530701e+03
29, 25, 1.0940806217642265e+04, 1.4699098839451453e+03
29, 26, 6.3932568929742911e+02, 9.0246917814011176e+03
29, 27, 1.1677844034345799e+04, 2.0050794526551263e+03
29, 28, -3.1205607415346522e+03, 3.0278129616544020e+03
29, 29, -3.8559560816839585e+03, 1.0100208824922711e+03
30, 0, 4.9853886307094053e+03, 0.0000000000000000e+00
30, 1, -5.3124894358027814e+02, -1.7069055752897232e+03
30, 2, 1.8442844501609352e+03, -3.8377353145635316e+03
30, 3, 2.2206536309795683e+03, 7.0060426796204556e+03
30, 4, -1.2377994664560392e+03, -2.5967866441428214e+03
30, 5, 2.3311839125188908e+02, 4.7290818234323579e+03
30, 6, -9.7974159181824944e+03, 4.0589853301197891e+03
30, 7, -7.0138338397346779e+03, 4.9906852705424781e+03
30, 8, 4.3504318472023560e+03, -5.7232699811518105e+03
30, 9, 4.5547197980243227e+03, -1.1363250292797578e+04
30, 10, 9.6247541017172807e+01, 3.5052032239000255e+01
30, 11, 1.3598928387732212e+03, -7.0661894264986777e+03
30, 12, -4.7013391809171881e+03, -1.0395492716833223e+03
30, 13, 1.4616899957572573e+03, 5.6036908531401969e+03
30, 14, -4.9411378302405983e+03, 1.5511109623187693e+04
30, 15, 4.1767866509748073e+03, -2.4519224396826448e+03
30, 16, 1.0404447792949491e+04, 7.1255666474879454e+03
30, 17, -4.3331068465770486e+03, -9.7822856688775682e+03
30, 18, -4.2379942066145904e+03, 7.1682883338830734e+03
30, 19, -1.6945126704553924e+04, -5.7416995032987370e+03
30, 20, -3.3603836096576147e+03, 1.1730784143065604e+04
30, 21, 5.1561213314623919e+03, -1.3164164501145026e+03
30, 22, -1.4758809153721795e+03, -1.0691669629090773e+04
30, 23, -5.7574081346490266e+03, 5.4530820598609334e+03
30, 24, 8.0263680962037042e+03, -7.2721943143379376e+03
30, 25, 2.7655735919541676e+03, 7.9250599963176082e+03
30, 26, -2.8290237844099702e+03, -5.8492565358469183e+03
30, 27, 8.3037794594173720e+03, 1.2910164287383650e+03
30, 28, -7.3425092213844018e+03, -1.6918255037904328e+03
30, 29, 5.6888621968615519e+02, 9.8943943704268841e+03
30, 30, -1.5313728204405911e+03, -6.2161640441139307e+03
31, 0, -2.0749492853749757e+03, 0.0000000000000000e+00
31, 1, -3.0216391431177885e+03, 1.9544573609232975e+02
31, 2, 1.3834375684400034e+03, -8.5128411688833276e+03
31, 3, -5.3262251696595958e+03, 4.8656456794144242e+02
31, 4, 3.2165775609623734e+03, -2.3725360725906412e+03
31, 5, 4.7690562107236265e+03, 1.5688422549872103e+03
31, 6, 5.7820349258090719e+03, 6.0766008382228065e+03
31, 7, 8.9734628406076463e+03, -8.2500379525725475e+02
31, 8, 3.1013974888761418e+03, 7.8107518292523455e+03
31, 9, -3.1656718124288645e+03, -2.9557747878037844e+01
31, 10, -2.6429558299337214e+03, 2.7565784456916226e+03
31, 11, -7.5882038790304723e+03, 3.6177571505832548e+03
31, 12, 6.0901013077829821e+03, -9.3670193416548773e+03
31, 13, -1.7511823069929333e+03, 9.3935522489574487e+02
31, 14, -5.2170448387550869e+03, -8.9987105023074619e+03
31, 15, 5.4482269759533992e+03, -4.2044476113285582e+03
31, 16, -2.4031257185830136e+03, 2.6202064757793732e+03
31, 17, 3.5279328893524735e+03, 4.5239815711785413e+03
31, 18, 6.7700259551083036e+02, -7.6786442526014671e+03
31, 19, -3.2979741834813740e+02, -1.8210418139438207e+03
31, 20, 7.1067017036403668e+03, 3.3700472947296685e+03
31, 21, -7.4765820476736098e+03, 3.6018510715890084e+03
31, 22, 7.9999970590052371e+03, 3.7304697633576843e+03
31, 23, -9.6395603315971421e+03, -8.2792247194202973e+03
31, 24, -7.5926200844734167e+03, 2.3979229306812940e+03
31, 25, -2.7228749513455214e+03, 3.0625692179821149e+03
31, 26, 3.4462998375349835e+03, 3.4392542421766866e+03
31, 27, -8.8895262527002160e+02, 6.8339555559428936e+02
31, 28, -7.7087897309813343e+03, -1.9255813546568552e+04
31, 29, -5.3945716562192410e+02, 9.0008455743753311e+03
31, 30, 1.0291281823688214e+03, -2.0289586186267325e+03
31, 31, -1.5607208386508124e+04, 1.3212823240157606e+04
32, 0, 2.5523987252578536e+02, 0.0000000000000000e+00
32, 1, -6.5190530786432082e+03, 1.0371552135022284e+02
32, 2, -5.8567954809543171e+03, 3.9888096964494234e+03
32, 3, 2.0101438785511700e+03, 1.0850320349644462e+04
32, 4, 2.7975070403269619e+03, 1.1892139297785520e+03
32, 5, 1.0730236976024626e+03, -4.7139580746132924e+03
32, 6, 4.9211410104289689e+03, -4.4439272530127837e+03
32, 7, 1.1373304280809498e+02, -7.2089511860184421e+03
32, 8, -2.3407661441572709e+03, -3.2685774364298791e+03
32, 9, 5.3949135486128826e+03, -3.9770215572512743e+03
32, 10, 4.4233086778125626e+03, 7.6727745556279542e+03
32, 11, -5.3843194293976321e+03, 9.7006607265756356e+03
32, 12, 2.1794497430248412e+03, 7.1411879808939138e+03
32, 13, 3.9047432004271709e+03, -3.5031669862676649e+03
32, 14, 2.9478497034079619e+03, 4.1814399619232518e+02
32, 15, 5.9442474521931508e+03, -4.2496215918017306e+03
32, 16, -1.0377753055251917e+04, -4.7050770616118298e+03
32, 17, -1.6770004686672183e+02, 2.6474881765074797e+03
32, 18, -1.8690537468460477e+03, -1.8412603634043485e+03
32, 19, 3.9470432857575051e+03, 5.4006025974503500e+03
32, 20, -8.4722485091628187e+03, -1.5223895319403391e+03
32, 21, 6.1961668278264096e+03, -2.0266461837786192e+03
32, 22, -4.8076447820198819e+03, -4.2907939713362885e+03
32, 23, -5.5601657503401038e+03, 8.3146308585869174e+03
32, 24, -1.0699197097753190e+03, -5.8689985423035432e+02
32, 25, -4.3930533261860055e+03, 5.2998972809548868e+03
32, 26, -1.8609745027764075e+02, -1.0182778657513431e+03
32, 27, -1.4684431413402217e+02, 2.1601909112437620e+03
32, 28, -5.1363595852797698e+03, -1.1612396542564693e+03
32, 29, -1.0304209970619146e+04, 2.1050916769581672e+03
32, 30, 4.1191544130654374e+03, -1.4564271506177110e+03
32, 31, 2.1304041616681106e+03, -2.9112420122714084e+03
32, 32, 6.2998725439984973e+03, 8.9176612694334999e+03
33, 0, -4.3713765861244101e+03, 0.0000000000000000e+00
33, 1, 5.0968834949374923e+03, 2.6015855235975359e+03
33, 2, 2.1256570153216626e+02, 1.3787805086627486e+02
33, 3, 2.3973519591556710e+03, -5.8785856258908352e+03
33, 4, 6.2799268372774641e+03, -2.9777325806104877e+03
33, 5, -2.7679495200667598e+03, 4.9210677346019183e+03
33, 6, -5.2767195552661724e+02, 3.2582750726507875e+03
33, 7, -2.0453633896587944e+03, 2.5603580660732659e+03
33, 8, 5.7406498435369012e+03, -4.6045961133811261e+03
33, 9, 6.6412509562602781e+03, 4.3839834946731826e+03
33, 10, 3.8001788707156811e+03, -2.3114034345749451e+03
33, 11, 6.0170388541119901e+03, -3.0166729343309908e+03
33, 12, -6.5869366236869973e+02, -5.8369052012417051e+03
33, 13, -6.6881315310748105e+03, 6.3409635514949878e+02
33, 14, 2.3273816451563648e+03, 3.1446540597378603e+03
33, 15, -6.9336510499581818e+03, 1.9455281907831531e+03
33, 16, 3.5677882304928853e+03, -1.6747136826693395e+03
33, 17, 2.8569810290523560e+03, 4.2283954867150451e+03
33, 18, 2.6338702418420753e+03, -1.4987903182761875e+02
33, 19, -1.0314255893709178e+03, -5.2477724744923453e+03
33, 20, -6.4651889135795154e+03, -4.3451592958943893e+03
33, 21, -5.7761160019379658e+03, -1.0202774196946502e+03
33, 22, 6.1900713541661435e+02, 1.7248366633807564e+02
33, 23, 7.8295193767092155e+02, -6.8957153785389255e+02
33, 24, 1.1623517664441590e+04, 1.2195909656506146e+04
33, 25, 1.3097883803101049e+04, -6.2254157461787836e+03
33, 26, 3.1236940505089324e+03, -7.3968004604728239e+03
33, 27, -2.1574883779827769e+02, 4.1455176458736537e+02
33, 28, -5.7601356867160321e+03, 3.5580720710352289e+03
33, 29, 1.4444863279459723e+03, 6.1680984447067967e+03
33, 30, -5.4568906906030643e+03, 3.5798555533821568e+03
33, 31, -4.1272774853658211e+03, -1.6080470569059942e+03
33, 32, -2.1028689608768645e+03, -6.9701534872007833e+03
33, 33, 7.3706727833819186e+03, -1.0605845780194944e+04
34, 0, 7.9698193150832503e+03, 0.0000000000000000e+00
34, 1, -1.6946185107388101e+03, -1.0143040225110963e+02
34, 2, -4.3379963117559355e+03, -3.8578410441107549e+03
34, 3, 4.9948728802303631e+03, 4.3638890421381548e+03
34, 4, 1.8425233734235640e+03, -2.1370377615836060e+03
34, 5, -2.4868101280395149e+03, 1.8200798356373707e+03
34, 6, 3.2679017786315592e+02, 5.9779505389920341e+03
34, 7, -5.5387748440924042e+03, 2.0454293143732939e+03
34, 8, 2.7270885778725369e+02, 1.0006381026695606e+04
34, 9, -9.1114197527047891e+03, 5.9147388539036956e+03
34, 10, -3.0901120282524666e+03, -1.4252755323414203e+03
34, 11, 6.0940385109036633e+03, 3.0531770853729322e+03
34, 12, 2.2280059759805263e+03, -3.9686109120302267e+03
34, 13, 7.3460417834294049e+03, -8.8762653075827438e+03
34, 14, 3.7541387798717997e+03, -8.6756286704420436e+03
34, 15, -5.7558295576704659e+03, -2.5223509571632094e+03
34, 16, -1.1803731496180990e+02, 1.5281361474986379e+03
34, 17, 9.7758753531816501e+02, -1.8201753948688292e+01
34, 18, -5.3501764429080208e+02, -1.1835064956521182e+02
34, 19, -1.7654521037171353e+03, 3.3788654753171431e+02
34, 20, -7.4926592161035460e+03, -7.9457629208764047e+00
34, 21, -4.2854204283901781e+03, 1.0392409016335769e+04
34, 22, 5.7879376102918941e+03, 5.7759573767530701e+03
34, 23, -1.0572767139530661e+03, -2.0663636325982466e+03
34, 24, 6.9217219487818329e+03, -4.8972733167612296e+03
34, 25, -3.1611227385488173e+03, -7.2032565231383696e+03
34, 26, -3.8300948546724735e+03, 1.9059331738637079e+03
34, 27, 3.2357101101765393e+03, -2.1600309854483658e+02
34, 28, 3.4628406746663845e+03, -3.7175357303487458e+03
34, 29, -6.6403683843706949e+02, -7.1372743703225069e+03
34, 30, 2.9730578088553912e+03, -7.0131067435433324e+03
34, 31, -7.3270760376871658e+03, 1.5371921249435027e+03
34, 32, 6.7749753307002748e+03, 5.0429780154977161e+03
34, 33, -6.3229546162222723e+03, -1.8201411322592776e+03
34, 34, 3.2043154079259712e+03, 6.1224364510992600e+03
35, 0, -8.7707804236690413e+02, 0.0000000000000000e+00
35, 1, 6.9885764560102780e+02, 6.2371550697953589e+03
35, 2, -6.1134551284459176e+03, 2.2296395241968730e+03
35, 3, 5.1980432814177875e+03, 5.7043536174534092e+03
35, 4, -1.8009140893681251e+02, -8.9618498754095026e+02
35, 5, 9.6891769353019190e+03, -2.9954824300537966e+03
35, 6, 6.0464072025738878e+03, 5.3380979298980455e+03
35, 7, 1.5062883224178513e+03, -7.3970632934859086e+03
35, 8, 5.4224431004078415e+03, 2.3180241264675215e+03
35, 9, -2.3161392857565907e+03, -3.4894550065217600e+03
35, 10, -1.7596245252263816e+02, 1.2338700345164402e+03
35, 11, -7.0233280532270346e+03, 4.7140131650803132e+03
35, 12, -5.2691217305601294e+03, 2.7850193354719067e+03
35, 13, -6.7418071790623035e+03, 2.2721232450914185e+03
35, 14, 1.6172055587379682e+03, 7.7667468517193211e+03
35, 15, 7.1298660983573700e+02, -2.9287806036837846e+03
35, 16, -1.9464547574062103e+03, -3.8493825171080230e+03
35, 17, -5.2797325904873287e+02, -8.6803164176632672e+03
35, 18, -3.5291962530451142e+03, -2.2474395253062999e+03
35, 19, -8.9431678726382488e+03, 3.4451770632189437e+01
35, 20, -8.8695632829959686e+02, 7.3289563715996374e+03
35, 21, -1.1610279945331333e+03, 1.7363296273704073e+03
35, 22, 4.0073661633365173e+03, 3.0566844487939820e+03
35, 23, 7.0651836122049363e+03, -7.3727211742687987e+03
35, 24, -1.1227666519144723e+03, -4.3801079411492483e+03
35, 25, -2.3698062194696449e+03, -1.7944846708396494e+03
35, 26, -2.9298184501921551e+03, -4.7430647205497880e+03
35, 27, -6.1411581524287603e+03, 6.6927884329005083e+03
35, 28, 5.4635965193470993e+03, 1.9687700598152142e+03
35, 29, -6.6202442555363323e+03, -7.8329976368027128e+03
35, 30, -9.2166780228479183e+01, -4.1876073906024321e+03
35, 31, 1.7527656212169722e+03, -2.7830224812369499e+02
35, 32, 9.6136186972421947e+03, 1.0408144234417301e+04
35, 33, -5.8082832491134232e+03, -7.1717541436646206e+03
35, 34, 2.3431193182586876e+03, 1.7645976307828674e+04
35, 35, 1.1420071065133470e+03, -5.6041804107267526e+03
36, 0, 5.9209271769830957e+02, 0.0000000000000000e+00
36, 1, -2.9232871948374914e+03, -1.5755125837804717e+03
36, 2, -1.4243119833830970e+03, -1.9505815503462227e+03
36, 3, -5.6100945557508912e+03, -3.8938897179091964e+02
36, 4, 3.1776995298385136e+03, 6.0518598305593662e+02
36, 5, -2.4161410589418806e+03, -3.8611888860142187e+02
36, 6, -4.4717502026106104e+02, -1.7683242529375025e+03
36, 7, 1.3044988227577076e+04, -9.8916391744999419e+02
36, 8, 1.1762820626425028e+03, -3.8749022436971318e+03
36, 9, 1.2271911388014643e+04, -5.7256098418073925e+03
36, 10, 5.3759091838230443e+03, -6.4281090483109238e+03
36, 11, -2.5285716597174924e+03, -1.4011271507131846e+03
36, 12, 7.4437439359443924e+03, 4.2309595126028889e+03
36, 13, -4.6480640320321563e+03, 5.5504364860825717e+03
36, 14, 2.8422037575790455e+01, 1.5144107710222736e+03
36, 15, -2.5608408652081525e+03, 3.3243808044378484e+03
36, 16, 2.4038332008644047e+03, -1.3050299395031761e+03
36, 17, -3.0017781978875810e+03, -2.1203185875140107e+03
36, 18, 3.7511115403835083e+02, 1.0342523200795476e+03
36, 19, -4.4675125099389998e+03, 3.4009739123899121e+03
36, 20, 9.0569841216040004e+01, -7.6421845846077849e+02
36, 21, -1.0372149960996717e+03, 1.9449862064560839e+03
36, 22, -9.9776956111208142e+02, -6.0233852639797169e+02
36, 23, -1.2499382425849262e+03, -3.1580160276964225e+03
36, 24, -5.2969516734741010e+03, -3.1006732257505582e+03
36, 25, -3.2744644773612590e+03, 6.5936310183875767e+03
36, 26, 4.8294388058179766e+03, 1.0503853391786051e+04
36, 27, 4.0308417196318637e+03, -3.4615464564487784e+03
36, 28, 2.6151576736974916e+03, 1.5162558327555817e+03
36, 29, -4.8354628210477658e+03, 4.2284173726991312e+03
36, 30, -8.5499181084467455e+03, 4.5465819525891711e+03
36, 31, -3.0365274166544968e+03, -2.0464797509081363e+03
36, 32, 7.2156996109086977e+03, 1.1327566620508023e+03
36, 33, 9.5593846967726204e+03, -7.0251595265622327e+03
36, 34, -4.4508651028149870e+03, 2.0184219221978947e+02
36, 35, 7.5325670828720304e+03, -6.3191139473805324e+03
36, 36, -1.8033176774773574e+03, 1.4186641982235597e+03
37, 0, 1.7650703973163754e+03, 0.0000000000000000e+00
37, 1, 6.1749477649750406e+02, -8.0298696096738604e+02
37, 2, -6.2180191302195399e+03, 2.1846718053460449e+03
37, 3, 3.4254687758827517e+03, 3.5373154514366302e+03
37, 4, 5.3158744350784536e+03, -4.9486375038665410e+03
37, 5, -3.9538977915657333e+03, 4.1684363658084412e+03
37, 6, -6.7289379890207383e+03, -7.3948073809548523e+03
37, 7, -1.0118752605645599e+04, -1.1772269041624052e+03
37, 8, -1.0828384832027825e+04, -9.1502876056451278e+03
37, 9, -5.9141762635181949e+03, -2.3711411240613916e+03
37, 10, -2.9437605559033323e+03, 8.1133856383623270e+03
37, 11, -4.3479994262381406e+03, 1.9616971117261746e+03
37, 12, 5.4057503983478073e+03, 8.2741824808428646e+03
37, 13, 8.3662944295241541e+03, -8.1301355676658295e+03
37, 14, 4.1110230243725582e+03, 1.9718106741647716e+02
37, 15, -2.1001579128139501e+03, 3.1979270655954351e+03
37, 16, 1.7764824224193644e+03, 1.3899677482297486e+03
37, 17, 1.0477126106135543e+03, 1.7111993357455713e+03
37, 18, 2.2830203624235137e+03, 1.0524214032215838e+04
37, 19, 8.1381336712935072e+03, 1.4554521637517441e+03
37, 20, -1.5684099601760499e+02, -1.7001246394828586e+03
37, 21, 9.9223091391264984e+02, -3.1113746713024029e+03
37, 22, -3.3974547772639025e+03, -6.6567484883687894e+02
37, 23, 1.7494658962095600e+03, -2.1364842078405159e+03
37, 24, 6.8893828911398778e+03, -4.9641100918952880e+03
37, 25, 3.1604571692665340e+03, 1.0820238370370757e+03
37, 26, -5.3429271776198420e+03, -4.7158133282879016e+03
37, 27, 6.5362893657990571e+02, -1.9184563227069275e+03
37, 28, -7.6360013509960118e+02, 3.3638439854197389e+02
37, 29, 1.5879358149139589e+03, -1.6073328396664983e+03
37, 30, 3.4052094250590262e+03, 1.2242414952057145e+04
37, 31, 1.7380725799662905e+03, -2.3518018023996128e+03
37, 32, -5.1783446025116643e+02, -3.7315500015975249e+02
37, 33, -4.8635840180318301e+03, -6.9871455803165572e+03
37, 34, -6.6552350827082300e+03, 5.7208803126727321e+02
37, 35, 1.8330617199124499e+03, 1.1816645929765727e+03
37, 36, -4.7947831577241413e+03, -3.5350652313591800e+03
37, 37, -1.2842142221036329e+03, 3.6919141565717282e+03
38, 0, -5.0075796492447080e+03, 0.0000000000000000e+00
38, 1, -8.2269829029531047e+03, 4.5287361083562664e+03
38, 2, -8.0660934686649471e+03, 6.7617596510056546e+03
38, 3, 5.3763080035386893e+03, -7.0562472188929894e+02
38, 4, 3.1907938616715419e+03, -2.4215448787310925e+03
38, 5, 6.4879766426175629e+03, 1.4827911162994367e+03
38, 6, 9.0920283510983281e+03, 5.6417431021946613e+03
38, 7, 1.8970816959006286e+03, 4.5636367431593590e+03
38, 8, 4.6883703837892190e+03, 4.7472553077846205e+03
38, 9, -6.8783767895650799e+03, 3.1839594131090143e+03
38, 10, -5.3060683372727144e+03, 1.7736937631923413e+03
38, 11, -3.7674409230015385e+03, -1.6530630762818500e+03
38, 12, -5.2040661770745828e+02, -8.5204363081302290e+00
38, 13, -1.2961538933945274e+04, 2.1444836513351811e+03
38, 14, -5.8794855371000185e+03, 5.8987662950520644e+03
38, 15, -6.7831928327090463e+02, 3.3190727579734225e+03
38, 16, -4.9354601245187132e+02, 3.1810443595002453e+03
38, 17, -6.7680401074770816e+02, 3.2741840505176197e+03
38, 18, -1.7779343607474284e+03, -7.6719332540030218e+03
38, 19, 6.1071487211370095e+02, -7.1922104756503322e+03
38, 20, -8.1117283480338510e+03, 1.4741055049933216e+03
38, 21, 1.9265563530890802e+02, 6.6639020023058902e+02
38, 22, 7.5501366257273185e+02, 1.2086412582199828e+04
38, 23, -1.6073030155708848e+03, -1.1542663731908069e+03
38, 24, -3.1155556277825253e+03, 1.2466952109921485e+03
38, 25, 5.1239897183816174e+02, 1.0285933479151731e+03
38, 26, 9.8613115517575498e+03, -1.4682591566424499e+03
38, 27, 1.5536803139987967e+02, -6.0340062943631428e+03
38, 28, -8.4941009568541485e+03, -3.6655505171802706e+03
38, 29, 2.1142352338235414e+03, 9.9531338277322739e+03
38, 30, 4.6077551401849360e+02, 5.7522815991807875e+01
38, 31, 8.3972421008970923e+03, -1.5487602199492455e+03
38, 32, -1.6017469679553242e+03, 3.3463207340063527e+03
38, 33, 9.3684349052948983e+02, -3.2907894184931079e+03
38, 34, -1.2230053170102668e+04, 8.4582686448304357e+03
38, 35, -3.1179195437270801e+03, -1.3506122578145892e+03
38, 36, -8.0199246710707594e+03, -5.6471402026960604e+03
38, 37, -2.2071968506913272e+03, 8.1496342040414092e+03
38, 38, -5.6900102089306256e+02, -3.6680439502043405e+03
39, 0, 7.1234041498210163e+03, 0.0000000000000000e+00
39, 1, 3.2783593711344383e+03, -1.6399357798925566e+03
39, 2, 1.8822775658005392e+02, 6.4332565487473521e+03
39, 3, 1.2350265900606016e+03, -1.4385575209448964e+03
39, 4, -3.5823743860178984e+03, -1.2374450069087757e+03
39, 5, -5.9834807447415933e+03, 2.2986507074197561e+03
39, 6, 1.1592479396180261e+02, 3.9007424645813539e+03
39, 7, -4.0812166657468879e+02, -4.2699424371401046e+03
39, 8, 6.5191583674719823e+03, 2.7342315115884348e+03
39, 9, 7.9694896364942751e+03, 2.4149536445072044e+03
39, 10, 1.2186957123851425e+03, -1.1747462566216866e+03
39, 11, -2.1447632390562712e+03, 6.4295045516895570e+03
39, 12, -3.3456970552939420e+03, 1.3217086175061922e+01
39, 13, 2.2360403132109468e+03, -2.1313766593118944e+03
39, 14, -4.2629254207183922e+03, -2.5391509098988145e+03
39, 15, -2.3692602947728574e+01, 6.6994950202895552e+03
39, 16, -2.6638351154707993e+03, -8.8722685903238948e+02
39, 17, 2.4695556803627155e+03, 4.5396216126702257e+03
39, 18, 8.8625075662040126e+02, -5.1803313372856519e+03
39, 19, -9.8712063735670836e+02, 6.3382696903084652e+03
39, 20, -3.8833298029019415e+03, -2.1746960928835333e+03
39, 21, 3.7732276548716363e+03, -2.0062049936762696e+03
39, 22, 1.8283296665293428e+03, -2.7413760181223897e+03
39, 23, 5.5553792460908380e+03, -1.8960865080703027e+03
39, 24, -1.2053199655085722e+04, -6.0827894368123516e+03
39, 25, -6.4420284044879172e+03, 9.1631088871464272e+01
39, 26, -4.4902238972419073e+03, -1.6933239606394153e+02
39, 27, 1.3958176954192468e+03, -4.3100431612896500e+01
39, 28, 1.8839424789685254e+03, -9.7007797860916653e+03
39, 29, -7.4869130333583053e+02, 6.2321647608174680e+02
39, 30, -4.5803429989050364e+03, -6.6788687428281028e+03
39, 31, -1.2659211287256605e+03, -1.0137574937422814e+03
39, 32, -6.4656905280627325e+03, -5.3113354562909517e+03
39, 33, 4.0614230302966535e+03, 9.7303845037927022e+02
39, 34, 3.9005323347545600e+03, 5.3912951673918906e+02
39, 35, 8.7985933331686556e+02, 4.8419835397578936e+03
39, 36, -9.2216170074868523e+02, -1.4116168062678225e+03
39, 37, -3.1138699660599682e+03, 4.6952444568057381e+03
39, 38, 4.6252322418168660e+03, 2.0001744745783408e+03
39, 39, 6.2719701498594225e+02, -1.1422901123917976e+04
40, 0, -4.4542812008175788e+03, 0.0000000000000000e+00
40, 1, -5.9918600764040903e+03, 4.8598691532154857e+02
40, 2, -5.4379612996089463e+02, -8.4450873332811716e+03
40, 3, 6.2149239411746012e+03, 1.9589673208495069e+03
40, 4, 5.8702809548276127e+02, 1.1147799083697564e+03
40, 5, 2.9881486448427381e+03, 4.3158968982627612e+03
40, 6, -8.7538427901530795e+03, -2.1771072671925403e+03
40, 7, -4.1454408805935427e+03, -5.6081823487274833e+03
40, 8, -9.7780921198617361e+03, 4.0762783140939018e+03
40, 9, -3.8787139718778781e+02, -1.0139746799169943e+03
40, 10, 3.6288839688149246e+03, 5.9480982885480535e+03
40, 11, 6.6994194692814826e+03, 1.7226959608010734e+03
40, 12, 1.3029052344575152e+03, 1.9488456205960752e+03
40, 13, 4.6975932022422776e+03, 4.5782258170061168e+03
40, 14, 3.0431908423509967e+03, 4.0938169125560412e+03
40, 15, -1.5370337231962312e+03, 1.3501379147909913e+03
40, 16, 2.3473314336845069e+03, 1.0357482887543358e+03
40, 17, -5.8058582061157604e+03, 7.2866350007502206e+01
40, 18, 8.1645299449811901e+03, 8.2136315710535691e+03
40, 19, 2.4015931363069931e+03, -8.4557268545368629e+01
40, 20, -2.6713546405135921e+03, 1.0882737405579501e+03
40, 21, -4.4050317329094332e+03, -2.6683618869194875e+03
40, 22, 4.7463216545305340e+03, -4.6769967863797283e+03
40, 23, 1.2340708410345078e+03, 3.6832033987397335e+02
40, 24, 4.5698617580205882e+03, 4.8972518900886807e+03
40, 25, -2.7345293670532656e+03, 3.6849025418035417e+03
40, 26, 3.8574723940708150e+03, 6.4702180123265953e+03
40, 27, -2.7252698550191542e+02, 8.7124134288543496e+02
40, 28, 9.9074194253439055e+02, 2.5489805387105753e+03
40, 29, 6.5434539780408586e+03, 4.4437073323213926e+03
40, 30, -6.0714200049833380e+01, 5.9215733166683913e+03
40, 31, -3.9263221372077460e+03, -1.8529102503924692e+03
40, 32, -1.1821215233821458e+03, -1.0326031405141016e+03
40, 33, 2.1888437603943403e+03, 2.6156324478578972e+03
40, 34, 1.3089927205767503e+03, -3.2406538614708643e+03
40, 35, -4.7949937147429391e+03, -2.8917495064087052e+02
40, 36, 8.9323649638238464e+02, 7.6989070637567693e+02
40, 37, 2.9863286946071767e+03, 2.5555149086404881e+03
40, 38, 2.9903017848401687e+03, 2.6994953590815203e+02
40, 39, -8.0337223708754937e+02, -1.1485933023191840e+03
40, 40, -9.9513890977705705e+03, 3.8735694601477821e+03
