0, 0, 0.0000000000000000e+00, 0.0000000000000000e+00
1, 0, -8.8902438924935868e+03, 0.0000000000000000e+00
1, 1, -5.1819455630483162e+02, -4.0230127237473071e+03
2, 0, 0.0000000000000000e+00, 0.0000000000000000e+00
2, 1, 1.1599247746281869e+03, 6.2620550210598617e+02
2, 2, -1.0570840269980890e+03, 1.3706121060984656e+03
3, 0, 1.1476342131216829e+03, 0.0000000000000000e+00
3, 1, -1.3517085090489077e+03, -2.4594682507585035e+03
3, 2, -5.8919044737410854e+02, 1.3080105979170926e+03
3, 3, -1.1915479527644493e+01, 2.3903949657881658e+03
4, 0, 7.1244003533685475e+02, 0.0000000000000000e+00
4, 1, -8.2674157503718288e+02, -3.5339688026327644e+02
4, 2, 1.9956923591051586e+03, -1.5591237556450528e+02
4, 3, -2.0259183364907524e+03, 1.7668426402468515e+02
4, 4, -5.1578363025485248e+02, 2.3063950945039323e+01
5, 0, -1.6017191084696178e+03, 0.0000000000000000e+00
5, 1, 4.4224576369509106e+02, 1.4782104062616663e+03
5, 2, -8.9423707749735036e+02, 3.7135059821723087e+02
5, 3, 5.5915530875033778e+02, 1.6021845976080072e+03
5, 4, 1.3543552044451798e+02, -1.9633786283223860e+03
5, 5, -3.6648468527746377e+02, 7.3896982582351939e+01
6, 0, 7.6517676679984345e+02, 0.0000000000000000e+00
6, 1, -4.2635318693730818e+02, -3.7179477664405567e+02
6, 2, -9.2843199824129294e+02, 3.5533781416891361e+02
6, 3, -8.1791246490232788e+02, -3.8390836529040246e+02
6, 4, 3.2544295790019828e+02, 5.2934848479224752e+02
6, 5, 8.7200174180320505e+02, -1.9221116358215022e+02
6, 6, 8.3349755221667942e+02, 2.3641419028285532e+02
7, 0, 9.8321937058528135e+02, 0.0000000000000000e+00
7, 1, -3.0419491471526101e+02, 9.2235743253180613e+02
7, 2, 9.3865516366773068e+02, -7.3644428785285493e+02
7, 3, 3.2812098478472069e+02, -1.9645163904548065e+02
7, 4, -3.4713218520161348e+02, -7.5811288052302370e+02
7, 5, 5.6804959476728023e+01, 2.5039063629517946e+02
7, 6, 5.1364285282032324e+02, 1.0961734875634545e+02
7, 7, 3.1959998398525613e+02, -5.0442826548507259e+02
8, 0, -4.2901823318737127e+02, 0.0000000000000000e+00
8, 1, -1.0927919182817865e+02, 4.9409621126838999e+02
8, 2, -7.2627057525674360e+01, 2.7791856770204319e+01
8, 3, 2.2775301411593904e+02, 2.2826554798516176e+02
8, 4, 1.0152922747868371e+02, 5.6461824620822108e+02
8, 5, 3.8003396296712350e+02, 5.8252314130405045e+02
8, 6, -5.0172325986738383e+02, -2.6285420801395247e+02
8, 7, 2.0758105681618395e+02, 3.1512323016940087e+02
8, 8, -3.9931367676149642e+02, 5.0445324747045561e+01
9, 0, -1.5828183105309364e+01, 0.0000000000000000e+00
9, 1, 4.6049428520058814e+02, -9.3840393901042160e+02
9, 2, -3.8457902199152272e+02, 2.3102203115768276e+02
9, 3, -1.3002537818701788e+02, -3.2297917503186352e+02
9, 4, -1.5571639189938458e+02, -1.7412437780902906e+01
9, 5, -2.9897895288752363e+02, 2.6153841675407790e+02
9, 6, 2.0243027100726559e+02, 6.6540817265010321e+02
9, 7, 1.8809992968207183e+02, -8.1947894303569399e+02
9, 8, -5.5045062309385014e+02, 2.9601368094239621e+02
9, 9, -2.1444931163975781e+02, -3.2368445108675257e+02
10, 0, 2.5931404618550494e+02, 0.0000000000000000e+00
10, 1, 3.0113730584763897e+02, -7.1116568597319045e+01
10, 2, -2.8159849838924589e+02, 5.1099772238044011e+01
10, 3, 6.1874778128831417e+02, 1.4335953088303813e+02
10, 4, 8.0109266147594781e+01, -4.5874688322610564e+02
10, 5, -2.5875830932059955e+02, 3.0004681128391439e+00
10, 6, 1.3307000838690294e+02, -4.3675405938213157e+02
10, 7, -1.4061735967641289e+02, -2.6218912344484363e+02
10, 8, -2.7343981227941057e+01, 5.8965759811815417e+00
10, 9, -2.0244224120488769e+02, -3.7768547132902506e+02
10, 10, 7.6433012075274377e+01, 1.6744080668567528e+02
11, 0, 3.7988961301431758e+01, 0.0000000000000000e+00
11, 1, -3.8834102396113775e+02, -8.1395238357474511e+01
11, 2, -7.5789862052515502e+01, 3.3367013229826568e+02
11, 3, 6.5120246801510575e+01, -2.8438378169407775e+02
11, 4, 2.4125173896606483e+02, 2.1732347667847060e+02
11, 5, 1.4521812379230266e+02, -1.6981632607060402e+02
11, 6, 3.1882328767827494e+02, 2.5164583912496130e+02
11, 7, -1.7880296196469700e+02, -1.2873480638664486e+02
11, 8, 2.5441533212706474e+02, 1.8704202900890078e+02
11, 9, -8.4115433990514461e+01, 5.4127089196125127e+00
11, 10, 3.5993711534562937e+02, -1.3418555953044228e+02
11, 11, 9.7891478036934927e+01, 8.3214535625719009e+01
12, 0, 2.5964157152918557e+02, 0.0000000000000000e+00
12, 1, 2.1771744330131850e+02, -1.3528001310128872e+02
12, 2, 1.3434646992040194e+02, 2.7695521402106010e+01
12, 3, 1.2588824189668333e+02, 4.0613385111693745e+01
12, 4, 2.1114120847182178e+02, -1.2401929974234208e+02
12, 5, 2.5879608180514833e+02, -1.4943554336045480e+02
12, 6, -6.8334830191191173e+01, -5.4382261077227099e+01
12, 7, 2.2689205653844016e+02, 2.6477153277201097e+02
12, 8, -2.6097787087390640e+02, -2.2591939787783468e+02
12, 9, 2.8283419316209466e+02, 1.9477787740937532e+02
12, 10, 3.5970566704929979e+02, 1.2171491230799705e+02
12, 11, 6.5346861025149678e+00, 3.3717553332861303e+02
12, 12, 1.0070474491202602e+02, 6.2931942013920441e+00
13, 0, -1.2506624342872394e+02, 0.0000000000000000e+00
13, 1, 2.3121348479498252e+02, 4.7086699867962420e+02
13, 2, -2.7421975110623521e+02, -2.1803924070135514e+02
13, 3, 3.0177093546796351e+02, 2.5923831495896820e+02
13, 4, 2.2930419126254549e+02, 6.6053001912538150e+01
13, 5, -9.1811562598892365e+01, 1.1600981243656776e+02
13, 6, -4.6160891129836716e+02, 3.7821756766359783e+02
13, 7, 5.9356482542032865e+01, -8.2887861535365488e+00
13, 8, -1.9192225957164283e+01, 4.3156689936425565e+01
13, 9, 2.6631039268398848e+02, 1.6346149559111748e+02
13, 10, -1.6396466869784254e+02, -8.0205203926366494e+01
13, 11, -1.9848945164131067e+01, 1.7313282120320974e+02
13, 12, -1.9881211565707883e+02, 3.6105196515121818e+01
13, 13, -3.1452841926181770e+02, -1.0899494090154613e+02
14, 0, 3.4715590545141481e+02, 0.0000000000000000e+00
14, 1, 2.7825147214761358e+01, 1.3654172775317437e+02
14, 2, 5.9992237508793778e+01, -7.5328156824812709e+01
14, 3, 8.3737450958307676e+01, -9.7623918488664657e+01
14, 4, -1.7801333695193009e+02, 2.0687257333570551e+02
14, 5, 2.0031229958400544e+01, 7.3699860762892513e+01
14, 6, -7.6072843170137247e+01, 1.2763619085833193e+02
14, 7, -1.4346980628922358e+02, -4.0444915030705396e+01
14, 8, -2.0570172011342729e+02, -1.4296361963427344e+02
14, 9, 1.8028496161545200e+02, 1.7200602189652716e+02
14, 10, 1.3046090883290790e+02, 5.8228376757536239e+01
14, 11, -2.3552042515279550e+02, -1.9188888991654011e+02
14, 12, -1.1159450809171048e+02, -1.3605608718358351e+02
14, 13, -4.0156478947789651e+00, -7.1173065676165379e+00
14, 14, 9.1761088673963698e+01, -3.9991646244101958e+01
15, 0, 7.9351190822204472e+01, 0.0000000000000000e+00
15, 1, 6.2379394334592604e+01, -1.9597335449711034e+02
15, 2, 1.8046028585801767e+02, -4.8186212854017981e+01
15, 3, -3.8223455533114304e+01, -2.0691080190514967e+01
15, 4, 2.5035556515137642e+01, 2.1077698054634413e+02
15, 5, -5.0746350328056167e+01, 1.5101024619308177e+02
15, 6, -1.7408253179594830e+01, -3.2000867265629864e+01
15, 7, -8.0390821629956662e+01, -9.5411078082523943e+01
15, 8, 7.4658926547686463e+01, -1.6838702009812948e+02
15, 9, -4.2837562878557594e+02, -3.7426852729877382e+01
15, 10, 1.4255318358704642e+02, 3.8390136754276583e+01
15, 11, 3.7233916555895178e+01, -3.4281174314313290e+01
15, 12, 3.7662406042125821e+02, -6.0439330437386900e+00
15, 13, 8.2814050709525759e+01, -1.0956379055683610e+02
15, 14, 3.7771195516452309e+01, -6.3479902625657871e+01
15, 15, 2.8559313031254158e+02, 8.0988140338279820e+01
16, 0, 2.3268724080070962e+02, 0.0000000000000000e+00
16, 1, -1.8320237511315895e+01, -7.3578981038994016e+00
16, 2, 3.5184178586842904e+02, 2.2482581185814044e+02
16, 3, -7.9941650146208332e+01, -5.4347061094905442e+01
16, 4, 2.4334788988575229e+02, 4.9515573403039568e+01
16, 5, 5.4715496666917005e+01, -2.7017498228845255e+01
16, 6, -2.2366315076309554e+01, -3.5400255763850907e-01
16, 7, -1.2826678999928018e+02, 7.2904772658786953e+01
16, 8, -7.3439903990743886e+01, -1.5515722487331487e+02
16, 9, 1.7532810458965974e+02, 6.3744160892783725e+01
16, 10, 1.4868632205131854e+02, 6.2812330225152024e+01
16, 11, -9.4707707723101393e+01, -2.4704636338339236e+02
16, 12, -2.8855664955221852e+02, 3.6337643423851091e+01
16, 13, 4.6495662072330028e+01, 8.1834411822944503e+01
16, 14, -1.4977855583060409e+02, -3.9687839190087857e+00
16, 15, 2.8900625940536759e+02, 9.8755302876896991e+00
16, 16, 1.2160683845832892e+01, 8.9773157196621270e+01
17, 0, 9.5733976525462268e+01, 0.0000000000000000e+00
17, 1, 1.6483870182623130e+02, 2.7843634134980533e+01
17, 2, 9.7134886498210747e+01, 2.1882049409137980e+02
17, 3, 2.5349163658189747e+02, 8.9068223435245784e+01
17, 4, 8.5383583679289075e+00, -3.3297945458030583e+01
17, 5, 1.2462455359595765e+01, 1.2903341016116002e+02
17, 6, 4.6964086301420934e+01, -1.0455903734007867e+02
17, 7, 3.4691633875643731e+01, 1.5530266308286014e+02
17, 8, -2.1743909282973902e+01, -1.0276025802190532e+01
17, 9, -1.1441714059219392e+02, 2.1406253353545142e+02
17, 10, -7.1204825232856024e+01, 4.4508810342237837e+01
17, 11, 1.4907761029844843e+02, 3.6357039175254596e+02
17, 12, -2.1009661850815007e+02, 7.1852917198232163e+01
17, 13, 2.0356188485863606e+02, 1.5783573318397089e+02
17, 14, -8.4241139855545725e+01, -2.0722476330598198e+01
17, 15, -4.5998487831982914e+01, -7.9583275214194899e+01
17, 16, -1.2960009454153987e+02, -2.4097303255463032e+01
17, 17, -1.4916283397216611e+02, -3.0376604771104766e+01
18, 0, -5.5253722713401885e+00, 0.0000000000000000e+00
18, 1, -3.1065896762294472e+00, 1.5826173255309197e+02
18, 2, -9.8875786975150987e+01, 1.8089779106515177e+01
18, 3, 1.1389906297591212e+02, -6.0735282035941879e+01
18, 4, -1.9370301876471405e+02, -7.3957080349561622e+01
18, 5, -2.3804588599165783e+01, 1.0700830235156542e+02
18, 6, -4.8205989607704254e+01, 8.0187399132210430e+01
18, 7, -3.4834480073788171e+01, 4.1267139065520269e+00
18, 8, -8.2168510212927785e+01, 9.6302186180533454e+01
18, 9, 4.8914442675286956e+01, -3.9032740718223585e+02
18, 10, -1.0153063321346281e+02, 1.5447294207237309e+02
18, 11, -1.0342851299560712e+02, -7.7950011585819809e+01
18, 12, -5.1499985777637811e+01, 2.3982183017678307e+02
18, 13, 1.5247115776827954e+02, -3.5928790919093629e+01
18, 14, 1.0576823271870212e+02, -9.2700902250284031e+01
18, 15, -1.9532019836835104e+02, -8.8671371008589375e+01
18, 16, -1.7597375032356587e+02, 6.3393022987618892e+01
18, 17, -2.2031389754386799e+02, -4.1754710973500323e+01
18, 18, 5.8986421272249601e+01, -3.0655725918937691e+01
19, 0, 4.0854359134751761e+01, 0.0000000000000000e+00
19, 1, -3.8429065426661765e+01, 6.5282761647267193e+00
19, 2, -1.6808222936096509e+01, 4.7141264356713236e+01
19, 3, -8.6810181015679490e+01, 1.8787325118642144e+00
19, 4, -1.3052835439293179e+02, -5.2848540361161120e+01
19, 5, -2.9734324987887561e+01, -6.4928143575272173e+01
19, 6, -1.2431142420733431e+02, 1.3698995444317572e+02
19, 7, -2.6202390969748080e+01, -3.1627155759886215e+01
19, 8, -4.4450750871977760e+01, -8.7559684161946706e+01
19, 9, -5.0885669556629075e+01, -2.1269787377125903e+02
19, 10, -4.1732155695179046e+01, -1.0935820264544566e+02
19, 11, 6.6973197962642359e+01, 7.5300363032759577e+01
19, 12, -2.0548320596721348e+02, -8.7606356379126211e+01
19, 13, 9.1342103272222587e+01, -9.7403269008680383e+01
19, 14, -5.1114284152445713e+01, -4.8416877217398252e+01
19, 15, -1.3894502180521792e+02, -1.5293603434732643e+02
19, 16, -7.2926745683645819e+01, 7.0411263861043182e+01
19, 17, 1.1392684508078383e+02, 9.9384379439691955e+01
19, 18, -8.8667761783390176e+01, -8.4095075099125069e+01
19, 19, -5.7718829195476928e+00, -5.1537880226714378e+01
20, 0, -9.4844884512821181e+00, 0.0000000000000000e+00
20, 1, 1.5714555258500417e+02, -1.1183246096455505e+02
20, 2, 2.6572623045355833e+01, 3.1162613704181666e+01
20, 3, 1.5770051943087898e+02, 4.7748792286970883e+00
20, 4, 7.8457462063165025e+01, 6.8758368526874222e+01
20, 5, -4.9036576989994366e+01, 5.1766012616657804e+01
20, 6, 8.1767830847795153e+00, 4.1789818036864688e+01
20, 7, 7.2970787472694042e+01, -2.5973501138365236e+02
20, 8, 2.0184977550420655e+01, -2.3295539994142047e+01
20, 9, -1.9496733351702514e+02, 1.7512025778951426e+00
20, 10, -2.6548358161569922e+01, 2.6610427036172783e+01
20, 11, -1.9600318458435146e+02, 1.5705144475453162e+02
20, 12, 1.6958214730436052e+02, 2.3571573031510759e+01
20, 13, 2.8193553368725344e+02, -1.8737424033094157e+01
20, 14, -1.1952591428881745e+02, -1.5613610085043683e+02
20, 15, -8.6352354670736240e+00, 1.4177820190005508e+02
20, 16, -9.6222074431001907e+00, -1.3738791450518329e+02
20, 17, 1.4443754623495130e+02, 1.0625163996746488e+02
20, 18, -2.2972338446085420e+01, -6.2211719748951850e+00
20, 19, 1.0363039181296456e+02, 2.3702468614773804e+02
20, 20, 5.5714994846380847e+01, 8.6020476567753875e+01
21, 0, 8.3532517821411602e+01, 0.0000000000000000e+00
21, 1, 5.6412821564873184e+01, -5.1973817681656641e+01
21, 2, -1.3561512541217246e+02, 6.4008179945565161e+01
21, 3, -3.9399663765855948e+01, 3.9089242582140116e+01
21, 4, 1.6246572708595153e+01, 5.1261640748488688e+01
21, 5, -1.0123737630199956e+02, 4.7539317714657201e+01
21, 6, -7.3190537430262737e-01, 1.0917108780249839e+02
21, 7, -2.2711444529699776e+00, 8.4219592008712198e+01
21, 8, -5.8607259372084833e+01, 2.6817488276737947e+01
21, 9, 1.8595641246591197e+02, -8.5251035646495751e+01
21, 10, 7.7387960991791630e+01, -1.8170432033314546e+02
21, 11, 1.9377149721193049e+02, 2.3004939698681352e+02
21, 12, 3.8873819044958992e+01, -9.4001060725694316e+01
21, 13, 4.5818470863518705e+01, 8.8189737490110232e+01
21, 14, 4.0955523668836520e+00, 9.5447524369760558e+01
21, 15, 2.6606114641601749e+01, -8.0741374662287569e+01
21, 16, 5.5596475979042154e+01, 1.8928990563188688e+02
21, 17, 1.1474772543076685e+02, -3.3789269157593083e+00
21, 18, -4.1611147350574157e+01, 4.1697233530027233e+01
21, 19, 1.5295242575771701e+02, 1.2421258084613811e+02
21, 20, 2.0054648073738699e+02, 1.5471742418436301e+02
21, 21, -1.5052514812448811e+02, -2.1857176218140526e+02
22, 0, 2.7788015881088154e+02, 0.0000000000000000e+00
22, 1, 9.5817487213022616e+01, 1.6012957882050921e+02
22, 2, 1.1631484897914929e+02, -5.5248537897419823e+01
22, 3, 8.3341913777522464e+01, 7.6241315395192402e+01
22, 4, -1.2152382648044369e+02, -5.7389187708490823e+01
22, 5, 1.7929894342188653e+01, -4.9746182594695910e+01
22, 6, -8.8155632519076249e+01, -1.1578959464794218e+02
22, 7, -7.6122143889082849e-01, 1.1394884347986088e+02
22, 8, -4.4664786120463731e+01, -3.2267798529145182e+01
22, 9, 9.3864760187703794e+01, 1.9174149870174176e+02
22, 10, 5.2008494590833479e+01, 9.8309448962484140e+01
22, 11, 2.1668739379210763e+02, 1.6816380450686194e+02
22, 12, 2.6158410791668132e+00, -1.2578083842504577e+02
22, 13, 7.1049101099793859e+00, -7.7159745945572666e+00
22, 14, -7.3038136948596573e+01, -2.1591777840307429e+01
22, 15, 1.8675055134959109e+01, 2.8063684043108111e+01
22, 16, 4.6312827733578075e+01, -4.4119694745259693e+01
22, 17, -1.8900042282330986e+02, -1.0046032714931707e+02
22, 18, 3.2195985723883496e+01, 9.3534368401951880e+01
22, 19, -1.2397398629035068e+02, -4.8579815527815811e+01
22, 20, 1.4626718327514786e+02, -8.5634326231253709e+01
22, 21, -1.6839440739391605e+02, -1.6549129908115654e+02
22, 22, -7.8283492618707641e+01, -1.0033343630774993e+00
23, 0, -7.8189664482099943e+01, 0.0000000000000000e+00
23, 1, 4.4185309083191555e+00, 5.5898830713883036e+01
23, 2, 1.9236582475536011e+01, 2.1905963444261317e+01
23, 3, -9.8236946850783511e+01, 8.3529148519693564e+01
23, 4, 7.7394766638104159e+01, 2.6302776050180967e+01
23, 5, 8.8993394700127155e+01, -3.6227326276294519e+01
23, 6, -1.8167573202866663e+01, 1.0392215445298856e+02
23, 7, -6.0290774773228350e+01, -2.0285416141555967e+02
23, 8, -9.8984702247258468e+01, 8.0031938930819152e+01
23, 9, -2.6960960959686552e+01, -1.0277512821282852e+02
23, 10, 6.1083626120709120e+01, 3.1762381412897224e+02
23, 11, 8.7157136725245124e+01, -9.9812665462246287e+01
23, 12, 3.5907435471971873e+01, 2.0689091830862853e+02
23, 13, 6.3065007196236337e+01, -1.3438736304264427e+02
23, 14, -6.0699242163224071e+01, 2.2126541085407973e+02
23, 15, 4.2180080297329667e+01, -1.8313798849668237e+02
23, 16, -4.4262089753899517e+01, 9.0227074521146506e+01
23, 17, -5.5023808354928406e+01, -5.8308795363694969e+01
23, 18, 3.2466571144043350e+01, -1.5950656461254312e+01
23, 19, -1.9940030436504634e+02, 2.8668177423180886e+01
23, 20, 1.6278204580879247e+02, -1.3766585223736072e+02
23, 21, -7.7024720462601408e+01, -8.6570197614022959e+01
23, 22, -1.0053182618964189e+02, -1.2917567871913440e+02
23, 23, 1.2764815229700366e+02, 6.4163369910681212e+01
24, 0, 9.8414090219871838e+01, 0.0000000000000000e+00
24, 1, -8.9066704015564824e+01, -1.6504350068496134e+02
24, 2, 5.5516519750669822e+01, 1.3830355165573630e+02
24, 3, -1.4728012970218691e+02, -8.5031131040450873e+01
24, 4, 1.1051297090523084e+02, -8.9729708195225541e+01
24, 5, -9.1703824522454852e+01, 2.2960206699200441e+01
24, 6, -1.3933051449265798e+02, 1.1351525906873823e+02
24, 7, 8.9516572536890607e+01, -6.5495028521027393e+01
24, 8, 1.2833173433160653e+01, 1.0404336334650617e+02
24, 9, -1.5513763743265372e+00, -3.3271787240931673e+01
24, 10, 4.9286465354368602e+01, -9.8268093951477795e+01
24, 11, -1.6205408323002839e+01, -8.5892084562918157e+01
24, 12, 1.0832066227819145e+02, 3.1222925289044582e+01
24, 13, -1.7191167068837538e+02, 6.1821098304993534e+00
24, 14, -8.4674069393649276e+00, -5.8984946009561497e+01
24, 15, -9.0062179469300958e+01, 6.5145522666906118e+01
24, 16, -5.6350968891909645e+01, -8.6875179823071576e+01
24, 17, 6.4239329429859254e+01, -3.8040072645111543e+01
24, 18, -9.1922386892528465e+01, 2.3066468214239347e+02
24, 19, 2.1228932043797212e+02, -2.7421413881292779e+01
24, 20, 1.1303835697665252e+02, -5.3072640881792040e+01
24, 21, -6.8865732145788257e+01, 9.7870413366986668e+01
24, 22, 5.1700875367049662e+01, 8.0878417566158703e+01
24, 23, 3.6384351589756648e+01, 5.5492608524022415e+01
24, 24, -5.5255850063146113e+01, 2.7596584641138236e+01
25, 0, -2.3856161513418357e+00, 0.0000000000000000e+00
25, 1, 9.2388195705192686e+01, 3.5921966494382673e+01
25, 2, 8.6132751736683630e+01, 1.0589980566905538e+02
25, 3, 6.4694878941959487e+01, 4.1913461804229271e+01
25, 4, 1.5486939549872625e+02, -8.0527158953885646e+01
25, 5, 8.0322922769365164e+00, 3.3754355126337714e+00
25, 6, 5.8628676298271245e+01, 3.7976740584558542e+01
25, 7, 1.1270094448326019e+02, -1.4050544469435286e+02
25, 8, 6.9094846226520303e+01, -6.1937957709414512e+01
25, 9, 1.2178916225773477e+00, -2.4067577671407591e+01
25, 10, 1.0506312077099051e+02, -2.1791476150639681e+01
25, 11, 1.6230204258392467e+02, -7.1838845358675286e+01
25, 12, 2.4450000004710091e+01, 1.0313176923281432e+02
25, 13, -5.6585338519983949e+01, -3.4844927549354736e+01
25, 14, 1.8662205724883826e+01, -1.0145086562970477e+01
25, 15, -7.7583518381920641e+01, -7.8482918209013050e+01
25, 16, 5.8025900867728438e+01, -1.2856479414271723e+02
25, 17, -2.7857335435325183e+01, 4.3836727442926758e+01
25, 18, -1.0454903969054934e+02, -7.2875482769800357e+01
25, 19, 4.8591843135104739e+01, -4.0450166976839412e+00
25, 20, 4.3831884096439524e+01, 1.0558532421753966e+01
25, 21, 1.0895253316803002e+02, -1.8875002288472973e+02
25, 22, 3.5410040319694673e+01, 2.0036540370807805e+02
25, 23, 6.3191996675656924e+01, -1.2778168912439676e+02
25, 24, 9.8059292839925945e+01, -2.4811586691414220e+00
25, 25, -4.5638431343834796e+01, 3.5836917146218894e+01
26, 0, 2.0407848325756038e+02, 0.0000000000000000e+00
26, 1, -8.8297228790435241e+01, 1.1213384518967672e+02
26, 2, -2.8598415656450697e+01, 6.1446873902844516e+01
26, 3, -1.5227320438685220e+02, 5.5569999537170816e+00
26, 4, 7.9389215291853361e+00, 1.0743361445956884e+02
26, 5, -4.3239909318182612e+01, 1.3493239248316928e+02
26, 6, 7.8083682923481831e+01, 9.9181254719357582e+01
26, 7, 2.7599518743883678e+01, -4.6657904740647581e+01
26, 8, 1.3916151223990738e+02, -1.8152895089383958e+02
26, 9, -2.0703613436433713e+01, 2.8633541979456368e+01
26, 10, 8.2991251899248226e+01, -4.1137663446473887e+01
26, 11, 8.5577346469639764e+01, 3.7611536994472772e+00
26, 12, -5.2944546238936823e+01, 1.1220852236746764e+02
26, 13, 4.7441511853565657e+01, -2.9953376347591515e+01
26, 14, 1.2203914701866097e+01, -4.7506512810861764e+01
26, 15, -2.3903776834204116e+01, 3.6392628288005454e+01
26, 16, -8.0796277506107117e-01, 1.1836338666540527e+01
26, 17, 1.2582934235732314e+02, 6.9792197632240899e+01
26, 18, 2.8928423285103150e+01, 1.0471290695707199e+02
26, 19, -2.5285972082056041e+01, -1.4423010319081465e+02
26, 20, -2.7515553708850064e+01, -3.8335630992119974e+01
26, 21, 5.8988959420030028e+01, -2.6985724469717411e+01
26, 22, -1.3142195268990531e+02, 1.5625397652946901e+02
26, 23, 7.8217474686903756e+00, -1.1279894787116912e+02
26, 24, -1.7428613934909674e+02, 3.8861176646816567e+01
26, 25, -3.4443328088389535e+01, 5.0014654391989268e+01
26, 26, 2.6361741504308057e+01, -6.7996743685281274e+01
27, 0, 1.3793261192817533e+02, 0.0000000000000000e+00
27, 1, 2.2039310623337101e+01, -3.5114387077264510e+01
27, 2, -2.5934033087998976e+01, -1.3400199286041988e+02
27, 3, -2.0918945819212041e+01, 1.2673083777455474e+01
27, 4, -8.1394227404265507e+01, -5.5578901930610492e+01
27, 5, -1.2016282811457046e+01, -1.0168582051987210e+02
27, 6, -1.5280924704687160e+02, 4.4713111643430381e+01
27, 7, 7.1122026184343369e+01, 5.0249845637617675e+01
27, 8, 8.3691506829698000e+01, -1.0773239136197381e+02
27, 9, -1.3513262959522814e+02, 1.5215657060554688e+02
27, 10, -8.2873468397982805e+01, 2.3595353494866060e+01
27, 11, 4.5158991648035055e+01, -2.6581018646260787e+01
27, 12, -7.2333902248171071e+01, 1.8113662079819006e+00
27, 13, 6.4684443513358758e+01, -2.2137028479813949e+00
27, 14, -1.9274608449532320e+02, -3.2287498287765779e+01
27, 15, -4.7213172644508965e+01, -4.7597214239631327e+01
27, 16, -5.5024521591741845e+01, 1.1924493315631130e+02
27, 17, 1.1043255180031622e+01, -1.7446280119913700e+02
27, 18, -3.8478227296081258e+01, -6.0538012763214489e+01
27, 19, -1.1726395379535904e+02, -5.7395574738376638e+00
27, 20, 1.3604637065605789e+02, -1.7665326614804407e+01
27, 21, -8.1081849595487597e+01, 5.2589882210628076e+01
27, 22, 3.8663419698473547e+00, -4.3555871685746467e+01
27, 23, -2.2346957950500610e+01, 8.5937917498696109e+01
27, 24, -7.6059873060480300e+01, -1.1042820403695687e+02
27, 25, -1.0314197884245104e+01, 8.8268041920546864e+01
27, 26, -2.2325862857030671e+01, -1.5597773490184534e+02
27, 27, -2.1509295115208829e+01, -1.9719620482397843e+01
28, 0, 3.5538037477329993e+00, 0.0000000000000000e+00
28, 1, -3.5481279340819796e+01, -4.4802820759257713e+00
28, 2, -8.3217729115534780e+01, -5.7948020959800374e+01
28, 3, 5.8453320239147502e+00, 1.2891891834597828e+02
28, 4, 3.9495081666556587e+01, -1.4423456159121457e+02
28, 5, 6.4344175266384255e+01, -1.6297531162850831e+02
28, 6, -8.8834009786866432e+01, 5.0776511059617121e+01
28, 7, 8.3947487488914703e+01, -1.9202106972805217e+02
28, 8, 7.7424443875392470e+01, 7.1067388718696762e+01
28, 9, 2.2998572676538899e+01, -1.1146207258141703e+02
28, 10, 3.4326296450288382e+01, 1.2312891836614729e+02
28, 11, 2.4394429428630900e+01, -5.6152944622996785e+01
28, 12, 3.5412714673492758e+01, 5.0175055271885235e+01
28, 13, -2.6274027739194139e+00, -8.3452665238124993e+01
28, 14, -1.2842441750304715e+02, -1.0342162319197918e+02
28, 15, 3.5747390484819299e+01, -7.2713989864765608e+01
28, 16, -2.8240605672352487e+01, -7.6279037074434356e+01
28, 17, 1.2300703098555169e+02, -1.4992366587904161e+02
28, 18, -5.4888501021533699e+01, -1.0634319543891593e+00
28, 19, -1.2712823149222766e+02, -6.9773694846001192e+01
28, 20, 5.2084328444770136e+01, 6.3333573099681814e+01
28, 21, 6.3233183383792266e+01, 1.4804540580874800e+01
28, 22, 3.6567902069070328e+01, -4.4347131263283259e+00
28, 23, -1.6063169229707967e+01, -5.0472624154662483e+01
28, 24, -3.3312109362487689e+01, 4.9690563331321869e-01
28, 25, 3.5361409806503097e+01, -1.4994181500915062e+01
28, 26, 1.1675182520001118e+02, -1.4597804059654720e+02
28, 27, 6.6965313998994048e+01, -6.0539023314673656e+01
28, 28, 3.5474927428390217e+01, 7.1499735632451689e+01
29, 0, -6.2227598509303988e+01, 0.0000000000000000e+00
29, 1, 7.5840221909453405e+01, 9.1713167263817184e+00
29, 2, -1.5660061164213397e+02, -2.1844849690775256e+01
29, 3, -2.1972899131572120e+01, 1.0166769739422335e+02
29, 4, -3.2058509958205775e+01, -1.3140947125826688e+02
29, 5, 2.0079038819530325e+01, -1.6631506671970016e+01
29, 6, -2.7570680447973842e+01, -1.2337109429950318e+02
29, 7, 7.1812541037003854e+01, -3.7002918169878001e+01
29, 8, 2.3455550022493547e+01, 1.0168630649223678e+01
29, 9, -7.1867510514037448e+01, -1.2960022197654681e+02
29, 10, -7.2783892238287279e+01, 1.1853431128202831e+02
29, 11, -1.7548246753670060e+02, -8.1242247650314440e+01
29, 12, 1.0922923243944587e+02, -2.0934657801311388e+01
29, 13, -1.1325665760409915e+02, 5.6999752281919349e+00
29, 14, 1.1707111890027724e+02, -3.2796549681649864e+01
29, 15, -8.6824006719409624e+01, -1.6622229822914250e+00
29, 16, 4.0956653024533892e+01, -4.5492740571500519e+01
29, 17, -6.9970874856177460e+01, 4.5084620650776017e+01
29, 18, 7.3693528809278831e+01, -1.1106612496791627e+01
29, 19, 4.7183001760017831e+01, 3.7733223085324269e+01
29, 20, -4.4431269969099247e+00, -5.2630475538063493e+01
29, 21, 1.9082682967752902e+01, -1.4043626372973449e+02
29, 22, -1.1906002461154360e+02, -5.0503270509565475e+01
29, 23, 3.3126561197388916e+01, -5.1678077507777573e+01
29, 24, -5.6902566740029783e+01, 3.2095669431576596e+01
29, 25, 8.5746588721807925e+01, -9.4453675341313016e+01
29, 26, 1.2466212485204069e+01, 1.1928124143948367e+00
29, 27, -4.9414723047176039e+01, -4.6076059292892708e+00
29, 28, -2.1646968478396026e+01, 1.2355501378947839e+02
29, 29, 1.5404635813995583e+01, -5.0688941543316815e+01
30, 0, 5.3001040460895176e+01, 0.0000000000000000e+00
30, 1, 5.3636835473938831e+01, -1.9310083972056511e+01
30, 2, 1.0054572077360646e+02, -2.7205871051449044e+01
30, 3, 4.0959653445272529e+01, 7.9185355813448524e+01
30, 4, 9.2892408277984373e+01, -1.1849675340689447e+02
30, 5, 4.1215244870626798e+01, -4.8596878905082121e+00
30, 6, -5.6458611988506021e+01, -1.0096613999514108e+02
30, 7, -4.7800737254789198e+01, 4.6817948702889986e+01
30, 8, 2.9151260202122174e+01, -1.0621399674075661e+02
30, 9, 8.4754496145013221e+01, -1.2756638781263621e+02
30, 10, -2.6488455801267847e+01, 9.8425390177907346e+01
30, 11, -3.9259052283497269e+01, -3.5885119240449228e+01
30, 12, 6.9769415990942832e+01, -5.5826668670388472e+01
30, 13, -2.3091420514014573e+01, 4.0165691096352681e+01
30, 14, -2.3106862900074674e+00, 1.6834436900725223e+02
30, 15, -7.8419995258433062e-01, -2.1593727903436577e+01
30, 16, 9.4996124716836675e+01, 5.7792692315270884e+01
30, 17, 2.7866146042872515e+00, -3.7638224056317654e+01
30, 18, -2.0668162730789746e+01, 8.2559646421027736e+01
30, 19, -9.3298159184851357e+01, -8.5394517095365785e+01
30, 20, -9.0245719650981570e+01, 6.2293700270093666e+01
30, 21, 7.4767813160363644e+01, -4.7353761603143212e+01
30, 22, -1.0036144203713899e+02, -1.2495397386715760e+02
30, 23, -8.3163526726374926e-01, 3.1009417197478442e+01
30, 24, 4.8111016255649972e+01, 7.3774268059998747e+00
30, 25, 1.0836921380380048e+02, -1.3869810787387053e+01
30, 26, -8.1076059120492886e+01, 6.5831658478942302e+01
30, 27, -3.0825818479894167e+01, 1.0096480785928050e+02
30, 28, 4.8969020958369072e+00, 1.1932825823658180e+02
30, 29, -5.7520187097331466e-01, 8.3701680342640557e+01
30, 30, -5.2313814955195994e+01, -7.0115238262256725e+01
31, 0, -7.5903030400460949e+01, 0.0000000000000000e+00
31, 1, -8.1110011867644545e+00, 3.8157122966705053e+01
31, 2, -1.9678790429550126e+01, -1.0713575811794345e+02
31, 3, -4.7193987256362384e+01, -1.6879393738260077e+01
31, 4, 5.1067948008043544e+01, -3.0842610345912739e+01
31, 5, 1.7729826248366393e+01, -5.7999808559244883e+01
31, 6, 4.3587370293317811e+01, 2.2269260022976312e+01
31, 7, 2.4621179625053458e+00, 4.8278866775547627e+01
31, 8, 3.8437618615120108e+01, 6.7932437668804255e+01
31, 9, 1.9402114738638858e+01, 1.8443509989106687e+01
31, 10, 4.0478839302339225e+00, 1.2992615890373099e+02
31, 11, -6.7464852094562957e+00, -3.8492645352996135e+01
31, 12, 1.0884793639491430e+02, -9.1417307495614025e+01
31, 13, -3.3707122897917898e+01, -5.0109176621880181e+01
31, 14, -5.2883873486133353e+01, -5.5387759700783107e+01
31, 15, 2.7311345626336902e+01, -5.6837977774238105e+01
31, 16, 2.7998049673380478e+01, 3.4430237531442202e+01
31, 17, 6.2827553600140334e+01, 3.2546982358494475e+01
31, 18, -5.2196697576370070e+00, -1.5808332215959837e+02
31, 19, -3.2493290136843541e+01, -6.5442044127539248e+01
31, 20, -8.8608776937960727e+01, -3.2208705505992583e+01
31, 21, -8.3012893851736735e+01, 3.1564878146010066e+01
31, 22, 3.5707292895350918e+01, 1.0748590721024473e+02
31, 23, -6.1747607494869200e+01, -2.1159256914923390e+01
31, 24, -9.8472165465596817e+01, -2.2008521623886111e+01
31, 25, -3.4041966859185671e+01, 3.9836866482256674e+01
31, 26, -3.5022993899394777e+01, 5.4323608286488373e+01
31, 27, 2.9641109133327383e+01, 6.5647777162019821e+01
31, 28, 7.2911651531218126e+01, -1.5303132440958763e+02
31, 29, 2.6875724765918591e+01, 1.8209388121363986e+01
31, 30, 1.7861141086844974e+00, -1.1297453976728286e+02
31, 31, -9.9515547419976713e+01, 1.2326760391485021e+02
32, 0, -6.2654671531975680e+01, 0.0000000000000000e+00
32, 1, -4.6980220262540087e+01, 8.4348585631371705e+01
32, 2, -1.3125548922149540e+02, -3.4897413884227547e+01
32, 3, 9.4128642299311707e+01, 1.1268896343647157e+02
32, 4, -5.6349252351514110e+01, -1.6565969969300660e+01
32, 5, -2.9223546040253794e+01, -2.7184501759865924e+01
32, 6, 5.4946788099700711e+01, 4.2120520883382767e+01
32, 7, -7.2938578039563779e+01, -1.0584638110781412e+01
32, 8, 7.9388464294066182e+01, -2.0988495597237240e+01
32, 9, 6.7432094131092484e+01, -2.7149073911761263e+00
32, 10, 6.3470420235432826e+01, 4.3224924546244480e+01
32, 11, -3.8266946108442461e+01, 7.8546617904813985e+01
32, 12, -4.4873971169332094e+00, 7.3227538491881546e+01
32, 13, 2.4691351134782856e+01, -5.0192210247246209e+01
32, 14, 2.6759577167781256e+01, 8.8048574203675358e+01
32, 15, 5.0572908383227393e+01, -8.5936450113867181e+01
32, 16, -4.2335115857545816e+01, -2.8007936680881414e+01
32, 17, -7.3432528319986590e+00, 4.0435379621889027e+01
32, 18, -5.7208096781522940e+01, -2.6956863268988748e+01
32, 19, -5.1631247037503812e+01, 1.0949268426584877e+02
32, 20, -1.7351004484598218e+02, -4.0473724859254808e+01
32, 21, 1.0514833913151523e+02, 7.8942147413339427e+01
32, 22, -1.6805125057251900e+00, -1.7039954982912136e+01
32, 23, -4.7876160997123932e+01, 4.0320297355457569e+01
32, 24, 5.1312192637335485e-01, -7.6372889722516959e+01
32, 25, -9.9349918797121106e+01, 1.1769140539729626e+02
32, 26, -1.7502774876447525e+01, 1.7352605068627632e+01
32, 27, 2.1017448596949691e+01, 7.5705022585620284e+01
32, 28, -3.5494459762173562e+01, -1.3682143092273841e+02
32, 29, -1.4257365617295915e+02, -6.2075706404091875e+01
32, 30, -2.4174003435599474e+01, 9.4876105716187666e+00
32, 31, -2.3823886004179727e+01, -5.9715075154805554e+01
32, 32, 3.6184021590662013e+01, 6.6470081700028416e+01
33, 0, -5.7059945083571364e+00, 0.0000000000000000e+00
33, 1, 8.1330438458354791e+01, 7.6785404303837637e+01
33, 2, -2.5108279781251667e+01, -9.6744268033244410e+01
33, 3, 8.7738274150008579e+01, -1.5401055702823314e+01
33, 4, 3.3336474127213094e+01, -5.1865696952901303e+01
33, 5, 3.8075416042294989e+01, 3.3603847935852038e+01
33, 6, 5.9917828493405423e+01, 1.6506792781071317e+02
33, 7, 1.7219250329668057e+01, -1.0469293453353208e+02
33, 8, 1.2188466235209781e+02, 1.7220513637897056e+01
33, 9, 3.9943090923709065e+01, 1.0606198262065334e+00
33, 10, 4.3210859842811018e+01, -2.3323275750293860e+01
33, 11, -1.0094476529119532e+01, 3.8505907766298776e+01
33, 12, -9.1717882953554067e+01, -5.3709634017160624e+01
33, 13, -8.0157304571439127e+01, 1.7254294296327899e+01
33, 14, -4.1483393935778423e-01, 4.5212000331907021e+01
33, 15, -2.3769615237018883e+01, -2.3407418509873168e+01
33, 16, 2.8938400996621219e+01, 6.3759047765208408e+00
33, 17, 1.3840131390233793e+01, 3.7987334181443316e+01
33, 18, 9.1147037300065136e+01, -2.0978657340805068e+01
33, 19, -1.1482219157435949e+02, 3.0197049731228333e+01
33, 20, -5.6203598922408560e-01, -2.7060929960180708e+01
33, 21, -4.7965953446276366e+01, 1.0101698131510497e+02
33, 22, 3.8086997879245679e+01, -5.2639327197406672e+01
33, 23, 1.7548443868066830e+01, -6.4029992853769059e+01
33, 24, 7.5369368246367941e+01, 7.6395166365316214e+01
33, 25, 1.3508675727276915e+02, -4.8682724203947032e+01
33, 26, 4.9167685047698164e+01, -3.1959244377785211e+01
33, 27, 2.2774720679888183e+01, -1.3909799133901654e+01
33, 28, -3.4636621004568440e+01, -4.5033893197470348e+01
33, 29, -5.7394523695788507e+01, 5.9884934169730940e+01
33, 30, -1.2719746921751596e+02, 1.1506518731526148e+02
33, 31, 2.7690029219354358e+01, -7.8142923828840836e+00
33, 32, -4.5074312860026495e+01, 1.0395612329654176e+02
33, 33, 6.1414771557456291e+01, -8.3505767771488493e+01
34, 0, 1.5780551641208970e+02, 0.0000000000000000e+00
34, 1, -5.5146258605918902e+01, 2.4992546482508985e+01
34, 2, -5.5543217232789743e-01, -7.0980953339273469e+01
34, 3, 1.6719390421756486e+01, 1.3298181078492780e+02
34, 4, 3.6032718089136466e+01, -7.4726917798405395e+01
34, 5, 3.8083740412293665e+01, 5.1485985476228301e+01
34, 6, 8.0210325236336200e+00, 5.8578296996023568e+01
34, 7, 1.9968643061419215e+01, -8.7690656943192380e+01
34, 8, -7.1715612744321113e+00, 1.0345233471814032e+02
34, 9, -1.2968759324529384e+02, 1.1952747245392771e+01
34, 10, -2.6730643544480625e+01, 3.7377557459460007e+01
34, 11, 1.4331832487358810e+01, 1.4291116889105399e+02
34, 12, 6.1282427865705365e+01, -2.3926248552251721e+01
34, 13, 1.0951315831998581e+02, -4.7541218609031915e+01
34, 14, 2.6011075280542769e+01, -1.4406710240759620e+02
34, 15, -1.4028068494792365e+01, -6.5105396609431381e+01
34, 16, -1.1399298046055483e+02, 1.9911332918413677e+01
34, 17, 5.3431764670178488e+01, -3.4549564407848550e+01
34, 18, 7.8527249726358228e+00, 4.6889363570365283e+01
34, 19, -2.6874343029295787e+01, -9.4189728488932289e+01
34, 20, -6.5362790528916435e+00, 4.4419234986330302e+01
34, 21, -6.8663441763610209e+01, 5.7242850977473154e+01
34, 22, 1.0479148856569458e+02, 9.8280720477889645e+00
34, 23, -7.6996350532681006e+01, -1.4928663112612597e+00
34, 24, 2.9077345538392422e+01, -5.1151820831246965e+01
34, 25, 1.6654552145077460e+01, -3.7260188292999203e+01
34, 26, -8.2687088513676812e+01, 7.4294417761153142e+01
34, 27, 9.4120894245708854e+01, -6.0074628061024669e+01
34, 28, 2.3669565871226297e+00, -3.8089937519295788e+01
34, 29, -5.9316847885659911e+01, -1.2115264102074465e+02
34, 30, 1.8239765006475153e+01, 2.9122841641411782e+01
34, 31, 4.8605820863182487e+01, -2.2512266839504917e+01
34, 32, 2.3435279940658859e+01, 5.4903467564455894e+00
34, 33, 1.1173872246168713e+02, -2.3343456392462922e+01
34, 34, 3.6449870655953980e+01, 4.6098051834223583e+01
35, 0, -2.4688419018269993e+01, 0.0000000000000000e+00
35, 1, -2.8249213947688517e+01, -2.8942088664307164e+00
35, 2, -5.3671553763708431e+01, 5.8751215284952067e+01
35, 3, 2.7415565842206021e+01, 9.9749075488072137e+01
35, 4, 8.9707908906560547e+01, -5.2082568609006245e+01
35, 5, 7.7538028668125847e+01, 7.3018596174042699e+01
35, 6, -9.6747675690283756e+00, -3.1939915792763145e+01
35, 7, -6.8663937726340407e-01, -3.6332124434437688e+01
35, 8, -2.7247244114344142e+01, -2.0936890141525225e+01
35, 9, -8.9921487544791603e+00, -1.7461798286497000e+01
35, 10, 2.5557989939965942e+01, 5.1063907172726474e+01
35, 11, -5.7461076854926574e+01, 3.9743204110977899e+01
35, 12, 1.7194306374490594e+01, 1.0849710624788486e+01
35, 13, -5.0370613086486557e+01, 2.1062431277936383e+01
35, 14, 5.2497560973236347e+01, 4.4089899815221315e+01
35, 15, -3.1762666835575757e+01, 5.1524957498749217e+01
35, 16, -8.1836503970420495e+01, -8.8913900723561909e+01
35, 17, 6.8026951884940246e+01, -6.1764756716581900e+01
35, 18, -1.0251118733943683e+02, 2.0004900228218503e+00
35, 19, -5.3047314965213872e+01, -3.7230553606700290e+01
35, 20, -8.4990480667746652e+01, 1.3646674722113062e+02
35, 21, -4.0001219888003561e+01, -9.6363704161984572e+01
35, 22, 1.2663743683055031e+01, 8.8731829543639719e+01
35, 23, 7.1194082787734004e+01, -1.1969339067788428e+02
35, 24, 5.8960585064201027e+01, -4.6213373643919979e+01
35, 25, -1.8945515426672728e+00, 2.7898704297647399e+00
35, 26, -3.6591232395983752e+01, -7.7776604631547201e+01
35, 27, -2.6623520278711936e+01, 8.7059758094040347e+01
35, 28, -1.1177733635736189e+01, 2.0504868296657136e+01
35, 29, -1.5318629504500365e+01, -6.0658565342951775e+01
35, 30, -5.4139715530095216e+01, 8.1544979020216033e+00
35, 31, 5.3321128661949714e+01, -1.3818054176424511e+01
35, 32, 3.4216297656466850e+00, -2.7052697608534118e+00
35, 33, -2.8576304834839590e+01, 2.6271490756637377e+01
35, 34, -4.3773490047091499e+01, 3.4879972056328086e+01
35, 35, -4.2180398449716606e+01, -7.7854981544862298e+01
36, 0, -8.7298203607530809e+01, 0.0000000000000000e+00
36, 1, 1.1493526199635070e+01, -5.4602888212625089e+00
36, 2, -7.7221331722994435e+01, 4.2609356742525165e+01
36, 3, -7.1651704777406735e+00, -3.2189948284293237e+01
36, 4, 1.2181843359248570e+02, 1.8422643847828748e+01
36, 5, -7.1994474285070154e+01, -1.0528357710333376e+01
36, 6, 5.6325306578673661e+01, -2.4100796702283564e+01
36, 7, 1.0516007296573531e+02, 5.1568673947002921e+01
36, 8, -2.2244907353117860e+01, -2.3374963633021643e+01
36, 9, 1.7477562794331601e+02, -3.4442995267028849e+01
36, 10, 2.6176282131199514e+01, -9.7811038525121887e+01
36, 11, 9.5225697742640563e+00, -3.6338302701734435e+01
36, 12, 1.1379605697516701e+02, 4.9616576693761147e+01
36, 13, -1.3620826463206959e+02, -3.1064845245651526e+01
36, 14, 5.4922706242224464e+01, 4.5637263927455308e+01
36, 15, -1.6820008658885331e+02, 8.5225036784681762e+01
36, 16, 1.0653741814532680e+02, -8.6319998633086961e+00
36, 17, -3.4326800513874097e+01, 3.6959751298611494e+01
36, 18, 2.3127309067277636e+01, -6.8220262099327527e+01
36, 19, -2.9419720565857972e+00, 8.3414754193502361e+01
36, 20, -9.7445201303968787e+01, -5.9596441437901596e+01
36, 21, -5.7443135053847080e+01, 4.3033833256608162e+01
36, 22, -4.1453973175996197e+01, 4.6818583568977900e+01
36, 23, -1.5216359218526406e+01, -8.7644270180317321e+01
36, 24, 4.2492710497902237e+00, 1.3879355305505214e+00
36, 25, -5.3145733198698650e+01, 1.9561302361998628e+01
36, 26, 5.8984046785716089e+01, 8.9636321238219267e+01
36, 27, 1.4814235055725632e+01, -9.0924555281999773e+00
36, 28, 3.4798682335147944e+01, -8.4520493524922273e+01
36, 29, 1.7466242302079905e+01, 1.5240482116799268e+02
36, 30, -5.2716720509834218e+01, -4.8208837859660832e+01
36, 31, 2.2196464087160038e+01, 6.3849142346344905e+01
36, 32, -1.9315829248839833e+01, -9.0599649993775984e+00
36, 33, 6.8514392698671045e+01, 6.9201069465741739e+01
36, 34, -7.7015485498728253e+00, -7.3210652859535188e+01
36, 35, -9.4200802438477069e+00, 2.2788679030300102e+01
36, 36, 1.5896679561277992e+01, 1.2610976101685799e+02
37, 0, 5.7127020921674038e+01, 0.0000000000000000e+00
37, 1, 6.3807222387514571e+01, 9.5134360556763880e+01
37, 2, -1.0887261284079545e+02, 4.1009020477538684e+01
37, 3, 1.1151553287992964e+02, 9.7719642638879236e+00
37, 4, 1.0124953100594638e+01, -6.4318450898155319e+01
37, 5, -8.8521876525221103e+01, -1.8907553682488015e+01
37, 6, 1.5164275113898952e+01, -2.3722330793607597e+01
37, 7, -1.3659327960474306e+02, -3.4766720499704142e+00
37, 8, 7.3756851923068893e+00, -5.5221182906929698e+01
37, 9, -1.5856441257524551e+01, 5.5204199771671369e-01
37, 10, -3.4336343349227391e+01, 7.0528448531555114e+01
37, 11, -9.6470643105031328e+01, 5.0164747309940317e+01
37, 12, 2.5201327456516296e+01, 1.5043411002612527e+02
37, 13, 6.1253916759807282e+01, -1.2471807452255240e+02
37, 14, 4.9946923796017572e+01, 1.2331626196514441e+02
37, 15, -5.1460507629683129e+01, 1.7569484508243470e+01
37, 16, 9.9092362571390993e+01, 2.1698558089639420e+01
37, 17, -2.1127691358925013e+01, -4.3772491561113256e+01
37, 18, 9.4383515622656660e+01, 5.1019197890332720e+01
37, 19, 3.4415040936098279e+01, 5.6079928555728316e+01
37, 20, -3.7616044473386701e+01, -7.3190372062213470e+01
37, 21, 1.4161186985479063e+01, 2.3232825883061295e+01
37, 22, -6.5821987182687209e+01, -3.6118832465858198e+01
37, 23, 9.3364654667772058e+01, -3.7823527230286942e+01
37, 24, 6.0171432605726928e+01, -5.3652364106846107e+01
37, 25, -7.4386512439359365e-01, -2.0517145559277438e+01
37, 26, -4.3050457971318956e+01, -9.6062857479346349e+00
37, 27, -7.1336267087678237e+01, 1.1955295003043616e+01
37, 28, 8.8448287488331573e+01, 8.1378316497936964e+00
37, 29, -2.6220178748142132e+01, 3.3938210735452017e+01
37, 30, 9.4188261975844867e+01, -1.7624080890683160e+01
37, 31, -6.2985043124284715e+01, 3.4993139410552615e+01
37, 32, 2.9082489601416022e+00, -6.0173689128356557e+01
37, 33, 6.8261190234418649e+01, 2.6356596922122975e+01
37, 34, -9.9396427236013096e+00, -9.2904175416495036e+00
37, 35, -9.5803971654058842e+01, -4.2013307476499151e+01
37, 36, 1.0557452400355487e+02, 6.0298713009645752e+01
37, 37, 3.1971561402055428e+01, -2.0673360929561113e-01
38, 0, 2.6972531740731569e+01, 0.0000000000000000e+00
38, 1, -9.0253982340382123e+01, 6.6085108342045856e+01
38, 2, -9.0715147660296338e+01, 1.6234655553213003e+01
38, 3, 1.2263803018628987e+02, -1.4199543556963832e+00
38, 4, -6.0194257061688319e+01, -6.8175425006022266e+01
38, 5, 1.1261914178521482e+02, 4.0501337704788860e+01
38, 6, 5.5327419176938747e+01, 1.3872349648578847e+02
38, 7, 5.5371131849232071e+01, -3.4829751412001514e+01
38, 8, 1.0571817126912885e+02, 2.0242578820393135e+01
38, 9, -6.7333373390723935e+01, -4.0420605863798954e+01
38, 10, -3.7858601467170189e+01, 2.2318392383923218e+01
38, 11, -7.2175563363207630e+01, 3.4061719292891581e+01
38, 12, -2.8585028628851408e+00, 5.2070644935941274e+01
38, 13, -1.3428416985737374e+02, 7.9335050340953245e+01
38, 14, -9.5897595905429000e+01, 9.3377403132924115e+01
38, 15, 3.2390711545432310e+01, 8.6247801304000632e+01
38, 16, 2.7256567062889545e+01, 3.2529027045596962e+01
38, 17, -4.5316698491711804e+01, -9.8646518099975538e+00
38, 18, -6.8170955897076055e+00, -3.9013984867635259e+01
38, 19, -6.4725866400538123e+01, -5.7626009934442266e+01
38, 20, -1.1153219520576485e+02, 3.9491097118071302e+01
38, 21, 9.3933696641191435e+00, 5.3678456495611435e+01
38, 22, 6.8651531697768320e+01, 1.1660049298699514e+02
38, 23, 3.1498563229701659e-01, 4.5024242208035034e+01
38, 24, -6.9866197982811826e+01, -1.0171487513869771e+01
38, 25, 1.8704327625425819e+01, 3.7858917608836933e+01
38, 26, 9.8150040714500932e+01, 4.7830528612051324e+01
38, 27, 1.1206576828087902e+01, -1.3489130611652266e+02
38, 28, -3.9672768246530637e+01, 3.3778276829386044e+01
38, 29, -4.8386220762536311e+01, -3.7575474055590234e+00
38, 30, 7.9683125250268475e+01, 6.3042731537798815e+01
38, 31, -7.1419675788850100e+01, -5.2667338949904746e+01
38, 32, 5.1143595424028547e+01, 3.5924847566962725e+01
38, 33, -3.4258101438053487e+01, -5.1254932590138523e+01
38, 34, -1.1545956690693428e+02, 5.7124899992800238e-02
38, 35, -1.1560497730279857e+02, -5.5729594338708281e+01
38, 36, -4.0428020228381541e+01, 3.7915546422665358e+01
38, 37, -4.2140183325866204e+01, -8.6859602140627146e+01
38, 38, -8.5349265645405339e+01, -6.3152351712551351e+01
39, 0, 5.2571244505518820e+01, 0.0000000000000000e+00
39, 1, -3.9344848450607884e+01, -8.8014213356140630e+01
39, 2, 2.2260526388058577e+00, 2.2411486563680995e+01
39, 3, 4.6849256950203362e+00, -5.1956545033473738e+00
39, 4, -3.5914783498444734e+01, -4.0169945623237894e+01
39, 5, -8.4789532745188296e+00, 1.4501945969700580e+02
39, 6, -3.9781804265339645e+01, 5.2070818845219961e+01
39, 7, 4.4711595017534293e+01, -5.2727249702268061e+01
39, 8, 3.7546941631291020e-01, 1.4576888072323101e+01
39, 9, 3.9527990031316847e+01, 1.9033612126005760e+01
39, 10, -3.4706363560440508e+01, -2.2565942031368074e+01
39, 11, -5.5926395028896820e+01, 1.0078614258719276e+02
39, 12, 3.9224852337202378e+00, 2.1641348905274153e+01
39, 13, 4.0892015770684985e+01, 2.6561757551822083e+01
39, 14, -3.8127819816518894e+01, -6.2769198176970320e+01
39, 15, 3.1842439499887334e+01, 6.8833556133951845e+01
39, 16, -7.5655797545493485e+01, 8.9862792690095006e-02
39, 17, 4.7248633692092668e+00, 4.3538036924462666e+01
39, 18, -2.8947909307149828e+01, 4.3559090736686613e+01
39, 19, 3.6129512352797960e+01, 4.0342435046103532e+01
39, 20, -5.2180606312095598e+01, 3.7406867440257670e+01
39, 21, 6.9640518367488880e+01, -6.7165558457886533e+01
39, 22, 6.0477954097770599e+01, -2.6549804120505186e+01
39, 23, 1.6832537008047908e+01, -2.5633104731498410e+01
39, 24, -1.4137120697693979e+02, -6.9315951737008618e+01
39, 25, -5.7701021385753307e+01, 5.8532394909306248e+01
39, 26, -4.6785312064750059e+01, 2.4156334040691565e+00
39, 27, 7.2886056015873379e+01, -7.3401863715016404e+01
39, 28, -9.4501093275608383e+01, -1.0206165756572341e+02
39, 29, 3.4441631393498000e+01, -1.1952246707836750e+02
39, 30, -1.3240703923978830e+02, 5.8486730932249316e+01
39, 31, -4.2651685604876917e+01, -1.1433002505114676e+02
39, 32, -3.4977127637449840e+01, 8.8802999254457347e+01
39, 33, -4.2225968897855438e+01, -7.2587049137061499e+01
39, 34, 7.2604466549261829e+01, 5.0586843910279526e+01
39, 35, -6.5543918329020968e+01, -5.8770490051625188e+00
39, 36, 1.0102712995729284e+01, 2.4527935430860978e+01
39, 37, -2.8815139930585758e+00, 8.7990207121125508e+00
39, 38, -8.5541081527764959e+01, 9.4270937391349108e+01
39, 39, 1.5879161363030537e+01, -4.4835709390618490e+00
40, 0, -1.2973575442802553e+02, 0.0000000000000000e+00
40, 1, -9.9301131892054130e+01, 1.3101866805402317e+01
40, 2, 1.5409114905330398e+01, -5.3860927022532991e+01
40, 3, 6.4830933473506150e+01, 2.9797834761280924e+01
40, 4, 6.3873987264170495e+01, -2.1265273939995964e+01
40, 5, 5.3917804630215613e+00, 1.3459440060362192e+02
40, 6, -4.0863954187087302e+01, -7.2678877296115616e+01
40, 7, -6.6260942631746701e+01, -4.4917002726668606e+01
40, 8, -1.6235641216288042e+02, 9.7305097049463171e+01
40, 9, -4.4670677112799090e+01, 5.9875810143777400e+01
40, 10, 3.8990917033758251e+01, 1.4584044281858493e+02
40, 11, 2.4143116564926203e+01, 5.8450942534639786e+01
40, 12, 2.0146446684132496e+01, 1.7195289066434409e+01
40, 13, 5.4725401795825924e+01, 3.9089810997300013e+01
40, 14, 3.7736370196254946e+01, 2.2469379955951439e+01
40, 15, 4.2783595340296216e+01, 4.0301323486252173e+01
40, 16, -5.3645457137119621e+01, 1.2903911365588458e+01
40, 17, -2.4476793969091474e+01, 2.7399109691093656e+01
40, 18, 6.7048256451062571e+01, 6.3420342862754211e+01
40, 19, 9.7197110048376118e+01, 3.4562424477637199e-01
40, 20, -6.5529453850267444e+01, 1.5406266945541212e+01
40, 21, -5.9258145218403151e+01, -8.5085552584830083e+01
40, 22, 3.4156946851424372e+01, -3.8957247613410217e+01
40, 23, -3.2384206113458319e+01, -4.3784687002958194e+01
40, 24, 2.6302072276959308e+01, 6.0268186840506971e+01
40, 25, 9.8040309395081948e+00, 7.8877508719515134e+01
40, 26, 3.9588524974810142e+01, 4.3456734526066327e+00
40, 27, -7.6495944625241741e+00, 2.2029460304411085e+01
40, 28, -9.0231888243014481e+01, -5.3925188318271353e+01
40, 29, 1.2918012005125436e+02, 1.5366847991265226e+02
40, 30, -1.0315442976701164e+02, 1.0265138492415673e+02
40, 31, 8.1631055373186399e+01, 1.4349997436258803e+00
40, 32, -8.1232213854758470e+01, 1.5174144813135264e+01
40, 33, 8.3652213836213804e+01, -4.1679558426015831e+01
40, 34, -6.4879243597010685e+00, 9.2281558854563997e+01
40, 35, -5.8371120115042174e+00, -4.6837968581974238e+01
40, 36, 1.5689527957694040e+01, 5.0997541488309082e+01
40, 37, 6.1349326981711258e+01, -3.8054848899459614e+01
40, 38, -2.9098837540093314e+01, 2.1886567285427176e+01
40, 39, 7.3936486003916144e+01, 2.5882201817074417e+00
40, 40, 5.0137514356565816e+01, 2.6710041273021737e+01
41, 0, -2.9125864384691411e+01, 0.0000000000000000e+00
41, 1, -3.8574769827457281e+01, 6.7740434257351495e+01
41, 2, -1.4429824359235661e+02, -6.8127593753970928e+00
41, 3, 5.1406739197072653e+01, -2.1991367089108465e+01
41, 4, -5.7944190667645884e+01, -3.4272391243839685e+01
41, 5, -9.5178771931718956e+01, 4.6383649829647140e+01
41, 6, 8.2115067587394449e+01, 5.2455290946649171e+01
41, 7, -6.6472672545449925e+01, 1.8687320558168039e+01
41, 8, -6.8856661511464807e+01, 4.1839337627269778e+01
41, 9, 1.8358509748492310e+01, -9.8792900615893160e+00
41, 10, -1.6509510115566258e+01, 1.2023060594228085e+01
41, 11, 1.4584169491330080e+01, -3.6318679091777064e+01
41, 12, 2.0385453342033955e+01, -3.5830782985228375e+01
41, 13, -3.7487526520708911e+00, 4.5073721212518173e+01
41, 14, 1.3887797341198291e+02, -7.5310243904056875e+01
41, 15, -4.1432508454830511e+01, -4.5431201175260085e+01
41, 16, 1.1275186447235183e+02, 2.1954416427537211e+01
41, 17, -1.6915053761869693e+01, -5.1224989775185975e+01
41, 18, 3.0590200685246231e+01, -2.9578052357577178e+00
41, 19, 2.3731335108448839e+00, 4.1560952572407658e+01
41, 20, 3.0941741853334626e+01, -6.5767537273678926e+01
41, 21, 1.6078276823516461e+01, 9.6047108256646410e+01
41, 22, -2.7263629541662851e+01, 2.2407760229116654e+01
41, 23, -2.6418389897835581e+01, 4.6442410610757292e+01
41, 24, 2.0380374920237401e+00, 5.4420295020661740e+01
41, 25, 3.1967711230225365e+01, 3.4331263484769210e+01
41, 26, 7.3386307463121923e+01, 8.1442739469121079e+00
41, 27, -2.9524291629233460e+01, 3.8042439960587579e+01
41, 28, 1.1244970457487986e+02, -1.2063966333157649e+02
41, 29, 2.1131132312765704e+01, 4.9127754735559407e+01
41, 30, 4.1929070241224267e+00, 4.3125674501906985e+00
41, 31, 4.2112715453490040e+01, 6.9494866441226108e+01
41, 32, -1.2616859262226058e+02, -1.0044137420080631e+02
41, 33, 7.2852830265530002e+01, 8.7027924712808485e+01
41, 34, -5.1349370775380748e+01, 3.6836099003805245e+01
41, 35, 5.0564428514393569e+01, -3.1138019272927075e+01
41, 36, -6.3036261833115162e+01, 3.3296489583605222e+00
41, 37, -1.1561306111526335e+01, -7.1514525449536265e+01
41, 38, -3.8092294618380592e+01, -4.3045948370942796e+01
41, 39, 1.6208943663998333e+01, 6.0561646936504189e+01
41, 40, 4.0277317076569432e+01, -8.5429238385998332e+01
41, 41, -7.0120732862310632e+01, -8.6596415626875569e+01
42, 0, -7.3974340401799843e+00, 0.0000000000000000e+00
42, 1, -8.7171574274147673e+01, -1.7017642063997229e+00
42, 2, -2.3705255641137406e+01, -3.9656035146370982e+01
42, 3, 4.7265653429423963e+01, -2.3840352320751897e+01
42, 4, -1.1443620463592475e+02, -6.2735326682721606e+01
42, 5, -5.7740913295556354e+01, 9.8716671050501418e+01
42, 6, 1.1379616516427400e+02, -2.7702070549951856e+01
42, 7, -8.6302763426575098e+00, -1.4590274689992818e+01
42, 8, 6.1646818235762595e+01, 9.8617035535253976e+01
42, 9, 1.3282925909922128e+01, 7.4367450160819160e+01
42, 10, -5.8826385302004311e+00, 2.3529156264265559e+01
42, 11, 2.3312853075660456e+01, 2.4123164999784677e+01
42, 12, 9.4112812894581666e+00, -2.3358391179598968e+01
42, 13, 4.0154017729884872e+00, 7.0102601061210819e+01
42, 14, 8.0845589549521179e+01, 1.1449565250671412e+01
42, 15, -7.4258120670283176e+01, -1.2083523668353806e+01
42, 16, 6.9744668879885523e+01, 2.1840495406395547e+01
42, 17, 5.0098902625402523e+01, -2.3436354590621285e+01
42, 18, 8.5781574574772904e+01, -1.2468014459652416e+02
42, 19, -1.7740671360965067e+01, 3.3564284283723318e+01
42, 20, -1.4969996472286685e+01, 2.0017984567782470e+01
42, 21, -1.1135312251643089e+02, 4.6408111606498892e-01
42, 22, 4.9931385437693223e+01, 2.9931308073516220e+01
42, 23, 1.1815122559602075e+02, 4.8565487311397661e+01
42, 24, -1.4137103042465924e+00, 7.8278963106912443e+01
42, 25, -1.9135013859235254e+01, 1.6106666560030476e+01
42, 26, -4.3722160730249442e+01, 2.5130921018079576e+01
42, 27, 1.6038391390207053e+01, -6.5581703461697202e+01
42, 28, 6.9586458066133815e+01, 2.7979253880241444e+01
42, 29, 1.9571799794374961e+01, -2.3003173023299496e+01
42, 30, 6.2056027417395143e+01, 1.1028491791632945e+01
42, 31, -5.2862788617262311e+01, 3.0242512607986868e+01
42, 32, -1.1020369755659553e+01, -9.8380753876760764e+01
42, 33, -9.5631323199130875e+01, 9.0832187949588217e+01
42, 34, 2.3531678368332347e+00, 2.0947487849894600e+01
42, 35, 1.1930837545107757e+02, 1.8347519491930463e+01
42, 36, 7.2799557083599922e+00, -2.2853362013490482e+01
42, 37, -1.2903319875171624e+01, 7.0291175070541371e+01
42, 38, 3.2472441186094798e+00, 2.3260589959640015e+01
42, 39, -4.0912070335581369e+01, 3.3640731179928828e+01
42, 40, 1.1531834378001332e+02, -6.1316128884487824e+01
42, 41, -6.1198090140089434e+01, 1.0143792185414881e+02
42, 42, 8.2170595651760436e+00, 4.7804873220272881e+01
43, 0, -6.4766083554905038e+01, 0.0000000000000000e+00
43, 1, -4.6133931614988697e+01, 2.7851181186508747e+01
43, 2, -4.7715498474352060e+01, -6.9674927607841681e+01
43, 3, 7.6862513677188488e+01, -1.0090101871770614e+01
43, 4, -7.9569820012780085e+01, -3.9611537896709279e+01
43, 5, 1.1763725406706840e+01, 1.4087102746716511e+01
43, 6, 1.7595204437345160e+00, -3.2948824392734366e-01
43, 7, 3.6820380891415084e+01, 4.0675065198267070e+01
43, 8, -2.6455498527360358e+01, -1.8679329582361959e+00
43, 9, -7.0808347072391200e+01, -9.5446945345852399e+01
43, 10, 7.9162060073778520e+00, 1.6661616084291438e+01
43, 11, 2.8468582595300539e+01, 4.8206889085157023e+01
43, 12, 5.4129290876530831e+01, -1.4053514444162381e+01
43, 13, 1.2926920254421816e+01, -1.6589848662619737e+01
43, 14, -4.4737908100916869e+01, 4.4522814057086713e+01
43, 15, -6.9590120136673548e+01, 1.1374747751072675e+01
43, 16, -4.2919020239424128e+00, 7.7545324791109692e+01
43, 17, -3.2455008761312300e+01, -3.8142857998658712e+00
43, 18, 1.4750759745256502e+01, -2.1869440442205907e+01
43, 19, -5.3793662141387371e+00, 8.4738059737192742e+01
43, 20, -1.2136785401304924e+00, 1.1100966089656154e+01
43, 21, -1.5560107905927644e+01, -7.1289632995935790e+00
43, 22, -2.3482346541449317e-01, -1.9102347144413365e+01
43, 23, 7.9230535125522607e+01, 1.3727620076235183e+01
43, 24, 2.1951009089611205e+01, 2.4446780045251291e+01
43, 25, -3.7786701382876430e+01, -8.0123008245249267e+01
43, 26, 2.0759357101487609e+01, 8.9528868405939690e+01
43, 27, 3.7534118608272799e+01, -7.5850962698484196e+01
43, 28, 1.0158190097284196e+02, 2.4194090415976710e+01
43, 29, 4.9917022912229045e+00, -7.6471205242399918e+01
43, 30, -1.0870148427300251e+02, 3.5605887759019687e+01
43, 31, -4.2909190786570804e+01, -5.6719357723319384e+00
43, 32, 1.2354989653842736e+00, 5.9014604424491068e+01
43, 33, 4.0882766201917377e+01, 6.2138658576921294e+01
43, 34, 1.1589608919126556e+02, 4.6534084578664086e+01
43, 35, -3.7119433415281463e+01, -4.0881476225433829e+01
43, 36, -1.4485357103553056e+01, -9.1232883364980637e+00
43, 37, -5.3161845584329939e+00, 3.9927577132945082e+01
43, 38, 5.8682698935763632e+01, 3.6502365625420524e+01
43, 39, 7.2411936470200018e+01, -5.6222612775774294e+00
43, 40, -3.5483777947766498e+01, -7.2235392008489015e+01
43, 41, 1.1939186599796727e+01, -1.9322940993535035e+01
43, 42, -4.8866287720384776e+00, -9.4674419448051168e+00
43, 43, 7.4054460628972237e+01, 6.0153543474547433e+01
44, 0, -4.9562644011763638e+01, 0.0000000000000000e+00
44, 1, -1.3531060214288033e+02, 2.3634845351193100e+01
44, 2, 5.1725217350881081e+01, -2.2218280603326061e+01
44, 3, -1.6260845769466187e+01, 4.6229234817333996e+01
44, 4, -7.1856942136697455e+01, -2.9996944307286306e+01
44, 5, -3.9981384332190117e+01, 7.9006420082523377e+01
44, 6, 2.0093314720603331e+01, -4.9410912081764188e+01
44, 7, -4.5085499045777055e-01, -8.7095801726135832e+01
44, 8, -4.3331361765621196e+01, -7.4889544158704282e+01
44, 9, 5.8297729866194899e+01, -9.6349340000345379e+01
44, 10, 6.8662040986297967e+01, 2.7881392573283939e+01
44, 11, -1.9761295663919171e+01, 4.3147489278619020e+01
44, 12, 9.5176900002099018e+01, -2.6676984665732547e+01
44, 13, 6.0004423604732281e+01, 4.3633248078106980e+01
44, 14, 3.2177808532670625e+01, -9.4615989916920128e+01
44, 15, 5.6643566223121937e+01, -9.9138535613306146e+01
44, 16, 2.8671923555936871e+01, -1.8853691895772560e+01
44, 17, -5.6829405752593956e+01, -4.2813782201816714e+01
44, 18, -6.8609993448913258e+01, 5.0847577098131254e+01
44, 19, -7.9772627574959827e+01, 2.0245760378258307e+01
44, 20, 3.4120462613286293e+01, 9.1505893019694057e+01
44, 21, -2.4377787789244721e+01, 2.3455218020708628e+01
44, 22, 7.4827867420314043e-01, -1.6025996936984509e+01
44, 23, 2.2672832372853549e+00, -3.4262051589623887e+01
44, 24, 2.4612832483498721e+01, -3.3018542563622162e+01
44, 25, -1.4419922426928920e+01, 5.0894625746560699e+01
44, 26, -6.6977019532481492e+01, 5.3374022153794222e+01
44, 27, 7.0997671484876719e+01, 4.4333696605495732e+00
44, 28, 1.2323775310064526e+00, -2.7779551837666194e+01
44, 29, -1.3019327567978173e+01, -6.1387428565473073e+01
44, 30, -7.8538589614610899e+01, 3.0499321547733331e+01
44, 31, -5.9312019787066561e+01, 4.4103570197189754e+01
44, 32, -5.4457954581503721e+01, 1.9736115383186927e+00
44, 33, 4.8243385439170311e+01, 1.3193843719966807e+01
44, 34, 7.3677751483660373e+01, 4.2144605945835963e+01
44, 35, -3.4928623610931922e+01, -9.7352770095254627e+01
44, 36, 2.9350261107411725e+01, 4.9136218255624868e+00
44, 37, -1.1114720235836245e+02, -3.7732996714019649e+00
44, 38, 5.6528006165067069e+01, -5.5426831651305434e+01
44, 39, -3.1278077895338633e+01, -3.0525592748118513e+01
44, 40, -6.4566856537835520e+01, 1.2591442691788842e+01
44, 41, 2.4118551675433913e+01, 2.3525694164305492e+01
44, 42, 2.1397814397460024e+01, -2.7109489020023716e+00
44, 43, -1.0966347842382433e+01, -4.3116903457936928e-01
44, 44, 3.5951240143036827e+01, -1.9367112469894556e+02
45, 0, -7.8367583772749697e+01, 0.0000000000000000e+00
45, 1, -3.6226813833336095e+01, -5.7125281012424743e+01
45, 2, 4.7057033779805323e+01, 3.4223833753238139e+01
45, 3, -2.8853788653885530e+00, -9.4249865227724712e+01
45, 4, 7.2147077099612758e+01, -1.7847418661257141e+01
45, 5, -1.8784573515273934e+01, 1.3982766943589802e+01
45, 6, 6.3791297169201165e+01, 6.9026291668042461e-01
45, 7, 2.4877512163459713e+01, -1.9773888544284802e+01
45, 8, 1.6528331980855747e+01, 1.3864814194306362e+01
45, 9, -3.5357143940170474e+01, -2.2771338060438566e+01
45, 10, -3.4091777399067183e+01, 9.2878175170536608e+01
45, 11, 3.0441327788685982e+01, 4.6250245088532559e+01
45, 12, 8.1112997771330285e+01, -8.8720785559210412e+01
45, 13, 1.1062708812864486e+01, -6.4037851461578498e+01
45, 14, 1.6594777389479596e+00, -8.3879156512148398e+01
45, 15, 3.4805454338659743e+01, 8.9961760942314427e+01
45, 16, -5.2293174335827359e+01, -4.7861600251703180e+00
45, 17, 2.9560332324756150e+01, 6.1381101141700135e+01
45, 18, -9.7344977515112078e+01, -1.0384274482915575e+02
45, 19, 7.2661512880135973e+01, -1.0629828216717844e+01
45, 20, -2.7031085211575352e+00, -2.0061634981369586e+01
45, 21, -1.2420174569464791e+01, -8.9385995752146471e+01
45, 22, -9.7806896345731801e+01, 1.2679762274606468e+02
45, 23, -3.8032142359115959e+01, 5.9151970524689261e+00
45, 24, -1.1101539757460230e+01, 1.0277017060214565e+02
45, 25, -3.9778374412676499e+01, 1.4067668119084502e+01
45, 26, -2.8300894430796070e+01, 4.1245683822274948e+01
45, 27, 2.2860538594449785e+01, -6.4101318575080526e+01
45, 28, -1.7780355990317929e+01, -8.1118179502152941e+01
45, 29, 2.9987847180692395e+01, 7.2112627072641516e+01
45, 30, -8.7730755793885606e+00, 3.2551042206104029e+01
45, 31, 4.4073783803071080e+01, 3.4522048221092106e+01
45, 32, 5.0801912423017356e+01, -4.3584210794968641e+00
45, 33, 1.0260678731899844e+02, -4.0466292384195690e+01
45, 34, -4.5476742623465668e+01, -2.3900376426416329e+01
45, 35, -4.5232529329501112e+01, 2.6447826040200475e+01
45, 36, -6.4130416485758701e-01, 1.3082789007998804e+02
45, 37, 1.0722434927319559e+02, 5.0058192037625560e+00
45, 38, -3.1781575244528462e+01, 1.4957525143797952e+01
45, 39, -5.1059689365683056e+01, 9.3373644268225142e+00
45, 40, 7.0074932692628629e+00, -2.2798632107400991e+01
45, 41, -1.6914437239893203e+01, 4.0696197617111892e+01
45, 42, 8.5462755114976545e+00, -4.3453812641362632e+01
45, 43, 5.0670039895118528e+01, 1.9594508321978395e+01
45, 44, -3.8677915015641837e+01, -3.5450686172783925e+01
45, 45, -1.1303910025075555e+02, 8.2388500555384709e+01
