0, 0, 0.0000000000000000e+00, 0.0000000000000000e+00
1, 0, 1.1558163248307849e+06, 0.0000000000000000e+00
1, 1, 6.7370224580821508e+04, 5.2302994578530936e+05
2, 0, 0.0000000000000000e+00, 0.0000000000000000e+00
2, 1, -1.7904218635650631e+05, -9.6670754918206672e+04
2, 2, -2.5327711762687825e+06, 1.3471574946656823e+06
3, 0, -9.5801434995189332e+05, 0.0000000000000000e+00
3, 1, 4.9784824399674498e+05, 2.0335290272074491e+06
3, 2, -8.7058247353693855e+05, 2.6216563170584798e+05
3, 3, 2.1677125398563342e+06, 1.1149895451299271e+06
4, 0, 3.0205906667564058e+05, 0.0000000000000000e+00
4, 1, 5.7819934348983737e+05, 4.2626952767419571e+05
4, 2, -5.5317792545349640e+05, -7.8381770885844482e+05
4, 3, 1.0629631674458198e+06, -5.8917303707740371e+04
4, 4, 1.4877089007923752e+05, -1.1811118498511356e+06
5, 0, 2.2686448990405770e+05, 0.0000000000000000e+00
5, 1, -6.1782875370218899e+04, -1.4505684204516269e+05
5, 2, -2.7817358544355503e+05, -2.4276684264714306e+05
5, 3, 2.4983536079170962e+05, -4.0364409465192276e+05
5, 4, -6.0034449499270739e+05, 1.2442431050405779e+05
5, 5, -4.4041868268196180e+05, 4.3880767170625937e+05
6, 0, -3.3129293872344540e+04, 0.0000000000000000e+00
6, 1, 4.0832647916451481e+05, -1.1589482094981664e+05
6, 2, 4.2132174891216721e+05, 1.1349586102623274e+05
6, 3, 4.0119570204738271e+05, 1.7066691125881157e+05
6, 4, 5.2471824892859731e+04, 2.3784041484617291e+05
6, 5, -1.8936369208526390e+04, 3.0784998111717525e+05
6, 6, 1.6175672910666390e+05, 5.1745485280509136e+04
7, 0, -1.4989221796389451e+05, 0.0000000000000000e+00
7, 1, 3.6204791868569585e+05, -3.6711814663085109e+05
7, 2, 1.9089050345980783e+05, 1.4278510705002127e+05
7, 3, 4.7603986830172711e+04, -4.3487379781355412e+03
7, 4, 5.7997380424776499e+05, 1.8885482345018274e+05
7, 5, -5.5509288161866985e+04, -3.4004524087664142e+05
7, 6, -2.8464457192115847e+05, -3.9107682985187712e+05
7, 7, -3.0910819145827132e+04, -1.5139430749308295e+05
8, 0, 2.0021544945754611e+05, 0.0000000000000000e+00
8, 1, 1.3924674756117223e+04, -2.9866764917603548e+04
8, 2, 4.2486961701222108e+05, 1.0010154339595191e+05
8, 3, -3.5371535249271360e+05, -3.8335594687630114e+05
8, 4, 3.0778182951896021e+05, -1.8942340960427508e+05
8, 5, -7.6044696866999404e+05, -5.8579965104188037e+05
8, 6, -2.9416831814214820e+03, -2.8858484324485611e+05
8, 7, -1.8533812760622919e+05, 2.3619163269993034e+05
8, 8, 8.8934098213105914e+04, -7.4631930464010031e+04
9, 0, -6.5807693978302545e+04, 0.0000000000000000e+00
9, 1, -9.3135181242773193e+04, 2.8278280165061099e+05
9, 2, 4.5469565785982204e+05, -3.4612869918714277e+03
9, 3, -1.9493411953999483e+05, -1.1484613027280109e+05
9, 4, 1.4205350077279616e+05, 4.1818493492823362e+05
9, 5, -4.4492889643453725e+05, -5.0528864765616972e+05
9, 6, 1.1673353017784422e+05, -1.4228825756806991e+05
9, 7, -2.3786599011641010e+05, 5.7495458229994972e+05
9, 8, 5.4413969852722937e+05, -1.6528333026239637e+05
9, 9, -2.0338747059458154e+05, -2.6130558706454933e+04
10, 0, 8.5824504777096299e+04, 0.0000000000000000e+00
10, 1, 1.2260234423859298e+05, 9.7741201065185276e+04
10, 2, 1.3535103636101860e+05, -3.4442326727113558e+05
10, 3, -3.7876004829102545e+05, 5.9419477242668931e+04
10, 4, -3.8630071055173263e+05, 1.9712852572200756e+05
10, 5, 2.4348445125774649e+05, -3.0644890130701568e+05
10, 6, 1.2912925390611053e+05, 5.2740538172172685e+05
10, 7, 1.5782250056755281e+05, -5.3859683104608615e+04
10, 8, 1.6803501633146021e+05, 2.3274403268071086e+05
10, 9, -3.2235489924163418e+05, -2.4134423189106578e+05
10, 10, -1.1510393990076818e+05, 1.3689110922131009e+05
11, 0, -1.0489806603569511e+05, 0.0000000000000000e+00
11, 1, -6.3125005583033082e+04, -2.9328630906960199e+04
11, 2, -6.1795542505648424e+04, -4.9008900443528092e+05
11, 3, -4.5161247031891259e+05, 3.9137364541079919e+05
11, 4, -6.2887462556768884e+05, -3.1831149615030485e+05
11, 5, 3.6090845434883924e+05, 3.7567594482734631e+05
11, 6, -2.4199159037777991e+05, -1.2238109588095997e+05
11, 7, 3.0369357424006466e+05, -2.1159419536517843e+05
11, 8, -5.0986293591647985e+05, 1.5022792666039386e+05
11, 9, -9.0107418341259763e+04, -1.3743783145994763e+05
11, 10, -7.7704126867478451e+04, 7.0003407266848302e+05
11, 11, -6.4571910698236097e+04, -1.4647479571059407e+05
12, 0, -5.0716181673801068e+04, 0.0000000000000000e+00
12, 1, -5.1967597520725988e+05, 5.6354006269585487e+04
12, 2, -1.0861244498070462e+05, 1.7378612991915649e+05
12, 3, -5.8091030501780345e+05, 8.9246987772321590e+04
12, 4, -1.5230969431400544e+05, 1.1217470854236762e+05
12, 5, 1.1289274729548817e+05, 4.3770599966219184e+05
12, 6, -1.0536954872421424e+05, -5.4823124154661456e+05
12, 7, 1.8487826567554876e+04, -1.8587691142369920e+05
12, 8, -4.2517914809131820e+05, -1.3289789910314314e+04
12, 9, 9.5449485916051868e+04, 6.1885383638389147e+04
12, 10, -2.5026042745887360e+04, 4.2193462552094657e+05
12, 11, 3.0335334930820676e+05, -7.7276532627945405e+05
12, 12, -5.7845318676776915e+04, -3.5109200926064783e+04
13, 0, -1.1694855336790497e+05, 0.0000000000000000e+00
13, 1, -3.5724846479125164e+05, -1.8939387615218991e+05
13, 2, 2.3593431704456310e+05, 4.5984245391547919e+05
13, 3, -9.3677504029164527e+04, -8.2023775027197029e+04
13, 4, -6.8376879790132909e+04, 2.2899470276059219e+05
13, 5, 5.6380826367295980e+04, -2.2555872691563025e+05
13, 6, 2.8871454041548393e+05, -5.8470800744207704e+05
13, 7, -3.3432094273823372e+05, 1.5925795109367932e+05
13, 8, -7.9049456129517479e+04, -2.7878097932873359e+04
13, 9, 2.7352830670704663e+05, 2.1667041441119893e+05
13, 10, 3.5172250612522068e+04, -2.0437144555606210e+05
13, 11, 3.0785578382438089e+05, -4.2165850140600541e+05
13, 12, -4.4881821851762303e+05, -1.8838965539095792e+05
13, 13, 3.5116945271569263e+05, 4.0359933848344843e+05
14, 0, -8.9855958480546135e+04, 0.0000000000000000e+00
14, 1, 3.0068965862867632e+05, 4.5536837495358719e+04
14, 2, 1.5257651692357101e+05, -1.7366750963746567e+05
14, 3, 1.2753004160541907e+05, -7.0754395217507685e+04
14, 4, 2.0726256300098199e+05, -5.3474508045613579e+05
14, 5, -2.0397023069300296e+05, -4.5316843590926909e+05
14, 6, 1.9608558789168397e+04, -1.1486915164920772e+05
14, 7, -9.8989831477178901e+04, 1.2714505923773941e+05
14, 8, 4.7374744558645901e+05, 2.4723831026000460e+05
14, 9, -2.4107203048240917e+04, 3.7920820293113304e+05
14, 10, -7.0737171948405157e+04, -7.0556478157491027e+05
14, 11, -2.4477986862993886e+05, 1.8757526972433573e+05
14, 12, -1.1938239145144582e+05, -4.3608425266149367e+04
14, 13, 3.2048252171362779e+05, 8.7654870424623496e+05
14, 14, -3.7418016111701982e+04, -2.8935876579949970e+05
15, 0, 1.7262285827301999e+05, 0.0000000000000000e+00
15, 1, 6.5719645185130183e+04, 2.4794329395847445e+05
15, 2, -2.8000059890107950e+05, -3.2479270583031490e+05
15, 3, -2.2989606132707905e+05, -1.2274583818438328e+05
15, 4, -3.4409615479975333e+05, -5.2071353320811602e+05
15, 5, -3.9328368979733437e+05, -3.1575049164769851e+05
15, 6, -1.6815894098383058e+04, 3.0916904820002336e+05
15, 7, 4.7430600862135214e+05, 2.2781994759673183e+05
15, 8, 4.7884776747729874e+05, 3.2703893011255702e+05
15, 9, 1.4588071691946936e+05, -1.4547453838522267e+05
15, 10, -1.6734171512983830e+05, -9.7016072498110647e+04
15, 11, -3.7692239235398627e+05, 2.8312082848595327e+05
15, 12, 1.9682367637482670e+05, 3.4967238267519220e+05
15, 13, 2.6814139575828638e+04, 3.9569974934751866e+05
15, 14, 7.6504072756571462e+04, -5.7791354953068052e+05
15, 15, -3.4324828260805667e+05, 4.0413541190249816e+03
16, 0, 1.4325857149915589e+05, 0.0000000000000000e+00
16, 1, -1.0176169901327134e+05, -2.6587255899611802e+05
16, 2, -4.8014660512730223e+05, -1.9913966736098757e+05
16, 3, -2.0625171588351252e+05, 2.4620471197558439e+05
16, 4, -5.4874196824562352e+05, -6.1182400299862689e+04
16, 5, -2.0662763937559733e+05, 3.0655735912102170e+05
16, 6, 8.5618755314179318e+04, 1.0984009564699809e+05
16, 7, 2.7873529233584245e+05, 1.0144704204516317e+05
16, 8, 1.6592949983561394e+05, 2.9871205773249525e+05
16, 9, -2.9655417660526821e+05, -5.0238084881851566e+05
16, 10, -3.5492140135807550e+05, 1.2327100927350180e+05
16, 11, 3.3355077102122064e+04, 1.9270870635851432e+04
16, 12, 4.0086380711052346e+05, 3.0218661210377049e+05
16, 13, -6.4043908560533971e+04, -3.4867231887864647e+05
16, 14, 2.1297631599693559e+04, -4.5687620984041429e+05
16, 15, -6.2002260929970536e+05, 1.5126157399705268e+05
16, 16, 9.4035796240159936e+04, -3.6683761334981973e+03
17, 0, -9.7854786082770239e+04, 0.0000000000000000e+00
17, 1, -3.1481799482444482e+05, -3.5315703483748774e+05
17, 2, -1.7650095630174293e+05, -8.3671550146998503e+04
17, 3, -2.0905960577085527e+05, 3.4915914598477626e+04
17, 4, 2.3264543373076338e+05, 1.9478994534057209e+04
17, 5, 3.5572630869214947e+05, 6.8964104654006253e+04
17, 6, 2.9764729260839825e+05, -8.4889297333685798e+04
17, 7, 1.5142797339353987e+05, -2.3904827387661010e+05
17, 8, -1.7761326153069502e+05, -9.8962245265319580e+04
17, 9, -1.8029999560418742e+04, -3.2781195610474586e+05
17, 10, -2.4500723872794752e+05, 1.0690826566840634e+05
17, 11, 7.4443641160204483e+04, -2.3854448639070091e+05
17, 12, 2.5838763924275659e+05, -5.3967825075277789e+04
17, 13, -3.8063149926812510e+05, -5.3366649659909040e+05
17, 14, -1.2305792692453152e+05, -2.3027792308070810e+05
17, 15, -1.5681956841922851e+05, 2.7023098506981373e+05
17, 16, 6.5400773324073246e+05, 3.1308290623865207e+05
17, 17, 1.3749218232316285e+05, 1.7505657179398098e+05
18, 0, -1.6970726885939526e+05, 0.0000000000000000e+00
18, 1, -9.7846745491024543e+04, -4.4281705072549614e+05
18, 2, 1.7047177923265059e+04, 1.0529519902042837e+04
18, 3, -2.4992853238643086e+05, -2.0991993040864856e+05
18, 4, 6.3323103847534442e+05, 1.2986105121933833e+05
18, 5, 1.3267072885592855e+05, -4.2535975144119933e+05
18, 6, 1.6083400425790035e+05, -4.3847303470935510e+05
18, 7, -8.3027300640396832e+04, -9.7396204891789297e+04
18, 8, 9.6681357956739055e+04, -2.1882271864923771e+05
18, 9, 1.2877881874766026e+03, 4.2506522224740754e+05
18, 10, 4.4804057740977511e+05, -1.5510470944474707e+05
18, 11, 2.3167030584737373e+05, -1.0788761770060530e+05
18, 12, 8.0357817838233052e+04, -2.3910919280393055e+05
18, 13, -2.8262013628334086e+05, -1.2129908112003867e+05
18, 14, -2.8414409423007164e+05, 1.7729336595729415e+05
18, 15, 3.4824880575617123e+05, 4.8486619706408435e+05
18, 16, 3.6331921247619938e+05, 7.5361855579801471e+04
18, 17, 2.0768864579815496e+05, -5.8132423702435289e+05
18, 18, 2.1421229678130726e+05, 2.1463485933053429e+05
19, 0, -2.8227204026998341e+04, 0.0000000000000000e+00
19, 1, 5.7883897862689635e+04, 2.9247558490957017e+05
19, 2, -1.7239248220352623e+04, 1.4224552475300443e+04
19, 3, 3.8308345928111135e+04, -1.1897155591351632e+05
19, 4, 1.8507509552132769e+05, 1.9027618862958255e+05
19, 5, -1.4306984288637369e+05, -2.1023245572879186e+05
19, 6, -6.2095152722061612e+04, -1.9880428438034409e+05
19, 7, -2.6636807599839073e+05, 1.3557036518711766e+05
19, 8, 2.8662018426705879e+05, -8.0678678123118298e+03
19, 9, 1.6422794386989303e+05, 4.0120407049673027e+05
19, 10, 3.8716208915782464e+05, 4.0794845055058628e+04
19, 11, -2.7210959290569845e+04, -2.9019643716384750e+05
19, 12, 9.7219582802243502e+04, 5.7011491729678557e+04
19, 13, -1.9087285384759851e+05, 5.4253037685973628e+04
19, 14, 1.3111820288627912e+05, 3.4197321127595322e+05
19, 15, 5.9627376209222700e+05, 4.1810026490018511e+05
19, 16, 5.4447634212087876e+04, -1.3608835003878610e+05
19, 17, -1.5946148090730503e+05, -3.3533570843135240e+05
19, 18, -3.5415561565865425e+05, 4.1482886733550334e+05
19, 19, -2.1013410131412017e+05, -4.4867025193643873e+05
20, 0, 1.9322436685944762e+05, 0.0000000000000000e+00
20, 1, -1.6094241226703860e+04, 4.3485229828542977e+05
20, 2, 2.1287305718694137e+04, -1.7347460053670369e+05
20, 3, 1.3260271662588959e+05, 1.2654512984588530e+05
20, 4, -2.8786445073799661e+05, 7.1259705101948057e+04
20, 5, 1.4530268748906651e+05, -3.4089991972735930e+04
20, 6, 1.1831294058024237e+05, 2.0013481651724191e+05
20, 7, -1.7679192972818433e+04, 2.4024210480956687e+05
20, 8, 1.7631347449593389e+05, 2.1610910576490127e+05
20, 9, 1.9764379738719531e+05, 1.1128468309097081e+05
20, 10, -2.3878228313525621e+05, -3.9400850221533838e+04
20, 11, 6.2004065083141904e+04, -1.1779725204335175e+05
20, 12, -4.3350723751634982e+05, -1.2590344438258160e+05
20, 13, -2.3383446687819617e+05, 2.2843728334953621e+05
20, 14, 2.7299340228512610e+05, 2.7446973244546237e+05
20, 15, 5.5990220269343889e+04, -2.9528369789344457e+05
20, 16, 3.7074689511076940e+04, -5.7030288612904114e+04
20, 17, -4.2120801592998335e+05, -3.2272840960335761e+05
20, 18, 4.1028173647689939e+04, 4.5456353452618781e+05
20, 19, 2.2925136313928437e+04, -2.0835004758035342e+05
20, 20, -3.4048175223397010e+05, -2.8707943138541246e+04
21, 0, 1.0173654977949045e+04, 0.0000000000000000e+00
21, 1, -1.4540088520998743e+05, -2.3275329618709144e+05
21, 2, 5.5641867051104753e+04, -4.1826130860372784e+05
21, 3, -6.9816526342783691e+04, 1.2772868007652229e+05
21, 4, -2.7435517251858005e+05, -1.3568531228057566e+05
21, 5, 2.9948403497358714e+05, 6.7704219498064966e+04
21, 6, 4.1457974286259574e+04, 8.7040909572043311e+04
21, 7, 1.5953111980296083e+05, -2.7005265225832543e+05
21, 8, 7.6965958985084391e+04, 1.7994457640699361e+05
21, 9, -2.7606177888045227e+05, 6.9413725118454604e+03
21, 10, -2.5219585483225062e+05, 2.2566268239903927e+05
21, 11, -3.4946362454441254e+05, -3.0940997365157987e+05
21, 12, 1.3221556074052997e+05, 1.3133745067571857e+05
21, 13, -3.7487660298211507e+04, -9.5565608318239101e+03
21, 14, 8.4272895841017496e+04, -3.3748114391386206e+05
21, 15, -2.3791625880550407e+05, -3.0877568194654473e+05
21, 16, -2.3398942048603593e+05, -1.7167614480992648e+05
21, 17, -2.7039296378981712e+05, -2.1135760611318939e+05
21, 18, 1.9488972914868477e+05, 3.1771014151200204e+05
21, 19, -1.2351641202525207e+04, -6.1109276813363738e+05
21, 20, -2.5305009850053187e+05, -3.3741990625030821e+05
21, 21, 5.6584964484623983e+05, 4.4613535837869724e+05
22, 0, -3.2391237030695716e+05, 0.0000000000000000e+00
22, 1, -3.6052624494427955e+05, -2.2358898665679258e+05
22, 2, -3.3623738240512364e+04, 1.0062370857935648e+05
22, 3, -3.3282044825243449e+05, -5.7902944441588887e+04
22, 4, 2.4216488667915505e+05, -2.0902667242828739e+05
22, 5, 3.4010896184524259e+04, 6.5991125094070288e+04
22, 6, -1.0562765543466437e+05, -2.5990320049281116e+05
22, 7, 1.8050906137354445e+05, -9.2963143644391093e+04
22, 8, -2.1533831544547193e+05, -1.1665710632312970e+05
22, 9, -8.4135584892979401e+04, -1.9182321399971101e+05
22, 10, -2.2012698682059388e+05, 1.0295213859027272e+05
22, 11, -2.5238871220065959e+05, -2.6006535451913439e+05
22, 12, 2.5788312436842697e+05, 6.4037310122021983e+04
22, 13, -1.2268641240757154e+05, -1.1148608851314140e+05
22, 14, -3.4707704148980760e+04, -3.3652157475520403e+05
22, 15, -3.0415070898900257e+05, 1.5294163134671567e+05
22, 16, -1.7890148067625373e+05, 9.8485331376011382e+03
22, 17, 3.9490898264170525e+05, 2.5089344484048357e+05
22, 18, -1.0850670375759318e+05, -4.7398301342491279e+04
22, 19, 3.9151723895827343e+05, -2.4369240235761873e+05
22, 20, -4.2934958796111075e+05, 1.1519941914036154e+05
22, 21, 3.0568718801704701e+05, 5.4799734323357104e+05
22, 22, -8.7417445657016506e+03, -2.2170477774033425e+05
23, 0, 1.0656923283586444e+05, 0.0000000000000000e+00
23, 1, 1.7108112740444389e+05, 2.0862627511699538e+03
23, 2, 1.2261670045188373e+05, 3.1769902506967570e+05
23, 3, 1.6295880816681599e+05, -1.7158367302990303e+05
23, 4, 2.4710803882215277e+05, 2.8611287411391364e+04
23, 5, -3.0895608888829267e+05, 1.6814375299912522e+05
23, 6, 2.9095856381396262e+05, -4.5149994412648206e+05
23, 7, -1.5416794862217782e+05, 3.8997570000641461e+05
23, 8, -6.3455728425562789e+04, -2.7766128277910221e+05
23, 9, 4.2528757136356777e+04, 1.6914415169256294e+05
23, 10, -1.2091877176151378e+05, -3.9833773745640117e+05
23, 11, 1.5990824660709343e+05, -1.3249890951681056e+05
23, 12, 2.0852810969480852e+04, -1.9739592540667500e+05
23, 13, -2.2078256705575273e+05, 5.3808356447012207e+04
23, 14, -4.3138008133100666e+03, -4.3548950816148112e+05
23, 15, -2.3759354709570843e+05, 6.7194705677850079e+05
23, 16, 3.5426794908921252e+05, 1.6404433155890496e+04
23, 17, 2.7486256951435085e+05, 6.1688320034378173e+05
23, 18, -1.2515148497669777e+05, -4.1853935156807699e+05
23, 19, 4.8052539106668293e+05, 3.7454126908152248e+04
23, 20, -5.0194920037168940e+05, 1.3018834111843052e+05
23, 21, 3.8765584675155242e+05, 5.4923996182357939e+05
23, 22, 2.1563335923965339e+05, -1.6279261326847714e+04
23, 23, -5.1317400002410513e+05, 1.0386820769018028e+05
24, 0, 1.0495104838031461e+05, 0.0000000000000000e+00
24, 1, 2.2711924310316340e+05, 2.8375659803076484e+05
24, 2, -3.8447980898104965e+04, -2.3558679728757121e+05
24, 3, 3.8962792802406696e+05, -1.3406662858169348e+05
24, 4, -6.1673107054581822e+04, 1.7362316460444752e+05
24, 5, -1.7262094034712255e+05, -1.4623360604195087e+05
24, 6, 3.6947268378111877e+05, -8.0530294635883649e+04
24, 7, -3.8988174257158407e+05, 4.4220555444631306e+05
24, 8, 1.2714478240783226e+05, -1.1423519101607206e+04
24, 9, 8.5693954664555495e+04, 2.8091061776956171e+05
24, 10, -1.3836059556608539e+05, -1.3555047440251103e+05
24, 11, 1.2857669288506935e+04, 3.1367132403249934e+05
24, 12, -3.2545468044447235e+05, -2.6938186873769527e+05
24, 13, 2.2148841437316127e+05, -2.2972099264124347e+04
24, 14, 1.0284860462806337e+04, 3.5531097093657270e+05
24, 15, 2.4681625925218745e+05, -8.4347935644467390e+04
24, 16, 5.0425012657033646e+05, 3.2682644466385443e+05
24, 17, -1.3975807887147460e+05, 1.9241525498846699e+04
24, 18, 3.5741439780924260e+05, -6.2946968162053020e+05
24, 19, -4.1362682301375375e+05, 3.2603458212773706e+05
24, 20, -1.6866863734568298e+05, -6.0863812443704141e+04
24, 21, 3.6951559744964696e+04, 2.7756249689071026e+05
24, 22, -1.2830275497629726e+05, -6.0491557065327489e+05
24, 23, -4.7577121483431011e+05, -6.4419722145070031e+04
24, 24, 2.5771851478154515e+05, 7.3742418894647533e+04
25, 0, -1.0841213479329320e+05, 0.0000000000000000e+00
25, 1, -1.5135476169699169e+05, -4.8156548353630511e+04
25, 2, -2.1919686093054217e+05, -3.8688154145109840e+05
25, 3, 2.1913869279748556e+04, -1.5534166080890797e+05
25, 4, -6.3502143515630940e+05, 2.0007600318975293e+05
25, 5, 2.1536506509010264e+05, -2.5190014056457911e+05
25, 6, -1.8169648463326987e+05, 2.3644458173098572e+05
25, 7, -1.7042894174163288e+04, 3.4177531672674586e+05
25, 8, 1.2424753231221047e+05, 1.8395415643546398e+05
25, 9, 6.0719730968574251e+04, 1.8998697240574646e+05
25, 10, 6.5019364266824647e+04, -1.7362360578199962e+05
25, 11, -4.8769003174920182e+05, 3.8592080036489345e+05
25, 12, -2.8139672359346971e+05, -2.8639498307236767e+05
25, 13, 4.1809581825766480e+04, 2.5191347879770762e+05
25, 14, -7.7756582368131203e+04, 2.1746870408975176e+05
25, 15, 4.2068900256815355e+05, -3.6617294629950746e+04
25, 16, -1.2587925155987876e+05, 3.1563185414336028e+05
25, 17, -2.4781306534516811e+05, -6.8197163951181888e+05
25, 18, 2.0283158013786733e+05, 1.0827484384312129e+05
25, 19, -5.7227464521913952e+05, -4.0202872563122393e+04
25, 20, 3.9805744571341283e+05, 8.0116413596095255e+04
25, 21, -6.4413495540612319e+05, 2.8690005387915357e+05
25, 22, 2.2692178723138265e+05, -5.1621512770451204e+05
25, 23, -4.6275306168213795e+05, 4.5732057159389555e+05
25, 24, 1.5996627042720059e+05, 8.4129451978735364e+04
25, 25, 1.5307992280887224e+05, -2.5677856360672461e+05
26, 0, -3.5112655498224427e+05, 0.0000000000000000e+00
26, 1, -6.5240799571793206e+04, -4.2595682139897678e+05
26, 2, -1.3556499762291514e+05, -5.0117786781103940e+04
26, 3, 3.0664083822289016e+04, 9.7031094403393989e+04
26, 4, -3.0990576044332318e+05, 6.2342398541112459e+04
26, 5, 2.0907832406402510e+05, 4.9706024536589044e+04
26, 6, -3.4512053938176163e+05, -5.3493559657370351e+04
26, 7, 7.1458335226321666e+04, -1.4036941394096013e+05
26, 8, -7.0941123859342944e+04, 2.0208785946647768e+05
26, 9, -2.1710735040636093e+04, -4.4505431929075089e+05
26, 10, 3.5059604766962177e+04, 7.6662295488796779e+04
26, 11, -4.6150085131291149e+05, -1.8238714937699228e+05
26, 12, 2.3827337186881248e+05, -1.6032280915736358e+05
26, 13, -5.3936042403938482e+03, 2.3436786059047365e+04
26, 14, 9.3003530357159922e+04, -1.8617538849881195e+04
26, 15, 1.0031051205501592e+05, -7.6284149895215916e+04
26, 16, -4.0657712747490854e+05, -1.0588764926374667e+05
26, 17, -3.2458850922928972e+05, -1.1469691653403913e+05
26, 18, -2.5045869067980329e+05, 3.1737850840179372e+05
26, 19, 1.4601966373611667e+04, 8.6636281587507983e+03
26, 20, 1.2780400219830597e+05, 3.3444168713045947e+05
26, 21, -2.7308753095223650e+05, -4.4145466784982110e+05
26, 22, 4.5944444156202814e+05, -9.0137288127628141e+04
26, 23, -2.2170038836626470e+05, 2.7881215395557665e+05
26, 24, 7.6748598858975107e+05, 1.7472985485691577e+04
26, 25, 2.5913922095014935e+05, -3.8654931928935496e+05
26, 26, -1.5479582748137452e+05, 4.2083720855013386e+05
27, 0, -3.3107275310815463e+05, 0.0000000000000000e+00
27, 1, 2.5346994568935042e+04, 1.0187577650579624e+03
27, 2, 2.5497886490455854e+04, 3.6537834338924784e+05
27, 3, 1.2446053219447681e+05, 2.4990744116509240e+05
27, 4, 3.7327313941731048e+05, 1.3407123534432321e+05
27, 5, 9.3552705350553704e+04, 3.4454995971495856e+05
27, 6, 3.8690675068256579e+05, -3.1717990715792950e+05
27, 7, -7.2067796446953333e+04, -1.4625989452273908e+05
27, 8, -3.7992648951768677e+05, 1.5747114463852861e+05
27, 9, 1.0659609666033438e+05, -4.8504948019321612e+05
27, 10, -1.7674772054289159e+05, -2.9856638664837301e+03
27, 11, -2.0936050853411388e+05, -1.6001324835787519e+05
27, 12, 1.2565223572980313e+05, -7.3383582723420377e+03
27, 13, -1.2552316610085846e+05, -9.0363674656809962e+04
27, 14, 3.4623859848940175e+05, 5.4558239448239401e+03
27, 15, 5.7899479637468903e+03, 1.2259302096769364e+05
27, 16, -3.0499096200869564e+04, -3.1795478124857188e+05
27, 17, 1.7559732093866222e+05, 4.8891617320962239e+05
27, 18, 1.1954015245067378e+04, 1.8901727316184517e+05
27, 19, 7.4452935629692790e+05, 1.6452182558853898e+05
27, 20, -3.5026398719272221e+05, -4.5808860466891594e+04
27, 21, 3.2495247074597509e+05, -2.9620779618149257e+05
27, 22, -2.0077085889748568e+05, 3.6399035046841245e+05
27, 23, 1.4636265921361337e+05, -3.0621738811662921e+05
27, 24, 2.1493634859799992e+05, 1.3165637541974901e+05
27, 25, -7.0320058570555077e+04, -5.8680128108103015e+05
27, 26, -2.1888085993672506e+05, 4.3338095416906301e+05
27, 27, 4.4402429978678445e+05, -8.5279264896938839e+03
28, 0, 2.7945396158013667e+04, 0.0000000000000000e+00
28, 1, 1.7435487068909407e+05, 9.3714887349429628e+04
28, 2, 3.5855883864713635e+05, 2.8159513551112043e+05
28, 3, 1.6736204913577548e+05, -3.7922687403219182e+05
28, 4, 3.1036009626494866e+05, 1.7151271961462279e+05
28, 5, -1.1102963527927756e+05, 1.3988913079759135e+05
28, 6, 4.9626325592765032e+05, -2.8299557737515878e+05
28, 7, -2.4081959787745157e+05, 3.7607795284430432e+05
28, 8, -2.9844979672953556e+05, -7.7961987161209603e+04
28, 9, 5.7063538484185949e+04, 4.9111975720892230e+05
28, 10, -1.0944938295680501e+05, -1.1991478222716614e+05
28, 11, 1.5863494586482603e+05, 3.0671434273872129e+05
28, 12, 4.1426447351317969e+04, -6.7541049534043894e+04
28, 13, -1.1145920044812227e+05, 1.2025959135310474e+05
28, 14, 2.0737579742035730e+05, 2.2194962426447819e+05
28, 15, -1.1418853037069872e+05, 1.9096339351628791e+05
28, 16, 1.8130619186887689e+05, 1.3813854598371679e+05
28, 17, 9.1121356589169591e+03, 4.9172087135187309e+05
28, 18, 3.0095163806837366e+05, -2.9440695955796941e+05
28, 19, 4.1277448851894424e+05, 1.1639413420733754e+05
28, 20, -2.8740356230849097e+05, -4.3623289414567326e+05
28, 21, 1.2347628477757747e+05, 1.1826129015547590e+05
28, 22, -3.6443369576163747e+05, 6.5841405869324284e+04
28, 23, 3.5431225689179194e+05, 1.7233173086130200e+05
28, 24, -2.2420670126216154e+05, 1.5124520035374130e+05
28, 25, -8.1395104910759372e+04, -8.1343313682993889e+04
28, 26, -4.5497036960288568e+05, 6.0583940143803018e+05
28, 27, -2.5752784779222755e+04, 1.0171953216527517e+05
28, 28, -1.5760166430834832e+05, -5.9196135953809507e+05
29, 0, 1.5586162498897192e+05, 0.0000000000000000e+00
29, 1, -1.7547177050486614e+04, 1.7246538702376865e+05
29, 2, 2.4315484933621855e+05, 2.6595787429946184e+04
29, 3, 1.1847806311012869e+05, -3.8834541061091796e+05
29, 4, -1.3446546264659532e+05, 1.8632361921856779e+05
29, 5, -1.3499577430122287e+05, -1.3900372574313602e+05
29, 6, -5.1124410953434301e+04, 1.4135485030099444e+05
29, 7, -3.1227304112367873e+05, 1.9182367534131045e+05
29, 8, -6.2725071020311458e+04, -2.1262538190536645e+04
29, 9, 1.5924501411847264e+05, 4.4331045882569085e+05
29, 10, 2.0536538170165394e+05, -1.5188662651619798e+05
29, 11, 4.5746794554148358e+05, 1.4102225123808254e+05
29, 12, -2.4581176181578389e+05, 1.1565442860036959e+05
29, 13, 2.8138407996982592e+05, 1.9833439032203896e+04
29, 14, -6.4392255188316733e+04, 1.6219384276054066e+05
29, 15, 1.3343059320578378e+05, 1.2623454334042850e+05
29, 16, 8.7808196342611278e+04, 7.1596258124855900e+04
29, 17, 5.0382829483707203e+04, -1.1507094529443943e+05
29, 18, -5.4380254262725088e+04, -7.2197613970482009e+04
29, 19, -2.2823709321665679e+05, -6.6913050839144693e+04
29, 20, -1.1017934778848272e+05, -3.0976225774639170e+04
29, 21, -1.7762785049702344e+05, 3.8107058830662596e+05
29, 22, 2.0122608689368662e+05, 4.2898497676732339e+04
29, 23, 2.4399064132783868e+04, 3.4752615178343275e+05
29, 24, -3.8176572686421074e+04, -3.2225211131658312e+05
29, 25, 3.9705652780187957e+03, 3.6096032660696132e+05
29, 26, -2.5125215892241700e+04, 2.3977556506351958e+05
29, 27, 4.8358035521378752e+05, 6.9844869455404754e+04
29, 28, -1.0689094768400442e+04, -3.3841556895170547e+05
29, 29, -1.5657423883509549e+05, 1.9968693402273220e+05
30, 0, -4.5968631752429836e+04, 0.0000000000000000e+00
30, 1, -1.9611418846414052e+05, 1.9683819437168087e+04
30, 2, -2.9143876218068675e+05, -1.0706287041734089e+04
30, 3, -7.9307726476275158e+04, -8.0543806788437258e+04
30, 4, -3.4816944004971994e+05, 3.3211744620952022e+05
30, 5, -1.3349213994483170e+05, 1.4334018946402581e+05
30, 6, -7.1395880743412476e+04, 4.5122588833805884e+05
30, 7, -2.6078942145265959e+04, -2.4861944882434560e+04
30, 8, 1.7863827848520203e+04, 2.0659979936283582e+05
30, 9, -1.6518612618520224e+05, 1.2769932224527119e+05
30, 10, 9.2394593637374346e+04, -3.3278412727618043e+05
30, 11, 1.6959366812866990e+05, -6.7884932704520470e+04
30, 12, -3.6268106871223403e+05, 1.6140073828715703e+05
30, 13, 1.1750597198666117e+05, 1.4137965471937714e+04
30, 14, -1.2471671100094685e+05, -1.5469167368971137e+05
30, 15, 1.1470578380424764e+05, 7.4409308379815047e+03
30, 16, -4.2986414329555701e+04, -4.8027623223851406e+03
30, 17, -1.2568869765659717e+05, -1.3480303524567487e+05
30, 18, -4.3610641150713767e+04, -8.7632373629997761e+04
30, 19, -1.3823159716960374e+05, 1.3551417989955482e+05
30, 20, 2.1584422167500184e+05, 1.0347594173468614e+05
30, 21, -1.1519169231921415e+05, 1.2524495131395162e+05
30, 22, 3.0069676639625547e+05, 1.3685746615231759e+05
30, 23, -1.5162897068334499e+05, 4.1143290669062553e+04
30, 24, 5.2189233489051665e+04, -2.2009868085508115e+05
30, 25, -2.9325077639583225e+05, 2.5962580888308267e+05
30, 26, 1.9900756826245575e+05, -3.8012370849447115e+05
30, 27, 3.2727698038994899e+05, -3.0770174994486087e+05
30, 28, -2.1357440432944722e+05, -4.4998346421790647e+05
30, 29, 1.7211290974127667e+04, -1.8373829949614999e+04
30, 30, 1.3629623627403958e+05, 7.0979715676162115e+04
31, 0, 2.0135230870313427e+05, 0.0000000000000000e+00
31, 1, -5.3070570142083787e+04, -1.2380220512777255e+05
31, 2, 1.0338725197291165e+05, 1.3545007100413699e+05
31, 3, 1.7676362384587963e+04, 7.0030639384270937e+04
31, 4, -8.6973287427035481e+04, 4.1076208201193163e+04
31, 5, 6.7099077064081212e+04, 2.3788909755739290e+05
31, 6, 6.6599220874223247e+03, 8.6583128825927590e+04
31, 7, 2.3072060345693195e+05, -1.8520753963790525e+05
31, 8, -4.7338612440386387e+04, -2.1607217220276405e+04
31, 9, -1.4992893476494210e+05, -6.3144643547670727e+04
31, 10, -8.4091808898859221e+04, -3.6584576895269367e+05
31, 11, -1.7933316265940963e+05, 2.2651690157401992e+05
31, 12, -2.0577853584307665e+05, 5.9551667962501437e+04
31, 13, 6.7313391664347262e+04, 1.9444201124077017e+05
31, 14, 3.9822254830264756e+04, -5.2452317185743770e+04
31, 15, 5.2796591981865276e+04, 8.0165707265043195e+04
31, 16, -1.5867812863513926e+05, -4.6608208914982948e+04
31, 17, -1.1843812468448826e+05, 1.0473909310966352e+04
31, 18, 3.5682372184351996e+04, 3.2992533560425264e+05
31, 19, 1.0107385667489641e+05, 1.7274772605812823e+05
31, 20, 4.8890119712672383e+05, 1.9867221996221042e+05
31, 21, 8.1496013429985251e+04, -1.0770338213717303e+04
31, 22, 9.2386873641587852e+04, -2.6403199898219481e+05
31, 23, -4.8021423770586116e+04, -1.4901195576547048e+05
31, 24, 1.3067244745428587e+05, 1.3828901970291551e+05
31, 25, 4.2560475179589514e+04, -5.3103800350462341e+04
31, 26, 2.1021858927219376e+05, -9.2048722932398290e+04
31, 27, -1.2389707871486648e+05, -2.0374918109293279e+05
31, 28, -4.5186851790590264e+05, 4.4392097641817527e+03
31, 29, -1.0523710735935085e+05, 1.7820875269974754e+05
31, 30, 2.1376223371811346e+04, 3.2791571820866992e+05
31, 31, -7.9301326333144680e+04, -6.4788317210638197e+04
32, 0, 2.1802082173544698e+05, 0.0000000000000000e+00
32, 1, -1.4050826030763099e+04, -2.8167517767499323e+05
32, 2, 2.8764143608351436e+05, 2.2319875118115667e+05
32, 3, -2.6421724863707554e+05, -9.2929212191592451e+04
32, 4, 2.6401656622210611e+05, 8.7320996309852824e+04
32, 5, 1.2692779731540648e+05, -3.3046025141014557e+04
32, 6, -5.5085802520065678e+04, -2.5959511524738747e+05
32, 7, 2.4895396596643538e+05, -1.5502652520062446e+05
32, 8, -3.2962021896767616e+05, -1.5700174150825565e+04
32, 9, -8.4651651335953677e+04, -9.6060100143567921e+04
32, 10, -9.6997516089143319e+04, 5.7235920651557826e+04
32, 11, -1.3411434620356958e+04, -8.2179754630449752e+03
32, 12, 7.2789993934407816e+04, -5.7994790743354781e+04
32, 13, 2.0044506710796530e+04, 7.6567015348954286e+04
32, 14, -1.2244667821381670e+04, -2.8583294180213264e+05
32, 15, -1.3270378426953946e+04, 1.7734680068597678e+05
32, 16, -1.3179823018860375e+05, -3.0034492646174200e+04
32, 17, 2.0324455033344555e+04, -6.6305016010079213e+04
32, 18, 1.4345572099512018e+05, 4.2185428772845175e+04
32, 19, 2.7851940813781583e+05, -2.2632726319499002e+05
32, 20, 3.6092812898086873e+05, 9.6199512032829996e+04
32, 21, -1.9063120162343449e+05, -3.1980501900889230e+05
32, 22, -1.2152268979291056e+05, -5.6057833894772295e+04
32, 23, 1.4338211602987591e+04, 8.4010887643285358e+04
32, 24, -3.0035624590154468e+04, 2.4199859864313825e+05
32, 25, 2.1878174100011878e+05, -2.5663714681674901e+05
32, 26, 5.4095119249173302e+04, -8.5451266957812477e+04
32, 27, -7.4754601416981634e+04, -1.9812417316779675e+05
32, 28, -1.6200179311779852e+04, 4.3063340766835969e+05
32, 29, 2.0814653586070499e+05, 2.6500758364794188e+05
32, 30, 1.9048832177394500e+05, -7.0522432242482668e+04
32, 31, 1.3669409539496381e+05, 1.2433737025680147e+05
32, 32, 4.4656485653742537e+04, 1.1788728617593908e+04
33, 0, -9.5663558439100394e+04, 0.0000000000000000e+00
33, 1, -1.3962654305385894e+05, -1.8990217045174589e+05
33, 2, 9.0033219858094206e+04, 3.2900852874105109e+05
33, 3, -2.3210671829391498e+05, -1.0265643793287541e+05
33, 4, 5.2878115572969022e+04, 9.6205201474576752e+04
33, 5, -2.0078730859931768e+05, 1.6275764020225746e+04
33, 6, -2.1538948900290247e+05, -4.6957408877809026e+05
33, 7, -1.1165505080339665e+05, 4.1939173808945762e+05
33, 8, -2.5911051740298697e+05, -1.7890135799370709e+05
33, 9, 4.0151219298446726e+04, 1.1161886730234575e+05
33, 10, -4.5486657855464044e+04, 1.7714075255893287e+04
33, 11, 1.9204487386065233e+05, -2.0877024215271024e+05
33, 12, 2.9117361494843033e+05, 2.7284256898416803e+04
33, 13, 9.3871936106434863e+04, -4.1371976794207832e+04
33, 14, 6.2545568751700441e+04, -6.9440673406847083e+04
33, 15, -1.0223106236803407e+05, 1.2984499274681933e+05
33, 16, -3.5891315168810979e+03, -6.5446404378933199e+04
33, 17, 2.8515832261951946e+04, -1.6666962910687187e+04
33, 18, -2.3735726542917057e+05, 6.6620826557774504e+04
33, 19, 3.5908846901675733e+05, -2.3944514198464080e+05
33, 20, -1.6797800820555130e+05, -2.3150364557822104e+04
33, 21, 9.5633807000018132e+03, -3.6656363425371959e+05
33, 22, -1.1183633417236133e+05, 1.8157693800814514e+05
33, 23, -3.8450231127494299e+04, 1.9723795600915831e+05
33, 24, 5.1905456182056689e+04, 6.3494528123804426e+04
33, 25, -1.1020772535041384e+05, 1.6910136654264352e+02
33, 26, -8.3295777977028018e+04, -8.6855313075687154e+04
33, 27, -8.2268253336514477e+04, 5.7675732200991792e+04
33, 28, -3.4848101895554311e+04, 2.4495109789577144e+05
33, 29, 2.3099136395791266e+05, -3.9352147458328240e+04
33, 30, 2.8443497797055572e+05, -2.9294752812903287e+05
33, 31, -2.0157290164800384e+05, -1.5968032295446035e+04
33, 32, 9.6349759004208958e+04, -5.3277788090702426e+05
33, 33, -1.2900738974524225e+04, 2.1988113669230079e+03
34, 0, -3.2148872647150519e+05, 0.0000000000000000e+00
34, 1, 1.4080183286861083e+05, -8.6499239535345798e+04
34, 2, -1.1133226315423724e+05, 1.3748164152169623e+05
34, 3, 7.4241109538237506e+04, -3.3229593558193010e+05
34, 4, -7.2814544915429520e+04, 1.9495241753128686e+05
34, 5, -1.9266567793652049e+05, -1.2524745645328637e+05
34, 6, -1.8384100552686970e+04, -4.0547284744185090e+04
34, 7, -2.1152575146605304e+05, 3.4758447860962868e+05
34, 8, 3.1177383098923136e+04, -8.5986228082225382e+04
34, 9, 1.9736130795842054e+05, 1.1423668551433343e+05
34, 10, 9.0505351010524901e+03, -1.6259665028095205e+05
34, 11, 1.1093326493561457e+05, -3.9981168611619656e+05
34, 12, -1.4747107198956693e+05, -2.3282066517104467e+04
34, 13, -1.7573986675695953e+05, -7.2111930020712694e+04
34, 14, 1.0690821098162778e+04, 2.5697755455160915e+05
34, 15, -1.0312719009079927e+05, 1.5261687138470716e+05
34, 16, 3.7937786716956884e+05, -2.6929302023843902e+04
34, 17, -1.5375975877805354e+05, 1.1544231295290112e+05
34, 18, -4.0307448573168236e+04, -1.6040678471911204e+05
34, 19, 4.4098373548508564e+04, 3.2483285100771021e+05
34, 20, -1.7358377906009462e+05, -1.4923834629122386e+05
34, 21, 1.1854888854452263e+05, 7.9124271111128939e+04
34, 22, -2.0055540173174237e+05, 1.1774381724824916e+05
34, 23, 2.3074190726012288e+05, -4.8911032076416013e+04
34, 24, 8.3058176999893796e+04, 4.3829929781761726e+04
34, 25, -1.3836412360995531e+05, -6.2950285865214129e+04
34, 26, 1.7748091443850964e+05, -1.9953178573937336e+05
34, 27, -2.3135237654313294e+05, 1.9592003989293764e+05
34, 28, 8.2418081141428425e+04, 3.0790099826424470e+04
34, 29, 1.8168660641880467e+05, 2.2023908665544802e+05
34, 30, 1.6382801994410489e+04, -2.8071026692680561e+05
34, 31, -3.5427034876542323e+05, 1.1564245695153601e+05
34, 32, 9.8158665355656587e+04, 1.1317093925502099e+05
34, 33, -5.3988602353604021e+05, 3.0824836085675273e+04
34, 34, -3.8679495326016950e+04, 5.0954146914217563e+03
35, 0, 5.9905310572024915e+04, 0.0000000000000000e+00
35, 1, 1.1266225459354740e+05, 1.7131642739736405e+05
35, 2, 2.1218689185780706e+04, -1.3886566448201795e+05
35, 3, 4.2940003920984775e+04, -1.8604481132185404e+05
35, 4, -3.0492552311736363e+05, 1.5110030838567627e+05
35, 5, -8.4403829687194375e+03, -3.2202312104603043e+05
35, 6, 1.8906840131383477e+05, 2.4523632010030682e+05
35, 7, 4.1332106254142753e+04, -7.0080947595841455e+04
35, 8, 2.3171533616884434e+05, 1.3014639040687296e+05
35, 9, -2.9922960805565221e+04, -3.1979693376950920e+04
35, 10, -9.0104261168145400e+04, -1.3894002480938254e+05
35, 11, 1.0324088903334632e+04, -1.0864594299774340e+04
35, 12, -1.9409428871120064e+05, 3.5856104248640026e+04
35, 13, -6.1128720176495553e+03, -1.1617748160338851e+04
35, 14, -1.3380482774314130e+05, 5.3695091198486771e+04
35, 15, 1.2478816431840062e+05, -2.4835390186681450e+05
35, 16, 2.2347217505477043e+05, 1.9784834713487909e+05
35, 17, -2.4137283588984003e+05, -1.8210302866835438e+04
35, 18, 2.5165670619443784e+05, -6.4935809467095940e+04
35, 19, -5.4199708724681783e+04, 1.2550604759456252e+05
35, 20, 2.6148454208350132e+05, -2.6684155585541460e+05
35, 21, 1.0380006170908085e+05, 3.6753121045636747e+05
35, 22, 6.1460240070711676e+04, -2.1778087815283847e+05
35, 23, -5.5204777274336768e+04, 2.0956583985645237e+05
35, 24, -2.2644051683859568e+05, 4.1173506530726823e+04
35, 25, -5.5069837058213612e+04, -5.5840072645620035e+04
35, 26, 4.6550252433915703e+04, 1.3741220480553011e+05
35, 27, -7.0030864895287436e+04, -1.1795853097478233e+05
35, 28, 1.7899600848568860e+05, -1.7612624339687383e+04
35, 29, -1.2028413683889346e+05, 4.4571512624068419e+01
35, 30, 1.7882100844819596e+05, -1.3581111201693307e+05
35, 31, -1.3304847006559782e+05, 3.9038083741189395e+04
35, 32, 2.3767437446029333e+05, 2.7877082851194515e+05
35, 33, -5.4868655728825572e+04, -2.7378097568516410e+05
35, 34, 2.0723240259190692e+05, 3.4053119515517796e+05
35, 35, 1.7077465503176456e+05, 1.1535963117736029e+05
36, 0, 3.0674189010189031e+05, 0.0000000000000000e+00
36, 1, -1.1360514331437979e+05, -2.2310323369612393e+04
36, 2, 2.2120437998806161e+05, -1.9247582564139974e+05
36, 3, -1.2044084110773075e+05, 9.7468077465471288e+04
36, 4, -3.2500201062921353e+05, -4.5943236694699881e+04
36, 5, 1.7822778939638924e+05, 2.5220047986843027e+04
36, 6, -1.9958826067485547e+05, 3.4972188958231876e+04
36, 7, -1.5457851475886069e+04, -1.9765216546482639e+05
36, 8, 1.0454970235684485e+05, -2.1660883962928230e+04
36, 9, -2.6781134106137115e+05, -3.2327583868724905e+04
36, 10, 5.0932733807022392e+04, 1.6119270993703412e+05
36, 11, -9.6866378146840507e+04, 8.5284777662444409e+04
36, 12, -1.8843401199497055e+05, -5.6802305867259827e+04
36, 13, 3.3521494660163816e+05, 2.4656294657665692e+05
36, 14, -1.8266598963086953e+05, -1.1342061087115976e+05
36, 15, 4.9575305084599194e+05, -1.9903507832630837e+05
36, 16, -2.9388998590323247e+05, -4.7589422079943506e+03
36, 17, 3.7377822233350736e+04, -1.7797862437118054e+05
36, 18, -6.7573614266266159e+04, 2.5441526934509753e+05
36, 19, -1.0514040437777597e+05, -1.9101919993036482e+05
36, 20, 3.2771876930903923e+05, 1.7933795129347270e+05
36, 21, 1.6512252641980172e+05, -9.3647097099856881e+04
36, 22, 1.1274673174096298e+05, -1.7183638240456436e+05
36, 23, 1.8645184434325827e+04, 2.1139448825138062e+05
36, 24, -1.5049761136425193e+05, -8.4425392519018162e+04
36, 25, 9.3200685062330187e+04, 1.0435751430099166e+05
36, 26, -7.2681177227267617e+04, -2.9013081139171059e+04
36, 27, 5.4259638655635194e+04, -5.8715858144304468e+04
36, 28, -4.8902579547925532e+04, 3.2124842994644056e+05
36, 29, -1.8275592830174515e+05, -4.0009726420436834e+05
36, 30, -4.3987138110629545e+04, 2.7797743264015089e+05
36, 31, -1.5225834696052314e+05, -2.6586730333869637e+05
36, 32, 2.5018359626483929e+05, 5.9402610895500053e+04
36, 33, 1.7212689720754104e+04, -4.1185668089437962e+05
36, 34, -8.8818877156104543e+04, 2.4965840678369999e+05
36, 35, 2.2529387610717450e+05, -2.3870792149179129e+05
36, 36, -9.9487507283428800e+04, -3.8459750050410471e+05
37, 0, -1.4521230138396408e+05, 0.0000000000000000e+00
37, 1, -1.9678934102419188e+05, -3.3744844715048996e+05
37, 2, 2.0381680436251569e+05, -8.0795213562312332e+04
37, 3, -2.8397608894281660e+05, 5.7830408836061120e+04
37, 4, 1.0209982601104572e+05, 8.7824001517105295e+04
37, 5, 1.9387269479180171e+05, 1.6949964911999475e+05
37, 6, -2.2245468567484827e+05, -1.0992196656642438e+05
37, 7, 1.9649473822198727e+05, -1.8498065511436682e+04
37, 8, -3.0125597246642434e+05, -4.9842323500511004e+04
37, 9, -9.8293623550561548e+04, -6.2425971728357836e+04
37, 10, 3.9169775181724588e+04, -2.7647015478337271e+04
37, 11, 2.1028322090140908e+05, -1.1699401248670071e+05
37, 12, 5.4170870738171157e+04, -2.8973616028612881e+05
37, 13, 9.7124400816099951e+03, 2.0774639309287578e+05
37, 14, -6.1349232069979145e+04, -4.0577757581929717e+05
37, 15, 1.1777278834681906e+05, 2.3181762407195667e+04
37, 16, -2.8472408026251418e+05, -3.6770432632712305e+04
37, 17, 9.7155741734059193e+04, 1.8954792233011685e+05
37, 18, -2.5609407260276936e+05, 9.8947098763191083e+04
37, 19, 9.3293579266815330e+04, -1.4963531682720987e+05
37, 20, 1.2130655596200495e+05, 2.0038524400068753e+05
37, 21, -2.1823315632586709e+04, -1.5689904703047965e+05
37, 22, 1.3246837791064967e+05, 1.0331712712458298e+05
37, 23, -2.6633310963887203e+05, 7.1414337862718123e+04
37, 24, -2.4419103763740626e+04, 5.1895638172842555e+04
37, 25, 8.3233448782519583e+04, 9.5998482143428948e+04
37, 26, 6.8969842551141192e+03, -8.8495079892578477e+04
37, 27, 2.5435109259931624e+05, -8.8847872257365627e+04
37, 28, -3.1416805349886336e+05, -1.8515156311681541e+04
37, 29, 1.2792452827640281e+05, -1.5413201560200707e+05
37, 30, -2.2676966588847004e+05, 3.7152848678591958e+05
37, 31, 2.5423929319108295e+05, -1.7666892004437142e+05
37, 32, -2.2920140222959002e+04, 1.9092790358440753e+05
37, 33, -3.5167866425428982e+05, -2.6633846249485714e+05
37, 34, -1.3694023030040524e+05, 4.5567978136610785e+04
37, 35, 3.6599944341352890e+05, 1.7015681470242608e+05
37, 36, -4.7422635250877572e+05, -2.9120642835038970e+05
37, 37, -1.3932405940988252e+05, 9.5023725364038488e+04
38, 0, -2.1668321979347288e+05, 0.0000000000000000e+00
38, 1, 9.1264653141539005e+04, -1.0475556827995271e+05
38, 2, 9.6878966313055949e+04, 1.1757891810808284e+05
38, 3, -2.7121593209558871e+05, -1.3181369590706097e+04
38, 4, 2.8101109970789670e+05, 1.6515981566791772e+05
38, 5, -2.0971502097445290e+05, -9.6995792662553431e+04
38, 6, 4.6764163788587612e+04, -3.1794466008210264e+05
38, 7, -1.3590777604450184e+05, 2.3153560986113860e+05
38, 8, -2.3243232618922804e+05, 5.3152563790208573e+04
38, 9, 4.9296967452678131e+04, 2.1511699916173759e+05
38, 10, -8.7794256990027789e+03, -2.9182194360873338e+04
38, 11, 1.4431120782784041e+05, -1.5514538347993564e+05
38, 12, -3.7013881876643372e+03, -1.7328081347931683e+05
38, 13, 1.1749596774156229e+05, -2.0927920893871327e+05
38, 14, 1.6957508131525401e+05, -1.6070971128649847e+05
38, 15, -1.2486352515705617e+05, -2.0245694877389568e+05
38, 16, -1.0311195666189956e+05, -2.7416086037567882e+04
38, 17, 1.3344724097178568e+05, 1.1584855061238978e+05
38, 18, -2.2446287697135966e+04, -6.4958320965936175e+04
38, 19, 2.3061926295805071e+05, 9.0715155474766798e+03
38, 20, 1.6490987219028772e+05, -9.3858448259783836e+04
38, 21, -2.6332855568000981e+04, -1.6150299302506971e+05
38, 22, -2.0902000756279315e+05, -8.0922437662027864e+04
38, 23, -4.1822137505689658e+04, -1.7892714723102690e+05
38, 24, 1.5317318444184406e+05, 6.5433549897170349e+04
38, 25, -4.9167749890155668e+04, -9.9735730217994351e+04
38, 26, -7.6047555818181863e+04, -1.9621986229953598e+05
38, 27, -3.3305262840885538e+04, 2.9525657726958685e+05
38, 28, -8.3626104715028603e+04, -2.0525756874509103e+05
38, 29, 2.1445438142331142e+05, 2.6498713484199916e+05
38, 30, -2.5314962451136266e+05, -2.0807276874394307e+05
38, 31, 4.5040145207491098e+05, 1.3575778480517541e+05
38, 32, -2.1061775689353174e+05, -3.4509757335829025e+04
38, 33, 1.3762850842608424e+05, 8.6870371528274234e+04
38, 34, 7.3486418148341880e+04, 2.1438566451360047e+05
38, 35, 3.0513296306615236e+05, 1.5096241557878774e+05
38, 36, -6.9086660725874768e+04, -2.6927882209126756e+05
38, 37, 8.4065490863294443e+04, 4.9543688390505669e+05
38, 38, 2.6923635517075774e+05, 1.1684277461469542e+05
39, 0, 5.0736627853268874e+03, 0.0000000000000000e+00
39, 1, 2.1302535672959301e+05, 2.5054657831522950e+05
39, 2, -2.6410720849858430e+03, 8.7699880201110733e+04
39, 3, 1.5567971080101132e+04, -1.9000136935636154e+04
39, 4, 2.8871911789918144e+04, 1.0203595961075688e+05
39, 5, -1.2257170397645640e+05, -4.2298139043334464e+05
39, 6, 1.3483198253615486e+05, -7.4426002073325057e+04
39, 7, -1.5853732585827704e+05, 6.7304785654474646e+04
39, 8, 1.6293248405661614e+05, 2.0522948053280794e+04
39, 9, 6.9631501300686883e+04, -2.2957563190748406e+03
39, 10, 1.4577433731446561e+05, 4.5241811145008520e+04
39, 11, 1.3143303013960875e+05, -1.7227725988634059e+05
39, 12, -9.7264106593284843e+04, -7.1427727193266866e+04
39, 13, -7.9281799211660255e+04, -1.4175244458337768e+05
39, 14, 1.9071227655123119e+04, 1.4419089253469493e+05
39, 15, -1.0618306827357056e+05, -5.9526226749353285e+04
39, 16, 1.8378156022281936e+05, -2.2641763942074773e+04
39, 17, 4.6525736592143934e+04, -3.0042700152993071e+04
39, 18, 1.1830762565900010e+05, -2.7489834553224174e+05
39, 19, -1.4466140687165374e+05, 2.5850483985980187e+04
39, 20, 7.5228564367178682e+04, -1.7880471233560238e+05
39, 21, -1.3589671130134983e+05, 1.7219042058346348e+05
39, 22, -1.5449456780804877e+05, 1.8998137715634060e+04
39, 23, 8.4090798236956674e+04, 3.7246096581276994e+04
39, 24, 1.6522704984853033e+05, 7.6656823769091017e+04
39, 25, 2.9095837056519711e+04, -1.9178004065059189e+05
39, 26, 4.2054369747590659e+04, -1.2274444354939094e+04
39, 27, -2.0653092971578497e+05, 2.4230792540565331e+05
39, 28, 3.6080125407829403e+05, 9.4123438658701562e+04
39, 29, -1.3305999114915854e+05, 4.1201973446150753e+05
39, 30, 3.2369804931371345e+05, -3.6213587273188925e+05
39, 31, 1.0954802691480379e+05, 3.5357680121231661e+05
39, 32, -4.6850262826890656e+04, -4.2822188396462059e+05
39, 33, 2.4229942614583403e+05, 2.6519636916688713e+05
39, 34, -1.4251885002605373e+05, -1.5416364197646140e+05
39, 35, 2.3949543130937387e+05, 1.4142750155853917e+05
39, 36, -5.6723184139420839e+04, -1.1688216660699311e+05
39, 37, -6.8864415862361362e+04, 8.9067642937705328e+04
39, 38, 4.0012696547953342e+05, -2.6222106269824773e+05
39, 39, -3.6858501906359830e+04, -2.7280554343802348e+05
40, 0, 3.1783839713094366e+05, 0.0000000000000000e+00
40, 1, 1.7872236078062450e+05, -3.1194400269996760e+04
40, 2, -6.4568400580939720e+04, -3.2922282002861903e+04
40, 3, -5.9114907357956748e+04, -4.9606777004990552e+04
40, 4, -1.9662896007907629e+05, 9.8214081735586602e+04
40, 5, 5.6857687224943598e+04, -3.3737055578135164e+05
40, 6, -8.3635747224709776e+04, 1.8600960138508881e+05
40, 7, 1.1557613552424338e+05, 8.4038696246200125e+03
40, 8, 2.9267287456491974e+05, -2.2000277412430831e+05
40, 9, 1.3808039655398528e+05, -2.2342255822422417e+05
40, 10, -3.8275918349241532e+04, -3.3377389834244346e+05
40, 11, 8.7596146463174751e+04, -1.5030074187629094e+05
40, 12, -3.4078320665479674e+04, -8.1690529897130546e+03
40, 13, -6.3613104612343348e+04, -1.4872502616533297e+04
40, 14, -4.8766218022276305e+04, 2.8001176063172927e+04
40, 15, -1.7995429445080954e+05, -9.9572404937402433e+04
40, 16, 2.3614153930498415e+05, -1.6797229747143068e+04
40, 17, -6.4156072376823577e+04, -8.8818115383096418e+04
40, 18, -1.7716042413127667e+04, -4.4870818778860266e+03
40, 19, -2.6150741738643352e+05, -3.2570330344686904e+03
40, 20, 1.5000381569520530e+05, -2.3762350986394431e+04
40, 21, 8.5921083446446894e+04, 2.1477254853308952e+05
40, 22, 5.6478731852103956e+03, 1.1965002556246254e+04
40, 23, 1.3797874398785835e+05, 1.5405185668787197e+05
40, 24, 2.7221797688858001e+04, -7.6958462233290280e+04
40, 25, -1.0078756989164634e+05, -1.6882526555684939e+05
40, 26, -3.4538883470056440e+04, 1.4735914844201252e+05
40, 27, 1.8493457302906834e+04, -5.1097799367349282e+04
40, 28, 3.2326336489860137e+05, 2.4210751885496033e+05
40, 29, -2.6377752459346864e+05, -3.9727504100576794e+05
40, 30, 3.3972957836516027e+05, -1.9156234874766835e+05
40, 31, -3.6819107495407370e+05, -5.1064096591548019e+04
40, 32, 2.3917658909493484e+05, -7.6009733543193128e+04
40, 33, -2.2201734108222305e+05, 2.0326359311184153e+05
40, 34, 5.4183545709192280e+04, -3.8628466316722473e+05
40, 35, -1.0054993702558018e+05, 1.4771715866289078e+05
40, 36, -2.9574731856384242e+04, -1.4946113916554209e+05
40, 37, -1.2830209044474916e+05, 1.8976986871760993e+05
40, 38, 1.7101061579537875e+05, -6.5655501478007980e+04
40, 39, -2.6467256214504025e+05, -3.7273373511939593e+04
40, 40, -4.1461443672679609e+05, 8.4670635434433207e+03
